0.51116	-1.0
0.53848	-1.0
0.55048	-1.0
0.55408	-1.0
0.57348	-1.0
0.57732	-1.0
0.58848	-1.0
0.59112	1.0
0.59544	-1.0
0.60016	-1.0
0.6098	1.0
0.61316	1.0
0.62716	-1.0
0.64188	-1.0
0.6452	-1.0
0.65832	-1.0
0.67632	-1.0
0.68072	-1.0
0.68928	-1.0
0.69184	1.0
0.7016	-1.0
0.70492	-1.0
0.71408	-1.0
0.71816	-1.0
0.724	-1.0
0.7266	-1.0
0.73056	1.0
0.736	-1.0
0.74524	-1.0
0.74892	-1.0
0.7598	1.0
0.76912	-1.0
0.77248	-1.0
0.78148	-1.0
0.78688	-1.0
0.79044	-1.0
0.7934	1.0
0.80676	-1.0
0.8164	-1.0
0.81936	-1.0
0.82196	-1.0
0.83008	-1.0
0.83448	-1.0
0.84052	1.0
0.8442	-1.0
0.85672	-1.0
0.86648	-1.0
0.884	-1.0
0.89396	-1.0
0.91164	1.0
0.92	-1.0
0.92716	-1.0
0.93172	-1.0
0.95776	-1.0
0.9738	-1.0
0.97632	1.0
1.00712	-1.0
1.02888	-1.0
1.0578	-1.0
1.08024	-1.0
1.09832	-1.0
1.11964	-1.0
1.12504	-1.0
1.1474	-1.0
1.1722	-1.0
1.1816	-1.0
1.22476	-1.0
1.24784	-1.0
1.27412	-1.0
1.327	-1.0
1.39216	-1.0
1.44776	-1.0
10.29096	-1.0
11.39076	-1.0
21.64072	1.0
21.67732	-1.0
21.68028	-1.0
21.68644	-1.0
21.69444	1.0
21.69716	-1.0
21.70296	-1.0
21.74924	-1.0
21.785	-1.0
21.79432	-1.0
21.8188	1.0
21.831	-1.0
21.85232	-1.0
21.85504	-1.0
21.8684	-1.0
21.88844	-1.0
21.91108	-1.0
21.93932	-1.0
21.97916	-1.0
22.05112	-1.0
22.06428	-1.0
22.09648	-1.0
22.11604	-1.0
22.15276	-1.0
22.29032	-1.0
25.99252	-1.0
34.40308	-1.0
34.4106	-1.0
34.41476	-1.0
34.42156	-1.0
34.42476	1.0
34.42788	-1.0
34.43396	-1.0
34.44636	-1.0
34.4506	-1.0
34.47508	-1.0
34.50308	1.0
34.50916	-1.0
34.52304	-1.0
34.53596	-1.0
34.54252	1.0
34.55452	-1.0
34.56808	-1.0
34.57276	-1.0
34.58748	1.0
34.59708	-1.0
34.6166	-1.0
34.6312	-1.0
34.64188	-1.0
34.64828	-1.0
34.65204	1.0
34.66376	-1.0
34.66704	-1.0
34.68232	-1.0
34.685	-1.0
34.69348	-1.0
34.70272	-1.0
34.71456	-1.0
34.71804	-1.0
34.72488	-1.0
34.73516	-1.0
34.7702	-1.0
34.78496	-1.0
34.801	-1.0
34.80432	-1.0
34.82296	-1.0
34.8364	-1.0
34.85836	-1.0
34.87488	1.0
34.8896	-1.0
34.92028	-1.0
34.93924	-1.0
34.9546	-1.0
35.02916	-1.0
35.04776	-1.0
35.0654	-1.0
35.0784	-1.0
35.08196	-1.0
35.104	-1.0
35.12168	-1.0
35.15348	-1.0
35.17676	-1.0
43.09808	-1.0
43.24616	-1.0
43.30916	-1.0
43.33592	-1.0
43.40252	-1.0
43.4216	-1.0
43.48024	-1.0
43.66028	-1.0
43.67104	-1.0
43.67724	-1.0
43.68532	1.0
43.69364	-1.0
43.69808	-1.0
43.70424	-1.0
43.71384	-1.0
43.71972	-1.0
43.72776	1.0
43.73644	-1.0
43.74896	-1.0
43.7528	-1.0
43.75544	-1.0
43.77012	1.0
43.7794	-1.0
43.79056	1.0
43.80932	-1.0
43.81752	-1.0
43.824	-1.0
43.8308	-1.0
43.84228	1.0
43.86168	-1.0
43.8642	-1.0
43.88776	-1.0
43.89404	1.0
43.92724	-1.0
43.96032	-1.0
43.97336	-1.0
43.99756	-1.0
44.01868	-1.0
44.10604	-1.0
44.13596	-1.0
44.20112	-1.0
44.28328	-1.0
44.29652	-1.0
44.31644	-1.0
44.33228	-1.0
44.35288	-1.0
44.35688	-1.0
44.38504	-1.0
44.40012	-1.0
44.4522	-1.0
44.53192	-1.0
44.604	-1.0
46.36228	1.0
51.12544	-1.0
51.14072	-1.0
51.17308	-1.0
51.38888	-1.0
51.41268	-1.0
51.60904	1.0
51.61568	-1.0
51.61884	-1.0
51.65932	1.0
51.69152	-1.0
51.81868	1.0
55.94088	-1.0
56.03548	-1.0
56.06224	-1.0
56.437	-1.0
56.46268	-1.0
59.35732	-1.0
59.368	-1.0
59.54564	1.0
59.56084	-1.0
59.70128	-1.0
59.76596	1.0
67.5384	-1.0
67.54516	-1.0
67.55524	-1.0
67.5598	-1.0
67.56756	-1.0
67.57056	-1.0
67.58852	-1.0
67.60128	1.0
67.6082	1.0
67.6114	-1.0
67.61876	-1.0
67.62376	1.0
67.6302	-1.0
67.63964	-1.0
67.64236	1.0
67.65152	-1.0
67.6568	-1.0
67.67284	1.0
67.67572	-1.0
67.68888	1.0
67.69384	-1.0
67.7036	-1.0
67.71312	-1.0
67.7168	-1.0
67.72024	-1.0
67.73132	1.0
67.73824	-1.0
67.7416	-1.0
67.74724	-1.0
67.75248	-1.0
67.7586	-1.0
67.78672	-1.0
67.79928	-1.0
67.81016	-1.0
67.81384	-1.0
67.82724	-1.0
67.83772	1.0
67.84952	-1.0
67.86252	-1.0
67.86576	-1.0
67.88816	-1.0
67.90696	-1.0
67.91624	-1.0
67.93868	-1.0
67.95116	-1.0
67.9622	1.0
67.96816	1.0
67.97324	1.0
67.99176	-1.0
68.01316	-1.0
68.03136	-1.0
68.05712	-1.0
68.07304	-1.0
68.08088	-1.0
68.14204	-1.0
68.15488	-1.0
68.17916	-1.0
68.21892	-1.0
68.24324	-1.0
68.31672	-1.0
68.3278	1.0
68.36396	-1.0
68.42044	1.0
80.53172	-1.0
80.6326	-1.0
80.6452	-1.0
80.66996	-1.0
80.68	1.0
80.85512	-1.0
80.8914	1.0
80.93412	-1.0
81.0642	1.0
81.18588	-1.0
92.60464	1.0
92.64324	-1.0
92.6466	-1.0
92.64928	-1.0
92.65188	-1.0
92.65764	-1.0
92.66384	-1.0
92.66896	-1.0
92.67184	-1.0
92.6772	-1.0
92.68472	-1.0
92.68816	1.0
92.70104	-1.0
92.71364	-1.0
92.73704	-1.0
92.74272	1.0
92.75484	-1.0
92.75804	-1.0
92.77156	-1.0
92.77568	-1.0
92.7858	-1.0
92.7912	-1.0
92.79712	1.0
92.80144	-1.0
92.80844	-1.0
92.82208	-1.0
92.82512	-1.0
92.83728	-1.0
92.83984	-1.0
92.84472	-1.0
92.84976	-1.0
92.85668	-1.0
92.86376	1.0
92.86728	-1.0
92.87784	-1.0
92.893	-1.0
92.92972	-1.0
92.94028	-1.0
92.98632	-1.0
92.99952	-1.0
93.00856	-1.0
93.02104	-1.0
93.04888	-1.0
93.06412	-1.0
93.07896	-1.0
93.09848	1.0
93.14724	-1.0
93.15992	-1.0
93.1704	-1.0
93.20308	-1.0
93.22468	-1.0
93.28236	-1.0
93.30676	-1.0
93.3702	-1.0
93.37848	-1.0
93.40652	1.0
93.43512	-1.0
93.4954	-1.0
93.53128	-1.0
93.61116	-1.0
93.64256	-1.0
96.70652	-1.0
111.5	-1.0
111.55172	1.0
111.5672	1.0
111.57012	-1.0
111.57376	-1.0
111.57984	-1.0
111.58272	1.0
111.58816	1.0
111.59116	1.0
111.5996	-1.0
111.6178	1.0
111.63984	-1.0
111.66672	-1.0
111.68528	-1.0
111.70208	-1.0
111.71004	-1.0
111.71776	1.0
111.7288	-1.0
111.7808	-1.0
111.78344	-1.0
111.80016	-1.0
111.887	-1.0
111.90448	-1.0
111.9084	-1.0
111.93332	-1.0
111.9456	-1.0
111.9594	-1.0
111.98564	-1.0
112.0	-1.0
112.04184	-1.0
112.07744	-1.0
112.11488	1.0
112.14332	-1.0
112.21468	-1.0
116.46824	-1.0
121.5936	1.0
122.14652	-1.0
122.16408	1.0
122.21652	-1.0
123.22392	-1.0
128.81316	-1.0
132.7588	-1.0
134.52852	-1.0
134.5386	-1.0
134.5414	-1.0
134.544	-1.0
134.54909	-1.0
134.56873	1.0
134.57372	-1.0
134.584	-1.0
134.59325	-1.0
134.60825	-1.0
134.61945	-1.0
134.6258	-1.0
134.6384	-1.0
134.66476	-1.0
134.69112	-1.0
134.70853	-1.0
134.7262	-1.0
134.73843	-1.0
134.76167	-1.0
134.79092	-1.0
134.8008	-1.0
134.80376	1.0
134.81396	-1.0
134.85364	-1.0
134.8874	-1.0
134.89996	-1.0
134.9214	-1.0
134.9454	1.0
134.99356	-1.0
135.01907	-1.0
135.05464	-1.0
135.07188	-1.0
135.0768	1.0
135.1388	-1.0
135.22472	-1.0
135.25452	-1.0
135.25984	-1.0
135.30188	-1.0
135.31747	-1.0
135.32613	-1.0
135.36508	-1.0
135.44476	-1.0
142.22412	-1.0
142.22871	-1.0
142.232	-1.0
142.23468	-1.0
142.2376	1.0
142.2498	-1.0
142.25772	-1.0
142.26527	1.0
142.28	-1.0
142.28577	1.0
142.28851	-1.0
142.30208	1.0
142.30504	-1.0
142.3202	-1.0
142.32448	-1.0
142.32736	-1.0
142.33488	-1.0
142.33987	-1.0
142.34312	-1.0
142.35464	-1.0
142.35764	-1.0
142.36656	-1.0
142.3716	1.0
142.37932	-1.0
142.385	-1.0
142.38756	-1.0
142.40031	-1.0
142.41272	1.0
142.41556	1.0
142.42345	1.0
142.4352	-1.0
142.43845	-1.0
142.4436	-1.0
142.45128	-1.0
142.457	-1.0
142.46904	-1.0
142.48756	1.0
142.50012	-1.0
142.50352	-1.0
142.50893	-1.0
142.51596	1.0
142.53108	-1.0
142.54056	-1.0
142.55553	-1.0
142.578	-1.0
142.60344	-1.0
142.60872	-1.0
142.63045	-1.0
142.66016	-1.0
142.67188	-1.0
142.68324	-1.0
142.72185	-1.0
142.73688	-1.0
142.74931	1.0
142.76389	-1.0
142.77457	-1.0
142.78572	-1.0
142.805	-1.0
142.82872	-1.0
142.83977	-1.0
142.88284	-1.0
142.94032	-1.0
142.96388	-1.0
142.97128	-1.0
142.99648	-1.0
143.02736	-1.0
143.04475	-1.0
143.05928	-1.0
143.10149	-1.0
143.13788	-1.0
143.1664	-1.0
143.38376	-1.0
151.95747	1.0
152.5806	1.0
152.5986	-1.0
152.629	-1.0
152.7008	-1.0
152.73956	-1.0
152.7732	-1.0
160.40596	-1.0
160.40971	-1.0
160.41544	-1.0
160.41827	1.0
160.42596	-1.0
160.43352	1.0
160.44272	-1.0
160.45688	-1.0
160.50153	-1.0
160.52092	-1.0
160.58316	-1.0
160.58572	-1.0
165.9964	1.0
166.06804	-1.0
166.13992	-1.0
166.18011	-1.0
166.2228	-1.0
166.31296	-1.0
166.32635	1.0
166.48428	-1.0
172.38203	-1.0
172.39444	-1.0
172.39804	-1.0
172.40157	-1.0
172.409	-1.0
172.41608	-1.0
172.42224	-1.0
172.43088	1.0
172.43423	-1.0
172.44884	1.0
172.45804	-1.0
172.46364	-1.0
172.47511	1.0
172.49149	-1.0
172.49593	-1.0
172.50336	1.0
172.51292	-1.0
172.51556	-1.0
172.5202	-1.0
172.52536	1.0
172.52792	-1.0
172.53404	-1.0
172.53676	1.0
172.54716	1.0
172.55304	-1.0
172.55617	-1.0
172.56508	-1.0
172.56964	-1.0
172.57507	-1.0
172.57909	-1.0
172.58195	1.0
172.5914	-1.0
172.59496	-1.0
172.6056	-1.0
172.61015	-1.0
172.61276	-1.0
172.62268	-1.0
172.62527	-1.0
172.63013	-1.0
172.6408	1.0
172.64536	-1.0
172.65388	1.0
172.6752	-1.0
172.67812	-1.0
172.7002	-1.0
172.71492	-1.0
172.71744	-1.0
172.72708	-1.0
172.73116	-1.0
172.74615	-1.0
172.7588	-1.0
172.76147	-1.0
172.7658	1.0
172.7686	1.0
172.77724	1.0
172.80156	-1.0
172.80896	-1.0
172.81155	-1.0
172.82068	-1.0
172.86893	-1.0
172.90771	1.0
172.94292	-1.0
172.95316	-1.0
172.99	-1.0
173.0324	-1.0
173.12872	-1.0
173.14348	-1.0
173.18411	-1.0
173.20483	-1.0
173.22232	-1.0
173.28816	-1.0
173.3294	-1.0
173.373	-1.0
173.40157	-1.0
177.41588	-1.0
183.5864	-1.0
191.56512	-1.0
193.19688	-1.0
193.22708	-1.0
202.96095	-1.0
203.79968	-1.0
203.8072	-1.0
203.81052	-1.0
203.81429	-1.0
203.81927	1.0
203.8224	-1.0
203.83289	-1.0
203.85709	1.0
203.86597	-1.0
203.87352	-1.0
203.87749	1.0
203.88171	-1.0
203.88484	-1.0
203.89397	-1.0
203.9004	-1.0
203.90685	-1.0
203.91183	-1.0
203.91904	1.0
203.9218	-1.0
203.92924	-1.0
203.93184	1.0
203.94304	1.0
203.94728	-1.0
203.9706	-1.0
203.97836	-1.0
203.99036	1.0
203.99844	1.0
204.01332	-1.0
204.02107	1.0
204.02489	-1.0
204.03757	-1.0
204.04208	-1.0
204.0496	1.0
204.05457	-1.0
204.05792	-1.0
204.06145	-1.0
204.07304	-1.0
204.08292	-1.0
204.08968	-1.0
204.10612	-1.0
204.1124	1.0
204.12764	-1.0
204.13496	1.0
204.14064	-1.0
204.1624	-1.0
204.17024	-1.0
204.1784	-1.0
204.2012	-1.0
204.2126	-1.0
204.22787	-1.0
204.23347	-1.0
204.24396	1.0
204.24825	-1.0
204.26717	-1.0
204.2814	-1.0
204.28932	-1.0
204.31567	-1.0
204.34344	-1.0
204.35052	-1.0
204.36925	-1.0
204.37917	1.0
204.39204	-1.0
204.44775	1.0
204.48636	-1.0
204.55348	-1.0
211.67772	1.0
214.30664	-1.0
217.05888	-1.0
222.809	-1.0
222.98384	1.0
223.00772	-1.0
223.0206	-1.0
223.0504	-1.0
223.08028	-1.0
223.0972	-1.0
223.16124	-1.0
223.19632	-1.0
223.22632	-1.0
223.25104	-1.0
223.26164	-1.0
223.27164	-1.0
223.28992	-1.0
223.32404	-1.0
223.32756	-1.0
223.34544	1.0
223.3506	-1.0
223.39708	-1.0
223.41351	-1.0
223.42804	-1.0
223.46477	-1.0
223.486	1.0
223.54211	-1.0
223.58768	-1.0
233.07808	-1.0
239.11932	-1.0
239.12251	-1.0
239.1254	-1.0
239.12868	-1.0
239.13144	1.0
239.13432	1.0
239.1372	1.0
239.14436	-1.0
239.15572	-1.0
239.1664	-1.0
239.17924	1.0
239.18896	-1.0
239.19948	-1.0
239.2056	1.0
239.20853	-1.0
239.23128	-1.0
239.24203	-1.0
239.2468	-1.0
239.2528	-1.0
239.2598	-1.0
239.27184	-1.0
239.2836	-1.0
239.29396	-1.0
239.3026	-1.0
239.30795	-1.0
239.31464	-1.0
239.31752	-1.0
239.32668	-1.0
239.33092	-1.0
239.3344	-1.0
239.34451	-1.0
239.36008	-1.0
239.36884	-1.0
239.38196	-1.0
239.4064	-1.0
239.41936	1.0
239.42224	-1.0
239.45663	-1.0
239.46524	1.0
239.47627	-1.0
239.48663	-1.0
239.49136	-1.0
239.5128	-1.0
239.5212	-1.0
239.532	-1.0
239.5348	-1.0
239.53804	1.0
239.56168	-1.0
239.57204	-1.0
239.58565	-1.0
239.62488	-1.0
239.6444	-1.0
239.6748	-1.0
239.69212	-1.0
239.7074	-1.0
239.73865	1.0
239.7756	1.0
239.82932	1.0
239.88264	-1.0
239.903	-1.0
239.94896	-1.0
239.99364	1.0
247.04964	-1.0
251.70212	-1.0
251.7228	1.0
251.72684	-1.0
251.7408	-1.0
251.8206	1.0
251.85184	-1.0
251.88605	-1.0
251.95296	-1.0
251.97607	-1.0
252.0016	-1.0
252.01569	-1.0
252.05753	-1.0
252.10909	1.0
252.12473	-1.0
252.17133	-1.0
252.17532	-1.0
252.192	-1.0
252.25572	-1.0
252.30956	-1.0
252.33676	-1.0
252.3676	-1.0
256.0894	-1.0
256.09637	-1.0
256.09888	-1.0
256.10727	-1.0
256.11075	-1.0
256.117	1.0
256.1244	-1.0
256.12985	-1.0
256.13275	-1.0
256.14508	1.0
256.16025	1.0
256.1667	-1.0
256.18417	-1.0
256.18677	1.0
256.18927	1.0
256.19336	-1.0
256.2026	-1.0
256.21667	-1.0
256.24377	-1.0
256.2481	-1.0
256.2562	-1.0
256.26273	-1.0
256.26544	-1.0
256.2733	-1.0
256.29132	-1.0
256.2945	-1.0
256.30252	-1.0
256.3133	1.0
256.32733	-1.0
256.33127	-1.0
256.34012	1.0
256.34995	1.0
256.3532	1.0
256.35938	1.0
256.37192	-1.0
256.37643	-1.0
256.4041	1.0
256.4085	-1.0
256.41504	-1.0
256.42392	-1.0
256.43344	-1.0
256.4478	-1.0
256.4573	-1.0
256.46317	-1.0
256.4793	-1.0
256.4896	-1.0
256.49335	-1.0
256.5044	-1.0
256.52972	-1.0
256.5561	1.0
256.56955	-1.0
256.57904	-1.0
256.6034	-1.0
256.6284	-1.0
256.63956	-1.0
256.6577	-1.0
256.69705	-1.0
256.71396	-1.0
256.7481	-1.0
256.77795	-1.0
256.80215	-1.0
256.83847	-1.0
256.8824	-1.0
256.90317	-1.0
256.90665	-1.0
256.95468	-1.0
256.97305	-1.0
257.00412	1.0
257.14804	-1.0
269.17508	-1.0
284.0138	-1.0
284.07773	-1.0
284.08093	-1.0
284.14777	-1.0
284.16068	1.0
284.1963	-1.0
284.26205	-1.0
284.27487	-1.0
284.2809	-1.0
284.3278	-1.0
284.34128	-1.0
284.35352	-1.0
284.39807	-1.0
284.4128	-1.0
284.434	-1.0
284.4466	-1.0
284.46683	-1.0
284.50735	-1.0
284.52332	-1.0
284.53824	-1.0
284.56424	-1.0
284.61615	-1.0
284.69403	-1.0
293.43015	1.0
293.9596	-1.0
293.96783	-1.0
293.97256	-1.0
293.97736	-1.0
293.9828	-1.0
293.9887	-1.0
293.99637	1.0
294.0122	1.0
294.0149	-1.0
294.01907	-1.0
294.02283	-1.0
294.03107	-1.0
294.03705	1.0
294.05325	1.0
294.06772	-1.0
294.07047	-1.0
294.07968	1.0
294.0865	1.0
294.1068	-1.0
294.10968	-1.0
294.1233	-1.0
294.14594	1.0
294.1625	-1.0
294.17087	-1.0
294.1884	-1.0
294.1952	-1.0
294.2072	-1.0
294.21268	-1.0
294.2442	-1.0
294.2481	-1.0
294.25876	-1.0
294.2817	-1.0
294.31607	-1.0
294.33096	-1.0
294.33484	-1.0
294.3467	-1.0
294.3762	-1.0
294.3973	-1.0
294.40143	-1.0
294.41748	-1.0
294.44275	-1.0
294.47617	-1.0
294.50104	-1.0
294.545	-1.0
294.57385	-1.0
294.57816	-1.0
294.59735	1.0
294.6084	-1.0
294.63776	-1.0
294.68628	-1.0
294.75076	-1.0
294.75473	-1.0
294.78275	-1.0
294.81924	-1.0
294.94107	-1.0
304.6564	-1.0
307.0238	-1.0
308.5986	-1.0
308.60257	-1.0
308.60605	-1.0
308.6088	-1.0
308.61185	1.0
308.61707	-1.0
308.62457	-1.0
308.63177	1.0
308.64743	-1.0
308.66724	-1.0
308.66977	1.0
308.69043	-1.0
308.69833	-1.0
308.7088	-1.0
308.71133	-1.0
308.727	-1.0
308.73984	1.0
308.744	1.0
308.75125	-1.0
308.76245	-1.0
308.78232	-1.0
308.7866	-1.0
308.79935	-1.0
308.80927	1.0
308.8137	-1.0
308.8212	-1.0
308.83212	-1.0
308.83945	-1.0
308.85385	-1.0
308.85712	-1.0
308.89105	-1.0
308.89456	-1.0
308.91577	1.0
308.9314	-1.0
308.95917	-1.0
308.97748	-1.0
308.99188	-1.0
309.00357	-1.0
309.01157	-1.0
309.03137	-1.0
309.0425	-1.0
309.05707	-1.0
309.07788	-1.0
309.08563	-1.0
309.09763	-1.0
309.1432	-1.0
309.20187	-1.0
309.20905	-1.0
309.22104	-1.0
309.24588	-1.0
309.27844	-1.0
309.29745	-1.0
309.3319	-1.0
309.3655	-1.0
317.8864	-1.0
318.24707	-1.0
318.29605	1.0
318.52176	1.0
318.54883	-1.0
318.556	-1.0
318.57285	1.0
318.60693	-1.0
318.61517	-1.0
318.6242	-1.0
318.6454	-1.0
318.6934	-1.0
318.779	1.0
318.80432	-1.0
318.83212	-1.0
318.84024	-1.0
318.84555	-1.0
318.85156	1.0
318.85953	-1.0
318.86853	-1.0
318.89517	-1.0
321.3814	-1.0
323.05087	-1.0
323.1313	1.0
323.135	1.0
323.1386	-1.0
323.14325	-1.0
323.15	-1.0
323.16147	1.0
323.16443	-1.0
323.16812	-1.0
323.2133	1.0
323.21652	-1.0
323.22256	-1.0
323.26184	1.0
323.26813	-1.0
323.34793	1.0
324.93683	-1.0
328.8697	-1.0
328.90463	-1.0
328.95483	-1.0
328.97	-1.0
329.00128	-1.0
329.20935	-1.0
329.2898	-1.0
329.501	1.0
335.51077	-1.0
336.18457	1.0
336.24448	-1.0
336.2773	-1.0
336.28802	-1.0
336.3228	-1.0
336.33667	-1.0
336.34424	-1.0
336.42404	-1.0
336.4915	-1.0
336.54456	1.0
336.60495	-1.0
338.1581	-1.0
338.16168	-1.0
338.16577	-1.0
338.17047	-1.0
338.174	-1.0
338.17792	-1.0
338.18185	-1.0
338.18585	-1.0
338.1918	1.0
338.201	-1.0
338.2144	-1.0
338.27505	-1.0
338.28784	-1.0
338.29068	-1.0
338.29947	-1.0
338.30643	-1.0
338.31552	-1.0
338.3199	-1.0
338.3238	-1.0
338.3265	-1.0
338.33063	-1.0
338.34348	-1.0
338.35248	-1.0
338.35727	-1.0
338.3714	-1.0
338.3976	-1.0
338.40372	-1.0
338.41284	1.0
338.42108	-1.0
338.4238	-1.0
338.43713	-1.0
338.44055	-1.0
338.44644	-1.0
338.45676	-1.0
338.4601	-1.0
338.48285	-1.0
338.48648	-1.0
338.4943	-1.0
338.4982	-1.0
338.50812	-1.0
338.51065	-1.0
338.52237	-1.0
338.54507	1.0
338.5595	-1.0
338.56464	-1.0
338.57443	-1.0
338.5819	-1.0
338.59818	-1.0
338.61243	-1.0
338.6186	-1.0
338.6356	-1.0
338.6533	-1.0
338.69443	-1.0
338.72687	-1.0
338.75424	-1.0
338.9182	-1.0
338.94812	-1.0
339.02075	1.0
347.07693	-1.0
354.43164	-1.0
354.56644	-1.0
354.59595	-1.0
354.62555	-1.0
354.6366	-1.0
354.64816	-1.0
354.65073	-1.0
354.6562	-1.0
354.6603	-1.0
354.66513	-1.0
354.6755	1.0
354.68448	-1.0
354.6896	-1.0
354.7228	1.0
354.74176	-1.0
354.74463	-1.0
354.75717	1.0
354.7626	-1.0
354.7676	-1.0
354.78192	-1.0
354.7979	-1.0
354.80045	-1.0
354.80884	-1.0
354.81708	-1.0
354.82755	1.0
354.8301	1.0
354.8503	1.0
354.85587	-1.0
354.87387	-1.0
354.8917	-1.0
354.90332	-1.0
354.90875	-1.0
354.9195	-1.0
354.9237	-1.0
354.93	-1.0
354.93295	-1.0
354.9362	-1.0
354.9458	-1.0
354.9531	-1.0
354.9605	-1.0
354.975	-1.0
354.97763	-1.0
354.9922	-1.0
355.01233	-1.0
355.01984	1.0
355.0229	-1.0
355.03928	-1.0
355.0511	-1.0
355.06924	-1.0
355.08792	-1.0
355.11047	-1.0
355.11768	-1.0
355.14868	-1.0
355.1658	-1.0
355.2315	-1.0
355.3191	-1.0
355.478	-1.0
362.52664	-1.0
362.57156	-1.0
362.65796	-1.0
371.04633	-1.0
371.05365	-1.0
371.05707	-1.0
371.06924	1.0
371.07547	-1.0
371.1063	-1.0
371.1134	-1.0
371.13705	-1.0
371.1504	-1.0
371.16205	1.0
371.1801	-1.0
371.20764	-1.0
371.21307	-1.0
371.289	-1.0
371.473	-1.0
371.6658	1.0
371.76392	-1.0
375.49573	-1.0
375.53384	-1.0
375.621	-1.0
375.62375	-1.0
375.6272	1.0
375.63132	1.0
375.63403	-1.0
375.6385	-1.0
375.64157	1.0
375.64453	1.0
375.64984	1.0
375.65744	1.0
375.66483	-1.0
375.6739	-1.0
375.69016	-1.0
375.6936	-1.0
375.70572	-1.0
375.74112	-1.0
375.74512	1.0
375.7744	-1.0
375.797	-1.0
375.79996	-1.0
375.80783	-1.0
375.81052	-1.0
375.8328	-1.0
375.83804	1.0
375.84775	-1.0
375.8508	-1.0
375.86743	-1.0
375.8704	1.0
375.8753	1.0
375.882	-1.0
375.89584	-1.0
375.92676	-1.0
375.9333	-1.0
375.95685	-1.0
375.9646	-1.0
375.97208	-1.0
376.00116	-1.0
376.02072	-1.0
376.1164	-1.0
376.1666	-1.0
376.192	-1.0
376.26883	-1.0
376.36792	-1.0
376.39716	-1.0
376.435	-1.0
376.47403	-1.0
376.5154	-1.0
381.1909	1.0
383.44293	-1.0
383.45032	-1.0
383.4537	-1.0
383.45685	-1.0
383.46533	-1.0
383.4749	-1.0
383.47992	-1.0
383.48248	-1.0
383.485	1.0
383.50583	1.0
383.5366	-1.0
383.54083	-1.0
383.59073	-1.0
385.7787	-1.0
386.76797	-1.0
386.81088	-1.0
387.70508	-1.0
390.13275	-1.0
393.4713	-1.0
393.52625	-1.0
393.55887	-1.0
393.56476	-1.0
393.5675	-1.0
393.5725	-1.0
393.57816	-1.0
393.5937	-1.0
393.61853	-1.0
393.62955	1.0
393.65045	1.0
393.68735	-1.0
393.69028	1.0
393.70523	-1.0
393.7114	-1.0
393.71683	-1.0
393.76688	-1.0
393.7888	-1.0
393.79803	-1.0
393.80997	-1.0
393.8289	1.0
393.8394	-1.0
393.93332	-1.0
397.25775	-1.0
397.44315	-1.0
398.09177	-1.0
403.46024	-1.0
403.4776	1.0
403.5112	-1.0
403.54877	-1.0
403.57843	-1.0
403.62164	-1.0
403.6264	-1.0
403.71976	-1.0
403.74496	-1.0
403.79755	-1.0
403.81467	-1.0
403.83487	-1.0
403.8379	1.0
403.8614	1.0
403.86923	-1.0
403.9502	-1.0
404.05283	1.0
404.0561	-1.0
404.11813	1.0
404.14264	-1.0
404.1728	-1.0
404.20493	-1.0
404.27197	-1.0
404.2783	1.0
404.29697	-1.0
404.3772	-1.0
404.41965	-1.0
409.75363	-1.0
409.9256	-1.0
409.94504	-1.0
409.95023	-1.0
409.96588	-1.0
409.97015	-1.0
409.9861	-1.0
410.02017	-1.0
410.03873	-1.0
410.07275	-1.0
410.12955	-1.0
410.14355	-1.0
410.18103	-1.0
410.3039	-1.0
410.36496	-1.0
410.41428	-1.0
410.45856	1.0
417.59848	-1.0
417.60132	-1.0
417.60455	-1.0
417.60965	-1.0
417.6132	1.0
417.6165	-1.0
417.6317	-1.0
417.65567	1.0
417.66824	-1.0
417.6774	-1.0
417.68713	1.0
417.7196	-1.0
417.7264	1.0
417.74472	-1.0
417.75516	-1.0
417.77295	1.0
417.77808	-1.0
417.781	-1.0
417.81143	1.0
417.8163	-1.0
417.82983	1.0
417.86276	-1.0
417.907	-1.0
417.9117	1.0
417.93448	-1.0
418.03857	-1.0
418.06735	-1.0
418.0739	-1.0
418.0888	-1.0
418.11252	-1.0
418.12195	-1.0
418.15176	-1.0
418.1845	-1.0
418.20447	1.0
418.2088	-1.0
418.22943	-1.0
418.26974	-1.0
418.28928	-1.0
418.29276	-1.0
418.33447	-1.0
418.36935	-1.0
418.39377	-1.0
418.42972	-1.0
418.48532	-1.0
418.50153	-1.0
438.25153	-1.0
438.27176	1.0
438.28235	-1.0
438.28745	-1.0
438.3116	1.0
438.31723	-1.0
438.33405	-1.0
438.37152	-1.0
438.84433	-1.0
439.83273	-1.0
444.06305	-1.0
444.36703	-1.0
444.39017	-1.0
444.39487	-1.0
444.43457	-1.0
444.48236	-1.0
444.511	-1.0
444.5143	-1.0
444.52103	-1.0
444.5268	-1.0
444.53384	-1.0
444.5425	-1.0
444.54593	-1.0
444.5752	1.0
444.58835	-1.0
444.59393	1.0
444.60553	-1.0
444.61584	-1.0
444.63107	1.0
444.6339	1.0
444.6371	-1.0
444.6491	-1.0
444.6519	-1.0
444.65836	-1.0
444.67148	-1.0
444.6778	-1.0
444.69003	1.0
444.70352	-1.0
444.72455	-1.0
444.74588	-1.0
444.7552	-1.0
444.76215	-1.0
444.765	-1.0
444.7863	-1.0
444.7986	1.0
444.80148	1.0
444.81253	1.0
444.8169	-1.0
444.8228	-1.0
444.83325	-1.0
444.83728	1.0
444.84088	-1.0
444.85443	-1.0
444.87244	-1.0
444.88815	-1.0
444.89297	-1.0
444.92072	-1.0
444.93585	-1.0
444.9539	-1.0
444.9816	-1.0
445.01227	-1.0
445.0223	-1.0
445.06036	-1.0
445.09406	-1.0
445.1248	-1.0
445.14096	-1.0
445.1569	-1.0
445.1668	-1.0
445.24393	-1.0
456.50073	-1.0
457.57556	-1.0
457.76828	-1.0
457.78635	-1.0
457.80664	1.0
457.81635	-1.0
457.88168	-1.0
457.88803	-1.0
457.9045	-1.0
457.9076	-1.0
457.9108	-1.0
457.92084	-1.0
457.93716	-1.0
457.94055	-1.0
458.02545	-1.0
458.06924	-1.0
461.91287	-1.0
468.21204	-1.0
468.2778	-1.0
468.28073	-1.0
471.75995	-1.0
471.794	1.0
471.8172	-1.0
471.82617	1.0
471.831	-1.0
471.85608	1.0
471.89685	-1.0
471.93228	-1.0
471.97223	-1.0
471.99036	-1.0
472.01352	-1.0
472.02795	-1.0
472.06876	-1.0
472.07593	-1.0
472.0981	-1.0
472.13437	-1.0
472.13815	-1.0
472.1805	-1.0
472.18616	-1.0
472.203	-1.0
472.2206	-1.0
472.24844	-1.0
472.29175	-1.0
472.31677	-1.0
472.34393	-1.0
472.3622	-1.0
472.40363	-1.0
472.4162	-1.0
472.43564	-1.0
472.4521	-1.0
472.4553	-1.0
472.48135	-1.0
472.52057	-1.0
476.1802	-1.0
476.184	-1.0
476.18893	1.0
476.19397	-1.0
476.1967	-1.0
476.2013	-1.0
476.20563	1.0
476.20877	-1.0
476.235	1.0
476.2412	-1.0
476.2444	-1.0
476.2473	-1.0
476.25385	-1.0
476.26328	-1.0
476.2676	-1.0
476.27145	-1.0
476.2798	-1.0
476.28232	1.0
476.29068	-1.0
476.30328	-1.0
476.3062	-1.0
476.31268	-1.0
476.31747	-1.0
476.32	-1.0
476.3225	1.0
476.35587	-1.0
476.36304	-1.0
476.3713	-1.0
476.3751	-1.0
476.38956	-1.0
476.3984	-1.0
476.4074	-1.0
476.41748	-1.0
476.42828	1.0
476.4326	-1.0
476.4543	-1.0
476.47232	-1.0
476.4767	-1.0
476.49893	-1.0
476.5158	-1.0
476.5232	1.0
476.52905	-1.0
476.5408	-1.0
476.54504	-1.0
476.56192	-1.0
476.56647	-1.0
476.58307	-1.0
476.60953	-1.0
476.61853	-1.0
476.62527	-1.0
476.6343	-1.0
476.63895	-1.0
476.67093	-1.0
476.68912	-1.0
476.70972	-1.0
476.7208	-1.0
476.74146	-1.0
476.75757	-1.0
476.81345	-1.0
476.82117	-1.0
476.8529	-1.0
476.85684	-1.0
476.8817	-1.0
476.91708	-1.0
476.96436	-1.0
476.9674	-1.0
477.00024	-1.0
477.0345	-1.0
477.0631	-1.0
477.13077	-1.0
480.36865	-1.0
485.4891	-1.0
485.51495	-1.0
485.52933	-1.0
485.53687	-1.0
485.5457	-1.0
485.5486	-1.0
485.55338	-1.0
485.5626	1.0
485.566	-1.0
485.58032	-1.0
485.58353	1.0
485.58673	1.0
485.61487	-1.0
485.632	1.0
485.64188	-1.0
485.6541	-1.0
485.65884	-1.0
485.66272	-1.0
485.6697	1.0
485.67697	1.0
485.6805	-1.0
485.69113	1.0
485.70035	-1.0
485.70383	-1.0
485.707	-1.0
485.712	-1.0
485.72067	-1.0
485.7246	-1.0
485.74783	1.0
485.75095	-1.0
485.7613	-1.0
485.76993	1.0
485.773	1.0
485.77863	-1.0
485.78897	-1.0
485.81335	-1.0
485.8226	-1.0
485.8334	-1.0
485.8514	-1.0
485.8539	-1.0
485.88336	-1.0
485.89	-1.0
485.9251	-1.0
485.95145	-1.0
486.0276	-1.0
486.0901	1.0
486.11188	-1.0
486.12753	-1.0
486.1508	-1.0
486.16312	-1.0
486.17285	-1.0
486.19473	-1.0
486.2358	-1.0
486.24405	-1.0
486.2882	-1.0
486.29922	-1.0
486.3456	-1.0
486.34897	-1.0
486.3763	-1.0
486.3938	1.0
486.41992	-1.0
486.46143	-1.0
486.50275	-1.0
486.50735	-1.0
486.54517	-1.0
486.57208	-1.0
486.61847	-1.0
486.62692	-1.0
486.6538	1.0
498.61987	-1.0
498.6725	-1.0
500.7437	-1.0
500.76733	-1.0
500.77094	-1.0
500.79977	-1.0
500.85425	-1.0
512.1917	-1.0
512.19476	-1.0
512.19745	-1.0
512.2019	-1.0
512.2055	-1.0
512.20966	-1.0
512.2129	-1.0
512.2476	-1.0
512.2606	-1.0
512.27246	-1.0
512.2822	1.0
512.2851	-1.0
512.28845	-1.0
512.2923	-1.0
512.3041	-1.0
512.31824	1.0
512.3209	-1.0
512.3337	-1.0
512.3374	-1.0
512.34625	-1.0
512.35767	1.0
512.3744	1.0
512.3874	-1.0
512.3978	-1.0
512.4009	-1.0
512.4433	-1.0
512.4464	-1.0
512.45215	-1.0
512.4814	-1.0
512.48706	-1.0
512.5376	-1.0
512.54926	-1.0
512.5873	-1.0
512.5899	1.0
512.60254	-1.0
512.6329	-1.0
512.66516	-1.0
512.6905	-1.0
512.71716	-1.0
512.7266	-1.0
512.74725	-1.0
512.75745	-1.0
512.7756	-1.0
512.80286	-1.0
512.82715	-1.0
512.93134	-1.0
512.9968	-1.0
513.0225	1.0
513.06226	1.0
514.86096	-1.0
517.10315	-1.0
521.90686	-1.0
521.9632	-1.0
522.0533	-1.0
522.46967	-1.0
526.24286	-1.0
526.2638	-1.0
526.2718	-1.0
526.27454	-1.0
526.2792	1.0
526.28265	-1.0
526.288	-1.0
526.29535	-1.0
526.2981	-1.0
526.3059	-1.0
526.31586	-1.0
526.319	-1.0
526.3228	-1.0
526.3555	1.0
526.36066	-1.0
526.3672	1.0
526.3697	1.0
526.37555	-1.0
526.3824	-1.0
526.3899	-1.0
526.3935	-1.0
526.41486	-1.0
526.43585	-1.0
526.44104	1.0
526.4558	-1.0
526.46405	-1.0
526.46814	-1.0
526.4894	-1.0
526.49615	-1.0
526.4998	-1.0
526.52454	-1.0
526.5277	-1.0
526.54083	-1.0
526.5434	-1.0
526.56134	-1.0
526.5754	-1.0
526.5831	-1.0
526.61456	-1.0
526.6423	-1.0
526.6539	-1.0
526.6624	-1.0
526.6788	-1.0
526.6936	-1.0
526.7207	-1.0
526.7329	-1.0
526.7421	-1.0
526.75336	-1.0
526.7604	-1.0
526.8152	-1.0
526.9263	-1.0
545.4763	-1.0
552.28687	-1.0
552.29486	-1.0
552.30054	-1.0
552.30444	-1.0
552.31946	1.0
552.3232	-1.0
552.3329	1.0
552.3376	-1.0
552.3517	-1.0
552.361	1.0
552.3642	-1.0
552.3725	-1.0
552.3772	-1.0
552.3805	1.0
552.3856	1.0
552.3964	-1.0
552.39954	-1.0
552.4056	-1.0
552.4201	-1.0
552.4376	-1.0
552.4433	-1.0
552.44653	1.0
552.4491	-1.0
552.4645	1.0
552.4678	-1.0
552.4781	-1.0
552.4859	-1.0
552.4924	-1.0
552.5033	-1.0
552.506	1.0
552.5165	-1.0
552.5319	-1.0
552.5389	1.0
552.54486	-1.0
552.55457	-1.0
552.55835	-1.0
552.57117	-1.0
552.58765	-1.0
552.59216	-1.0
552.60547	-1.0
552.62067	-1.0
552.63275	-1.0
552.642	-1.0
552.6521	-1.0
552.66724	-1.0
552.6956	-1.0
552.7075	-1.0
552.72363	-1.0
552.76575	-1.0
552.77673	-1.0
552.799	-1.0
552.8156	-1.0
552.8536	-1.0
552.8611	-1.0
552.8912	-1.0
552.9217	-1.0
552.9929	-1.0
553.035	-1.0
553.0554	-1.0
553.1097	-1.0
553.14246	-1.0
553.1732	-1.0
557.391	-1.0
564.0316	-1.0
564.07697	-1.0
564.0883	-1.0
564.1035	-1.0
564.13654	-1.0
564.21893	-1.0
574.45087	-1.0
574.492	-1.0
574.5076	-1.0
574.51306	-1.0
574.51587	-1.0
574.51874	-1.0
574.52686	-1.0
574.535	-1.0
574.54254	1.0
574.5452	1.0
574.548	-1.0
574.5529	1.0
574.5598	-1.0
574.58344	-1.0
574.5892	-1.0
574.594	-1.0
574.6028	-1.0
574.6093	-1.0
574.6141	-1.0
574.6172	1.0
574.62646	-1.0
574.6304	-1.0
574.63306	-1.0
574.6365	-1.0
574.6428	-1.0
574.6463	1.0
574.65405	-1.0
574.6649	1.0
574.668	-1.0
574.6721	-1.0
574.6756	-1.0
574.6835	-1.0
574.6874	-1.0
574.7045	-1.0
574.7204	-1.0
574.7359	1.0
574.74164	-1.0
574.7487	-1.0
574.76166	-1.0
574.7721	-1.0
574.7893	-1.0
574.7924	-1.0
574.79974	-1.0
574.806	-1.0
574.8099	-1.0
574.81726	-1.0
574.8282	-1.0
574.8393	-1.0
574.8441	-1.0
574.85675	-1.0
574.8617	1.0
574.8693	-1.0
574.88983	-1.0
574.8982	-1.0
574.9066	-1.0
574.9292	-1.0
574.9622	-1.0
574.9709	-1.0
574.99786	-1.0
575.02325	-1.0
575.02814	-1.0
575.0373	-1.0
575.041	-1.0
575.04846	-1.0
575.05884	-1.0
575.103	-1.0
575.14874	-1.0
575.1654	-1.0
575.2189	-1.0
575.22473	-1.0
575.25854	-1.0
575.2989	-1.0
575.3047	-1.0
575.3457	-1.0
575.3742	-1.0
575.4174	-1.0
575.57635	-1.0
584.8616	-1.0
584.88654	-1.0
584.91064	-1.0
584.9298	1.0
584.9392	1.0
584.96515	1.0
584.9677	-1.0
585.04236	-1.0
585.1409	-1.0
585.20807	-1.0
585.21405	1.0
585.2323	-1.0
585.2673	-1.0
585.2948	1.0
585.31226	1.0
585.35156	-1.0
585.40393	-1.0
585.419	1.0
585.4838	-1.0
585.53357	-1.0
585.58875	-1.0
