0.51552	-1.0
0.57992	-1.0
0.63028	-1.0
0.66584	-1.0
0.67856	-1.0
0.70256	-1.0
0.72036	-1.0
0.72528	-1.0
0.72848	-1.0
0.73968	-1.0
0.74784	-1.0
0.76324	-1.0
0.77244	-1.0
0.7932	-1.0
0.80072	-1.0
0.806	-1.0
0.8218	-1.0
0.82792	-1.0
0.83464	-1.0
0.84332	-1.0
0.8466	-1.0
0.85576	-1.0
0.8702	-1.0
0.87592	-1.0
0.8898	-1.0
0.90128	-1.0
0.90804	-1.0
0.92604	-1.0
0.939	-1.0
0.94172	-1.0
0.94848	-1.0
0.96456	-1.0
0.97416	1.0
0.98848	-1.0
1.0186	-1.0
1.03704	-1.0
1.03988	-1.0
1.05548	-1.0
1.07388	-1.0
1.07648	-1.0
1.09588	-1.0
1.13888	-1.0
1.1414	-1.0
1.17612	-1.0
1.20072	-1.0
1.20368	-1.0
1.22672	-1.0
1.24424	-1.0
1.2904	-1.0
1.293	-1.0
1.32396	-1.0
1.3464	-1.0
1.3954	-1.0
1.425	-1.0
1.42816	-1.0
1.44604	-1.0
1.4498	-1.0
1.45664	-1.0
1.51208	-1.0
1.52008	-1.0
1.56496	-1.0
1.57928	-1.0
1.60816	-1.0
1.6338	-1.0
21.6226	-1.0
21.6358	-1.0
21.64384	-1.0
21.67824	-1.0
21.75364	-1.0
21.76216	-1.0
21.76484	-1.0
21.77252	-1.0
21.77928	-1.0
21.7834	-1.0
21.79452	-1.0
21.81416	-1.0
21.82348	-1.0
21.82852	-1.0
21.8678	-1.0
21.91224	-1.0
21.91792	-1.0
21.9316	-1.0
21.94172	-1.0
21.957	-1.0
21.96216	-1.0
21.98024	-1.0
21.9928	-1.0
22.01076	-1.0
22.03384	-1.0
22.03688	-1.0
22.04992	-1.0
22.05376	-1.0
22.09864	-1.0
22.10516	-1.0
22.12968	-1.0
22.20664	-1.0
22.3062	-1.0
34.3108	-1.0
34.3566	-1.0
34.38792	-1.0
34.476	-1.0
34.5008	-1.0
34.50584	1.0
34.513	-1.0
34.5328	-1.0
34.53688	-1.0
34.54872	-1.0
34.55168	-1.0
34.555	-1.0
34.56244	-1.0
34.58304	-1.0
34.586	-1.0
34.59404	1.0
34.61204	-1.0
34.62988	-1.0
34.63964	-1.0
34.64624	-1.0
34.64972	-1.0
34.66568	-1.0
34.67648	-1.0
34.68176	-1.0
34.69432	-1.0
34.6996	-1.0
34.70988	-1.0
34.71536	-1.0
34.73052	-1.0
34.7518	-1.0
34.75968	-1.0
34.7822	-1.0
34.80572	-1.0
34.81496	-1.0
34.82012	-1.0
34.8344	-1.0
34.85344	-1.0
34.8724	1.0
34.90104	-1.0
34.9178	-1.0
34.9254	-1.0
34.93448	-1.0
34.94072	-1.0
35.01916	-1.0
35.02484	-1.0
35.03192	-1.0
35.08452	-1.0
35.09024	-1.0
35.13056	-1.0
35.17656	-1.0
43.0568	1.0
43.0754	-1.0
43.15264	-1.0
43.19724	-1.0
43.22172	-1.0
43.23464	-1.0
43.24724	-1.0
43.25068	-1.0
43.26608	-1.0
43.29596	-1.0
43.30772	-1.0
43.31432	-1.0
43.34896	-1.0
43.35156	-1.0
43.36916	-1.0
43.39416	-1.0
43.40004	-1.0
43.41604	-1.0
43.44056	-1.0
43.454	-1.0
43.45924	-1.0
43.52988	-1.0
43.53668	-1.0
43.57612	-1.0
43.74276	-1.0
43.7462	-1.0
43.76776	-1.0
43.80832	-1.0
43.82136	-1.0
43.8286	-1.0
43.86964	-1.0
43.88364	-1.0
43.88928	-1.0
43.90044	-1.0
43.91676	-1.0
43.92024	-1.0
43.92452	-1.0
43.93936	1.0
43.94452	-1.0
43.9682	-1.0
43.97128	-1.0
44.0036	-1.0
44.00632	-1.0
44.01484	-1.0
44.0306	-1.0
44.03368	-1.0
44.05168	-1.0
44.05544	-1.0
44.07252	-1.0
44.0776	-1.0
44.09004	-1.0
44.10596	-1.0
44.11904	-1.0
44.136	-1.0
44.16668	-1.0
44.172	-1.0
44.2152	-1.0
44.21968	-1.0
44.29444	-1.0
44.31256	-1.0
44.32504	-1.0
44.36124	-1.0
44.38488	-1.0
44.4032	-1.0
44.40716	-1.0
44.43476	-1.0
44.47916	-1.0
44.48856	-1.0
44.57224	-1.0
44.59872	-1.0
44.60124	-1.0
51.11864	-1.0
51.16188	-1.0
51.389	-1.0
51.41892	-1.0
51.57664	-1.0
51.5994	-1.0
51.66824	-1.0
51.71108	-1.0
51.74132	-1.0
51.76312	-1.0
51.8566	-1.0
51.89452	-1.0
51.93168	-1.0
51.98864	-1.0
52.01332	-1.0
52.05032	-1.0
52.08712	-1.0
55.91792	-1.0
55.9396	-1.0
55.98	-1.0
56.02212	-1.0
56.07136	-1.0
56.1002	-1.0
56.10316	-1.0
56.12668	-1.0
56.16168	-1.0
56.16592	-1.0
56.19508	-1.0
56.23248	-1.0
56.27776	-1.0
56.39944	-1.0
56.42584	-1.0
56.46528	-1.0
56.49388	-1.0
56.50116	-1.0
59.30016	-1.0
59.33036	-1.0
59.34644	-1.0
59.3842	-1.0
59.4216	-1.0
59.43312	-1.0
59.47096	-1.0
59.47456	-1.0
59.48496	-1.0
59.50092	-1.0
59.53216	-1.0
59.54388	-1.0
59.5468	-1.0
59.59224	-1.0
59.59616	-1.0
59.62724	-1.0
59.65228	-1.0
59.65844	-1.0
59.6856	-1.0
59.7138	-1.0
59.7486	-1.0
59.76888	-1.0
59.77428	-1.0
59.78504	-1.0
59.815	-1.0
59.8358	-1.0
67.45116	-1.0
67.61148	-1.0
67.61456	-1.0
67.62296	-1.0
67.62592	-1.0
67.63572	-1.0
67.6504	-1.0
67.65564	-1.0
67.67076	-1.0
67.68648	-1.0
67.70328	-1.0
67.70652	-1.0
67.71356	-1.0
67.71644	-1.0
67.72	-1.0
67.73364	-1.0
67.75344	-1.0
67.77188	-1.0
67.77464	-1.0
67.7836	-1.0
67.82044	-1.0
67.8358	-1.0
67.84204	-1.0
67.85404	-1.0
67.85752	-1.0
67.86984	-1.0
67.87708	-1.0
67.89764	-1.0
67.91244	-1.0
67.921	1.0
67.93208	-1.0
67.93496	-1.0
67.95044	-1.0
67.95316	-1.0
67.95952	-1.0
67.97056	-1.0
67.98216	-1.0
67.98468	-1.0
67.99344	-1.0
68.01212	1.0
68.02752	-1.0
68.04548	-1.0
68.06612	-1.0
68.0864	-1.0
68.15308	-1.0
68.19476	-1.0
68.25504	-1.0
68.25792	-1.0
68.34204	-1.0
68.36432	-1.0
68.3712	-1.0
68.47492	-1.0
68.5322	-1.0
80.54872	-1.0
80.57892	-1.0
80.5922	-1.0
80.60852	-1.0
80.6234	-1.0
80.62632	-1.0
80.63908	-1.0
80.65088	-1.0
80.6652	-1.0
80.676	-1.0
80.7044	-1.0
80.71328	-1.0
80.71864	-1.0
80.7386	-1.0
80.76364	-1.0
80.776	-1.0
80.80092	-1.0
80.81424	-1.0
80.82544	-1.0
80.82952	-1.0
80.83628	-1.0
80.89332	-1.0
80.90864	-1.0
80.93636	-1.0
80.95916	-1.0
80.97812	-1.0
81.03052	-1.0
81.05528	-1.0
81.09112	-1.0
90.06024	-1.0
92.53656	-1.0
92.57456	-1.0
92.62244	-1.0
92.69936	-1.0
92.71064	-1.0
92.72944	-1.0
92.74124	-1.0
92.74744	-1.0
92.75876	-1.0
92.77064	1.0
92.77604	-1.0
92.79744	-1.0
92.80672	-1.0
92.81072	-1.0
92.8302	-1.0
92.84316	-1.0
92.84764	1.0
92.85836	-1.0
92.87728	-1.0
92.8938	-1.0
92.90496	-1.0
92.91344	-1.0
92.93056	-1.0
92.93748	1.0
92.94756	-1.0
92.95972	-1.0
92.97364	1.0
92.99664	-1.0
93.01872	-1.0
93.03244	-1.0
93.0582	-1.0
93.07716	-1.0
93.08128	-1.0
93.0954	-1.0
93.1268	-1.0
93.1748	-1.0
93.20532	-1.0
93.20928	-1.0
93.22516	-1.0
93.22988	-1.0
93.24948	-1.0
93.25624	-1.0
93.28528	1.0
93.29712	-1.0
93.31332	-1.0
93.35388	-1.0
93.37088	-1.0
93.38964	-1.0
93.3922	-1.0
93.42868	-1.0
93.4544	-1.0
93.4956	-1.0
93.51952	-1.0
93.54476	-1.0
93.60408	-1.0
93.6134	-1.0
93.64448	-1.0
93.66856	-1.0
93.69568	-1.0
93.7048	-1.0
93.73884	-1.0
93.79796	-1.0
106.12208	-1.0
111.46436	-1.0
111.48664	-1.0
111.5004	-1.0
111.51428	-1.0
111.53048	-1.0
111.63616	-1.0
111.66856	-1.0
111.6924	-1.0
111.71664	-1.0
111.72144	-1.0
111.738	-1.0
111.7462	-1.0
111.7608	-1.0
111.77556	-1.0
111.78688	1.0
111.8102	-1.0
111.82652	-1.0
111.85572	-1.0
111.90156	-1.0
111.90556	-1.0
111.9274	-1.0
111.97648	-1.0
112.00464	-1.0
112.00768	-1.0
112.04628	-1.0
112.05768	-1.0
112.10468	-1.0
112.112	-1.0
112.13652	-1.0
122.13476	-1.0
122.18188	-1.0
122.21116	-1.0
122.22784	-1.0
122.24952	-1.0
122.26032	-1.0
134.44756	-1.0
134.46748	-1.0
134.51244	-1.0
134.58592	-1.0
134.6118	-1.0
134.62276	-1.0
134.63948	-1.0
134.64316	-1.0
134.65128	-1.0
134.66092	-1.0
134.66393	-1.0
134.67368	-1.0
134.68456	-1.0
134.68784	-1.0
134.70372	-1.0
134.71564	-1.0
134.72284	-1.0
134.73308	-1.0
134.74396	-1.0
134.7584	-1.0
134.7684	-1.0
134.77092	-1.0
134.78996	-1.0
134.79788	-1.0
134.81133	-1.0
134.82344	-1.0
134.8452	-1.0
134.8492	-1.0
134.86504	-1.0
134.8782	-1.0
134.89236	-1.0
134.92113	-1.0
134.93924	-1.0
134.95552	-1.0
134.96072	-1.0
134.97408	-1.0
134.99876	-1.0
135.01152	-1.0
135.02551	-1.0
135.03044	-1.0
135.03308	-1.0
135.04872	-1.0
135.08656	-1.0
135.1248	-1.0
135.13596	-1.0
135.20328	-1.0
135.2934	-1.0
135.311	-1.0
135.32144	-1.0
135.33817	-1.0
135.36964	-1.0
142.28636	-1.0
142.30096	-1.0
142.32028	-1.0
142.32596	-1.0
142.3402	-1.0
142.3538	-1.0
142.3696	-1.0
142.38756	-1.0
142.39555	-1.0
142.41096	-1.0
142.41548	-1.0
142.41995	-1.0
142.4284	-1.0
142.43697	-1.0
142.45052	-1.0
142.45505	-1.0
142.46709	-1.0
142.47852	-1.0
142.49852	-1.0
142.51636	-1.0
142.54063	-1.0
142.54317	-1.0
142.5598	-1.0
142.58585	-1.0
142.58864	-1.0
142.59724	-1.0
142.60472	-1.0
142.61671	-1.0
142.62389	-1.0
142.63376	-1.0
142.63808	-1.0
142.64592	-1.0
142.65616	-1.0
142.67451	-1.0
142.67816	-1.0
142.68256	-1.0
142.69252	-1.0
142.70868	-1.0
142.72452	-1.0
142.73544	-1.0
142.7422	-1.0
142.75356	-1.0
142.76312	-1.0
142.776	-1.0
142.79608	-1.0
142.81708	-1.0
142.82616	-1.0
142.84468	-1.0
142.88232	-1.0
142.88672	-1.0
142.89957	-1.0
142.93468	-1.0
142.9498	-1.0
142.9752	-1.0
143.16724	-1.0
143.18448	-1.0
143.21352	-1.0
143.25804	-1.0
143.28668	-1.0
143.2938	-1.0
143.3806	-1.0
143.38364	-1.0
152.36945	-1.0
152.4492	-1.0
152.46724	-1.0
152.48347	-1.0
152.48624	-1.0
152.50084	-1.0
152.532	-1.0
152.5692	-1.0
152.58595	-1.0
152.6002	-1.0
152.61256	-1.0
152.62924	-1.0
152.64424	-1.0
152.6538	-1.0
152.65964	-1.0
152.67564	-1.0
152.686	-1.0
152.69984	-1.0
152.75143	-1.0
152.77068	-1.0
152.7976	-1.0
152.81808	-1.0
152.86163	-1.0
152.86708	-1.0
152.87932	-1.0
152.9324	-1.0
153.00195	-1.0
153.07092	-1.0
153.16708	-1.0
154.90144	-1.0
160.3844	-1.0
160.478	-1.0
160.4882	-1.0
160.49075	-1.0
160.49416	-1.0
160.50256	-1.0
160.51308	-1.0
160.54031	-1.0
160.5532	-1.0
160.56915	-1.0
160.59212	-1.0
160.60364	-1.0
160.60732	-1.0
160.63869	-1.0
165.88072	-1.0
165.90504	-1.0
165.92409	-1.0
165.94516	-1.0
165.99852	-1.0
166.02876	-1.0
166.04828	-1.0
166.07613	-1.0
166.09148	-1.0
166.12927	-1.0
166.13457	-1.0
166.14607	-1.0
166.16415	-1.0
166.17896	-1.0
166.20116	-1.0
166.2498	-1.0
166.26212	-1.0
166.27252	-1.0
166.29633	-1.0
166.29936	1.0
166.33205	-1.0
166.38324	-1.0
166.40128	-1.0
166.41827	-1.0
166.46472	-1.0
166.4926	-1.0
166.56024	-1.0
166.58237	-1.0
166.60028	-1.0
166.61952	-1.0
166.67133	-1.0
172.45584	-1.0
172.49055	-1.0
172.50015	1.0
172.51508	-1.0
172.52815	-1.0
172.53456	-1.0
172.54744	-1.0
172.56029	-1.0
172.5628	-1.0
172.57956	-1.0
172.5996	-1.0
172.6122	-1.0
172.62865	-1.0
172.64484	1.0
172.64735	1.0
172.6542	-1.0
172.65768	-1.0
172.667	-1.0
172.67113	-1.0
172.68336	-1.0
172.69208	-1.0
172.69572	-1.0
172.70612	-1.0
172.71812	-1.0
172.72787	-1.0
172.75276	-1.0
172.76904	-1.0
172.7828	-1.0
172.79504	-1.0
172.80933	-1.0
172.83308	-1.0
172.84804	-1.0
172.85788	-1.0
172.8604	-1.0
172.87544	-1.0
172.91077	-1.0
172.92932	-1.0
172.94044	-1.0
172.96228	-1.0
172.96568	-1.0
172.98875	-1.0
173.01024	-1.0
173.04324	-1.0
173.13104	-1.0
173.15208	-1.0
173.17068	-1.0
173.18443	-1.0
173.188	-1.0
173.19164	-1.0
173.20432	-1.0
173.21996	1.0
173.22247	1.0
173.24583	-1.0
173.26167	-1.0
173.28532	-1.0
173.30836	-1.0
173.3536	-1.0
173.39912	-1.0
173.40253	-1.0
173.42831	-1.0
173.47992	-1.0
173.54892	-1.0
173.55176	-1.0
183.42789	-1.0
183.4654	-1.0
183.50516	-1.0
183.52548	-1.0
183.53244	-1.0
183.57344	-1.0
183.61856	-1.0
183.64116	-1.0
183.65063	-1.0
183.67673	-1.0
183.69252	-1.0
183.7326	-1.0
193.10117	-1.0
193.11089	-1.0
193.13432	-1.0
193.14772	-1.0
193.15724	-1.0
193.15984	-1.0
193.16608	-1.0
193.1836	-1.0
193.18712	-1.0
193.2	-1.0
198.98552	-1.0
202.1942	-1.0
202.26228	-1.0
203.691	-1.0
203.7428	-1.0
203.82443	-1.0
203.8738	-1.0
203.88928	-1.0
203.89536	-1.0
203.9102	-1.0
203.92188	-1.0
203.93036	-1.0
203.94572	-1.0
203.95584	-1.0
203.97148	-1.0
203.9818	-1.0
204.00375	-1.0
204.00777	-1.0
204.0194	-1.0
204.03764	-1.0
204.04492	-1.0
204.05544	-1.0
204.0614	-1.0
204.07031	-1.0
204.08928	-1.0
204.10776	1.0
204.11131	-1.0
204.11844	-1.0
204.12828	1.0
204.1308	1.0
204.13783	1.0
204.16032	-1.0
204.19	-1.0
204.207	1.0
204.21324	-1.0
204.22543	-1.0
204.2344	-1.0
204.24825	-1.0
204.2678	-1.0
204.27972	-1.0
204.29384	-1.0
204.29803	-1.0
204.31728	-1.0
204.3304	-1.0
204.33864	-1.0
204.35847	-1.0
204.38055	-1.0
204.3864	-1.0
204.38931	-1.0
204.4006	-1.0
204.4176	-1.0
204.44092	-1.0
204.44797	-1.0
204.46033	-1.0
204.46944	1.0
204.4976	-1.0
204.5206	-1.0
204.53873	-1.0
204.54897	-1.0
204.67828	-1.0
222.78868	-1.0
222.801	-1.0
222.82285	-1.0
222.89772	-1.0
222.99904	-1.0
223.00708	-1.0
223.0354	-1.0
223.06824	-1.0
223.0798	-1.0
223.08829	-1.0
223.0978	-1.0
223.10603	-1.0
223.10867	-1.0
223.1278	-1.0
223.13968	-1.0
223.14252	-1.0
223.17236	-1.0
223.18655	-1.0
223.21632	-1.0
223.2506	-1.0
223.28587	-1.0
223.30215	-1.0
223.30975	-1.0
223.32152	-1.0
223.34528	-1.0
223.3478	-1.0
223.36824	-1.0
223.37076	-1.0
223.38216	-1.0
223.43549	-1.0
223.47252	-1.0
223.5126	-1.0
223.54137	-1.0
223.58755	-1.0
236.84592	-1.0
239.10356	-1.0
239.20769	-1.0
239.218	-1.0
239.23537	-1.0
239.24867	-1.0
239.27136	-1.0
239.27492	-1.0
239.2896	-1.0
239.31128	-1.0
239.3352	-1.0
239.342	-1.0
239.34653	-1.0
239.35435	1.0
239.36491	-1.0
239.37564	-1.0
239.39496	-1.0
239.40944	-1.0
239.42088	-1.0
239.43192	-1.0
239.4382	-1.0
239.45648	-1.0
239.46317	-1.0
239.47804	-1.0
239.50124	-1.0
239.51492	-1.0
239.51988	-1.0
239.53133	-1.0
239.53757	-1.0
239.5414	-1.0
239.55576	-1.0
239.57	-1.0
239.59492	-1.0
239.64192	-1.0
239.64488	-1.0
239.66376	-1.0
239.6716	-1.0
239.7246	-1.0
239.75516	-1.0
239.7628	-1.0
239.7692	-1.0
239.77657	-1.0
239.82372	-1.0
239.844	-1.0
239.86644	-1.0
239.87888	-1.0
239.89732	-1.0
239.91995	-1.0
239.9234	-1.0
239.93588	-1.0
239.95456	1.0
239.9784	-1.0
239.98232	-1.0
239.99603	-1.0
240.01888	-1.0
240.0678	-1.0
240.08968	-1.0
240.11272	-1.0
240.14708	-1.0
240.18263	-1.0
240.24284	-1.0
240.28636	-1.0
251.57372	-1.0
251.5914	-1.0
251.60504	-1.0
251.63075	-1.0
251.6528	-1.0
251.67212	-1.0
251.6952	-1.0
251.70695	-1.0
251.74223	-1.0
251.75684	-1.0
251.77632	-1.0
251.79044	-1.0
251.79428	-1.0
251.80876	-1.0
251.81863	1.0
251.8238	-1.0
251.86765	-1.0
251.881	-1.0
251.924	-1.0
251.93344	-1.0
251.9736	-1.0
252.00124	-1.0
252.05484	-1.0
252.11057	-1.0
252.12073	-1.0
252.13644	-1.0
252.15285	-1.0
252.20276	-1.0
252.21588	-1.0
252.23048	-1.0
252.24828	-1.0
252.2508	-1.0
252.32544	-1.0
252.3636	-1.0
252.36636	-1.0
252.3908	-1.0
252.4172	-1.0
252.44331	-1.0
256.15576	-1.0
256.1711	-1.0
256.18073	-1.0
256.19687	-1.0
256.2208	-1.0
256.2292	-1.0
256.2462	-1.0
256.26013	-1.0
256.27765	-1.0
256.28116	-1.0
256.29276	-1.0
256.3062	-1.0
256.3149	-1.0
256.32144	-1.0
256.3247	-1.0
256.3382	-1.0
256.35193	-1.0
256.35532	-1.0
256.3768	-1.0
256.39407	-1.0
256.41904	-1.0
256.431	-1.0
256.44513	-1.0
256.4606	1.0
256.46313	1.0
256.4773	-1.0
256.49213	-1.0
256.50385	-1.0
256.50748	-1.0
256.51672	-1.0
256.5388	-1.0
256.5539	-1.0
256.57657	-1.0
256.5848	-1.0
256.6251	-1.0
256.6385	-1.0
256.65845	-1.0
256.6617	-1.0
256.6685	-1.0
256.6845	-1.0
256.79785	-1.0
256.80057	-1.0
256.82193	-1.0
256.85483	-1.0
256.86163	-1.0
256.87476	-1.0
256.8822	-1.0
256.9344	-1.0
256.9521	-1.0
256.9704	-1.0
257.0023	-1.0
257.02664	-1.0
257.0836	-1.0
257.1032	-1.0
257.10617	-1.0
257.1124	-1.0
257.14508	-1.0
257.27185	-1.0
263.6374	-1.0
269.10773	-1.0
269.14252	-1.0
270.73303	-1.0
273.4538	-1.0
283.05255	-1.0
283.89377	-1.0
284.04456	-1.0
284.049	-1.0
284.06628	-1.0
284.11096	-1.0
284.14252	-1.0
284.1574	-1.0
284.1624	-1.0
284.17535	-1.0
284.1888	-1.0
284.19476	-1.0
284.20984	-1.0
284.2168	-1.0
284.22623	-1.0
284.24216	-1.0
284.2563	-1.0
284.2591	-1.0
284.27094	-1.0
284.27823	-1.0
284.28763	-1.0
284.29315	-1.0
284.29645	-1.0
284.32632	-1.0
284.33847	-1.0
284.34476	-1.0
284.34985	-1.0
284.35983	-1.0
284.36252	-1.0
284.3781	-1.0
284.41052	-1.0
284.41733	-1.0
284.4313	-1.0
284.45825	-1.0
284.49417	-1.0
284.51743	-1.0
284.58536	-1.0
284.6231	-1.0
284.7074	-1.0
284.7102	-1.0
284.7252	-1.0
284.76328	-1.0
284.83548	-1.0
284.9197	-1.0
293.97717	-1.0
294.0219	-1.0
294.03445	-1.0
294.0435	-1.0
294.05484	-1.0
294.05972	-1.0
294.0649	-1.0
294.0704	-1.0
294.07947	-1.0
294.0973	-1.0
294.10812	-1.0
294.11252	-1.0
294.12433	-1.0
294.1394	-1.0
294.15067	1.0
294.18243	-1.0
294.18607	-1.0
294.19208	-1.0
294.2043	-1.0
294.2143	-1.0
294.21768	-1.0
294.22247	-1.0
294.2333	1.0
294.24527	-1.0
294.25647	-1.0
294.26392	-1.0
294.27484	-1.0
294.29303	-1.0
294.30957	-1.0
294.31937	-1.0
294.32245	-1.0
294.34164	-1.0
294.3554	-1.0
294.37415	-1.0
294.38943	-1.0
294.39996	-1.0
294.41617	-1.0
294.4381	-1.0
294.44745	-1.0
294.4618	-1.0
294.47836	-1.0
294.49667	-1.0
294.51892	-1.0
294.56787	-1.0
294.59164	-1.0
294.65213	-1.0
294.68887	-1.0
294.77448	-1.0
294.81824	-1.0
294.82657	-1.0
294.85117	-1.0
294.87292	-1.0
296.3723	-1.0
308.67197	-1.0
308.67932	-1.0
308.69968	-1.0
308.70233	-1.0
308.7056	-1.0
308.7134	-1.0
308.71725	-1.0
308.72757	-1.0
308.7308	-1.0
308.73373	-1.0
308.74667	-1.0
308.75244	-1.0
308.77045	-1.0
308.78537	-1.0
308.79816	-1.0
308.80643	-1.0
308.82465	-1.0
308.82803	-1.0
308.844	-1.0
308.85117	-1.0
308.8603	-1.0
308.91513	-1.0
308.94052	-1.0
308.9561	-1.0
308.97824	-1.0
308.98492	1.0
308.9966	-1.0
309.0164	-1.0
309.02716	-1.0
309.0395	-1.0
309.05524	-1.0
309.0586	-1.0
309.08224	-1.0
309.092	-1.0
309.09464	-1.0
309.13995	-1.0
309.14487	-1.0
309.1581	-1.0
309.1681	-1.0
309.18155	-1.0
309.2152	-1.0
309.30484	-1.0
309.33115	-1.0
309.35764	-1.0
309.37473	-1.0
309.4094	-1.0
309.4333	-1.0
309.47037	-1.0
309.5252	-1.0
318.23193	-1.0
318.25772	-1.0
318.261	-1.0
318.27505	-1.0
318.28873	-1.0
318.34317	-1.0
318.39548	-1.0
318.45773	-1.0
318.47955	-1.0
318.5056	-1.0
318.50864	-1.0
318.54657	-1.0
318.5539	-1.0
318.58435	-1.0
318.5988	-1.0
318.618	-1.0
318.628	-1.0
318.6559	-1.0
318.6671	-1.0
318.67368	-1.0
318.69373	-1.0
318.70917	-1.0
318.72232	-1.0
318.7311	-1.0
318.74387	-1.0
318.7465	-1.0
318.75864	-1.0
318.77057	-1.0
318.77896	-1.0
318.80667	-1.0
318.81137	-1.0
318.8238	-1.0
318.85135	-1.0
318.85437	-1.0
318.87097	-1.0
318.88873	-1.0
318.89453	-1.0
318.94684	-1.0
322.07877	-1.0
323.03137	-1.0
323.08353	-1.0
323.10837	-1.0
323.30408	-1.0
323.35056	-1.0
328.88437	-1.0
328.88763	-1.0
328.90683	-1.0
328.92148	-1.0
328.9439	-1.0
328.9506	-1.0
328.96863	-1.0
328.98853	-1.0
328.99695	-1.0
329.01224	-1.0
329.02448	-1.0
329.0799	-1.0
329.1014	-1.0
329.1134	-1.0
329.12628	-1.0
329.12967	-1.0
329.15643	-1.0
329.18253	-1.0
329.20743	-1.0
329.23047	-1.0
329.29544	-1.0
329.3319	-1.0
329.4176	-1.0
329.4724	-1.0
329.50012	-1.0
329.54895	-1.0
335.50723	-1.0
335.51752	-1.0
335.56512	-1.0
336.10284	-1.0
336.13095	-1.0
336.18964	-1.0
336.21844	-1.0
336.24164	-1.0
336.26196	1.0
336.2719	-1.0
336.2884	-1.0
336.3181	-1.0
336.35144	-1.0
336.3767	-1.0
336.3897	-1.0
336.40155	-1.0
336.42264	-1.0
336.44724	-1.0
336.45096	-1.0
336.47504	-1.0
336.5488	-1.0
336.57205	-1.0
338.16904	-1.0
338.21777	-1.0
338.30215	-1.0
338.3114	-1.0
338.3297	-1.0
338.33795	-1.0
338.35327	-1.0
338.36526	-1.0
338.38016	-1.0
338.3867	-1.0
338.39252	-1.0
338.39557	-1.0
338.4036	-1.0
338.41168	-1.0
338.42093	-1.0
338.4334	-1.0
338.4521	-1.0
338.46228	-1.0
338.47147	-1.0
338.484	-1.0
338.49603	-1.0
338.5089	-1.0
338.51233	-1.0
338.52072	-1.0
338.543	-1.0
338.55588	-1.0
338.5691	-1.0
338.59772	-1.0
338.62415	-1.0
338.6447	-1.0
338.66275	-1.0
338.68903	-1.0
338.70868	-1.0
338.71255	-1.0
338.72833	-1.0
338.75067	-1.0
338.7797	-1.0
338.82437	-1.0
338.8593	-1.0
338.8668	-1.0
338.98148	-1.0
338.9938	-1.0
339.04956	-1.0
339.06415	-1.0
354.43185	-1.0
354.45145	-1.0
354.47092	-1.0
354.51907	-1.0
354.5803	-1.0
354.599	-1.0
354.60593	-1.0
354.62216	-1.0
354.73993	-1.0
354.7512	-1.0
354.7542	-1.0
354.78333	1.0
354.8149	-1.0
354.8227	-1.0
354.8406	-1.0
354.8527	-1.0
354.8602	-1.0
354.87207	-1.0
354.88892	-1.0
354.90463	-1.0
354.90964	-1.0
354.95078	-1.0
354.97473	-1.0
354.98685	-1.0
355.0153	-1.0
355.04828	-1.0
355.051	-1.0
355.06696	-1.0
355.06992	-1.0
355.08585	-1.0
355.10052	-1.0
355.11353	-1.0
355.139	-1.0
355.14243	-1.0
355.15024	-1.0
355.1678	-1.0
355.18335	-1.0
355.22876	-1.0
355.25427	-1.0
355.30133	-1.0
355.32797	-1.0
355.35452	-1.0
355.38348	-1.0
355.42343	-1.0
355.46732	-1.0
362.50504	-1.0
362.54068	-1.0
362.56656	-1.0
362.57755	-1.0
362.58264	-1.0
362.58545	-1.0
362.6034	-1.0
362.64468	-1.0
362.66336	-1.0
362.6931	-1.0
369.07864	-1.0
371.00845	-1.0
371.01935	-1.0
371.07205	-1.0
371.09464	-1.0
371.10825	-1.0
371.12387	-1.0
371.13867	-1.0
371.1466	-1.0
371.15692	-1.0
371.1616	-1.0
371.17105	-1.0
371.17355	-1.0
371.18765	-1.0
371.20776	-1.0
371.21115	-1.0
371.2322	-1.0
371.2358	-1.0
371.24796	-1.0
371.2908	-1.0
371.30667	-1.0
371.32477	-1.0
371.33487	-1.0
371.38232	-1.0
371.41013	-1.0
371.4836	-1.0
371.48907	-1.0
371.5108	-1.0
371.5422	-1.0
371.55737	-1.0
371.59348	-1.0
371.7314	-1.0
374.86984	-1.0
375.5056	-1.0
375.56296	-1.0
375.6382	-1.0
375.7	-1.0
375.7141	-1.0
375.73233	-1.0
375.7687	-1.0
375.78613	1.0
375.80032	-1.0
375.8274	-1.0
375.83804	-1.0
375.84207	-1.0
375.84833	-1.0
375.8618	-1.0
375.86865	-1.0
375.88504	-1.0
375.89304	-1.0
375.90005	-1.0
375.90332	-1.0
375.91727	-1.0
375.92957	-1.0
375.94263	-1.0
375.95343	-1.0
375.96344	-1.0
375.97156	-1.0
375.98193	-1.0
375.9897	-1.0
375.99252	-1.0
376.00974	-1.0
376.0169	-1.0
376.0301	-1.0
376.0373	-1.0
376.04468	-1.0
376.04807	-1.0
376.05615	-1.0
376.0749	-1.0
376.10843	-1.0
376.16302	-1.0
376.23172	-1.0
376.2459	-1.0
376.27063	-1.0
376.3279	-1.0
381.63495	-1.0
383.4768	1.0
383.65964	-1.0
383.67047	-1.0
391.0824	-1.0
393.47784	-1.0
393.54773	-1.0
393.6206	1.0
393.6456	-1.0
393.69757	-1.0
393.74228	-1.0
393.75473	-1.0
393.76044	-1.0
393.7768	-1.0
393.80173	-1.0
393.80795	-1.0
393.84024	-1.0
393.86523	-1.0
393.87625	-1.0
393.9344	-1.0
394.01752	-1.0
396.8972	-1.0
403.4408	-1.0
403.46744	-1.0
403.4919	-1.0
403.5024	-1.0
403.51855	-1.0
403.53293	-1.0
403.5558	-1.0
403.57275	-1.0
403.57635	-1.0
403.58124	-1.0
403.6057	-1.0
403.61383	-1.0
403.6215	-1.0
403.6638	-1.0
403.68317	-1.0
403.71655	-1.0
403.7365	-1.0
403.7482	-1.0
403.7684	-1.0
403.81372	-1.0
403.8283	-1.0
403.84653	-1.0
403.8635	-1.0
403.8732	-1.0
403.93347	-1.0
403.97723	-1.0
403.9898	-1.0
404.0488	-1.0
404.0582	-1.0
404.09033	-1.0
404.0931	-1.0
404.11105	-1.0
404.12244	-1.0
404.13132	-1.0
404.13474	-1.0
404.176	-1.0
404.18835	-1.0
404.2374	-1.0
404.2716	-1.0
404.27945	-1.0
404.41797	-1.0
404.4413	-1.0
404.45187	-1.0
404.5021	-1.0
409.74423	-1.0
409.76517	-1.0
409.78897	-1.0
409.8003	-1.0
409.82587	-1.0
409.84827	-1.0
409.8759	-1.0
409.8903	-1.0
409.90112	-1.0
409.90445	-1.0
409.92487	-1.0
409.95825	-1.0
410.0219	-1.0
410.03763	-1.0
410.0653	-1.0
410.07007	-1.0
410.0901	-1.0
410.09537	-1.0
410.10623	-1.0
410.1126	-1.0
410.11755	-1.0
410.14227	-1.0
410.15283	-1.0
410.16415	-1.0
410.17136	-1.0
410.19357	-1.0
410.1972	-1.0
410.20596	-1.0
410.23273	-1.0
410.27777	-1.0
410.31775	-1.0
410.3926	-1.0
410.53412	-1.0
410.53903	-1.0
417.53976	-1.0
417.55884	-1.0
417.57397	-1.0
417.59445	-1.0
417.69623	-1.0
417.71237	-1.0
417.73447	-1.0
417.7482	-1.0
417.76932	-1.0
417.77237	-1.0
417.79337	-1.0
417.79688	-1.0
417.80203	-1.0
417.83163	-1.0
417.83917	-1.0
417.85272	-1.0
417.86417	-1.0
417.88144	-1.0
417.907	-1.0
417.92004	-1.0
417.93124	1.0
417.98026	-1.0
417.98413	-1.0
418.00067	-1.0
418.00336	-1.0
418.01828	-1.0
418.0354	-1.0
418.03815	-1.0
418.0456	-1.0
418.12607	-1.0
418.14667	-1.0
418.1764	-1.0
418.1949	-1.0
418.22488	-1.0
418.2391	-1.0
418.2848	-1.0
418.28793	1.0
418.31067	-1.0
418.34885	-1.0
418.41852	-1.0
423.18823	-1.0
423.21048	-1.0
423.2667	-1.0
423.9833	-1.0
438.23523	-1.0
438.28268	-1.0
438.38788	-1.0
444.35696	-1.0
444.5226	-1.0
444.526	-1.0
444.60114	-1.0
444.60507	-1.0
444.61804	1.0
444.62057	1.0
444.64453	-1.0
444.65237	-1.0
444.6562	-1.0
444.66107	-1.0
444.67783	-1.0
444.6984	-1.0
444.70703	-1.0
444.72076	-1.0
444.73468	-1.0
444.7539	-1.0
444.76437	-1.0
444.7799	-1.0
444.7884	-1.0
444.79684	1.0
444.8145	-1.0
444.8188	-1.0
444.82767	-1.0
444.83957	-1.0
444.8486	1.0
444.86356	-1.0
444.87997	-1.0
444.8914	-1.0
444.90088	-1.0
444.91263	-1.0
444.92517	1.0
444.9355	-1.0
444.94647	-1.0
444.95084	-1.0
444.96268	-1.0
444.98044	-1.0
444.987	-1.0
445.00235	-1.0
445.00595	-1.0
445.0223	-1.0
445.038	-1.0
445.06348	-1.0
445.07996	-1.0
445.1224	-1.0
445.13113	-1.0
445.2057	-1.0
445.26416	-1.0
445.34845	-1.0
445.47037	-1.0
457.47235	-1.0
457.48877	-1.0
457.50656	-1.0
457.52124	-1.0
457.5386	-1.0
457.59695	-1.0
457.659	-1.0
457.6728	-1.0
457.67664	-1.0
457.7017	-1.0
457.7119	-1.0
457.72195	-1.0
457.7285	-1.0
457.73145	-1.0
457.74063	-1.0
457.7502	-1.0
457.762	-1.0
457.77875	-1.0
457.80707	1.0
457.81668	-1.0
457.84323	-1.0
457.8827	-1.0
457.88644	-1.0
457.9002	-1.0
457.91837	-1.0
457.94504	-1.0
457.98785	-1.0
457.9941	-1.0
458.04276	-1.0
458.056	-1.0
458.21185	-1.0
458.24408	-1.0
458.31055	-1.0
468.2	-1.0
468.231	-1.0
468.27628	-1.0
468.27887	-1.0
468.30325	-1.0
471.60828	-1.0
471.63504	-1.0
471.6573	-1.0
471.66733	-1.0
471.70004	-1.0
471.72955	-1.0
471.75348	-1.0
471.7701	-1.0
471.77356	-1.0
471.79172	-1.0
471.80447	-1.0
471.82733	-1.0
471.84335	-1.0
471.8524	-1.0
471.86697	-1.0
471.87732	-1.0
471.8961	-1.0
471.8991	1.0
471.9106	-1.0
471.91983	-1.0
471.9342	-1.0
471.94644	-1.0
471.97717	-1.0
471.9804	-1.0
471.9883	-1.0
471.9969	-1.0
472.02304	-1.0
472.06567	-1.0
472.06857	-1.0
472.08643	-1.0
472.11432	-1.0
472.1506	-1.0
472.1541	-1.0
472.1621	-1.0
472.18283	-1.0
472.1922	-1.0
472.20056	-1.0
472.2325	-1.0
472.23575	-1.0
472.2506	-1.0
472.2698	-1.0
472.29468	-1.0
472.30197	-1.0
472.34433	-1.0
472.36072	-1.0
472.4496	-1.0
472.48163	-1.0
472.49185	-1.0
476.11432	-1.0
476.25943	-1.0
476.26868	-1.0
476.27423	-1.0
476.2877	-1.0
476.30545	-1.0
476.31372	-1.0
476.34152	1.0
476.3488	-1.0
476.3661	-1.0
476.375	-1.0
476.3796	-1.0
476.38876	-1.0
476.3996	-1.0
476.40588	-1.0
476.4175	-1.0
476.42917	-1.0
476.4373	-1.0
476.44223	-1.0
476.45468	-1.0
476.46423	-1.0
476.4688	-1.0
476.4878	-1.0
476.5006	-1.0
476.50543	-1.0
476.52292	-1.0
476.5404	-1.0
476.54996	-1.0
476.56775	-1.0
476.5772	-1.0
476.5847	-1.0
476.5984	-1.0
476.60223	-1.0
476.62225	-1.0
476.65097	-1.0
476.6686	-1.0
476.77432	-1.0
476.84647	-1.0
476.93228	-1.0
476.9974	-1.0
477.0596	-1.0
477.0685	-1.0
477.127	-1.0
477.18985	-1.0
485.47565	-1.0
485.55692	-1.0
485.58908	-1.0
485.61835	-1.0
485.62427	-1.0
485.66675	-1.0
485.6892	-1.0
485.7034	-1.0
485.73703	-1.0
485.75253	-1.0
485.77695	-1.0
485.8014	-1.0
485.8253	-1.0
485.86093	-1.0
485.87952	-1.0
485.89764	-1.0
485.90317	-1.0
485.9712	-1.0
485.98383	-1.0
485.99472	-1.0
486.03287	-1.0
486.05624	-1.0
486.07196	-1.0
486.125	-1.0
486.1421	-1.0
486.15317	-1.0
486.17676	-1.0
486.17932	-1.0
486.19495	-1.0
486.20663	-1.0
486.22647	-1.0
486.2423	-1.0
486.253	-1.0
486.26797	-1.0
486.2853	-1.0
486.29645	-1.0
486.31253	-1.0
486.3213	-1.0
486.32416	-1.0
486.33377	-1.0
486.34286	-1.0
486.37384	-1.0
486.38907	-1.0
486.4022	-1.0
486.412	-1.0
486.46863	-1.0
486.48245	-1.0
486.49655	-1.0
486.50317	-1.0
486.5092	-1.0
486.56903	-1.0
486.57553	-1.0
486.65048	-1.0
486.69263	-1.0
486.7138	-1.0
500.74112	-1.0
500.76517	-1.0
500.79068	-1.0
500.84976	-1.0
500.95203	-1.0
512.19727	-1.0
512.23846	-1.0
512.2542	-1.0
512.2695	-1.0
512.2969	-1.0
512.3032	-1.0
512.31287	-1.0
512.3162	-1.0
512.3279	-1.0
512.3339	-1.0
512.3549	-1.0
512.3616	-1.0
512.3756	-1.0
512.3789	-1.0
512.3842	-1.0
512.40234	-1.0
512.41223	-1.0
512.441	-1.0
512.45416	-1.0
512.4707	-1.0
512.47626	-1.0
512.4868	-1.0
512.5023	-1.0
512.5053	-1.0
512.5403	-1.0
512.547	-1.0
512.55	-1.0
512.5652	-1.0
512.5682	-1.0
512.5978	-1.0
512.60925	-1.0
512.6184	-1.0
512.6271	-1.0
512.6417	-1.0
512.6442	-1.0
512.6534	-1.0
512.6611	-1.0
512.6645	-1.0
512.667	-1.0
512.6771	-1.0
512.71765	-1.0
512.72406	-1.0
512.7472	-1.0
512.76587	-1.0
512.77234	-1.0
512.8119	-1.0
512.8293	-1.0
512.8468	-1.0
512.8905	-1.0
512.90894	-1.0
512.94885	-1.0
512.96106	-1.0
512.97314	-1.0
513.0224	-1.0
513.0336	-1.0
513.06274	-1.0
513.15356	-1.0
519.0938	-1.0
521.8414	-1.0
521.8636	-1.0
521.8849	-1.0
521.9006	-1.0
521.90405	-1.0
521.90985	-1.0
521.9196	-1.0
521.94226	-1.0
521.9558	-1.0
521.9664	-1.0
521.98785	-1.0
522.00354	-1.0
522.02026	-1.0
522.0401	-1.0
522.0473	-1.0
522.0842	-1.0
522.3968	-1.0
522.44836	-1.0
522.4757	-1.0
522.5033	-1.0
523.46094	-1.0
523.5724	-1.0
524.9209	-1.0
526.2201	-1.0
526.2574	-1.0
526.31476	-1.0
526.37036	-1.0
526.39197	-1.0
526.4289	-1.0
526.44073	-1.0
526.45404	-1.0
526.457	-1.0
526.46765	1.0
526.47815	-1.0
526.48987	-1.0
526.51447	-1.0
526.5245	-1.0
526.53564	-1.0
526.55	-1.0
526.5651	-1.0
526.5777	-1.0
526.60474	-1.0
526.6225	-1.0
526.6413	-1.0
526.6598	-1.0
526.696	-1.0
526.7197	-1.0
526.75085	-1.0
526.77094	-1.0
526.85596	-1.0
526.90247	-1.0
526.968	-1.0
540.69135	-1.0
540.81287	-1.0
545.6789	-1.0
546.3357	-1.0
552.26917	-1.0
552.3681	-1.0
552.37573	-1.0
552.3854	-1.0
552.38934	-1.0
552.4086	-1.0
552.4169	-1.0
552.42914	-1.0
552.4483	-1.0
552.45386	-1.0
552.46094	-1.0
552.4756	-1.0
552.4795	-1.0
552.482	-1.0
552.5007	-1.0
552.5174	-1.0
552.52	-1.0
552.5322	-1.0
552.5393	-1.0
552.5429	-1.0
552.55145	-1.0
552.56177	-1.0
552.5759	-1.0
552.58057	-1.0
552.59125	-1.0
552.6058	-1.0
552.61456	-1.0
552.6245	-1.0
552.62805	-1.0
552.6395	-1.0
552.6558	-1.0
552.66174	-1.0
552.6745	-1.0
552.67865	-1.0
552.6874	-1.0
552.6962	-1.0
552.71063	-1.0
552.71405	-1.0
552.72687	-1.0
552.7415	-1.0
552.7634	-1.0
552.7815	-1.0
552.7951	-1.0
552.817	-1.0
552.8312	-1.0
552.8339	-1.0
552.8584	-1.0
552.8694	-1.0
552.88855	-1.0
552.9331	-1.0
552.9526	-1.0
552.97253	-1.0
552.98553	-1.0
552.9891	-1.0
553.01587	-1.0
553.0293	-1.0
553.03973	-1.0
553.0888	-1.0
553.10504	-1.0
553.1727	-1.0
553.2279	1.0
553.2748	-1.0
564.02234	-1.0
564.03394	-1.0
564.0603	-1.0
564.0719	-1.0
564.0745	-1.0
564.0867	-1.0
564.10114	-1.0
564.1194	-1.0
564.1314	-1.0
564.1376	-1.0
564.14685	-1.0
564.15656	-1.0
564.1725	-1.0
564.18005	-1.0
564.1892	-1.0
564.20667	-1.0
564.25867	-1.0
564.27924	-1.0
564.30176	-1.0
571.8724	-1.0
574.44696	-1.0
574.482	-1.0
574.4922	-1.0
574.5172	-1.0
574.5384	-1.0
574.55786	-1.0
574.58655	-1.0
574.606	-1.0
574.66614	-1.0
574.6737	-1.0
574.6956	-1.0
574.7042	-1.0
574.7179	-1.0
574.7292	-1.0
574.74475	-1.0
574.765	-1.0
574.77094	-1.0
574.77386	-1.0
574.7857	-1.0
574.7938	-1.0
574.79694	1.0
574.8052	-1.0
574.80865	-1.0
574.8247	-1.0
574.83966	-1.0
574.8515	-1.0
574.8609	-1.0
574.8682	-1.0
574.8816	-1.0
574.889	-1.0
574.8973	-1.0
574.9078	-1.0
574.92816	-1.0
574.9487	-1.0
574.95386	-1.0
574.9676	-1.0
574.97943	-1.0
574.9954	-1.0
575.0167	-1.0
575.0208	-1.0
575.0381	-1.0
575.05646	-1.0
575.06714	-1.0
575.11127	-1.0
575.13965	1.0
575.2303	-1.0
575.291	-1.0
575.29443	-1.0
575.3133	-1.0
575.3181	-1.0
575.3326	-1.0
575.34076	-1.0
575.3622	-1.0
575.3719	-1.0
575.4092	-1.0
575.427	-1.0
575.48047	-1.0
575.4873	-1.0
575.53845	-1.0
575.5957	-1.0
575.6506	-1.0
575.65485	-1.0
575.6584	-1.0
584.8504	-1.0
584.86835	-1.0
584.8806	-1.0
584.89014	-1.0
584.91296	-1.0
584.9758	-1.0
584.9916	-1.0
584.9965	-1.0
585.02606	-1.0
585.062	-1.0
585.07275	-1.0
585.0829	-1.0
585.1017	-1.0
585.12036	-1.0
585.13806	-1.0
585.15076	-1.0
585.15753	-1.0
585.1651	-1.0
585.17755	-1.0
585.18134	-1.0
585.22894	-1.0
585.23474	-1.0
585.2799	-1.0
585.29126	-1.0
585.33624	-1.0
585.3465	-1.0
585.34906	-1.0
585.3672	-1.0
585.38104	-1.0
585.4012	-1.0
585.4072	-1.0
585.41656	-1.0
585.4199	-1.0
585.4635	-1.0
585.4805	-1.0
585.5167	-1.0
585.5422	-1.0
585.54987	-1.0
585.64716	-1.0
585.6498	-1.0
585.6869	-1.0
585.7296	-1.0
585.7629	-1.0
585.79016	-1.0
585.81866	-1.0
589.56464	-1.0
