0.58652	1.0
0.59224	-1.0
0.60348	-1.0
0.60816	1.0
0.62496	1.0
0.65976	1.0
0.66776	1.0
0.67616	1.0
0.68024	-1.0
0.69176	1.0
0.70556	-1.0
0.7102	-1.0
0.72948	1.0
0.7348	-1.0
0.739	1.0
0.74448	-1.0
0.77132	-1.0
0.78188	1.0
0.79972	1.0
0.80248	-1.0
0.82904	-1.0
0.83192	-1.0
0.87872	-1.0
0.88556	-1.0
0.95492	-1.0
1.0562	-1.0
1.14396	-1.0
1.17232	-1.0
1.2018	-1.0
1.23112	-1.0
1.26384	-1.0
1.28748	-1.0
1.30108	-1.0
1.3216	-1.0
1.34308	-1.0
1.37268	-1.0
1.4082	-1.0
1.43236	-1.0
1.475	-1.0
1.5348	-1.0
21.70816	-1.0
21.71508	-1.0
21.8228	-1.0
21.8346	-1.0
21.85212	-1.0
34.42788	-1.0
34.43448	-1.0
34.44552	1.0
34.45908	1.0
34.47476	-1.0
34.4874	-1.0
34.50876	-1.0
34.543	-1.0
34.5508	-1.0
34.56848	1.0
34.5778	-1.0
34.5826	-1.0
34.59344	1.0
34.61764	-1.0
34.6434	-1.0
34.65564	-1.0
34.69788	-1.0
34.713	-1.0
34.74368	-1.0
34.78092	-1.0
34.82136	-1.0
34.84732	-1.0
34.927	-1.0
34.96984	-1.0
34.98908	-1.0
35.03692	-1.0
35.1164	-1.0
43.67592	-1.0
43.70584	-1.0
43.72608	1.0
43.73152	-1.0
43.74904	1.0
43.75528	-1.0
43.76844	1.0
43.79708	1.0
43.82276	-1.0
43.85572	-1.0
43.90516	-1.0
44.01944	-1.0
67.55336	-1.0
67.57848	-1.0
67.60332	-1.0
67.61052	-1.0
67.61516	-1.0
67.62224	-1.0
67.62516	-1.0
67.6484	-1.0
67.6572	1.0
67.66956	-1.0
67.69484	-1.0
67.7152	-1.0
67.7344	-1.0
67.73844	-1.0
67.74996	-1.0
67.75452	-1.0
67.76724	-1.0
67.9012	-1.0
67.95076	-1.0
67.968	-1.0
67.9844	-1.0
67.98812	-1.0
68.00432	-1.0
68.0274	-1.0
68.02992	-1.0
68.04936	-1.0
68.0654	-1.0
68.09244	-1.0
68.1128	-1.0
68.1272	-1.0
68.16356	-1.0
68.188	-1.0
68.2228	-1.0
68.26516	-1.0
68.30204	-1.0
80.562	-1.0
81.16308	-1.0
92.646	-1.0
92.68256	-1.0
92.69012	-1.0
92.69884	-1.0
92.7156	1.0
92.74088	-1.0
92.75656	-1.0
92.76204	-1.0
92.79304	-1.0
92.8088	-1.0
92.82072	1.0
92.82348	-1.0
92.8294	-1.0
92.83424	-1.0
92.9004	1.0
92.93776	-1.0
92.98868	1.0
93.09164	-1.0
93.14888	-1.0
93.16592	-1.0
93.25704	-1.0
111.48012	-1.0
111.57444	1.0
111.602	-1.0
111.6232	-1.0
111.75892	-1.0
112.05524	-1.0
112.1964	-1.0
134.47832	-1.0
134.631	-1.0
134.64108	-1.0
134.87808	-1.0
135.2724	-1.0
142.23688	1.0
142.24615	1.0
142.25412	1.0
142.26591	-1.0
142.26924	-1.0
142.28964	-1.0
142.30556	-1.0
142.3104	-1.0
142.31656	1.0
142.32004	-1.0
142.32976	-1.0
142.33792	-1.0
142.34088	-1.0
142.36037	-1.0
142.37167	1.0
142.38048	-1.0
142.43552	-1.0
142.45628	-1.0
142.48404	-1.0
142.48856	-1.0
142.50188	-1.0
142.52576	-1.0
142.56392	-1.0
142.62177	-1.0
142.64352	-1.0
142.65448	-1.0
142.72568	-1.0
142.7446	-1.0
142.84917	-1.0
160.41595	-1.0
160.42464	1.0
160.59676	-1.0
166.03168	-1.0
166.23737	-1.0
172.39545	1.0
172.40964	-1.0
172.41911	1.0
172.43048	1.0
172.46043	-1.0
172.4786	-1.0
172.484	-1.0
172.49228	-1.0
172.51756	-1.0
172.52936	-1.0
172.53212	-1.0
172.5554	-1.0
172.56308	1.0
172.56908	-1.0
172.58292	-1.0
172.59996	-1.0
172.60588	-1.0
172.64828	1.0
172.65495	-1.0
172.66615	-1.0
172.67392	-1.0
172.68655	-1.0
172.69212	-1.0
172.7018	-1.0
172.71655	-1.0
172.72032	-1.0
172.72636	-1.0
172.74728	-1.0
172.75536	-1.0
172.7674	-1.0
172.77583	-1.0
172.80869	-1.0
172.8674	-1.0
172.9122	-1.0
172.9148	-1.0
203.80008	-1.0
203.82596	-1.0
203.84924	-1.0
203.88184	1.0
203.88684	-1.0
203.8898	-1.0
203.90152	-1.0
203.90788	-1.0
203.9168	-1.0
203.9228	1.0
203.93604	1.0
203.94916	-1.0
203.97212	1.0
203.98096	-1.0
203.99196	1.0
203.99529	-1.0
204.0108	-1.0
204.01408	-1.0
204.04108	-1.0
204.0558	1.0
204.09325	1.0
204.10953	-1.0
204.14851	-1.0
204.16124	1.0
204.17508	-1.0
204.19096	1.0
204.24445	-1.0
204.26436	-1.0
204.31651	-1.0
204.33775	-1.0
204.35973	-1.0
204.38075	-1.0
204.40475	-1.0
204.42496	-1.0
204.44388	-1.0
204.47772	-1.0
204.5158	-1.0
204.58585	-1.0
204.61256	-1.0
204.6832	-1.0
204.7176	-1.0
204.76633	-1.0
223.25984	-1.0
223.27097	1.0
223.32149	-1.0
230.61353	-1.0
233.5876	-1.0
237.12177	-1.0
239.11935	1.0
239.12408	-1.0
239.1272	1.0
239.14513	1.0
239.16849	1.0
239.18492	-1.0
239.22343	-1.0
239.2276	-1.0
239.24252	-1.0
239.26929	-1.0
239.28323	-1.0
239.2962	-1.0
239.35052	-1.0
239.3642	-1.0
239.39388	-1.0
239.4238	-1.0
239.43529	-1.0
239.4702	-1.0
239.51768	-1.0
239.54012	-1.0
239.55373	-1.0
239.59204	-1.0
239.59636	-1.0
239.64957	-1.0
245.85097	1.0
251.60164	-1.0
251.89185	-1.0
251.99796	-1.0
256.11725	-1.0
256.12732	-1.0
256.1415	-1.0
256.14908	-1.0
256.17416	-1.0
256.18195	-1.0
256.20392	-1.0
256.22223	1.0
256.23483	-1.0
256.2476	-1.0
256.26172	-1.0
256.2732	1.0
256.2944	-1.0
256.30463	-1.0
256.32495	-1.0
256.3516	-1.0
256.38696	-1.0
256.3898	-1.0
256.3956	-1.0
256.42743	-1.0
256.43127	-1.0
256.47424	-1.0
256.4919	-1.0
256.52164	-1.0
256.5854	-1.0
256.60196	-1.0
256.86404	-1.0
272.46027	1.0
284.13208	-1.0
284.40012	-1.0
284.80048	-1.0
293.9642	-1.0
293.98245	-1.0
293.9914	1.0
294.0131	1.0
294.02325	1.0
294.02905	-1.0
294.0322	-1.0
294.03653	-1.0
294.04065	1.0
294.04453	-1.0
294.05872	1.0
294.07272	-1.0
294.0948	-1.0
294.10983	-1.0
294.129	-1.0
294.1451	1.0
294.1522	1.0
294.16785	-1.0
294.17215	1.0
294.20605	-1.0
294.23105	1.0
294.24716	-1.0
294.26553	-1.0
294.28156	-1.0
294.3453	1.0
294.34964	-1.0
294.37488	-1.0
294.40417	-1.0
294.4181	-1.0
294.42404	-1.0
294.43835	-1.0
294.45483	-1.0
294.46957	-1.0
294.4942	-1.0
294.51852	-1.0
294.54224	-1.0
294.57376	-1.0
294.59753	-1.0
294.6288	-1.0
294.6534	-1.0
294.68747	-1.0
294.73438	-1.0
294.77365	-1.0
294.84744	-1.0
302.83237	1.0
308.61172	-1.0
308.6147	1.0
308.62393	1.0
308.6314	-1.0
308.64288	1.0
308.66553	-1.0
308.68	-1.0
308.69623	-1.0
308.72083	-1.0
308.73465	-1.0
308.8046	-1.0
308.85495	-1.0
308.8608	-1.0
308.8633	1.0
308.86884	1.0
308.8954	-1.0
308.92233	-1.0
308.93588	-1.0
309.00848	-1.0
309.04965	-1.0
309.07355	-1.0
318.3026	-1.0
318.81592	-1.0
318.8373	-1.0
323.14355	1.0
323.21588	1.0
323.23163	-1.0
338.15387	-1.0
338.15945	-1.0
338.1621	1.0
338.17493	-1.0
338.18213	-1.0
338.2088	-1.0
338.27795	-1.0
338.28232	-1.0
338.32785	-1.0
338.3467	-1.0
338.3899	-1.0
338.4148	-1.0
338.4288	-1.0
338.45837	-1.0
338.52795	-1.0
338.5912	-1.0
338.6483	-1.0
338.657	-1.0
338.75836	-1.0
348.8513	1.0
354.64905	-1.0
354.6562	-1.0
354.66855	1.0
354.67453	-1.0
354.72327	-1.0
354.7408	-1.0
354.7647	-1.0
354.81433	-1.0
354.8516	-1.0
354.87595	-1.0
354.9562	-1.0
354.99973	-1.0
355.00696	-1.0
355.11234	-1.0
355.30893	-1.0
371.04376	1.0
371.1146	-1.0
371.19632	1.0
375.6284	-1.0
375.63336	-1.0
375.6412	-1.0
375.64395	1.0
375.68167	-1.0
375.70215	1.0
375.7213	-1.0
375.75	-1.0
375.76562	-1.0
375.80756	-1.0
375.8539	-1.0
383.48325	-1.0
383.505	-1.0
383.50815	-1.0
393.56116	-1.0
393.5663	-1.0
393.6205	1.0
393.63956	-1.0
393.69565	-1.0
403.5799	1.0
403.79788	-1.0
403.8252	-1.0
409.55508	1.0
409.96707	-1.0
417.604	-1.0
417.61087	-1.0
418.15637	-1.0
418.18393	-1.0
438.36664	-1.0
444.52264	1.0
444.53165	-1.0
444.54617	-1.0
444.55185	-1.0
444.56268	-1.0
444.5749	-1.0
444.59848	-1.0
444.60904	-1.0
444.6392	1.0
444.652	-1.0
444.66577	1.0
444.68692	-1.0
444.6998	-1.0
444.7097	-1.0
444.71985	-1.0
444.723	1.0
444.7351	-1.0
444.75977	1.0
444.77457	-1.0
444.80185	-1.0
444.80847	-1.0
444.8213	-1.0
444.83255	-1.0
444.92657	-1.0
444.94864	-1.0
444.98233	-1.0
444.99783	-1.0
445.02243	-1.0
445.0539	-1.0
445.07907	-1.0
445.09445	-1.0
445.1104	-1.0
445.12787	-1.0
445.1473	-1.0
445.15625	-1.0
445.18033	-1.0
445.20657	-1.0
445.25247	-1.0
445.29245	-1.0
445.29712	-1.0
445.3294	-1.0
445.37445	-1.0
457.92688	1.0
457.9976	-1.0
471.68515	-1.0
472.2065	-1.0
473.94095	1.0
476.18713	-1.0
476.23703	1.0
476.24835	-1.0
476.25116	1.0
476.257	-1.0
476.26572	-1.0
476.26923	1.0
476.27185	-1.0
476.28503	1.0
476.31113	-1.0
476.37033	-1.0
476.37952	-1.0
476.3952	-1.0
476.40463	-1.0
476.44672	1.0
476.47733	-1.0
476.5125	1.0
476.5398	-1.0
476.55005	-1.0
476.57565	-1.0
476.6098	-1.0
476.617	-1.0
476.6316	-1.0
476.64957	-1.0
476.71228	-1.0
476.7404	-1.0
476.81332	-1.0
484.1606	1.0
485.5384	-1.0
485.54803	-1.0
485.5718	-1.0
485.59048	1.0
485.6075	1.0
485.62717	-1.0
485.64755	-1.0
485.6529	-1.0
485.6906	-1.0
485.69952	1.0
485.7273	-1.0
485.7446	-1.0
485.75385	-1.0
485.765	-1.0
485.78024	-1.0
485.80377	-1.0
485.88928	-1.0
485.90097	-1.0
486.1563	-1.0
486.21292	-1.0
506.28192	-1.0
512.198	1.0
512.206	-1.0
512.22485	-1.0
512.2404	-1.0
512.2803	-1.0
512.31177	-1.0
512.32117	-1.0
512.3603	-1.0
512.3868	-1.0
512.3919	-1.0
512.4158	-1.0
512.43445	-1.0
512.4462	-1.0
512.4596	1.0
512.48724	1.0
512.48987	1.0
512.5183	1.0
512.53424	-1.0
512.6349	-1.0
512.6493	-1.0
512.6694	-1.0
512.7046	-1.0
512.7217	-1.0
512.7729	-1.0
526.3072	-1.0
526.32916	-1.0
526.33386	-1.0
526.378	-1.0
526.3976	-1.0
526.43945	-1.0
526.44666	-1.0
526.64453	-1.0
552.3099	1.0
552.314	-1.0
552.31995	1.0
552.3249	-1.0
552.3431	-1.0
552.363	-1.0
552.36597	1.0
552.3768	-1.0
552.38947	1.0
552.39215	-1.0
552.4043	-1.0
552.4132	-1.0
552.422	-1.0
552.4424	-1.0
552.4537	-1.0
552.47174	-1.0
552.4846	1.0
552.5531	-1.0
552.56226	-1.0
552.6393	-1.0
552.6617	-1.0
552.6824	-1.0
552.69934	-1.0
552.7594	-1.0
552.82715	-1.0
552.8964	-1.0
552.9187	-1.0
552.9515	-1.0
552.99817	-1.0
553.17645	-1.0
564.1002	1.0
574.52704	-1.0
574.5369	-1.0
574.5416	1.0
574.5491	1.0
574.5575	-1.0
574.564	-1.0
574.57526	1.0
574.59784	-1.0
574.60675	-1.0
574.62366	-1.0
574.65076	-1.0
574.66583	1.0
574.6687	-1.0
574.6828	-1.0
574.686	-1.0
574.7163	-1.0
574.7556	-1.0
574.75885	-1.0
574.7866	-1.0
574.8147	-1.0
574.8319	1.0
574.846	1.0
574.8673	-1.0
574.87775	-1.0
574.8851	-1.0
574.8916	-1.0
574.95123	-1.0
574.98114	-1.0
574.9967	-1.0
575.0147	1.0
575.0813	-1.0
575.1059	-1.0
575.1244	-1.0
575.2271	-1.0
583.98773	-1.0
585.15283	-1.0
588.64813	-1.0
