0.55144	-1.0
0.56844	-1.0
0.573	-1.0
0.58892	-1.0
0.60216	1.0
0.61404	-1.0
0.62324	-1.0
0.64484	-1.0
0.66216	-1.0
0.67656	-1.0
0.68824	-1.0
0.69084	-1.0
0.70284	1.0
0.7062	1.0
0.71548	-1.0
0.71872	1.0
0.74668	-1.0
0.7502	-1.0
0.75908	-1.0
0.76852	-1.0
0.7846	-1.0
0.79	-1.0
0.79332	1.0
0.80088	-1.0
0.84112	-1.0
0.861	-1.0
0.86552	-1.0
0.87748	-1.0
0.89404	1.0
0.92272	1.0
0.9416	-1.0
0.95812	-1.0
1.04208	1.0
1.32364	1.0
21.67332	-1.0
21.67824	-1.0
21.68904	-1.0
21.73004	-1.0
21.73676	1.0
21.76604	1.0
21.7754	-1.0
21.80092	1.0
21.82524	1.0
21.82888	-1.0
21.88836	1.0
21.91256	1.0
22.17252	1.0
34.4046	-1.0
34.41144	-1.0
34.41468	-1.0
34.42632	-1.0
34.42956	-1.0
34.45184	1.0
34.46072	-1.0
34.47104	-1.0
34.47456	-1.0
34.4878	-1.0
34.49716	-1.0
34.52184	1.0
34.56784	-1.0
34.58388	1.0
34.60044	1.0
34.61636	-1.0
34.63316	1.0
34.63608	-1.0
34.6468	-1.0
34.66624	1.0
34.69324	1.0
34.71328	1.0
34.7474	1.0
34.7512	-1.0
34.76784	-1.0
34.78024	1.0
34.80448	1.0
34.87548	1.0
34.92208	1.0
35.17548	1.0
43.074	1.0
43.19864	1.0
43.21676	1.0
43.2468	-1.0
43.35712	1.0
43.39464	-1.0
43.6604	-1.0
43.66532	-1.0
43.68868	-1.0
43.69944	-1.0
43.73872	1.0
43.74736	-1.0
43.75256	-1.0
43.78752	-1.0
43.79672	-1.0
43.80792	-1.0
43.82396	-1.0
43.84028	-1.0
43.88316	1.0
43.92468	1.0
43.9574	-1.0
44.1078	1.0
44.31244	1.0
51.60172	-1.0
51.74232	1.0
51.93212	1.0
55.93968	-1.0
55.94232	-1.0
56.03812	1.0
56.07656	-1.0
67.5406	-1.0
67.5436	-1.0
67.54772	-1.0
67.55708	-1.0
67.5716	-1.0
67.60432	-1.0
67.62336	1.0
67.628	-1.0
67.6356	1.0
67.65264	1.0
67.67036	-1.0
67.67912	-1.0
67.6896	-1.0
67.6928	-1.0
67.71092	-1.0
67.72152	-1.0
67.72476	-1.0
67.73572	-1.0
67.75236	1.0
67.77644	1.0
67.77952	-1.0
67.799	1.0
67.80244	-1.0
67.8208	-1.0
67.83884	-1.0
67.86444	1.0
67.87228	-1.0
67.87984	1.0
67.88244	-1.0
67.89736	1.0
67.90808	-1.0
67.94348	-1.0
67.9564	1.0
68.00608	1.0
68.01032	-1.0
68.108	-1.0
80.56144	1.0
80.58268	-1.0
80.588	-1.0
80.68304	1.0
80.71888	-1.0
80.80388	1.0
81.19816	1.0
84.31924	1.0
92.64144	-1.0
92.64584	-1.0
92.67968	-1.0
92.7042	-1.0
92.7178	-1.0
92.73836	1.0
92.74156	-1.0
92.7468	-1.0
92.77352	1.0
92.80768	-1.0
92.8348	-1.0
92.83732	-1.0
92.84708	-1.0
92.85336	-1.0
92.894	-1.0
92.92676	1.0
92.97956	-1.0
93.05368	-1.0
93.0798	-1.0
93.21296	-1.0
111.54756	-1.0
111.56596	-1.0
111.59696	-1.0
111.60796	-1.0
111.62004	-1.0
111.657	-1.0
111.66384	-1.0
111.67644	-1.0
111.72172	1.0
111.72768	-1.0
111.74972	1.0
111.77424	1.0
111.82408	1.0
111.83796	1.0
111.8784	1.0
112.01496	-1.0
112.05564	1.0
122.13508	-1.0
122.18064	-1.0
122.21116	-1.0
122.24024	-1.0
134.5348	1.0
134.58215	1.0
134.5984	-1.0
134.62976	1.0
134.64165	1.0
134.665	1.0
134.92592	1.0
134.99815	1.0
142.22607	-1.0
142.23016	-1.0
142.23396	-1.0
142.25575	-1.0
142.27373	-1.0
142.28452	1.0
142.3032	-1.0
142.31683	-1.0
142.32152	-1.0
142.35376	1.0
142.37004	-1.0
142.37256	-1.0
142.3862	-1.0
142.39748	-1.0
142.41312	1.0
142.43552	-1.0
142.45885	-1.0
142.46204	-1.0
142.46844	-1.0
142.48532	1.0
142.52129	-1.0
142.52933	1.0
142.5326	-1.0
142.55383	-1.0
142.57768	-1.0
142.61032	-1.0
142.68156	-1.0
142.70547	1.0
142.72252	-1.0
142.74544	1.0
142.74847	-1.0
152.57912	-1.0
152.5962	1.0
152.61607	1.0
152.61964	-1.0
152.66272	1.0
160.39207	1.0
160.40897	-1.0
160.4274	-1.0
160.43971	-1.0
160.45972	-1.0
160.47797	1.0
160.54016	1.0
165.99773	-1.0
166.09572	-1.0
166.18376	1.0
166.30072	1.0
166.3362	1.0
166.35956	1.0
172.38852	-1.0
172.3916	-1.0
172.3962	-1.0
172.40428	-1.0
172.42828	-1.0
172.437	-1.0
172.44913	-1.0
172.47348	-1.0
172.49329	-1.0
172.50883	1.0
172.52788	-1.0
172.53375	-1.0
172.552	-1.0
172.5632	-1.0
172.58205	-1.0
172.59416	-1.0
172.62376	-1.0
172.65707	-1.0
172.6678	-1.0
172.6844	-1.0
172.78668	-1.0
172.83916	-1.0
172.93248	-1.0
172.99635	-1.0
183.54137	-1.0
183.63487	-1.0
198.77948	-1.0
202.12431	-1.0
203.79956	-1.0
203.80344	-1.0
203.8084	-1.0
203.82224	-1.0
203.8436	-1.0
203.88168	-1.0
203.88531	-1.0
203.89456	-1.0
203.9016	-1.0
203.91884	-1.0
203.92424	-1.0
203.95644	-1.0
203.9824	-1.0
203.99677	-1.0
204.00044	-1.0
204.01564	1.0
204.01843	1.0
204.03516	-1.0
204.05496	-1.0
204.07076	-1.0
204.09152	1.0
204.10544	-1.0
204.1108	1.0
204.12611	1.0
204.1424	1.0
204.15764	1.0
204.16045	-1.0
204.18712	1.0
204.19456	-1.0
204.21652	-1.0
204.2294	1.0
204.24744	1.0
204.26872	1.0
204.3218	-1.0
222.71832	1.0
222.76115	-1.0
222.81424	1.0
222.99635	-1.0
223.00188	1.0
223.04164	1.0
223.06927	1.0
223.0978	-1.0
223.159	-1.0
223.19765	-1.0
223.22676	1.0
223.28204	1.0
223.2858	-1.0
230.37991	1.0
239.06328	-1.0
239.11629	-1.0
239.11996	-1.0
239.12315	-1.0
239.1394	-1.0
239.14767	-1.0
239.1576	-1.0
239.18532	1.0
239.19096	1.0
239.21896	1.0
239.22215	-1.0
239.24976	-1.0
239.26833	-1.0
239.2904	1.0
239.30267	-1.0
239.31596	1.0
239.35428	-1.0
239.37912	-1.0
239.45692	-1.0
239.50964	1.0
239.6454	1.0
251.70609	1.0
251.73688	-1.0
251.8102	1.0
251.8728	1.0
251.99376	-1.0
256.09747	-1.0
256.10287	-1.0
256.11795	-1.0
256.12955	-1.0
256.13223	1.0
256.1444	-1.0
256.1469	-1.0
256.16385	-1.0
256.17197	-1.0
256.17465	-1.0
256.1864	1.0
256.2043	-1.0
256.21307	-1.0
256.2481	-1.0
256.25232	-1.0
256.2668	-1.0
256.26974	1.0
256.291	-1.0
256.30847	1.0
256.34488	1.0
256.36945	-1.0
256.38904	-1.0
256.4192	-1.0
256.44623	-1.0
256.47968	-1.0
256.5095	-1.0
284.04495	-1.0
284.07608	1.0
284.0846	-1.0
284.1126	1.0
284.1751	1.0
284.2054	-1.0
284.22833	1.0
284.32883	1.0
284.3733	1.0
284.41617	1.0
284.4279	1.0
284.5203	1.0
293.95648	-1.0
293.96252	-1.0
293.98056	-1.0
293.9848	-1.0
294.01288	-1.0
294.01764	-1.0
294.02707	1.0
294.0319	-1.0
294.04965	1.0
294.05927	-1.0
294.07224	-1.0
294.07925	-1.0
294.09055	-1.0
294.1085	1.0
294.12076	-1.0
294.1483	-1.0
294.16672	1.0
294.18997	1.0
294.20404	1.0
294.21915	1.0
294.22232	-1.0
294.22937	-1.0
294.23837	-1.0
294.2466	1.0
294.26044	1.0
294.27832	1.0
294.2983	1.0
294.31473	1.0
294.331	1.0
294.335	-1.0
294.34973	-1.0
294.39203	-1.0
294.54044	1.0
294.54315	-1.0
308.59625	-1.0
308.60037	-1.0
308.60645	-1.0
308.62195	-1.0
308.64148	-1.0
308.66653	1.0
308.66904	-1.0
308.67905	-1.0
308.6942	-1.0
308.71036	-1.0
308.7129	-1.0
308.7279	-1.0
308.76117	-1.0
308.78156	1.0
308.80496	-1.0
308.8264	1.0
308.84244	-1.0
308.84552	-1.0
308.8702	1.0
308.89307	1.0
308.90765	1.0
308.9161	-1.0
308.93112	1.0
308.99033	1.0
309.02008	1.0
309.03323	1.0
309.0424	-1.0
309.0728	1.0
309.12375	1.0
309.16064	-1.0
318.25983	1.0
318.28677	1.0
318.47424	-1.0
318.53925	1.0
318.5555	-1.0
318.67593	1.0
318.82425	1.0
318.83737	-1.0
323.13052	-1.0
323.13724	-1.0
323.14963	-1.0
323.18076	-1.0
323.1845	-1.0
323.20605	-1.0
323.2163	1.0
323.235	-1.0
323.31445	-1.0
328.92807	1.0
328.96515	1.0
329.0194	1.0
335.5261	1.0
336.1968	1.0
336.2194	1.0
336.24176	-1.0
336.2924	-1.0
336.30856	1.0
336.4518	-1.0
338.157	-1.0
338.16092	-1.0
338.20087	1.0
338.2133	-1.0
338.29544	1.0
338.34293	-1.0
338.35864	-1.0
338.95987	-1.0
354.5786	1.0
354.6462	-1.0
354.65024	-1.0
354.6566	1.0
354.69388	-1.0
354.74564	-1.0
354.85037	-1.0
362.54016	1.0
362.57944	1.0
362.65717	1.0
371.0414	-1.0
371.04605	1.0
371.10623	-1.0
371.12512	-1.0
371.1361	1.0
371.17557	1.0
371.22052	1.0
371.46277	1.0
375.56177	-1.0
375.62027	-1.0
375.62997	-1.0
375.63364	-1.0
375.6798	-1.0
376.0112	-1.0
376.1349	-1.0
383.44632	-1.0
383.45337	-1.0
393.54617	-1.0
393.5642	-1.0
393.5672	-1.0
393.57404	-1.0
393.6132	-1.0
393.63403	-1.0
393.65427	-1.0
393.67316	-1.0
393.6908	-1.0
393.70703	1.0
393.73996	-1.0
393.74615	-1.0
393.7488	-1.0
393.76672	1.0
393.78867	-1.0
393.79144	-1.0
393.8116	1.0
393.8267	1.0
393.86716	1.0
403.4798	1.0
403.49088	-1.0
403.5162	-1.0
403.55652	-1.0
403.57248	-1.0
403.6394	1.0
403.69708	1.0
403.72147	-1.0
403.77643	-1.0
403.81427	1.0
403.95297	1.0
404.11765	-1.0
409.90768	-1.0
409.9636	1.0
409.97928	-1.0
409.98373	1.0
410.05807	1.0
410.14252	1.0
417.5605	1.0
417.59708	-1.0
417.60007	-1.0
417.60272	-1.0
417.60867	-1.0
417.66714	1.0
417.69455	-1.0
417.81644	1.0
417.84283	1.0
417.89456	-1.0
417.91763	1.0
418.05057	-1.0
418.06888	-1.0
418.10513	1.0
418.17703	1.0
423.2127	1.0
438.24335	-1.0
438.25723	1.0
444.43576	1.0
444.51163	-1.0
444.51868	-1.0
444.52304	-1.0
444.52704	-1.0
444.53027	1.0
444.5358	-1.0
444.54065	-1.0
444.56085	-1.0
444.57535	-1.0
444.58725	-1.0
444.59167	-1.0
444.62393	-1.0
444.62805	-1.0
444.6331	-1.0
444.6487	-1.0
444.67316	-1.0
444.6981	-1.0
444.7163	-1.0
444.73907	1.0
444.77695	-1.0
444.78287	-1.0
444.78677	-1.0
444.82443	-1.0
444.831	1.0
444.8918	1.0
444.90335	-1.0
444.9514	1.0
445.26215	-1.0
457.68375	1.0
457.73636	-1.0
457.78207	1.0
457.8	1.0
457.85812	-1.0
457.86536	1.0
457.86893	-1.0
457.9037	1.0
457.91537	-1.0
457.9235	-1.0
457.9362	-1.0
457.94028	-1.0
457.95963	1.0
457.98285	1.0
458.01193	1.0
468.2161	1.0
468.27875	-1.0
468.30243	1.0
471.78214	1.0
471.7947	-1.0
471.8198	1.0
471.82483	-1.0
471.87747	-1.0
471.88013	-1.0
472.05548	1.0
472.2051	-1.0
476.17468	-1.0
476.1866	-1.0
476.19464	-1.0
476.21027	-1.0
476.2342	-1.0
476.24734	-1.0
476.25607	-1.0
476.2701	-1.0
476.2727	1.0
476.28757	-1.0
476.2993	-1.0
476.30276	-1.0
476.3087	1.0
476.3206	1.0
476.3413	1.0
476.3618	-1.0
476.3734	-1.0
476.38953	-1.0
476.40503	-1.0
476.40787	-1.0
476.42725	-1.0
476.43027	-1.0
476.448	1.0
476.46344	1.0
476.4778	1.0
476.50235	1.0
476.51364	1.0
476.52704	-1.0
476.54193	1.0
476.56235	1.0
476.57983	-1.0
476.60684	1.0
476.62964	1.0
476.651	1.0
476.67047	1.0
476.70813	1.0
485.4786	-1.0
485.5238	-1.0
485.53015	-1.0
485.5375	-1.0
485.54688	-1.0
485.5675	-1.0
485.5778	-1.0
485.58047	-1.0
485.5927	-1.0
485.5958	-1.0
485.6134	-1.0
485.62717	-1.0
485.64047	1.0
485.64368	-1.0
485.6556	-1.0
485.6756	-1.0
485.70276	-1.0
485.7078	-1.0
485.72623	-1.0
485.73672	-1.0
485.76077	-1.0
485.76627	-1.0
485.78223	-1.0
485.83527	-1.0
485.85165	-1.0
485.9457	-1.0
487.63245	1.0
491.82864	-1.0
500.76767	-1.0
512.1875	-1.0
512.1911	-1.0
512.199	-1.0
512.2145	-1.0
512.2246	-1.0
512.2337	-1.0
512.24335	-1.0
512.25586	-1.0
512.2605	-1.0
512.2762	1.0
512.2889	-1.0
512.30444	1.0
512.30695	-1.0
512.3443	-1.0
512.3739	-1.0
512.38806	1.0
512.403	-1.0
512.4131	-1.0
512.5076	1.0
512.5864	1.0
512.75397	-1.0
521.83997	-1.0
521.8609	1.0
521.9187	1.0
521.9576	-1.0
521.9613	-1.0
522.032	1.0
526.2597	1.0
526.27234	-1.0
526.277	-1.0
526.28064	-1.0
526.28876	-1.0
526.72986	1.0
534.92395	1.0
552.2916	-1.0
552.3024	-1.0
552.352	1.0
552.364	-1.0
552.37134	1.0
552.37994	-1.0
552.38666	-1.0
552.3945	-1.0
552.4018	1.0
552.4216	-1.0
552.43506	-1.0
552.4439	1.0
552.45026	-1.0
552.4642	-1.0
552.5018	1.0
552.5061	-1.0
552.5169	1.0
552.53253	-1.0
552.5459	-1.0
552.57086	1.0
552.60535	1.0
552.63324	-1.0
552.6371	-1.0
552.6489	1.0
552.66486	1.0
552.668	-1.0
552.67957	1.0
552.6866	-1.0
552.7076	1.0
552.7345	-1.0
552.75793	1.0
552.81995	-1.0
552.82294	-1.0
552.85547	1.0
552.91895	1.0
553.1102	1.0
564.0324	-1.0
564.0763	-1.0
564.0879	-1.0
564.1016	-1.0
564.13184	1.0
564.1605	1.0
564.19275	-1.0
574.4636	-1.0
574.499	-1.0
574.5096	-1.0
574.52655	-1.0
574.53876	-1.0
574.5473	-1.0
574.5612	-1.0
574.593	-1.0
574.6043	-1.0
574.62463	-1.0
574.62726	-1.0
574.65344	-1.0
574.6664	-1.0
574.6848	-1.0
574.70526	-1.0
574.7742	-1.0
574.78986	-1.0
574.81287	-1.0
574.8286	-1.0
574.83417	-1.0
584.8649	1.0
584.8708	1.0
584.8942	1.0
584.91296	1.0
584.9398	-1.0
584.96423	-1.0
584.967	-1.0
585.00616	1.0
585.04407	-1.0
585.14325	1.0
585.165	1.0
585.2003	1.0
585.2139	-1.0
585.33856	-1.0
585.38495	1.0
585.46686	1.0
