0.48968	1.0
0.50572	1.0
0.51308	1.0
0.52032	-1.0
0.54176	-1.0
0.56804	-1.0
0.57176	-1.0
0.58852	-1.0
0.59128	1.0
0.59796	-1.0
0.60148	-1.0
0.6108	-1.0
0.6142	-1.0
0.6216	-1.0
0.62524	-1.0
0.63496	-1.0
0.63748	-1.0
0.64272	-1.0
0.64528	-1.0
0.65876	-1.0
0.6614	1.0
0.67112	-1.0
0.6744	-1.0
0.67976	-1.0
0.68464	-1.0
0.68716	1.0
0.692	1.0
0.69456	1.0
0.70096	-1.0
0.70492	-1.0
0.70912	-1.0
0.71336	-1.0
0.71752	-1.0
0.72496	1.0
0.72912	-1.0
0.73228	-1.0
0.73636	-1.0
0.73932	-1.0
0.74276	-1.0
0.74676	-1.0
0.74928	1.0
0.7554	-1.0
0.76524	-1.0
0.76792	-1.0
0.77084	-1.0
0.78032	-1.0
0.78344	-1.0
0.78988	-1.0
0.79476	1.0
0.79924	-1.0
0.80516	-1.0
0.81336	-1.0
0.8242	1.0
0.82852	-1.0
0.83244	-1.0
0.83688	-1.0
0.84132	-1.0
0.844	-1.0
0.84868	1.0
0.85456	-1.0
0.8612	1.0
0.86384	1.0
0.87612	-1.0
0.87984	1.0
0.89196	-1.0
0.89488	1.0
0.9042	-1.0
0.92596	1.0
0.9292	-1.0
0.94188	-1.0
0.94752	-1.0
0.95808	-1.0
0.96812	-1.0
0.97264	-1.0
0.97644	-1.0
0.991	1.0
1.00112	-1.0
1.006	1.0
1.01916	1.0
1.0224	-1.0
1.04416	-1.0
1.0552	1.0
1.05812	-1.0
1.06928	-1.0
1.07252	-1.0
1.0798	1.0
1.09136	-1.0
1.09748	-1.0
1.11244	1.0
1.1318	1.0
1.1682	1.0
1.18	-1.0
1.23492	1.0
1.28428	1.0
1.29744	1.0
1.3374	1.0
1.35848	1.0
1.37196	-1.0
1.38228	1.0
1.40192	1.0
1.41864	1.0
1.43908	1.0
1.47052	1.0
1.5082	1.0
1.54984	1.0
1.58308	1.0
1.62204	1.0
1.67732	1.0
1.72612	1.0
14.69996	-1.0
21.67324	-1.0
21.67584	1.0
21.67868	1.0
21.68788	-1.0
21.71176	-1.0
21.72724	-1.0
21.73436	-1.0
21.7636	-1.0
21.77	-1.0
21.79832	-1.0
21.80384	-1.0
21.82872	-1.0
21.84848	1.0
21.85108	-1.0
21.9286	1.0
21.95128	1.0
21.9876	1.0
22.03496	-1.0
22.05196	1.0
22.08	-1.0
22.13608	1.0
22.20988	1.0
22.22844	-1.0
22.25176	1.0
22.25684	-1.0
22.30328	-1.0
22.33456	1.0
27.94584	-1.0
34.40424	-1.0
34.40692	-1.0
34.41192	-1.0
34.41456	-1.0
34.42516	-1.0
34.42828	-1.0
34.43596	-1.0
34.44244	-1.0
34.45032	-1.0
34.45908	-1.0
34.47	1.0
34.47252	1.0
34.47536	1.0
34.48668	1.0
34.50588	-1.0
34.51284	-1.0
34.5216	-1.0
34.53576	-1.0
34.5486	-1.0
34.56644	-1.0
34.57032	1.0
34.58112	-1.0
34.58932	-1.0
34.59884	-1.0
34.60168	-1.0
34.61628	-1.0
34.63012	-1.0
34.64432	-1.0
34.65396	-1.0
34.665	-1.0
34.66764	1.0
34.6758	-1.0
34.69076	-1.0
34.69544	-1.0
34.7062	-1.0
34.71672	-1.0
34.72076	-1.0
34.72692	-1.0
34.7346	1.0
34.74064	-1.0
34.74788	-1.0
34.75108	-1.0
34.7604	-1.0
34.76904	-1.0
34.78364	-1.0
34.79116	-1.0
34.80324	-1.0
34.82136	-1.0
34.82744	1.0
34.83972	-1.0
34.85488	-1.0
34.87416	-1.0
34.88512	1.0
34.90448	-1.0
34.90736	-1.0
34.91824	1.0
34.97004	1.0
34.99932	-1.0
35.02112	1.0
35.05504	1.0
35.06416	-1.0
35.11488	1.0
35.14004	-1.0
35.18476	1.0
35.20656	-1.0
35.25384	1.0
43.04168	1.0
43.0544	1.0
43.08416	-1.0
43.0986	1.0
43.10532	-1.0
43.1632	1.0
43.17128	-1.0
43.21752	-1.0
43.24796	-1.0
43.28816	1.0
43.30392	-1.0
43.36612	1.0
43.40536	-1.0
43.43108	1.0
43.45132	-1.0
43.49412	1.0
43.5334	-1.0
43.5776	1.0
43.61428	-1.0
43.65656	-1.0
43.66148	-1.0
43.66468	-1.0
43.66768	-1.0
43.6716	-1.0
43.6746	-1.0
43.6778	-1.0
43.6828	1.0
43.68656	-1.0
43.68908	-1.0
43.6944	1.0
43.70336	1.0
43.72092	1.0
43.73632	-1.0
43.73932	1.0
43.74628	-1.0
43.7488	-1.0
43.754	-1.0
43.7568	-1.0
43.76388	-1.0
43.76824	-1.0
43.77076	-1.0
43.77604	-1.0
43.77936	-1.0
43.78316	-1.0
43.78772	-1.0
43.7946	1.0
43.8034	-1.0
43.81696	-1.0
43.82	-1.0
43.82488	-1.0
43.83512	-1.0
43.84052	-1.0
43.84564	-1.0
43.85532	-1.0
43.8712	-1.0
43.88012	-1.0
43.89216	-1.0
43.8958	-1.0
43.90244	-1.0
43.91396	-1.0
43.9194	-1.0
43.92368	-1.0
43.9264	-1.0
43.94176	-1.0
43.94676	-1.0
43.95532	-1.0
43.97244	1.0
43.97908	-1.0
43.99608	1.0
44.01168	1.0
44.0316	-1.0
44.04292	1.0
44.04596	-1.0
44.05132	-1.0
44.06836	-1.0
44.09276	1.0
44.099	-1.0
44.10424	-1.0
44.11124	1.0
44.13528	1.0
44.15528	1.0
44.19436	-1.0
44.19876	1.0
44.2094	1.0
44.2212	1.0
44.2316	-1.0
44.23904	1.0
44.25996	-1.0
44.2732	1.0
44.3006	-1.0
44.30628	1.0
44.31148	-1.0
44.325	1.0
44.35408	1.0
44.35748	-1.0
44.38012	1.0
44.38536	-1.0
44.40684	1.0
44.47388	1.0
44.5126	1.0
44.57828	1.0
51.10104	1.0
51.10672	1.0
51.12288	1.0
51.13744	1.0
51.14052	-1.0
51.15908	1.0
51.35316	1.0
51.37852	1.0
51.40756	1.0
51.55784	1.0
51.56784	1.0
51.58424	1.0
51.59068	-1.0
51.5958	-1.0
51.60152	-1.0
51.60536	-1.0
51.61852	-1.0
51.65012	-1.0
51.6756	-1.0
51.74928	-1.0
51.82172	1.0
51.82632	-1.0
51.853	-1.0
51.90724	1.0
51.95852	-1.0
51.97312	-1.0
52.06376	-1.0
52.1028	-1.0
55.90888	-1.0
55.91208	-1.0
55.91692	-1.0
55.92048	-1.0
55.93948	-1.0
55.97892	-1.0
56.0148	-1.0
56.1362	1.0
56.20208	1.0
56.2762	-1.0
56.30496	1.0
56.38828	-1.0
56.39476	-1.0
56.39788	-1.0
56.41568	1.0
56.42688	-1.0
56.48632	1.0
56.49264	-1.0
59.28324	1.0
59.28788	-1.0
59.29192	-1.0
59.30848	1.0
59.36472	1.0
59.65868	-1.0
59.6686	1.0
59.79168	-1.0
63.89636	1.0
67.54036	-1.0
67.54536	1.0
67.55268	-1.0
67.55552	-1.0
67.5654	1.0
67.60088	-1.0
67.60904	-1.0
67.61304	-1.0
67.62176	-1.0
67.62872	-1.0
67.6316	-1.0
67.63784	-1.0
67.64048	-1.0
67.64832	-1.0
67.65264	-1.0
67.6652	-1.0
67.67304	-1.0
67.68608	-1.0
67.68868	-1.0
67.71232	-1.0
67.72144	-1.0
67.73716	-1.0
67.7402	1.0
67.74816	-1.0
67.76004	-1.0
67.77552	-1.0
67.78532	-1.0
67.78828	-1.0
67.79804	-1.0
67.80844	-1.0
67.82428	-1.0
67.83032	1.0
67.83412	-1.0
67.84884	1.0
67.85564	-1.0
67.87216	-1.0
67.89056	-1.0
67.89332	-1.0
67.90848	-1.0
67.91376	1.0
67.91788	-1.0
67.92492	-1.0
67.94196	-1.0
67.95112	-1.0
67.97512	-1.0
67.98204	1.0
68.00108	1.0
68.00456	-1.0
68.0072	-1.0
68.039	1.0
68.05512	1.0
68.07052	1.0
68.1014	1.0
68.10756	-1.0
68.1196	-1.0
68.12568	1.0
68.16892	1.0
68.2322	1.0
68.25212	-1.0
68.26108	1.0
68.30096	-1.0
68.34196	-1.0
68.34596	1.0
68.36616	-1.0
68.40952	-1.0
68.4162	1.0
68.44516	1.0
68.44772	-1.0
68.46956	1.0
68.49768	1.0
68.5608	-1.0
68.57464	1.0
75.80104	-1.0
80.52368	-1.0
80.5498	-1.0
80.576	-1.0
80.5882	-1.0
80.64348	-1.0
80.7636	1.0
80.77332	-1.0
80.81156	-1.0
80.82272	1.0
80.85132	-1.0
80.86916	-1.0
80.88748	1.0
80.89208	1.0
80.95704	-1.0
81.05568	1.0
81.05984	-1.0
81.06472	-1.0
81.21568	-1.0
92.51736	1.0
92.54664	-1.0
92.63876	-1.0
92.6416	-1.0
92.6458	-1.0
92.64912	-1.0
92.66516	-1.0
92.67372	-1.0
92.67992	-1.0
92.68392	-1.0
92.69068	-1.0
92.70324	-1.0
92.72724	-1.0
92.73124	1.0
92.73816	-1.0
92.74184	-1.0
92.74452	-1.0
92.74804	-1.0
92.75584	-1.0
92.77036	-1.0
92.77428	-1.0
92.78636	-1.0
92.79648	-1.0
92.80016	-1.0
92.81312	-1.0
92.81776	-1.0
92.8222	-1.0
92.82588	-1.0
92.8286	-1.0
92.83312	-1.0
92.83652	-1.0
92.84024	1.0
92.84652	-1.0
92.8496	-1.0
92.8532	-1.0
92.8598	-1.0
92.87004	-1.0
92.87256	-1.0
92.88308	-1.0
92.89424	-1.0
92.89908	-1.0
92.90304	-1.0
92.91528	-1.0
92.92072	-1.0
92.92656	-1.0
92.92908	-1.0
92.94092	1.0
92.95348	-1.0
92.96392	-1.0
92.97052	-1.0
92.98524	-1.0
92.9994	-1.0
93.0182	-1.0
93.0296	-1.0
93.03732	-1.0
93.03984	-1.0
93.05348	-1.0
93.06752	1.0
93.077	-1.0
93.0906	1.0
93.0944	-1.0
93.0976	-1.0
93.10532	1.0
93.11648	-1.0
93.11956	-1.0
93.13132	1.0
93.16876	-1.0
93.17172	1.0
93.2088	-1.0
93.22056	1.0
93.24276	1.0
93.25752	-1.0
93.2614	1.0
93.28008	-1.0
93.28528	-1.0
93.29904	1.0
93.3488	1.0
93.38692	1.0
93.4038	1.0
93.42324	1.0
93.44872	1.0
93.51312	1.0
93.53384	1.0
93.57556	1.0
93.683	-1.0
93.6868	-1.0
93.69496	1.0
93.74472	1.0
111.54688	-1.0
111.55572	1.0
111.5596	-1.0
111.56232	-1.0
111.56544	-1.0
111.56992	-1.0
111.5736	-1.0
111.57872	-1.0
111.5818	-1.0
111.59188	-1.0
111.60824	-1.0
111.62916	-1.0
111.63204	-1.0
111.66908	-1.0
111.6732	-1.0
111.68232	-1.0
111.727	-1.0
111.76824	-1.0
111.77488	-1.0
111.83292	-1.0
111.87812	-1.0
111.90164	1.0
111.905	1.0
111.92252	-1.0
111.9974	1.0
112.0006	-1.0
112.01208	1.0
112.01476	-1.0
112.02788	-1.0
112.05644	-1.0
112.09284	1.0
122.06684	-1.0
122.11804	-1.0
122.12816	-1.0
122.18044	-1.0
122.23752	-1.0
122.24004	-1.0
131.21692	-1.0
134.53049	-1.0
134.53348	-1.0
134.53664	-1.0
134.62544	-1.0
134.65732	-1.0
134.70007	-1.0
134.70532	-1.0
134.71164	-1.0
134.86368	-1.0
134.95404	-1.0
134.95876	-1.0
135.01712	-1.0
135.06612	-1.0
135.1558	-1.0
135.22684	-1.0
135.2476	-1.0
135.27393	-1.0
135.28412	-1.0
135.31804	1.0
135.3944	-1.0
142.22624	-1.0
142.22997	-1.0
142.23409	1.0
142.24615	-1.0
142.27388	-1.0
142.2834	-1.0
142.287	1.0
142.30173	-1.0
142.30437	1.0
142.31017	1.0
142.3154	-1.0
142.32104	-1.0
142.33348	1.0
142.35477	-1.0
142.3664	-1.0
142.37004	-1.0
142.37431	-1.0
142.38023	-1.0
142.38487	1.0
142.39108	1.0
142.39592	-1.0
142.39876	-1.0
142.40137	-1.0
142.41568	-1.0
142.4224	-1.0
142.42715	-1.0
142.4326	-1.0
142.4358	-1.0
142.44415	-1.0
142.44775	-1.0
142.45056	1.0
142.4534	-1.0
142.45648	-1.0
142.46095	-1.0
142.4684	-1.0
142.47176	-1.0
142.478	-1.0
142.48453	-1.0
142.4876	-1.0
142.49985	-1.0
142.50328	-1.0
142.51436	-1.0
142.517	-1.0
142.53656	-1.0
142.53947	-1.0
142.54791	1.0
142.5526	-1.0
142.5598	-1.0
142.56303	-1.0
142.56564	1.0
142.57356	-1.0
142.57796	-1.0
142.5876	1.0
142.59653	-1.0
142.5994	-1.0
142.60228	1.0
142.60648	-1.0
142.6136	-1.0
142.62032	1.0
142.63876	1.0
142.65332	1.0
142.6594	-1.0
142.662	-1.0
142.67104	1.0
142.67484	-1.0
142.67912	-1.0
142.6936	1.0
142.69904	-1.0
142.70705	-1.0
142.71477	-1.0
142.72884	-1.0
142.74872	-1.0
142.75452	1.0
142.75848	-1.0
142.77032	1.0
142.77496	-1.0
142.78128	-1.0
142.78804	1.0
142.79944	1.0
142.86256	1.0
142.87811	1.0
142.89996	1.0
142.9198	1.0
142.93916	1.0
142.96184	1.0
142.96744	-1.0
143.00604	1.0
143.05405	1.0
143.08804	1.0
143.1156	1.0
143.15012	1.0
143.16669	1.0
143.19733	-1.0
143.20132	1.0
143.20412	-1.0
143.21828	-1.0
143.235	1.0
143.262	-1.0
143.29628	1.0
143.33215	1.0
143.36696	1.0
143.44092	1.0
152.59604	-1.0
152.61565	-1.0
152.66972	-1.0
152.7368	-1.0
152.86156	-1.0
160.37956	-1.0
160.3822	1.0
160.39168	-1.0
160.39944	-1.0
160.40872	-1.0
160.4144	-1.0
160.4186	-1.0
160.42752	-1.0
160.43816	-1.0
160.45584	-1.0
160.45996	-1.0
160.51453	-1.0
160.58977	-1.0
165.97372	-1.0
166.06564	-1.0
166.08788	-1.0
166.09547	-1.0
166.09863	-1.0
166.10117	-1.0
166.10648	-1.0
166.16428	-1.0
166.1804	-1.0
166.19531	-1.0
166.22047	1.0
166.22331	-1.0
166.26468	-1.0
166.33743	-1.0
166.35832	-1.0
172.34464	-1.0
172.38828	-1.0
172.39417	-1.0
172.39671	-1.0
172.40976	1.0
172.41228	1.0
172.42004	-1.0
172.42256	-1.0
172.42664	-1.0
172.43724	-1.0
172.44064	-1.0
172.44624	-1.0
172.44933	-1.0
172.45268	-1.0
172.45648	-1.0
172.45937	-1.0
172.46304	-1.0
172.47188	-1.0
172.47469	-1.0
172.48468	-1.0
172.49028	-1.0
172.50175	-1.0
172.50629	1.0
172.50935	-1.0
172.51532	-1.0
172.51964	-1.0
172.53017	-1.0
172.53384	-1.0
172.55148	1.0
172.5598	-1.0
172.56288	-1.0
172.5696	-1.0
172.58	-1.0
172.59004	-1.0
172.59456	-1.0
172.60248	-1.0
172.60751	-1.0
172.61848	1.0
172.62392	-1.0
172.62828	-1.0
172.63948	-1.0
172.64856	-1.0
172.65732	-1.0
172.66356	-1.0
172.66808	-1.0
172.67683	-1.0
172.68391	-1.0
172.68677	1.0
172.69711	1.0
172.70088	-1.0
172.70348	-1.0
172.71477	-1.0
172.72208	-1.0
172.7278	-1.0
172.73788	-1.0
172.74368	-1.0
172.75984	-1.0
172.76292	-1.0
172.77364	1.0
172.77795	-1.0
172.78693	-1.0
172.79704	-1.0
172.8094	1.0
172.81476	1.0
172.82764	1.0
172.83765	1.0
172.85072	1.0
172.85445	-1.0
172.85872	-1.0
172.86533	-1.0
172.87971	-1.0
172.88412	-1.0
172.91188	-1.0
172.92648	1.0
172.9324	-1.0
172.94092	1.0
172.9498	-1.0
172.95592	1.0
172.97968	1.0
173.01991	1.0
173.038	1.0
173.06068	-1.0
173.08195	1.0
173.10416	1.0
173.12984	-1.0
173.14417	1.0
173.1582	1.0
173.18285	1.0
173.20372	1.0
173.24664	1.0
173.26324	1.0
173.28249	1.0
173.3146	1.0
173.32529	-1.0
173.33896	1.0
173.38635	1.0
173.40508	1.0
173.48157	1.0
173.51128	1.0
173.58472	1.0
173.64133	1.0
183.38512	1.0
183.4228	1.0
183.45308	-1.0
183.45584	1.0
183.52003	-1.0
183.52368	-1.0
183.54115	-1.0
183.59187	-1.0
183.61612	1.0
183.63477	-1.0
183.6398	1.0
183.64777	1.0
183.67471	-1.0
183.68623	-1.0
183.78387	-1.0
183.8246	1.0
202.1204	1.0
202.12411	-1.0
203.79868	-1.0
203.80324	-1.0
203.80748	-1.0
203.81264	-1.0
203.82152	-1.0
203.84113	1.0
203.8612	-1.0
203.86723	-1.0
203.87936	-1.0
203.88351	-1.0
203.89188	-1.0
203.902	-1.0
203.90472	-1.0
203.91832	-1.0
203.92448	-1.0
203.927	-1.0
203.93771	-1.0
203.95224	-1.0
203.9584	-1.0
203.96756	-1.0
203.9702	-1.0
203.97417	-1.0
203.98135	-1.0
203.98404	1.0
203.98676	-1.0
203.99667	-1.0
204.00069	-1.0
204.01164	-1.0
204.02364	-1.0
204.03291	-1.0
204.03577	-1.0
204.03831	-1.0
204.04749	-1.0
204.05576	-1.0
204.06068	-1.0
204.07063	-1.0
204.08395	-1.0
204.09256	-1.0
204.10529	-1.0
204.1088	-1.0
204.11407	1.0
204.12283	-1.0
204.12732	-1.0
204.12984	-1.0
204.139	-1.0
204.14249	-1.0
204.15	-1.0
204.1546	-1.0
204.15717	1.0
204.16077	-1.0
204.16995	-1.0
204.1838	-1.0
204.20244	-1.0
204.224	-1.0
204.23956	1.0
204.24376	-1.0
204.25732	1.0
204.26588	-1.0
204.26944	-1.0
204.27556	1.0
204.29744	1.0
204.32297	1.0
204.35648	1.0
204.37515	1.0
204.41252	1.0
204.46788	1.0
204.51727	1.0
204.53792	1.0
204.55637	-1.0
204.59988	1.0
204.6548	-1.0
204.67244	1.0
204.75005	1.0
204.87624	1.0
222.691	-1.0
222.70715	-1.0
222.7148	-1.0
222.80356	-1.0
222.81464	-1.0
222.94464	1.0
222.9766	1.0
222.98305	-1.0
223.0106	-1.0
223.06863	1.0
223.08464	-1.0
223.09917	-1.0
223.1546	-1.0
223.1588	-1.0
223.18256	-1.0
223.1934	-1.0
223.2112	-1.0
223.23872	-1.0
223.2546	-1.0
223.27277	-1.0
223.28604	-1.0
223.289	-1.0
223.3392	-1.0
223.35307	1.0
223.43655	1.0
223.48473	-1.0
223.5042	-1.0
223.57468	-1.0
239.06303	-1.0
239.09192	1.0
239.1166	1.0
239.12135	-1.0
239.13052	-1.0
239.14	-1.0
239.14648	-1.0
239.15584	-1.0
239.16583	-1.0
239.18707	-1.0
239.19272	-1.0
239.20128	-1.0
239.20952	-1.0
239.22232	-1.0
239.22688	-1.0
239.2328	-1.0
239.24016	-1.0
239.24928	-1.0
239.26544	-1.0
239.26865	-1.0
239.28444	-1.0
239.28976	-1.0
239.29544	-1.0
239.30392	-1.0
239.31696	-1.0
239.3222	-1.0
239.32655	-1.0
239.3308	-1.0
239.33331	1.0
239.33588	-1.0
239.34271	-1.0
239.34831	-1.0
239.35304	-1.0
239.3612	-1.0
239.36395	-1.0
239.37332	-1.0
239.37624	-1.0
239.38657	-1.0
239.39868	-1.0
239.40184	-1.0
239.40749	-1.0
239.41776	-1.0
239.43295	-1.0
239.43648	-1.0
239.4458	-1.0
239.4568	-1.0
239.4688	-1.0
239.47984	-1.0
239.48744	-1.0
239.49736	-1.0
239.51036	-1.0
239.52277	1.0
239.55997	-1.0
239.56396	1.0
239.56924	-1.0
239.57904	-1.0
239.59468	1.0
239.61012	1.0
239.64676	1.0
239.65532	-1.0
239.6642	1.0
239.7516	1.0
239.78883	1.0
239.82127	1.0
239.83832	1.0
239.89392	1.0
239.90292	-1.0
239.97624	-1.0
239.97955	1.0
239.99548	-1.0
240.00336	-1.0
240.0584	1.0
240.1256	1.0
240.13028	-1.0
240.13309	-1.0
240.24092	-1.0
251.6302	-1.0
251.7038	-1.0
251.77388	1.0
251.80997	-1.0
251.91068	-1.0
251.97491	-1.0
252.02396	-1.0
252.07845	-1.0
252.11996	-1.0
252.152	1.0
252.15636	-1.0
252.17448	-1.0
252.2742	-1.0
252.27753	-1.0
252.35168	1.0
252.36472	-1.0
256.09424	-1.0
256.09933	-1.0
256.1029	-1.0
256.11273	-1.0
256.11835	-1.0
256.12863	-1.0
256.1317	-1.0
256.14212	-1.0
256.1455	-1.0
256.17383	-1.0
256.17664	-1.0
256.1838	-1.0
256.21597	-1.0
256.23392	-1.0
256.24344	-1.0
256.248	-1.0
256.25244	-1.0
256.2606	-1.0
256.26428	1.0
256.27164	-1.0
256.28696	-1.0
256.2895	-1.0
256.29233	-1.0
256.30377	-1.0
256.30765	-1.0
256.3232	-1.0
256.32715	-1.0
256.33133	1.0
256.3388	1.0
256.34256	-1.0
256.34552	-1.0
256.35324	1.0
256.36115	-1.0
256.3756	-1.0
256.3817	1.0
256.38483	-1.0
256.38812	-1.0
256.3924	-1.0
256.3954	-1.0
256.3983	-1.0
256.40485	-1.0
256.41312	-1.0
256.41653	1.0
256.42047	1.0
256.42453	-1.0
256.43475	-1.0
256.43915	1.0
256.4549	-1.0
256.4738	1.0
256.4884	1.0
256.4909	1.0
256.50876	-1.0
256.52475	1.0
256.5273	1.0
256.5378	1.0
256.5442	-1.0
256.5512	1.0
256.5641	-1.0
256.56915	1.0
256.5828	-1.0
256.58585	-1.0
256.58948	-1.0
256.6158	1.0
256.62775	1.0
256.6308	-1.0
256.644	1.0
256.65085	-1.0
256.65652	-1.0
256.66595	1.0
256.67755	-1.0
256.68015	1.0
256.70367	1.0
256.71548	1.0
256.72745	1.0
256.74045	1.0
256.79623	-1.0
256.79996	-1.0
256.80423	1.0
256.81995	1.0
256.84427	-1.0
256.87424	-1.0
256.9256	1.0
256.96652	1.0
256.97443	-1.0
256.9891	1.0
257.02017	1.0
257.03897	-1.0
257.0738	1.0
257.10553	1.0
257.2223	1.0
269.0897	1.0
269.1066	1.0
269.12653	-1.0
269.13333	1.0
271.9637	-1.0
283.9979	-1.0
284.04065	-1.0
284.0463	-1.0
284.08484	-1.0
284.09332	-1.0
284.09775	-1.0
284.10547	-1.0
284.11407	-1.0
284.14224	-1.0
284.1559	-1.0
284.1902	-1.0
284.22595	-1.0
284.23883	-1.0
284.2857	-1.0
284.2936	-1.0
284.30307	1.0
284.32263	-1.0
284.3308	-1.0
284.35895	-1.0
284.41153	-1.0
284.428	1.0
284.51837	1.0
284.53317	-1.0
284.67072	1.0
284.6851	-1.0
284.6966	-1.0
284.732	-1.0
284.8454	-1.0
293.95267	-1.0
293.956	1.0
293.9594	-1.0
293.9626	-1.0
293.97736	-1.0
293.98193	1.0
293.994	-1.0
294.01056	-1.0
294.01312	-1.0
294.01932	-1.0
294.02243	1.0
294.02695	-1.0
294.0312	-1.0
294.04483	-1.0
294.0487	-1.0
294.05215	-1.0
294.0551	-1.0
294.0718	-1.0
294.07452	-1.0
294.07843	-1.0
294.081	-1.0
294.0913	-1.0
294.10727	-1.0
294.1103	-1.0
294.11423	-1.0
294.12057	-1.0
294.13452	-1.0
294.1403	-1.0
294.14304	-1.0
294.1468	-1.0
294.15067	1.0
294.15323	1.0
294.1617	-1.0
294.16425	-1.0
294.16763	1.0
294.1738	-1.0
294.18304	-1.0
294.18555	-1.0
294.19943	-1.0
294.20233	-1.0
294.2066	-1.0
294.21637	-1.0
294.22165	1.0
294.23087	-1.0
294.23352	-1.0
294.23828	-1.0
294.2442	-1.0
294.25397	1.0
294.2588	1.0
294.26236	-1.0
294.27383	-1.0
294.2766	-1.0
294.28085	-1.0
294.28336	-1.0
294.29532	1.0
294.298	-1.0
294.3126	-1.0
294.32956	-1.0
294.33224	-1.0
294.3517	1.0
294.35892	-1.0
294.36234	-1.0
294.3767	-1.0
294.3885	-1.0
294.39407	-1.0
294.4127	1.0
294.42456	-1.0
294.43	-1.0
294.43396	1.0
294.45795	1.0
294.509	1.0
294.56573	1.0
294.6	-1.0
294.61136	1.0
294.63504	1.0
294.6782	1.0
294.68588	-1.0
294.6903	-1.0
294.69925	-1.0
294.7406	1.0
294.77313	1.0
294.82193	1.0
294.87375	1.0
294.8932	-1.0
294.95004	1.0
294.99957	1.0
308.59607	-1.0
308.5986	-1.0
308.60248	1.0
308.60516	1.0
308.6078	1.0
308.61737	-1.0
308.6222	-1.0
308.6259	-1.0
308.62863	-1.0
308.64163	-1.0
308.6482	-1.0
308.66113	-1.0
308.66412	-1.0
308.6692	-1.0
308.67923	-1.0
308.69485	-1.0
308.71268	-1.0
308.72113	-1.0
308.72617	-1.0
308.7289	-1.0
308.74985	-1.0
308.78384	-1.0
308.8019	-1.0
308.80515	-1.0
308.8174	1.0
308.83884	-1.0
308.8529	-1.0
308.8606	-1.0
308.87048	1.0
308.8733	1.0
308.89197	-1.0
308.89975	-1.0
308.91504	-1.0
308.91797	-1.0
308.92453	-1.0
308.92752	1.0
308.9314	1.0
308.93417	1.0
308.9452	-1.0
308.95697	-1.0
308.97623	-1.0
308.9814	1.0
308.9915	-1.0
309.00015	1.0
309.00565	-1.0
309.01013	-1.0
309.01413	-1.0
309.03003	-1.0
309.03284	-1.0
309.04263	-1.0
309.04636	1.0
309.04922	1.0
309.0588	-1.0
309.0614	-1.0
309.0682	-1.0
309.08884	-1.0
309.0941	1.0
309.10977	-1.0
309.1513	1.0
309.16092	-1.0
309.1716	-1.0
309.18692	1.0
309.19824	-1.0
309.21173	-1.0
309.22037	1.0
309.2426	-1.0
309.24808	1.0
309.26117	1.0
309.2705	-1.0
309.28256	1.0
309.3012	-1.0
309.3056	1.0
309.3228	1.0
309.3524	1.0
309.35815	-1.0
309.3773	1.0
309.41168	1.0
309.43552	-1.0
309.46024	1.0
309.47675	-1.0
309.50037	1.0
309.5622	1.0
318.21332	1.0
318.223	1.0
318.2375	-1.0
318.24844	-1.0
318.25623	-1.0
318.2754	-1.0
318.34317	1.0
318.42245	1.0
318.45312	-1.0
318.46915	-1.0
318.47275	1.0
318.47543	-1.0
318.50903	-1.0
318.53265	-1.0
318.5526	-1.0
318.5551	-1.0
318.5583	-1.0
318.57578	1.0
318.5825	-1.0
318.62036	-1.0
318.6415	-1.0
318.657	-1.0
318.7942	-1.0
318.8376	-1.0
318.84732	-1.0
319.08353	-1.0
323.01605	1.0
323.0256	1.0
323.0604	-1.0
323.06943	-1.0
323.08063	-1.0
323.12268	1.0
323.12552	-1.0
323.12872	-1.0
323.1322	-1.0
323.13608	-1.0
323.13892	1.0
323.14264	-1.0
323.14548	-1.0
323.14987	-1.0
323.15784	-1.0
323.16055	1.0
323.17444	-1.0
323.181	-1.0
323.1945	-1.0
323.2016	-1.0
323.20773	-1.0
323.21396	-1.0
323.2174	-1.0
323.23297	-1.0
328.86227	1.0
328.86777	-1.0
328.88507	-1.0
328.91415	-1.0
328.92157	-1.0
328.92596	-1.0
328.96753	-1.0
328.97147	-1.0
328.97723	-1.0
329.05008	-1.0
329.0789	-1.0
329.1042	-1.0
329.203	1.0
329.2492	-1.0
329.26193	-1.0
329.26816	-1.0
329.32648	-1.0
329.38504	-1.0
329.44876	-1.0
335.4867	1.0
335.50555	1.0
335.5178	-1.0
335.52716	-1.0
335.54617	-1.0
336.07162	-1.0
336.0946	1.0
336.09924	-1.0
336.18948	-1.0
336.20172	-1.0
336.21457	-1.0
336.2386	1.0
336.24155	-1.0
336.26523	-1.0
336.2943	-1.0
336.30872	-1.0
336.3213	-1.0
336.33127	1.0
336.3554	-1.0
336.3691	-1.0
336.3736	1.0
336.37796	-1.0
336.38104	-1.0
336.4454	1.0
336.45157	-1.0
336.57367	-1.0
336.65613	-1.0
336.65884	-1.0
338.11264	-1.0
338.1201	-1.0
338.1528	-1.0
338.1585	1.0
338.1622	1.0
338.16492	1.0
338.16812	-1.0
338.17096	-1.0
338.1778	-1.0
338.1868	-1.0
338.19388	-1.0
338.20285	-1.0
338.23172	-1.0
338.2909	-1.0
338.31003	-1.0
338.31256	1.0
338.3263	-1.0
338.33203	-1.0
338.34988	1.0
338.3585	-1.0
338.36633	1.0
338.36908	1.0
338.3786	-1.0
338.38712	-1.0
338.39865	1.0
338.40903	1.0
338.41245	-1.0
338.4171	1.0
338.42407	-1.0
338.43384	1.0
338.4419	-1.0
338.44797	-1.0
338.45245	-1.0
338.459	1.0
338.46448	-1.0
338.47495	1.0
338.4929	1.0
338.50717	1.0
338.532	1.0
338.5523	1.0
338.57367	-1.0
338.60483	-1.0
338.60736	1.0
338.62164	1.0
338.63583	-1.0
338.6638	1.0
338.6736	-1.0
338.67673	-1.0
338.67932	1.0
338.6953	1.0
338.70847	1.0
338.72736	1.0
338.77005	-1.0
338.81516	1.0
338.8282	1.0
338.85587	-1.0
338.89893	1.0
338.93253	1.0
338.94995	-1.0
338.95343	1.0
338.9597	-1.0
338.97723	1.0
339.01276	1.0
339.0403	1.0
339.067	1.0
339.1052	1.0
339.16467	1.0
354.41248	1.0
354.41605	-1.0
354.42703	1.0
354.4573	1.0
354.5226	-1.0
354.56387	1.0
354.567	1.0
354.5765	-1.0
354.59036	1.0
354.59888	-1.0
354.60153	-1.0
354.6114	1.0
354.6146	-1.0
354.6465	-1.0
354.6492	1.0
354.65173	-1.0
354.65424	-1.0
354.65875	-1.0
354.66632	1.0
354.67963	-1.0
354.68237	-1.0
354.69205	-1.0
354.7204	-1.0
354.72623	1.0
354.7394	-1.0
354.74496	-1.0
354.7479	-1.0
354.75867	-1.0
354.78073	-1.0
354.78757	-1.0
354.80276	1.0
354.8239	1.0
354.85452	-1.0
354.86234	1.0
354.86713	-1.0
354.87717	-1.0
354.89453	-1.0
354.9059	-1.0
354.91672	1.0
354.94632	1.0
354.9562	-1.0
354.97025	1.0
354.97388	-1.0
355.00507	-1.0
355.0232	1.0
355.03	-1.0
355.04636	-1.0
355.05188	1.0
355.05887	-1.0
355.07144	1.0
355.0946	1.0
355.10797	1.0
355.13608	1.0
355.1417	-1.0
355.19504	1.0
355.21436	-1.0
355.24	-1.0
355.25473	1.0
355.31592	1.0
355.42075	1.0
355.479	1.0
355.70633	1.0
362.48404	1.0
362.49536	1.0
362.50424	1.0
362.5117	-1.0
362.52213	-1.0
362.54355	-1.0
362.56473	1.0
362.576	-1.0
362.58548	-1.0
362.616	1.0
362.6434	-1.0
362.65607	-1.0
362.69183	-1.0
368.6172	-1.0
368.72748	-1.0
371.04153	-1.0
371.0448	1.0
371.04755	-1.0
371.0561	1.0
371.0588	1.0
371.06717	-1.0
371.10437	1.0
371.1084	-1.0
371.1378	-1.0
371.19116	-1.0
371.2375	1.0
371.25653	-1.0
371.41016	-1.0
371.64743	-1.0
375.48965	1.0
375.50024	1.0
375.52133	-1.0
375.54605	-1.0
375.56152	-1.0
375.6176	-1.0
375.62253	-1.0
375.62646	-1.0
375.63193	1.0
375.63464	1.0
375.64648	-1.0
375.66232	-1.0
375.6689	-1.0
375.677	-1.0
375.71927	-1.0
375.72308	-1.0
375.7468	-1.0
375.77963	1.0
375.82217	-1.0
375.8311	1.0
375.85287	-1.0
375.85864	1.0
375.87088	1.0
375.88583	1.0
375.9101	1.0
375.9368	1.0
375.9452	-1.0
375.96088	1.0
375.9655	-1.0
375.9701	1.0
375.99045	1.0
376.03076	1.0
376.04404	1.0
376.04868	-1.0
376.06787	1.0
376.09595	1.0
376.0999	-1.0
376.13144	1.0
376.13464	-1.0
376.14163	1.0
376.1626	1.0
376.1717	1.0
376.22104	1.0
376.2389	-1.0
376.26425	1.0
376.31247	1.0
383.44333	-1.0
383.44812	-1.0
383.45245	-1.0
383.46213	-1.0
383.476	-1.0
383.48257	-1.0
383.48517	1.0
383.5036	-1.0
383.53384	-1.0
383.61017	-1.0
383.64676	1.0
387.2642	-1.0
393.45197	1.0
393.47037	1.0
393.48236	1.0
393.5004	1.0
393.50293	-1.0
393.5077	1.0
393.5268	-1.0
393.54385	-1.0
393.56256	1.0
393.56528	1.0
393.5689	-1.0
393.57587	-1.0
393.5787	1.0
393.59167	-1.0
393.60864	-1.0
393.61563	-1.0
393.6324	-1.0
393.6725	-1.0
393.69965	-1.0
393.7053	-1.0
393.71484	1.0
393.74637	-1.0
393.76688	-1.0
393.80215	-1.0
393.8398	-1.0
393.87183	-1.0
393.9817	-1.0
403.42368	1.0
403.46713	-1.0
403.4775	-1.0
403.48163	-1.0
403.48428	-1.0
403.4944	-1.0
403.5121	-1.0
403.516	-1.0
403.53433	-1.0
403.54752	-1.0
403.5532	-1.0
403.5562	-1.0
403.65228	-1.0
403.6549	-1.0
403.67523	-1.0
403.7213	-1.0
403.72916	-1.0
403.76224	-1.0
403.78372	-1.0
403.7985	-1.0
403.8163	-1.0
403.8333	-1.0
403.8907	-1.0
403.92056	-1.0
403.9323	-1.0
403.97412	-1.0
404.01917	1.0
404.29053	-1.0
404.29672	-1.0
404.32855	-1.0
409.74832	1.0
409.81772	-1.0
409.9246	-1.0
409.93207	-1.0
409.94113	-1.0
409.95203	1.0
409.9626	-1.0
409.9663	1.0
409.9812	-1.0
410.00775	-1.0
410.1541	-1.0
410.19855	-1.0
410.25504	-1.0
410.2849	-1.0
410.31973	-1.0
410.32263	-1.0
410.45963	-1.0
410.5287	-1.0
417.52557	1.0
417.52893	-1.0
417.53323	1.0
417.5591	-1.0
417.5955	-1.0
417.59827	-1.0
417.6016	-1.0
417.60895	-1.0
417.61563	-1.0
417.63153	-1.0
417.65616	-1.0
417.67047	-1.0
417.68613	-1.0
417.72836	-1.0
417.78104	-1.0
417.80972	-1.0
417.8238	-1.0
417.82767	-1.0
417.8397	-1.0
417.96997	-1.0
417.97256	-1.0
417.99783	-1.0
418.0483	1.0
418.06625	1.0
418.06876	-1.0
418.08707	-1.0
418.14105	-1.0
418.2053	-1.0
418.21017	1.0
418.24664	-1.0
418.26547	1.0
418.30093	-1.0
418.3478	-1.0
418.36264	-1.0
418.37875	-1.0
418.4102	-1.0
418.4439	-1.0
418.46057	1.0
418.46393	-1.0
418.48407	-1.0
418.52203	-1.0
423.13983	1.0
423.2083	-1.0
438.21973	1.0
438.23428	1.0
438.24316	-1.0
438.24884	-1.0
438.2613	-1.0
438.28284	-1.0
438.32715	1.0
444.34125	-1.0
444.3526	1.0
444.36047	1.0
444.37436	-1.0
444.38104	-1.0
444.39212	-1.0
444.40103	-1.0
444.41525	1.0
444.4252	-1.0
444.43344	1.0
444.439	-1.0
444.46237	1.0
444.5064	1.0
444.51068	-1.0
444.51355	-1.0
444.5175	-1.0
444.52036	-1.0
444.5229	-1.0
444.5269	-1.0
444.53024	-1.0
444.5331	-1.0
444.53568	-1.0
444.54196	-1.0
444.54535	-1.0
444.55188	-1.0
444.5551	-1.0
444.55765	1.0
444.56363	-1.0
444.56827	-1.0
444.5712	1.0
444.57703	-1.0
444.58273	1.0
444.58804	-1.0
444.5916	-1.0
444.59677	-1.0
444.60068	-1.0
444.60587	-1.0
444.6084	-1.0
444.6111	-1.0
444.61392	-1.0
444.6165	1.0
444.62787	-1.0
444.63248	-1.0
444.64328	-1.0
444.64816	-1.0
444.65216	-1.0
444.65707	-1.0
444.66467	-1.0
444.67303	-1.0
444.67587	-1.0
444.68484	-1.0
444.68832	-1.0
444.69788	-1.0
444.7004	-1.0
444.7047	-1.0
444.70755	-1.0
444.71075	-1.0
444.7166	-1.0
444.7204	-1.0
444.72617	-1.0
444.7295	-1.0
444.7322	-1.0
444.73563	-1.0
444.74112	-1.0
444.75235	-1.0
444.75595	-1.0
444.77087	-1.0
444.7828	-1.0
444.79135	-1.0
444.79523	-1.0
444.80597	-1.0
444.81375	-1.0
444.83163	-1.0
444.84155	1.0
444.8449	-1.0
444.85907	-1.0
444.86337	1.0
444.8789	1.0
444.88376	-1.0
444.88815	-1.0
444.8998	-1.0
444.9033	-1.0
444.9125	1.0
444.9279	-1.0
444.93277	-1.0
444.95535	-1.0
444.97168	1.0
444.98563	1.0
445.0016	1.0
445.03867	-1.0
445.05573	1.0
445.06213	-1.0
445.14133	1.0
445.1676	1.0
445.18292	-1.0
445.19873	1.0
445.23468	-1.0
445.2578	1.0
445.26196	-1.0
445.28128	1.0
445.30997	1.0
445.3398	1.0
445.38132	1.0
445.41312	1.0
445.4669	1.0
445.54147	1.0
457.67917	-1.0
457.7461	-1.0
457.7828	-1.0
457.80557	-1.0
457.85483	1.0
457.8579	-1.0
457.9134	-1.0
457.92245	-1.0
457.9261	-1.0
457.93076	-1.0
457.93552	1.0
457.94128	-1.0
457.96396	-1.0
458.00775	-1.0
468.18637	-1.0
468.1968	1.0
468.2075	-1.0
468.21112	1.0
468.21548	-1.0
468.2478	-1.0
468.2997	-1.0
471.6943	-1.0
471.78708	-1.0
471.79523	-1.0
471.8441	-1.0
471.92743	-1.0
471.97647	-1.0
472.03885	1.0
472.0489	-1.0
472.115	-1.0
472.12766	1.0
472.15292	-1.0
472.16324	-1.0
472.22424	-1.0
472.24457	-1.0
472.33963	-1.0
472.3971	1.0
472.43347	-1.0
472.43945	-1.0
472.49387	-1.0
472.5058	1.0
472.51624	-1.0
472.53668	1.0
472.54724	-1.0
472.57217	-1.0
473.67496	-1.0
476.17444	-1.0
476.1793	-1.0
476.18552	-1.0
476.18948	-1.0
476.19232	-1.0
476.1962	-1.0
476.2071	-1.0
476.21048	-1.0
476.23416	-1.0
476.23883	-1.0
476.24524	1.0
476.25763	1.0
476.26724	-1.0
476.26987	-1.0
476.27396	-1.0
476.2884	-1.0
476.29944	-1.0
476.30704	-1.0
476.31653	-1.0
476.32007	-1.0
476.32623	-1.0
476.33905	-1.0
476.3416	-1.0
476.3509	-1.0
476.3589	-1.0
476.36157	-1.0
476.3718	1.0
476.38013	-1.0
476.38925	-1.0
476.39777	-1.0
476.4027	-1.0
476.40805	-1.0
476.42047	-1.0
476.44135	-1.0
476.44507	1.0
476.4485	1.0
476.45496	-1.0
476.46332	1.0
476.47025	-1.0
476.47556	-1.0
476.48636	-1.0
476.48895	1.0
476.49268	-1.0
476.49887	-1.0
476.50824	1.0
476.51324	-1.0
476.5232	1.0
476.53027	-1.0
476.54745	-1.0
476.55856	1.0
476.56564	-1.0
476.56815	-1.0
476.57388	1.0
476.58115	1.0
476.59756	-1.0
476.60236	1.0
476.6067	-1.0
476.61935	-1.0
476.6288	1.0
476.64655	-1.0
476.6505	-1.0
476.6638	1.0
476.669	-1.0
476.68845	1.0
476.70465	1.0
476.71143	-1.0
476.72025	-1.0
476.73123	1.0
476.74683	1.0
476.80527	1.0
476.82397	-1.0
476.84192	-1.0
476.84756	1.0
476.87375	-1.0
476.91156	1.0
476.9445	-1.0
476.99265	1.0
477.00467	-1.0
477.02444	1.0
477.05435	1.0
477.09225	-1.0
477.11832	1.0
477.12396	-1.0
477.17087	1.0
485.43503	1.0
485.47272	-1.0
485.4775	-1.0
485.5232	-1.0
485.52597	-1.0
485.5292	-1.0
485.53375	-1.0
485.5363	-1.0
485.54413	-1.0
485.54727	-1.0
485.55048	1.0
485.55875	-1.0
485.56616	-1.0
485.56985	-1.0
485.5787	-1.0
485.58124	-1.0
485.596	-1.0
485.60208	-1.0
485.61493	-1.0
485.61987	-1.0
485.62613	-1.0
485.6512	-1.0
485.65585	-1.0
485.65933	-1.0
485.67105	-1.0
485.6758	-1.0
485.6931	-1.0
485.69885	-1.0
485.70175	-1.0
485.70584	-1.0
485.7088	-1.0
485.7191	-1.0
485.7227	-1.0
485.7342	-1.0
485.73785	1.0
485.7424	-1.0
485.74872	-1.0
485.76065	-1.0
485.76392	-1.0
485.76712	1.0
485.776	-1.0
485.7804	-1.0
485.78677	-1.0
485.78964	1.0
485.7979	-1.0
485.80173	-1.0
485.80527	-1.0
485.8227	-1.0
485.83163	-1.0
485.84286	-1.0
485.84583	-1.0
485.85217	-1.0
485.85983	1.0
485.86368	-1.0
485.87668	-1.0
485.88348	-1.0
485.89337	1.0
485.89987	1.0
485.9123	-1.0
485.92603	-1.0
485.93344	1.0
485.9456	-1.0
485.962	1.0
485.97137	-1.0
485.99057	-1.0
485.9954	-1.0
486.0006	-1.0
486.02188	-1.0
486.0278	1.0
486.04443	-1.0
486.0533	1.0
486.06845	-1.0
486.10947	-1.0
486.12704	-1.0
486.12997	1.0
486.1595	1.0
486.17825	-1.0
486.26456	-1.0
486.27167	-1.0
486.2925	1.0
486.31183	-1.0
486.31458	1.0
486.33755	1.0
486.3438	-1.0
486.3836	-1.0
486.42435	1.0
486.43216	1.0
486.44415	1.0
486.44983	-1.0
486.46893	1.0
486.48352	-1.0
486.4998	1.0
486.5193	1.0
486.53973	1.0
486.5691	1.0
486.60727	-1.0
486.61963	-1.0
486.6519	1.0
486.6813	-1.0
486.70453	1.0
486.73013	1.0
500.72375	1.0
500.734	1.0
500.74475	1.0
500.75363	-1.0
500.76483	-1.0
500.76736	-1.0
500.80023	-1.0
500.86508	-1.0
500.94385	-1.0
512.1861	-1.0
512.1888	1.0
512.1921	1.0
512.1946	1.0
512.1989	1.0
512.21466	-1.0
512.22174	-1.0
512.22473	-1.0
512.2318	-1.0
512.2606	-1.0
512.2753	-1.0
512.2892	-1.0
512.3317	-1.0
512.3422	-1.0
512.3705	-1.0
512.374	-1.0
512.38196	-1.0
512.3878	-1.0
512.3905	-1.0
512.3942	-1.0
512.4112	-1.0
512.42975	-1.0
512.4397	-1.0
512.45233	1.0
512.45886	-1.0
512.4663	1.0
512.47363	-1.0
512.4766	-1.0
512.4862	1.0
512.4918	-1.0
512.5052	-1.0
512.5197	1.0
512.53613	1.0
512.54034	-1.0
512.54504	1.0
512.56366	1.0
512.56665	-1.0
512.5813	1.0
512.5842	-1.0
512.5881	-1.0
512.5921	-1.0
512.5995	1.0
512.6061	-1.0
512.61597	1.0
512.62195	-1.0
512.63574	1.0
512.66064	1.0
512.66693	-1.0
512.6744	-1.0
512.6875	1.0
512.69977	1.0
512.7067	-1.0
512.7136	1.0
512.73206	-1.0
512.7484	-1.0
512.75116	-1.0
512.7678	1.0
512.7902	1.0
512.80725	1.0
512.8261	-1.0
512.83795	1.0
512.84753	1.0
512.85565	1.0
512.8707	-1.0
512.8876	-1.0
512.9368	-1.0
512.9558	1.0
512.9699	-1.0
512.9938	1.0
513.0015	-1.0
513.02136	1.0
513.05835	1.0
513.0763	1.0
513.0997	-1.0
513.1468	1.0
513.26666	1.0
521.83844	1.0
521.8428	-1.0
521.859	-1.0
521.9003	1.0
521.9088	-1.0
521.9195	-1.0
521.9384	1.0
521.9409	-1.0
521.952	-1.0
521.95734	-1.0
521.9615	-1.0
522.0078	-1.0
522.0227	-1.0
522.04285	1.0
522.0456	-1.0
522.3132	-1.0
522.383	1.0
522.3865	-1.0
522.39124	1.0
522.4104	1.0
522.4176	-1.0
522.45245	-1.0
522.45953	1.0
522.4851	1.0
522.4878	-1.0
522.53125	1.0
523.42786	1.0
523.44305	1.0
523.45825	1.0
526.1884	1.0
526.20886	1.0
526.2303	-1.0
526.2467	-1.0
526.2646	-1.0
526.2768	-1.0
526.28284	-1.0
526.2981	-1.0
526.30756	-1.0
526.3216	-1.0
526.3833	-1.0
526.40063	1.0
526.4268	1.0
526.43616	-1.0
526.4508	-1.0
526.4622	-1.0
526.47473	-1.0
526.5012	1.0
526.51166	-1.0
526.5199	1.0
526.5389	1.0
526.5429	-1.0
526.5512	-1.0
526.56445	-1.0
526.57605	1.0
526.5857	-1.0
526.59283	1.0
526.60925	1.0
526.62384	1.0
526.65967	1.0
526.7004	1.0
526.7129	-1.0
526.71936	-1.0
526.7345	1.0
526.7519	1.0
526.76953	1.0
526.79553	-1.0
526.79987	-1.0
526.8293	-1.0
526.8545	1.0
526.9028	1.0
526.9642	1.0
552.25085	-1.0
552.25555	1.0
552.26	-1.0
552.2662	1.0
552.288	-1.0
552.293	-1.0
552.30133	-1.0
552.304	-1.0
552.31366	-1.0
552.33466	-1.0
552.3372	1.0
552.35376	-1.0
552.3631	-1.0
552.368	-1.0
552.37274	1.0
552.3766	-1.0
552.3795	-1.0
552.38367	-1.0
552.387	-1.0
552.396	1.0
552.3993	-1.0
552.41	-1.0
552.4222	-1.0
552.4286	-1.0
552.43634	-1.0
552.44275	-1.0
552.44745	-1.0
552.45154	-1.0
552.4586	-1.0
552.4634	-1.0
552.47296	-1.0
552.48566	-1.0
552.4882	-1.0
552.4991	-1.0
552.5056	-1.0
552.5133	-1.0
552.5172	-1.0
552.532	-1.0
552.54144	-1.0
552.54553	-1.0
552.552	-1.0
552.5604	-1.0
552.5687	-1.0
552.5725	-1.0
552.5754	-1.0
552.5819	-1.0
552.58875	-1.0
552.6005	-1.0
552.6075	-1.0
552.61053	1.0
552.61707	-1.0
552.6261	1.0
552.6312	-1.0
552.63885	-1.0
552.65045	-1.0
552.6624	-1.0
552.6655	1.0
552.6813	-1.0
552.68506	-1.0
552.68866	1.0
552.6996	-1.0
552.70514	1.0
552.711	-1.0
552.72345	1.0
552.7354	-1.0
552.7382	1.0
552.7539	-1.0
552.7632	-1.0
552.7729	-1.0
552.79126	-1.0
552.8	1.0
552.8146	1.0
552.8202	-1.0
552.8935	1.0
552.93115	1.0
552.9698	1.0
552.99854	1.0
553.01984	1.0
553.04456	1.0
553.0726	1.0
553.1002	1.0
553.1347	1.0
553.1495	1.0
553.19916	1.0
553.2198	1.0
553.242	1.0
553.2848	1.0
553.2985	-1.0
556.4055	1.0
564.0083	-1.0
564.02814	-1.0
564.0319	-1.0
564.05743	-1.0
564.07587	1.0
564.08673	-1.0
564.12244	1.0
564.12933	-1.0
564.15894	-1.0
564.17395	-1.0
564.18585	-1.0
564.25006	-1.0
574.4308	1.0
574.4433	1.0
574.4549	1.0
574.4611	-1.0
574.4883	-1.0
574.49384	-1.0
574.49634	-1.0
574.5114	-1.0
574.52844	-1.0
574.53326	1.0
574.53864	-1.0
574.54114	-1.0
574.5457	-1.0
574.5566	-1.0
574.5616	1.0
574.5744	-1.0
574.58154	-1.0
574.5926	-1.0
574.6045	-1.0
574.61096	-1.0
574.62445	-1.0
574.62714	1.0
574.64795	1.0
574.6512	-1.0
574.6682	-1.0
574.67114	-1.0
574.68506	-1.0
574.6895	-1.0
574.6985	1.0
574.70355	1.0
574.7232	-1.0
574.73706	-1.0
574.751	-1.0
574.7583	1.0
574.76526	-1.0
574.7749	1.0
574.77795	-1.0
574.7892	1.0
574.7995	-1.0
574.81116	-1.0
574.82153	1.0
574.82434	-1.0
574.8325	1.0
574.8351	1.0
574.8458	-1.0
574.8488	-1.0
574.8596	-1.0
574.8708	-1.0
574.8802	1.0
574.88367	-1.0
574.8962	1.0
574.9143	1.0
574.92633	-1.0
574.93427	-1.0
574.9368	-1.0
574.94147	-1.0
574.94714	-1.0
574.95166	-1.0
574.9612	1.0
574.9718	-1.0
574.9752	1.0
574.9904	1.0
574.99567	-1.0
575.009	-1.0
575.0145	-1.0
575.01733	1.0
575.0328	1.0
575.05914	1.0
575.071	1.0
575.0899	1.0
575.1186	1.0
575.14386	-1.0
575.1524	1.0
575.1842	-1.0
575.19366	1.0
575.1968	1.0
575.21545	1.0
575.23193	1.0
575.2429	1.0
575.2619	-1.0
575.302	1.0
575.3053	-1.0
575.3202	1.0
575.3492	1.0
575.35345	-1.0
575.371	-1.0
575.3747	1.0
575.402	1.0
575.4122	1.0
575.43274	1.0
575.45636	-1.0
575.4596	1.0
575.51514	-1.0
575.54205	1.0
575.5711	1.0
575.6072	1.0
575.6564	1.0
584.8442	1.0
584.8475	-1.0
584.8714	-1.0
584.89386	1.0
584.89935	-1.0
584.9097	-1.0
584.91345	-1.0
584.92474	-1.0
584.9369	-1.0
584.9647	-1.0
585.06134	-1.0
585.07935	1.0
585.1001	-1.0
585.1132	-1.0
585.19727	-1.0
585.3383	-1.0
585.3555	-1.0
585.373	-1.0
585.3763	1.0
585.4085	-1.0
585.41724	-1.0
585.4352	-1.0
585.4526	1.0
585.47504	-1.0
585.5235	-1.0
585.55255	-1.0
585.6107	-1.0
