0.54716	-1.0
0.563	1.0
0.56832	-1.0
0.57632	-1.0
0.5914	-1.0
0.60152	-1.0
0.61648	-1.0
0.62288	1.0
0.6258	-1.0
0.65672	1.0
0.66064	-1.0
0.66764	-1.0
0.67368	-1.0
0.68648	-1.0
0.69112	-1.0
0.69888	-1.0
0.70724	-1.0
0.71844	-1.0
0.721	1.0
0.72556	-1.0
0.73308	-1.0
0.75008	-1.0
0.75268	-1.0
0.75732	-1.0
0.77084	-1.0
0.78204	-1.0
0.79072	-1.0
0.79444	-1.0
0.80336	1.0
0.80804	-1.0
0.81876	-1.0
0.82656	-1.0
0.833	-1.0
0.8412	-1.0
0.85068	-1.0
0.85732	-1.0
0.86208	-1.0
0.87916	-1.0
0.88772	-1.0
0.89272	-1.0
0.90568	-1.0
0.91748	-1.0
0.93608	-1.0
0.97444	-1.0
0.98724	-1.0
1.00872	-1.0
1.02544	-1.0
1.03984	-1.0
1.04412	-1.0
1.07772	-1.0
1.11396	-1.0
1.25456	-1.0
1.28184	1.0
1.29296	-1.0
1.35156	1.0
1.4422	-1.0
1.52484	1.0
21.6556	1.0
21.65864	-1.0
21.67528	-1.0
21.67992	1.0
21.68292	-1.0
21.70652	1.0
21.73584	1.0
21.74576	1.0
21.74828	-1.0
21.76096	1.0
21.7668	1.0
21.773	-1.0
21.78088	1.0
21.78672	-1.0
21.79524	1.0
21.80708	-1.0
21.81892	1.0
21.8338	1.0
21.85044	1.0
21.91124	1.0
21.93884	1.0
21.96148	1.0
21.96624	-1.0
21.97724	1.0
22.01344	1.0
22.03364	1.0
22.05812	1.0
22.08164	1.0
22.09816	-1.0
22.10632	1.0
22.15864	-1.0
22.1656	1.0
22.18884	1.0
22.20988	1.0
22.22816	1.0
22.24904	1.0
22.2754	1.0
22.28548	-1.0
22.30148	1.0
34.40828	-1.0
34.41416	-1.0
34.41744	-1.0
34.42136	-1.0
34.42864	-1.0
34.45216	1.0
34.47396	-1.0
34.48792	-1.0
34.50456	-1.0
34.51148	-1.0
34.51672	1.0
34.51972	1.0
34.52396	-1.0
34.5396	-1.0
34.55064	1.0
34.5532	1.0
34.56576	-1.0
34.57124	1.0
34.57392	-1.0
34.58576	1.0
34.59724	1.0
34.60068	-1.0
34.60928	-1.0
34.6148	1.0
34.61772	-1.0
34.64112	1.0
34.64472	-1.0
34.65012	1.0
34.65396	-1.0
34.65972	1.0
34.66532	-1.0
34.68192	-1.0
34.68704	1.0
34.70232	1.0
34.70668	-1.0
34.71472	1.0
34.71984	-1.0
34.72732	-1.0
34.73952	1.0
34.75484	-1.0
34.78552	-1.0
34.80144	-1.0
34.82168	1.0
34.83492	-1.0
34.8538	1.0
34.8592	-1.0
34.87244	1.0
34.87748	-1.0
34.88848	1.0
34.891	-1.0
34.91016	-1.0
34.91604	-1.0
34.9372	-1.0
34.95472	1.0
34.98192	1.0
35.00332	-1.0
35.02692	-1.0
35.044	-1.0
35.05712	1.0
35.0788	1.0
35.09876	-1.0
35.10432	-1.0
35.11952	-1.0
35.12936	1.0
35.14724	1.0
35.1636	1.0
35.17492	-1.0
35.19184	1.0
35.24208	1.0
35.28936	1.0
43.08256	1.0
43.1838	1.0
43.19276	1.0
43.2146	1.0
43.22912	1.0
43.23608	-1.0
43.2488	1.0
43.25892	1.0
43.27436	1.0
43.291	1.0
43.31536	1.0
43.3468	1.0
43.35576	-1.0
43.37444	1.0
43.39316	1.0
43.42136	-1.0
43.42708	1.0
43.45276	1.0
43.4622	-1.0
43.4806	1.0
43.54224	1.0
43.57044	1.0
43.60512	1.0
43.64604	1.0
43.65596	1.0
43.65904	-1.0
43.66976	-1.0
43.67296	-1.0
43.6792	-1.0
43.68308	1.0
43.69156	-1.0
43.69416	-1.0
43.70168	-1.0
43.71984	-1.0
43.73576	-1.0
43.73952	-1.0
43.75004	1.0
43.75256	-1.0
43.75572	-1.0
43.77844	1.0
43.78104	-1.0
43.79692	1.0
43.81904	-1.0
43.82636	-1.0
43.83372	-1.0
43.84572	1.0
43.88276	1.0
43.88632	-1.0
43.91564	-1.0
43.921	-1.0
43.95152	-1.0
43.96012	-1.0
43.9746	-1.0
44.0352	-1.0
44.18472	1.0
44.25776	1.0
44.32112	-1.0
44.40804	-1.0
51.63644	1.0
51.6516	-1.0
51.66888	1.0
51.68352	-1.0
51.6928	1.0
51.70088	1.0
51.7342	1.0
51.756	-1.0
51.76596	1.0
51.7688	-1.0
51.7938	-1.0
51.80884	1.0
51.82112	1.0
51.86224	1.0
51.92312	1.0
51.96508	1.0
51.99	1.0
52.00432	1.0
52.06	1.0
55.93048	1.0
55.93672	1.0
55.94728	1.0
55.97604	1.0
55.98528	1.0
55.99548	-1.0
56.01796	1.0
56.03552	1.0
56.05588	-1.0
56.06268	-1.0
56.06924	1.0
56.09816	1.0
56.1432	1.0
56.1978	1.0
56.40352	1.0
59.56488	1.0
59.60384	1.0
59.61352	1.0
59.64784	1.0
59.6758	1.0
59.69932	1.0
59.76204	1.0
59.78704	1.0
59.81176	1.0
67.5468	-1.0
67.55012	-1.0
67.55932	-1.0
67.56184	-1.0
67.56648	-1.0
67.589	-1.0
67.61336	-1.0
67.62656	-1.0
67.63748	-1.0
67.64804	1.0
67.65472	-1.0
67.67648	-1.0
67.6942	1.0
67.70676	-1.0
67.715	1.0
67.73016	1.0
67.7552	-1.0
67.77832	-1.0
67.78492	-1.0
67.79804	-1.0
67.80128	-1.0
67.81324	-1.0
67.81824	1.0
67.82728	-1.0
67.84776	1.0
67.85876	1.0
67.86468	1.0
67.87212	-1.0
67.87484	-1.0
67.89964	-1.0
67.9162	-1.0
67.9268	-1.0
67.93768	-1.0
67.95632	-1.0
67.97124	1.0
67.98952	-1.0
67.99908	-1.0
68.01744	-1.0
68.03156	-1.0
68.0574	1.0
68.06124	-1.0
68.07236	1.0
68.07568	-1.0
68.094	-1.0
68.09684	1.0
68.10212	-1.0
68.11852	1.0
68.13668	-1.0
68.15024	-1.0
68.15424	1.0
68.17356	-1.0
68.17868	1.0
68.18872	-1.0
68.19624	1.0
68.20972	-1.0
68.2284	1.0
68.24068	-1.0
68.24612	1.0
68.2652	1.0
68.28168	1.0
68.30188	-1.0
68.31444	1.0
68.33508	-1.0
68.3624	-1.0
68.38184	1.0
68.41104	-1.0
68.47216	1.0
68.49156	1.0
68.51756	1.0
68.54472	-1.0
68.56776	1.0
68.63152	1.0
80.53388	1.0
80.54332	1.0
80.55572	1.0
80.56608	-1.0
80.58112	1.0
80.59448	1.0
80.60956	1.0
80.62176	1.0
80.62544	-1.0
80.63988	1.0
80.64892	-1.0
80.6608	1.0
80.67384	-1.0
80.68144	1.0
80.70076	1.0
80.7116	1.0
80.72584	1.0
80.73952	-1.0
80.74664	1.0
80.7584	-1.0
80.76096	-1.0
80.7786	1.0
80.79168	1.0
80.8076	1.0
80.81052	-1.0
80.82488	1.0
80.84224	-1.0
80.85364	1.0
80.87456	1.0
80.88396	-1.0
80.90404	1.0
80.91808	-1.0
80.92512	1.0
80.9426	-1.0
80.95808	1.0
80.97768	1.0
80.99728	1.0
81.01944	-1.0
81.04588	1.0
81.1122	1.0
81.18804	-1.0
92.6478	-1.0
92.65448	-1.0
92.65796	-1.0
92.66388	1.0
92.68536	-1.0
92.69344	-1.0
92.71148	-1.0
92.71476	1.0
92.73044	-1.0
92.7352	1.0
92.738	-1.0
92.75364	1.0
92.7574	1.0
92.76208	-1.0
92.77164	1.0
92.78604	1.0
92.79584	1.0
92.81068	-1.0
92.82328	-1.0
92.82828	-1.0
92.84612	1.0
92.85284	-1.0
92.87796	1.0
92.89928	-1.0
92.90672	1.0
92.97272	-1.0
93.1138	-1.0
93.29288	1.0
93.3428	-1.0
93.39612	-1.0
93.40396	-1.0
93.47388	1.0
93.48004	-1.0
93.62304	1.0
111.53512	-1.0
111.53764	-1.0
111.54932	1.0
111.56488	-1.0
111.57048	-1.0
111.5746	-1.0
111.58224	-1.0
111.61412	1.0
111.62108	-1.0
111.6346	1.0
111.65692	-1.0
111.66404	1.0
111.67116	1.0
111.68428	1.0
111.69364	-1.0
111.7028	1.0
111.71632	1.0
111.71952	-1.0
111.72268	-1.0
111.73728	1.0
111.742	1.0
111.7528	-1.0
111.76848	1.0
111.78288	-1.0
111.78548	-1.0
111.8072	1.0
111.83296	1.0
111.84408	-1.0
111.85488	1.0
111.87636	-1.0
111.88188	1.0
111.88816	-1.0
111.90428	1.0
111.9284	1.0
111.94636	-1.0
111.95496	1.0
111.96008	-1.0
111.97368	1.0
111.99176	-1.0
112.01072	1.0
112.01888	-1.0
112.0324	1.0
112.05244	1.0
112.07588	1.0
112.11136	1.0
112.153	1.0
122.1406	1.0
122.17216	1.0
122.18252	1.0
122.20564	1.0
122.2164	-1.0
122.22248	1.0
122.23832	-1.0
122.24208	-1.0
122.25064	1.0
122.2598	1.0
134.49156	1.0
134.53436	-1.0
134.54704	-1.0
134.57191	1.0
134.5752	1.0
134.58311	-1.0
134.58592	1.0
134.59204	-1.0
134.59468	-1.0
134.60452	1.0
134.611	-1.0
134.61868	1.0
134.62907	-1.0
134.63815	1.0
134.64967	-1.0
134.66208	1.0
134.6666	-1.0
134.67587	1.0
134.71368	1.0
134.72247	-1.0
134.72652	1.0
134.73727	1.0
134.7538	-1.0
134.76036	1.0
134.78864	1.0
134.79823	-1.0
134.80595	1.0
134.81535	-1.0
134.83015	-1.0
134.84451	1.0
134.85036	-1.0
134.8618	1.0
134.88304	1.0
134.89272	-1.0
134.89755	1.0
134.91045	1.0
134.94067	1.0
134.95348	-1.0
134.9716	1.0
134.99445	-1.0
135.00745	-1.0
135.01764	1.0
135.0232	-1.0
135.04028	1.0
135.04349	-1.0
135.07127	1.0
135.0918	-1.0
135.10928	1.0
135.11256	-1.0
135.12717	1.0
135.13036	1.0
135.14915	1.0
135.15268	-1.0
135.1704	1.0
135.1852	1.0
135.20644	1.0
135.22449	-1.0
135.24388	1.0
135.2544	-1.0
135.27573	1.0
135.29852	1.0
135.31264	1.0
135.31525	-1.0
135.33492	1.0
135.34636	-1.0
135.3666	1.0
135.38852	1.0
135.42476	1.0
135.42732	-1.0
135.44437	-1.0
135.46996	1.0
135.4994	1.0
142.23068	-1.0
142.23453	-1.0
142.23708	-1.0
142.26588	1.0
142.28552	-1.0
142.29108	-1.0
142.3058	-1.0
142.31133	1.0
142.31868	-1.0
142.322	-1.0
142.32652	-1.0
142.33424	-1.0
142.34344	-1.0
142.35724	-1.0
142.37044	-1.0
142.38435	-1.0
142.38832	1.0
142.40244	-1.0
142.41023	-1.0
142.41383	-1.0
142.42612	-1.0
142.43216	-1.0
142.44089	-1.0
142.45088	-1.0
142.4534	-1.0
142.46132	-1.0
142.47	-1.0
142.4848	-1.0
142.48744	-1.0
142.50024	1.0
142.51048	-1.0
142.52632	-1.0
142.53143	-1.0
142.53964	-1.0
142.55188	-1.0
142.56836	-1.0
142.58296	-1.0
142.59784	-1.0
142.6028	-1.0
142.62376	-1.0
142.63452	-1.0
142.66176	-1.0
142.68872	-1.0
142.70512	1.0
142.74368	-1.0
142.76717	-1.0
142.79169	-1.0
142.82391	1.0
142.83504	-1.0
142.92	1.0
142.94	1.0
142.9538	-1.0
143.01971	1.0
143.04276	1.0
143.0932	-1.0
143.1	1.0
143.15256	-1.0
143.21512	1.0
143.32063	1.0
152.55733	1.0
152.56705	1.0
152.575	1.0
152.58536	1.0
152.59544	-1.0
152.5988	-1.0
152.60857	1.0
152.62251	-1.0
152.63156	1.0
152.63467	-1.0
152.648	1.0
152.66632	1.0
152.68391	1.0
152.69237	-1.0
152.7014	1.0
152.71696	1.0
152.74551	1.0
152.76932	1.0
152.83896	1.0
160.39185	1.0
160.41035	-1.0
160.41753	-1.0
160.4234	-1.0
160.43127	-1.0
160.4358	-1.0
160.44067	1.0
160.44563	1.0
160.46011	-1.0
160.4734	1.0
160.49016	1.0
160.49548	-1.0
160.51416	1.0
160.51984	-1.0
160.53548	1.0
160.54031	-1.0
160.55025	1.0
160.55472	-1.0
160.56616	1.0
160.58437	1.0
160.61276	1.0
160.64928	1.0
160.66948	1.0
160.69908	1.0
160.73811	1.0
165.9784	-1.0
165.98853	1.0
166.008	1.0
166.02368	1.0
166.03384	1.0
166.04352	1.0
166.0608	1.0
166.09328	1.0
166.09952	-1.0
166.11311	1.0
166.13724	1.0
166.1732	1.0
166.1842	-1.0
166.19592	-1.0
166.25385	1.0
166.27277	1.0
166.30756	1.0
166.33112	1.0
166.34431	1.0
166.39476	1.0
166.41995	1.0
172.39577	-1.0
172.40396	-1.0
172.4112	-1.0
172.4218	-1.0
172.43613	-1.0
172.4504	-1.0
172.477	-1.0
172.50296	1.0
172.5056	-1.0
172.51685	1.0
172.53217	1.0
172.5388	1.0
172.55373	-1.0
172.55753	-1.0
172.56688	-1.0
172.57127	-1.0
172.58072	-1.0
172.591	-1.0
172.5938	1.0
172.60808	-1.0
172.63107	-1.0
172.65875	-1.0
172.67735	1.0
172.68768	-1.0
172.70004	-1.0
172.71931	-1.0
172.88531	1.0
173.34927	-1.0
183.55608	1.0
183.59229	1.0
183.61935	1.0
183.64967	1.0
183.656	-1.0
183.6734	1.0
183.68312	1.0
183.72224	1.0
183.74536	1.0
183.7774	1.0
193.19212	1.0
193.2108	1.0
202.1264	1.0
203.79892	-1.0
203.8042	-1.0
203.81	-1.0
203.82816	-1.0
203.83955	1.0
203.85388	-1.0
203.86736	1.0
203.88144	-1.0
203.88416	-1.0
203.89268	1.0
203.89684	-1.0
203.90125	1.0
203.91309	1.0
203.9218	-1.0
203.934	1.0
203.93948	-1.0
203.95493	-1.0
203.97025	-1.0
203.97935	-1.0
203.98547	-1.0
203.99316	-1.0
204.005	-1.0
204.02	-1.0
204.02556	1.0
204.04488	-1.0
204.05664	1.0
204.0772	-1.0
204.07996	-1.0
204.09148	-1.0
204.09653	-1.0
204.11096	1.0
204.11523	-1.0
204.12344	-1.0
204.14249	-1.0
204.14565	1.0
204.16112	-1.0
204.17764	-1.0
204.19228	-1.0
204.1948	1.0
204.20496	-1.0
204.21068	-1.0
204.21576	-1.0
204.22832	-1.0
204.25452	-1.0
204.26604	-1.0
204.28816	-1.0
204.29564	1.0
204.31172	-1.0
204.33304	1.0
204.33904	-1.0
204.34389	1.0
204.35085	-1.0
204.36688	-1.0
204.37675	1.0
204.39432	-1.0
204.40924	-1.0
204.42207	-1.0
204.4424	1.0
204.45917	-1.0
204.46864	1.0
204.48776	-1.0
204.4974	1.0
204.50288	-1.0
204.53905	1.0
204.5594	1.0
204.58688	1.0
204.61444	1.0
204.61992	-1.0
204.63129	1.0
204.6916	1.0
204.71944	1.0
219.03564	1.0
222.72392	1.0
222.74844	1.0
222.75476	1.0
222.77396	1.0
222.79204	1.0
222.81747	1.0
222.8616	1.0
222.9148	1.0
222.94148	1.0
222.9834	-1.0
222.98596	-1.0
223.0012	-1.0
223.00708	1.0
223.01273	-1.0
223.01823	1.0
223.03128	1.0
223.03508	-1.0
223.067	1.0
223.06984	-1.0
223.08997	1.0
223.09732	-1.0
223.10724	1.0
223.1282	-1.0
223.15584	1.0
223.1736	1.0
223.19576	-1.0
223.21211	1.0
223.21912	-1.0
223.22437	-1.0
223.2388	1.0
223.24504	-1.0
223.24944	1.0
223.25964	-1.0
223.2636	-1.0
223.26971	1.0
223.28896	-1.0
223.2986	1.0
223.3022	-1.0
223.31712	1.0
223.32011	-1.0
223.33788	1.0
223.34564	-1.0
223.36089	1.0
223.36688	-1.0
223.38193	1.0
223.38576	-1.0
223.39565	1.0
223.41212	-1.0
223.42572	1.0
223.43263	-1.0
223.4402	1.0
223.45184	-1.0
223.45853	1.0
223.46916	-1.0
223.47765	1.0
223.49304	-1.0
223.5272	1.0
223.53836	-1.0
223.56165	1.0
223.58864	1.0
223.59177	-1.0
223.60847	1.0
223.64464	1.0
223.67572	1.0
239.119	-1.0
239.1262	-1.0
239.13171	-1.0
239.16592	1.0
239.16856	1.0
239.18793	-1.0
239.20612	1.0
239.2188	1.0
239.227	1.0
239.2468	-1.0
239.25565	-1.0
239.27144	-1.0
239.27504	-1.0
239.28493	1.0
239.30228	-1.0
239.30511	-1.0
239.32004	-1.0
239.33215	-1.0
239.33504	-1.0
239.363	1.0
239.36708	-1.0
239.38605	-1.0
239.53004	-1.0
239.541	1.0
239.55412	-1.0
239.58232	1.0
239.6034	-1.0
239.61652	1.0
239.62956	-1.0
239.64651	-1.0
239.66393	1.0
239.67377	-1.0
239.69864	-1.0
239.72304	-1.0
239.7294	1.0
239.74812	-1.0
239.76929	-1.0
239.77464	1.0
239.79028	1.0
239.79544	-1.0
239.8108	1.0
239.81631	-1.0
239.8278	1.0
239.8416	-1.0
239.86713	-1.0
239.87515	1.0
239.90392	1.0
239.97156	1.0
239.9888	1.0
240.0024	-1.0
240.00957	1.0
240.039	1.0
240.06355	1.0
240.08224	1.0
240.10968	1.0
240.12944	1.0
240.13272	1.0
240.16808	1.0
240.19563	1.0
240.28864	1.0
251.63264	1.0
251.63795	-1.0
251.64484	1.0
251.6896	1.0
251.69724	1.0
251.70688	-1.0
251.71944	1.0
251.73932	-1.0
251.76556	-1.0
251.7732	1.0
251.77888	1.0
251.79048	1.0
251.81136	1.0
251.83588	1.0
251.85532	1.0
251.86449	-1.0
251.8836	1.0
251.89296	-1.0
251.9092	1.0
251.92216	-1.0
251.93408	1.0
251.9554	1.0
251.96677	1.0
251.9844	1.0
252.01569	-1.0
252.02412	1.0
252.0306	-1.0
252.05708	1.0
252.07196	-1.0
252.0896	1.0
252.13828	1.0
252.15616	1.0
252.17204	-1.0
252.18768	1.0
252.21492	1.0
252.24884	1.0
252.25584	-1.0
252.27284	1.0
252.30348	1.0
252.3266	1.0
252.36089	-1.0
252.38356	1.0
252.40176	1.0
252.43784	1.0
252.46408	1.0
256.09732	-1.0
256.10312	-1.0
256.11108	-1.0
256.11627	-1.0
256.1245	-1.0
256.12872	-1.0
256.16995	-1.0
256.1729	-1.0
256.17673	-1.0
256.18417	1.0
256.18777	-1.0
256.1941	1.0
256.20087	1.0
256.204	-1.0
256.2088	-1.0
256.2224	-1.0
256.2249	-1.0
256.24088	-1.0
256.24677	-1.0
256.25748	-1.0
256.2639	-1.0
256.29495	-1.0
256.3105	-1.0
256.31595	-1.0
256.32852	1.0
256.3338	-1.0
256.34427	-1.0
256.35577	-1.0
256.36923	-1.0
256.37732	-1.0
256.4023	-1.0
256.40594	-1.0
256.42468	-1.0
256.43228	-1.0
256.4876	-1.0
256.6556	-1.0
256.73016	-1.0
256.89975	-1.0
256.95123	1.0
284.04477	1.0
284.0628	1.0
284.0727	1.0
284.07788	1.0
284.093	1.0
284.10968	1.0
284.12115	-1.0
284.1385	1.0
284.14505	1.0
284.15	-1.0
284.1622	1.0
284.17496	1.0
284.1899	1.0
284.20724	1.0
284.21005	1.0
284.22263	1.0
284.24008	1.0
284.2617	1.0
284.27167	-1.0
284.28583	-1.0
284.29547	1.0
284.29956	-1.0
284.3079	1.0
284.33945	1.0
284.3482	-1.0
284.36044	1.0
284.3723	1.0
284.38837	-1.0
284.3992	1.0
284.40723	1.0
284.4118	1.0
284.41623	-1.0
284.4332	1.0
284.46725	1.0
284.4795	-1.0
284.48337	1.0
284.50433	-1.0
284.507	1.0
284.51895	1.0
284.52472	-1.0
284.53577	1.0
284.55316	-1.0
284.56393	1.0
284.58188	-1.0
284.59888	1.0
284.61664	1.0
284.6194	-1.0
284.64273	-1.0
284.65704	-1.0
284.67044	-1.0
284.6802	-1.0
284.69016	1.0
284.70587	-1.0
284.728	1.0
284.75592	1.0
284.7734	1.0
284.81772	-1.0
284.8612	1.0
284.93796	1.0
293.96515	-1.0
293.96988	-1.0
293.97244	1.0
293.98233	-1.0
294.00177	-1.0
294.0154	1.0
294.01877	-1.0
294.03088	1.0
294.03812	-1.0
294.05368	1.0
294.0578	-1.0
294.0672	1.0
294.06992	-1.0
294.07465	-1.0
294.0774	-1.0
294.0913	1.0
294.1036	1.0
294.1062	-1.0
294.11203	1.0
294.12317	-1.0
294.12988	1.0
294.1335	1.0
294.14883	-1.0
294.17212	1.0
294.18588	1.0
294.19812	-1.0
294.21124	-1.0
294.2331	-1.0
294.2458	-1.0
294.25507	1.0
294.26276	-1.0
294.27884	-1.0
294.2832	-1.0
294.29477	1.0
294.31003	-1.0
294.32208	-1.0
294.3378	-1.0
294.37204	1.0
294.37643	-1.0
294.38956	-1.0
294.3976	-1.0
294.4074	-1.0
294.41397	1.0
294.42535	-1.0
294.44443	-1.0
294.4583	1.0
294.4659	-1.0
294.48413	-1.0
294.48727	1.0
294.49808	1.0
294.51093	-1.0
294.53085	1.0
294.55203	-1.0
294.55493	-1.0
294.5687	1.0
294.59103	-1.0
294.59647	1.0
294.62695	1.0
294.631	-1.0
294.64764	1.0
294.66995	-1.0
294.6787	1.0
294.6876	-1.0
294.70285	1.0
294.72357	1.0
294.74432	1.0
294.75964	-1.0
294.77927	1.0
294.79376	-1.0
294.8046	1.0
294.83383	1.0
294.8643	1.0
294.8841	1.0
294.909	1.0
294.93356	1.0
294.97183	1.0
295.0144	1.0
308.60272	-1.0
308.60657	-1.0
308.60907	-1.0
308.6184	1.0
308.62244	-1.0
308.64856	1.0
308.66864	1.0
308.68524	-1.0
308.68823	1.0
308.69077	1.0
308.69916	-1.0
308.72757	-1.0
308.73373	-1.0
308.74097	-1.0
308.75833	-1.0
308.7723	1.0
308.78412	-1.0
308.8064	1.0
308.81885	1.0
308.82532	-1.0
308.83884	1.0
308.8414	-1.0
308.8516	1.0
308.86435	-1.0
308.8682	1.0
308.89624	1.0
308.91537	-1.0
308.9352	-1.0
308.9443	1.0
308.95352	1.0
308.9569	1.0
308.95987	-1.0
308.97296	1.0
308.989	-1.0
309.00427	-1.0
309.02792	1.0
309.0453	-1.0
309.04993	1.0
309.06995	1.0
309.08844	-1.0
309.10544	1.0
309.11115	-1.0
309.14175	-1.0
309.1494	1.0
309.16925	1.0
309.19873	1.0
309.2093	1.0
309.23453	1.0
309.25836	-1.0
309.28088	1.0
309.3069	1.0
309.33484	-1.0
309.34647	1.0
309.38293	1.0
309.39062	-1.0
309.49213	-1.0
318.28113	1.0
318.29416	1.0
318.2967	1.0
318.48416	1.0
318.49448	1.0
318.51843	1.0
318.543	1.0
318.54584	-1.0
318.55405	1.0
318.5716	1.0
318.5875	1.0
318.60443	-1.0
318.61316	1.0
318.62512	-1.0
318.64252	1.0
318.66208	1.0
318.69113	1.0
318.7208	1.0
318.72644	-1.0
318.73627	1.0
318.75974	1.0
318.7666	-1.0
318.7886	1.0
318.802	1.0
318.83023	1.0
318.83936	-1.0
318.86	1.0
318.892	1.0
318.916	1.0
318.93167	1.0
318.95947	1.0
318.97897	1.0
319.0067	1.0
319.0222	-1.0
319.03775	1.0
319.09875	1.0
323.10233	-1.0
323.13336	1.0
323.13956	-1.0
323.14444	1.0
323.14935	-1.0
323.15643	-1.0
323.18976	1.0
323.19257	1.0
323.21347	1.0
323.2213	-1.0
323.23575	-1.0
323.2698	-1.0
323.3029	-1.0
323.3832	1.0
323.6966	-1.0
328.8914	1.0
328.90176	1.0
328.9085	1.0
328.9377	1.0
328.9437	-1.0
328.95187	-1.0
328.95728	-1.0
328.95996	1.0
328.97205	1.0
328.9835	1.0
328.9879	-1.0
328.9996	1.0
329.015	1.0
329.04013	1.0
329.06827	1.0
329.08286	1.0
329.09708	1.0
329.11163	-1.0
329.13077	1.0
329.17325	1.0
329.1941	1.0
329.239	1.0
329.2864	1.0
329.344	1.0
329.36508	1.0
332.99808	1.0
335.5385	1.0
336.10864	1.0
336.1183	1.0
336.1446	1.0
336.1792	1.0
336.1876	1.0
336.2118	-1.0
336.22092	1.0
336.22583	-1.0
336.24515	1.0
336.2581	1.0
336.265	-1.0
336.27567	1.0
336.28015	-1.0
336.30276	1.0
336.31943	1.0
336.32425	-1.0
336.34048	1.0
336.34827	-1.0
336.37088	1.0
336.38724	1.0
336.39944	-1.0
336.4212	1.0
336.4378	-1.0
336.447	1.0
336.47003	1.0
336.49197	1.0
336.52713	1.0
336.5655	1.0
336.58112	1.0
338.15848	-1.0
338.16312	-1.0
338.1657	-1.0
338.16925	-1.0
338.1788	-1.0
338.19537	-1.0
338.19852	-1.0
338.24628	-1.0
338.28925	-1.0
338.29776	-1.0
338.3041	-1.0
338.3163	-1.0
338.32663	-1.0
338.34073	-1.0
338.35437	-1.0
338.3594	-1.0
338.3863	-1.0
338.4032	-1.0
338.42285	-1.0
338.43472	-1.0
338.45767	-1.0
338.5298	-1.0
354.61145	1.0
354.62265	1.0
354.63943	1.0
354.64413	-1.0
354.64697	-1.0
354.6518	-1.0
354.65515	-1.0
354.6591	-1.0
354.69135	-1.0
354.75012	-1.0
354.77936	-1.0
354.78336	1.0
354.79395	-1.0
354.79993	-1.0
354.82916	-1.0
354.8576	-1.0
354.8928	-1.0
354.8955	-1.0
354.94168	-1.0
354.95776	-1.0
354.97205	-1.0
355.00653	-1.0
355.19467	1.0
355.24332	1.0
362.5698	1.0
362.57248	-1.0
362.57773	1.0
362.5844	1.0
362.60303	1.0
362.61227	1.0
362.64395	1.0
362.67816	1.0
363.7985	1.0
371.0467	1.0
371.0492	-1.0
371.0569	-1.0
371.07407	1.0
371.09335	1.0
371.10336	1.0
371.10773	1.0
371.11484	-1.0
371.12152	1.0
371.1268	-1.0
371.1345	1.0
371.1386	-1.0
371.1532	1.0
371.16333	1.0
371.17712	1.0
371.1838	-1.0
371.18765	1.0
371.2213	1.0
371.26367	1.0
371.28003	1.0
371.3064	1.0
371.32944	1.0
371.33868	-1.0
371.36548	1.0
371.38116	1.0
371.4042	1.0
371.41528	-1.0
371.43976	1.0
371.45065	1.0
371.47223	1.0
371.50772	1.0
371.5613	1.0
371.58807	1.0
371.62897	1.0
371.66388	1.0
371.71417	1.0
371.78333	1.0
375.63	-1.0
375.6358	-1.0
375.64145	-1.0
375.6446	-1.0
375.64725	-1.0
375.6602	-1.0
375.6754	-1.0
375.67917	-1.0
375.69785	1.0
375.72876	-1.0
375.78705	-1.0
375.79507	1.0
375.80283	-1.0
375.80945	-1.0
375.82828	-1.0
375.84845	-1.0
375.85153	-1.0
376.25775	1.0
383.45325	-1.0
383.45877	-1.0
383.47083	-1.0
383.4936	-1.0
383.54376	1.0
383.54727	-1.0
383.55423	-1.0
383.6002	1.0
383.60312	1.0
383.6178	1.0
393.55487	1.0
393.5659	-1.0
393.57047	1.0
393.58127	-1.0
393.5855	-1.0
393.59763	1.0
393.634	-1.0
393.65335	-1.0
393.65805	-1.0
393.6699	1.0
393.67816	1.0
393.70117	-1.0
393.71417	1.0
393.74173	-1.0
393.74487	1.0
393.74844	1.0
393.75815	-1.0
393.7768	1.0
393.7817	-1.0
393.79703	-1.0
393.82172	1.0
393.82877	1.0
393.84363	1.0
393.8462	-1.0
393.85565	1.0
393.866	-1.0
393.88712	1.0
393.9136	1.0
393.95737	1.0
393.98608	1.0
394.01788	1.0
403.48065	1.0
403.49295	1.0
403.50217	1.0
403.5115	1.0
403.51413	-1.0
403.53055	1.0
403.53683	-1.0
403.55048	1.0
403.5559	-1.0
403.56503	1.0
403.5761	1.0
403.59424	-1.0
403.61444	1.0
403.62573	-1.0
403.63187	1.0
403.6426	-1.0
403.64944	1.0
403.6788	1.0
403.69897	1.0
403.7036	-1.0
403.71765	1.0
403.7392	-1.0
403.74188	1.0
403.7508	-1.0
403.76752	1.0
403.7704	1.0
403.79285	1.0
403.79868	1.0
403.8087	1.0
403.81393	-1.0
403.8392	1.0
403.85873	1.0
403.87875	1.0
403.90063	1.0
403.9116	-1.0
403.92587	1.0
403.9413	1.0
403.9593	-1.0
403.9843	1.0
403.9965	1.0
404.01248	1.0
404.03647	-1.0
404.0609	1.0
404.09476	1.0
404.1206	-1.0
404.1262	1.0
404.15973	1.0
404.1712	-1.0
404.18704	1.0
404.21097	1.0
404.23923	1.0
404.2501	-1.0
404.2626	1.0
404.28525	1.0
404.32248	1.0
404.34308	-1.0
404.3492	1.0
404.3726	1.0
404.37683	-1.0
404.41275	1.0
404.48016	1.0
409.88217	1.0
409.9014	1.0
409.90796	1.0
409.92047	-1.0
409.92804	1.0
409.93835	1.0
409.949	1.0
409.96396	1.0
409.97824	1.0
409.9862	-1.0
410.00024	1.0
410.0212	-1.0
410.05273	1.0
410.06723	1.0
410.075	1.0
410.0898	1.0
410.09357	-1.0
410.10568	1.0
410.13763	1.0
410.1524	1.0
410.17636	1.0
410.17917	1.0
410.193	1.0
410.20743	1.0
410.212	-1.0
410.23376	1.0
410.23776	-1.0
410.27075	1.0
410.31592	1.0
410.34784	1.0
410.36188	1.0
410.45355	1.0
417.5748	1.0
417.59857	-1.0
417.6035	-1.0
417.60663	-1.0
417.61035	-1.0
417.65793	1.0
417.69675	-1.0
417.71133	1.0
417.7559	1.0
417.76016	-1.0
417.76624	1.0
417.77567	1.0
417.78107	-1.0
417.79547	1.0
417.80453	1.0
417.8249	1.0
417.84363	1.0
417.85297	-1.0
417.85965	-1.0
417.87515	1.0
417.88223	-1.0
417.89297	1.0
417.91165	1.0
417.93097	1.0
417.9448	-1.0
417.953	1.0
417.98297	-1.0
417.99896	1.0
418.0274	-1.0
418.03064	1.0
418.0422	-1.0
418.04633	1.0
418.0648	1.0
418.07285	-1.0
418.081	-1.0
418.10583	1.0
418.1214	1.0
418.1446	1.0
418.16376	1.0
418.17313	-1.0
418.19943	-1.0
418.20645	-1.0
418.2106	1.0
418.23196	-1.0
418.2434	1.0
418.272	-1.0
418.2875	-1.0
418.29013	-1.0
418.30453	-1.0
418.3254	1.0
418.3374	-1.0
418.34363	1.0
418.36044	1.0
418.36813	-1.0
418.3814	1.0
418.3969	-1.0
418.40213	1.0
418.42755	1.0
418.43228	-1.0
418.44397	1.0
418.45264	-1.0
418.4604	1.0
418.48267	-1.0
418.48776	-1.0
418.4984	-1.0
418.50244	1.0
418.5187	1.0
418.55588	1.0
418.5945	1.0
423.21927	1.0
438.40085	1.0
444.456	1.0
444.5132	-1.0
444.51572	-1.0
444.5196	-1.0
444.52316	-1.0
444.5263	1.0
444.5297	1.0
444.53848	-1.0
444.54367	1.0
444.57037	-1.0
444.57785	1.0
444.5932	-1.0
444.63275	1.0
444.63647	-1.0
444.65283	-1.0
444.6681	-1.0
444.67273	-1.0
444.6896	1.0
444.71387	-1.0
444.7398	-1.0
444.74347	-1.0
444.7891	-1.0
444.7954	-1.0
444.83215	-1.0
444.85727	-1.0
444.8886	-1.0
445.0062	-1.0
445.02484	1.0
445.05423	1.0
445.06015	-1.0
445.1444	-1.0
445.16757	-1.0
445.19843	-1.0
445.21667	1.0
445.29535	1.0
445.35175	1.0
445.36127	-1.0
457.5514	-1.0
457.59192	1.0
457.60272	1.0
457.60965	1.0
457.67133	1.0
457.7148	1.0
457.72928	1.0
457.7382	1.0
457.75073	-1.0
457.76147	1.0
457.79715	1.0
457.81433	1.0
457.82925	1.0
457.84628	-1.0
457.86273	1.0
457.8804	1.0
457.9012	1.0
457.90915	-1.0
457.91885	1.0
457.9307	-1.0
457.9419	1.0
457.95493	1.0
457.98053	-1.0
457.9941	1.0
458.0028	1.0
458.02332	1.0
458.05368	1.0
458.0696	-1.0
458.077	1.0
458.10208	1.0
458.11646	1.0
458.1352	1.0
468.25336	1.0
468.27704	1.0
468.28244	1.0
468.2853	1.0
468.30545	1.0
468.3604	1.0
471.72217	1.0
471.73013	1.0
471.75485	1.0
471.76016	1.0
471.76266	-1.0
471.77023	1.0
471.7921	-1.0
471.80276	-1.0
471.80704	1.0
471.82556	1.0
471.83005	-1.0
471.8445	1.0
471.8528	-1.0
471.8696	1.0
471.87512	-1.0
471.91312	1.0
471.92422	1.0
471.93063	-1.0
471.93588	1.0
471.95224	1.0
471.95715	-1.0
471.9871	-1.0
471.99005	-1.0
471.99625	1.0
472.00845	-1.0
472.02496	1.0
472.02835	-1.0
472.0501	1.0
472.06668	1.0
472.07016	1.0
472.08707	1.0
472.10657	-1.0
472.12827	1.0
472.13248	1.0
472.13663	-1.0
472.14627	1.0
472.15433	-1.0
472.16302	-1.0
472.17593	1.0
472.18585	-1.0
472.19797	1.0
472.20404	-1.0
472.21603	1.0
472.22348	-1.0
472.2391	1.0
472.24677	-1.0
472.26508	1.0
472.28595	1.0
472.3004	-1.0
472.31436	1.0
472.33023	-1.0
472.3658	-1.0
472.36905	1.0
472.3834	1.0
472.38788	-1.0
472.40335	1.0
472.41507	-1.0
472.43353	-1.0
472.4373	-1.0
472.45053	1.0
472.46317	-1.0
472.47113	1.0
472.49435	-1.0
472.50803	1.0
472.5251	-1.0
472.55988	-1.0
472.57532	1.0
472.60712	1.0
472.63504	1.0
472.6602	1.0
472.6942	1.0
476.17496	1.0
476.18384	-1.0
476.18707	-1.0
476.1898	-1.0
476.2004	-1.0
476.2176	-1.0
476.22168	1.0
476.24664	-1.0
476.24924	-1.0
476.257	-1.0
476.26505	-1.0
476.27228	-1.0
476.29092	1.0
476.30417	-1.0
476.30707	1.0
476.3128	-1.0
476.32376	-1.0
476.33755	1.0
476.35236	-1.0
476.35876	-1.0
476.3751	-1.0
476.39093	-1.0
476.39963	-1.0
476.41443	-1.0
476.43372	-1.0
476.439	-1.0
476.44675	-1.0
476.45056	1.0
476.45584	-1.0
476.46127	-1.0
476.47955	-1.0
476.49396	-1.0
476.51187	-1.0
476.51733	-1.0
476.5261	-1.0
476.54523	-1.0
476.5614	1.0
476.58228	-1.0
476.6049	-1.0
476.62448	-1.0
476.65668	-1.0
476.67377	-1.0
476.68964	1.0
476.73404	-1.0
476.75128	1.0
476.76736	1.0
476.77292	-1.0
476.78223	1.0
476.7972	1.0
476.83264	-1.0
476.84772	-1.0
476.88065	1.0
476.88763	-1.0
476.89908	1.0
476.91583	1.0
476.95276	-1.0
476.9572	1.0
476.98483	1.0
477.00336	1.0
477.0104	-1.0
477.0302	1.0
477.06448	-1.0
477.11197	1.0
477.1287	1.0
477.15985	1.0
485.52933	-1.0
485.53256	-1.0
485.54187	-1.0
485.54453	-1.0
485.55252	1.0
485.5696	1.0
485.5764	-1.0
485.59393	-1.0
485.59995	-1.0
485.6104	-1.0
485.61526	-1.0
485.63116	-1.0
485.63763	-1.0
485.6644	-1.0
485.6797	-1.0
485.68604	-1.0
485.69223	1.0
485.69724	1.0
485.70837	-1.0
485.7226	-1.0
485.72675	-1.0
485.73407	-1.0
485.73813	-1.0
485.74808	-1.0
485.755	-1.0
485.76413	-1.0
485.7724	-1.0
485.77792	-1.0
485.7859	-1.0
486.0646	1.0
486.17392	1.0
486.20535	-1.0
486.26096	1.0
486.3006	-1.0
486.35492	1.0
486.4963	1.0
486.57324	1.0
488.72293	-1.0
497.7252	-1.0
500.83264	1.0
500.8424	1.0
500.85413	1.0
500.86707	1.0
500.89087	1.0
500.94165	1.0
512.1945	-1.0
512.1991	-1.0
512.204	-1.0
512.2068	-1.0
512.21027	1.0
512.23114	1.0
512.25854	-1.0
512.2686	-1.0
512.27344	-1.0
512.28406	-1.0
512.29193	-1.0
512.29913	-1.0
512.3202	1.0
512.32306	-1.0
512.3341	-1.0
512.3371	-1.0
512.37195	-1.0
512.3887	1.0
512.4134	-1.0
512.4192	-1.0
512.4529	-1.0
512.49445	-1.0
512.64246	-1.0
512.6728	-1.0
512.745	-1.0
512.75415	1.0
512.7782	-1.0
512.80536	-1.0
512.8094	1.0
512.86346	1.0
512.868	-1.0
512.89557	-1.0
512.9001	1.0
512.9146	-1.0
512.9824	1.0
512.9915	-1.0
513.0135	1.0
513.0334	1.0
513.06104	1.0
513.0894	1.0
513.1172	1.0
513.1509	1.0
513.1716	1.0
513.19714	1.0
513.2396	1.0
521.86035	1.0
521.8761	1.0
521.88446	1.0
521.9065	-1.0
521.9097	1.0
521.913	1.0
521.91907	-1.0
521.95386	1.0
521.96173	1.0
521.9688	1.0
521.98193	1.0
521.98645	-1.0
522.0253	1.0
522.11346	1.0
522.40753	1.0
522.4428	1.0
522.4907	1.0
522.5149	1.0
526.2718	-1.0
526.2812	-1.0
526.3052	-1.0
526.3081	-1.0
526.3162	-1.0
526.33606	-1.0
526.3863	-1.0
526.4153	1.0
526.4302	-1.0
526.48926	-1.0
526.4921	-1.0
526.7259	1.0
526.80396	1.0
552.2931	-1.0
552.3002	-1.0
552.31854	1.0
552.3325	1.0
552.3509	-1.0
552.36487	-1.0
552.3674	-1.0
552.3758	-1.0
552.3812	1.0
552.38434	-1.0
552.40643	-1.0
552.41565	1.0
552.43066	1.0
552.4339	-1.0
552.44135	-1.0
552.4463	-1.0
552.4497	-1.0
552.4531	-1.0
552.4608	-1.0
552.46844	-1.0
552.4736	-1.0
552.4819	-1.0
552.4844	1.0
552.48865	-1.0
552.49164	1.0
552.4994	-1.0
552.50305	1.0
552.5069	-1.0
552.5177	-1.0
552.5342	-1.0
552.55646	-1.0
552.5702	1.0
552.574	-1.0
552.5874	-1.0
552.60034	-1.0
552.6185	-1.0
552.6341	-1.0
552.6493	1.0
552.66296	-1.0
552.6743	-1.0
552.68146	-1.0
552.6951	-1.0
552.7145	-1.0
552.7283	-1.0
552.744	-1.0
552.7523	-1.0
552.7596	1.0
552.7634	-1.0
552.7809	1.0
552.7974	-1.0
552.8141	1.0
552.8168	1.0
552.8285	-1.0
552.8364	1.0
552.8529	1.0
552.8707	1.0
552.87445	-1.0
552.8842	-1.0
552.9021	1.0
552.9072	-1.0
552.9131	1.0
552.92993	-1.0
552.94305	-1.0
552.96234	-1.0
552.9847	1.0
552.99335	-1.0
553.0084	-1.0
553.0481	1.0
553.0755	-1.0
553.08514	-1.0
553.1004	1.0
553.1298	1.0
553.13794	-1.0
553.1563	1.0
553.19006	1.0
553.2039	1.0
553.20966	-1.0
553.2244	1.0
553.2405	1.0
553.2651	1.0
553.2879	-1.0
553.3114	1.0
553.3329	1.0
553.35767	1.0
553.3824	1.0
564.0442	1.0
564.0639	1.0
564.0743	1.0
564.08344	1.0
564.08887	-1.0
564.0999	1.0
564.105	-1.0
564.1144	1.0
564.12305	-1.0
564.1273	1.0
564.1549	1.0
564.1765	1.0
564.18835	-1.0
564.2099	1.0
564.233	1.0
564.2456	1.0
564.2654	1.0
564.29266	1.0
564.29974	-1.0
574.48914	-1.0
574.5272	-1.0
574.5328	-1.0
574.53796	1.0
574.5416	-1.0
574.5441	-1.0
574.55707	-1.0
574.55994	-1.0
574.56757	1.0
574.5785	-1.0
574.5841	1.0
574.5871	-1.0
574.5938	-1.0
574.59863	-1.0
574.62036	-1.0
574.6307	-1.0
574.6484	-1.0
574.6512	-1.0
574.6652	-1.0
574.6834	-1.0
574.69354	-1.0
574.70233	-1.0
574.70575	-1.0
574.7497	-1.0
574.76373	-1.0
574.7743	-1.0
574.7855	-1.0
574.80743	-1.0
574.8638	-1.0
574.8808	-1.0
574.88983	1.0
574.8971	-1.0
574.9634	-1.0
584.86865	1.0
584.8803	1.0
584.8944	-1.0
584.9086	1.0
584.91406	1.0
584.917	-1.0
584.9309	-1.0
584.9419	-1.0
584.95715	1.0
584.9632	-1.0
584.96906	-1.0
584.97626	1.0
584.9858	-1.0
585.00085	1.0
585.0184	1.0
585.03235	1.0
585.0442	1.0
585.04846	-1.0
585.06696	1.0
585.092	1.0
585.103	1.0
585.1096	-1.0
585.1234	1.0
585.1368	1.0
585.145	-1.0
585.1692	1.0
585.17535	-1.0
585.1825	1.0
585.1952	1.0
585.19867	1.0
585.20654	-1.0
585.2338	1.0
585.23804	-1.0
585.2754	1.0
585.29376	1.0
585.2971	-1.0
585.31287	1.0
585.33295	1.0
585.3404	-1.0
585.34686	1.0
585.36945	1.0
585.38306	1.0
585.3882	-1.0
585.4072	-1.0
585.4137	1.0
585.4309	1.0
585.4377	-1.0
585.44794	1.0
585.4653	1.0
585.4679	-1.0
585.4918	1.0
585.4988	-1.0
585.5123	1.0
585.54126	1.0
585.58575	1.0
585.60974	-1.0
585.63086	1.0
585.6467	1.0
585.6821	1.0
585.7086	1.0
585.7346	1.0
585.76746	1.0
