0.66904	-1.0
0.70512	-1.0
0.79232	-1.0
0.80824	-1.0
0.85804	-1.0
0.87904	-1.0
0.92724	-1.0
0.95804	-1.0
1.44784	-1.0
1.52936	-1.0
1.56764	-1.0
1.67528	-1.0
21.6786	-1.0
21.69232	-1.0
21.87416	-1.0
21.88428	-1.0
34.41436	-1.0
34.45928	-1.0
34.50428	-1.0
34.60332	-1.0
34.64176	-1.0
34.67696	-1.0
34.70308	-1.0
34.83876	-1.0
34.92444	-1.0
43.10924	-1.0
43.24652	-1.0
43.26604	-1.0
43.3186	-1.0
43.57624	-1.0
43.66944	-1.0
43.6766	-1.0
43.68036	-1.0
43.6938	-1.0
43.74104	-1.0
43.8228	-1.0
43.96348	-1.0
44.00168	-1.0
44.02188	-1.0
44.07036	-1.0
51.4162	-1.0
51.6786	-1.0
51.70492	-1.0
51.87052	-1.0
56.08468	-1.0
67.56428	-1.0
67.61068	-1.0
67.6744	-1.0
67.73732	-1.0
67.78384	-1.0
67.82864	-1.0
80.61356	-1.0
80.63236	-1.0
80.67076	-1.0
80.73764	-1.0
80.83708	-1.0
81.0592	-1.0
92.71912	-1.0
92.73868	-1.0
92.77272	-1.0
92.79064	-1.0
92.89372	-1.0
93.617	-1.0
93.66808	-1.0
93.75984	-1.0
111.57044	-1.0
111.57384	-1.0
111.60152	-1.0
111.6322	-1.0
111.67788	-1.0
111.73748	-1.0
111.78596	-1.0
111.80904	-1.0
134.5436	-1.0
134.59732	-1.0
134.61932	-1.0
134.63408	-1.0
134.75584	-1.0
134.96092	-1.0
135.09412	-1.0
142.25797	-1.0
142.27193	-1.0
142.29095	-1.0
142.30356	-1.0
142.32297	-1.0
142.32709	-1.0
142.33624	-1.0
142.36852	-1.0
142.415	-1.0
142.48396	-1.0
142.55351	-1.0
142.62668	-1.0
142.86543	-1.0
143.1572	-1.0
143.37352	-1.0
143.46477	-1.0
152.65453	-1.0
152.6882	-1.0
160.40845	-1.0
160.46832	-1.0
160.47836	-1.0
160.51093	-1.0
166.06656	-1.0
166.11787	-1.0
166.15976	-1.0
166.20384	-1.0
172.34404	-1.0
172.45212	-1.0
172.49129	-1.0
172.51672	-1.0
172.5332	-1.0
172.55511	-1.0
172.56728	-1.0
172.59384	-1.0
172.63576	-1.0
172.68456	1.0
183.63824	-1.0
183.65211	-1.0
184.4474	1.0
190.13203	-1.0
193.26132	-1.0
203.815	-1.0
203.85936	-1.0
203.89052	-1.0
203.90536	-1.0
203.94913	-1.0
203.984	1.0
204.00536	-1.0
204.02048	-1.0
204.0424	-1.0
204.23592	-1.0
204.40591	-1.0
204.43176	-1.0
204.82265	-1.0
204.83644	-1.0
222.76904	-1.0
222.82248	-1.0
222.96352	-1.0
222.9714	-1.0
222.99763	-1.0
223.0142	-1.0
223.04248	-1.0
223.0968	-1.0
239.07845	-1.0
239.12672	-1.0
239.19077	-1.0
239.22032	-1.0
239.24228	-1.0
239.26952	-1.0
239.3056	-1.0
239.34012	-1.0
239.3598	-1.0
239.47284	-1.0
239.50508	-1.0
245.11548	-1.0
251.6576	-1.0
251.76936	-1.0
251.80827	-1.0
251.92764	-1.0
252.01569	-1.0
256.1129	-1.0
256.2294	-1.0
256.23645	-1.0
256.27335	-1.0
256.3108	-1.0
256.32895	-1.0
256.34204	-1.0
256.439	-1.0
256.60675	-1.0
256.9337	-1.0
284.06836	-1.0
284.08105	-1.0
284.13428	-1.0
284.1855	-1.0
284.20767	-1.0
284.2217	-1.0
284.27988	-1.0
284.3856	-1.0
284.44888	-1.0
284.55435	-1.0
293.95435	-1.0
293.9738	-1.0
294.029	-1.0
294.05225	-1.0
294.05655	-1.0
294.209	-1.0
294.53156	-1.0
294.64584	-1.0
295.00308	-1.0
308.62656	-1.0
308.66995	-1.0
308.71457	-1.0
308.8304	-1.0
308.8558	-1.0
309.03012	-1.0
309.2037	-1.0
309.3338	-1.0
318.22324	-1.0
318.57523	-1.0
318.59924	-1.0
318.82495	-1.0
318.84225	-1.0
318.97385	-1.0
323.03235	-1.0
323.1346	-1.0
323.14056	-1.0
323.1694	-1.0
323.17416	-1.0
323.41644	-1.0
328.96237	-1.0
328.99844	-1.0
329.38547	-1.0
335.49225	-1.0
336.23288	-1.0
336.3087	-1.0
336.37592	-1.0
338.20175	-1.0
338.23987	-1.0
338.28717	-1.0
338.3115	-1.0
338.36523	-1.0
338.5819	-1.0
341.56387	-1.0
354.7589	-1.0
354.8039	-1.0
355.01852	-1.0
362.56128	-1.0
371.04575	-1.0
371.1572	-1.0
371.33704	-1.0
371.382	-1.0
375.7765	-1.0
375.85464	1.0
390.71628	-1.0
393.56763	-1.0
393.57697	-1.0
393.63303	-1.0
393.64062	-1.0
393.65576	-1.0
393.68848	-1.0
393.74725	-1.0
393.98877	-1.0
402.61105	1.0
403.54428	-1.0
403.5753	-1.0
403.66357	-1.0
403.6844	-1.0
403.75427	-1.0
403.81335	-1.0
403.8744	-1.0
404.03732	-1.0
409.95743	-1.0
410.06644	-1.0
410.182	-1.0
410.24716	-1.0
417.60608	-1.0
417.6686	-1.0
417.7779	-1.0
417.78296	-1.0
417.86353	-1.0
417.9162	-1.0
418.10483	-1.0
418.20367	-1.0
418.3007	-1.0
423.14893	-1.0
438.2352	-1.0
438.28833	-1.0
438.3134	-1.0
444.42017	-1.0
444.5258	-1.0
444.52927	-1.0
444.6443	-1.0
444.652	-1.0
444.6738	-1.0
444.68915	-1.0
444.75787	-1.0
445.3486	-1.0
445.51508	-1.0
457.77927	-1.0
457.88556	-1.0
457.95975	-1.0
458.03168	-1.0
458.07047	-1.0
468.20084	-1.0
468.25256	-1.0
468.28308	-1.0
471.792	-1.0
471.83115	-1.0
471.915	-1.0
472.18152	-1.0
472.20456	-1.0
472.31436	-1.0
474.70175	-1.0
476.19064	-1.0
476.197	-1.0
476.24033	-1.0
476.25604	-1.0
476.32227	-1.0
476.3423	-1.0
476.40317	-1.0
476.4131	-1.0
476.44452	-1.0
476.44727	-1.0
485.45645	-1.0
485.57288	-1.0
485.59464	-1.0
485.619	-1.0
485.64032	-1.0
485.73117	-1.0
485.97003	-1.0
500.74026	-1.0
512.19775	-1.0
512.2194	-1.0
512.2348	-1.0
512.2515	-1.0
512.3017	-1.0
512.30475	-1.0
512.3365	1.0
513.0335	-1.0
513.17065	-1.0
521.92426	-1.0
522.08606	-1.0
522.1332	-1.0
526.3	-1.0
552.29626	-1.0
552.30115	-1.0
552.3553	-1.0
552.36365	-1.0
552.48016	-1.0
552.55927	-1.0
552.6333	-1.0
552.63873	-1.0
552.6666	-1.0
552.9179	-1.0
553.2483	-1.0
553.3804	-1.0
557.7408	1.0
564.0501	-1.0
564.08	-1.0
564.17346	-1.0
564.2191	-1.0
574.4352	-1.0
574.54553	-1.0
574.56213	-1.0
574.5649	-1.0
574.5773	-1.0
574.59143	-1.0
574.6708	-1.0
574.70447	-1.0
574.74365	-1.0
574.7609	-1.0
584.8725	-1.0
584.93726	-1.0
584.96356	-1.0
585.0162	-1.0
585.1159	-1.0
585.13855	-1.0
