0.53732	-1.0
0.54956	-1.0
0.57192	1.0
0.57772	1.0
0.58356	1.0
0.5884	1.0
0.60388	1.0
0.61488	1.0
0.6196	-1.0
0.62212	-1.0
0.64552	1.0
0.68024	1.0
0.68848	-1.0
0.70332	-1.0
0.76616	-1.0
0.80276	1.0
0.94604	-1.0
1.25076	-1.0
21.70452	-1.0
21.73888	-1.0
21.76448	-1.0
21.78348	-1.0
21.81216	-1.0
34.41232	1.0
34.42192	1.0
34.46756	-1.0
34.48632	-1.0
34.5026	-1.0
34.52812	1.0
34.63944	-1.0
34.6472	1.0
34.7016	-1.0
34.73596	-1.0
34.79072	-1.0
34.90272	-1.0
43.21816	-1.0
43.2478	-1.0
43.66296	1.0
43.67096	1.0
43.67684	-1.0
43.69452	1.0
43.70416	-1.0
43.7192	1.0
43.74848	1.0
43.83756	-1.0
43.88584	-1.0
43.9246	-1.0
43.96392	-1.0
44.341	-1.0
51.72324	-1.0
55.96344	-1.0
56.03724	-1.0
67.55124	1.0
67.55952	1.0
67.59156	1.0
67.62216	-1.0
67.63348	-1.0
67.64364	1.0
67.65088	-1.0
67.67256	-1.0
67.7704	1.0
67.77508	-1.0
67.88056	-1.0
67.89504	-1.0
67.95016	-1.0
67.99076	-1.0
68.09488	-1.0
68.3608	-1.0
80.5628	-1.0
80.58376	-1.0
80.60052	-1.0
80.6274	-1.0
80.637	-1.0
88.82624	1.0
92.63008	-1.0
92.64144	1.0
92.64572	1.0
92.65688	-1.0
92.66536	-1.0
92.68272	1.0
92.68828	-1.0
92.69808	-1.0
92.7024	1.0
92.7342	-1.0
92.7536	-1.0
92.78408	-1.0
92.838	-1.0
92.8414	-1.0
92.85016	-1.0
92.88776	-1.0
92.896	-1.0
111.57164	-1.0
111.5796	-1.0
111.61148	-1.0
111.68864	-1.0
111.71072	-1.0
111.75132	-1.0
111.7758	-1.0
111.8624	-1.0
112.01116	-1.0
134.17264	-1.0
134.54388	-1.0
134.5526	-1.0
134.618	-1.0
134.66368	-1.0
134.69524	-1.0
134.83575	-1.0
142.2302	1.0
142.23325	-1.0
142.25407	1.0
142.26411	-1.0
142.28476	-1.0
142.29872	-1.0
142.31844	-1.0
142.3232	-1.0
142.32603	1.0
142.35236	-1.0
142.37096	-1.0
142.385	1.0
142.38972	-1.0
142.40012	1.0
142.42664	-1.0
142.55795	-1.0
142.64755	-1.0
142.93024	-1.0
143.0926	-1.0
143.39044	-1.0
152.60065	-1.0
152.62724	-1.0
157.42123	1.0
160.40848	-1.0
160.42387	-1.0
160.46016	-1.0
160.50652	-1.0
160.54344	-1.0
166.27272	-1.0
172.37944	-1.0
172.39104	-1.0
172.3978	1.0
172.40665	1.0
172.41316	-1.0
172.43596	1.0
172.4464	-1.0
172.4536	-1.0
172.4694	1.0
172.48004	-1.0
172.4896	-1.0
172.50136	1.0
172.52892	1.0
172.54852	-1.0
172.57344	1.0
172.58072	-1.0
172.59315	1.0
172.6426	-1.0
172.68436	1.0
172.73676	1.0
172.77216	-1.0
172.812	-1.0
172.83047	-1.0
174.2012	-1.0
174.93263	-1.0
175.20944	-1.0
175.70448	-1.0
183.65048	-1.0
183.71996	-1.0
203.80144	-1.0
203.81404	1.0
203.82452	1.0
203.84492	1.0
203.88235	-1.0
203.90204	-1.0
203.9248	-1.0
203.953	1.0
203.98048	-1.0
204.01749	1.0
204.03728	1.0
204.04056	-1.0
204.1592	-1.0
204.18172	-1.0
204.49171	-1.0
210.58844	-1.0
222.78291	-1.0
222.81197	-1.0
223.0032	-1.0
223.01176	-1.0
223.06848	-1.0
239.11852	1.0
239.125	1.0
239.13773	-1.0
239.177	-1.0
239.22057	-1.0
239.25108	-1.0
239.33353	-1.0
239.36153	-1.0
239.41968	-1.0
239.65004	-1.0
239.73024	-1.0
239.76804	-1.0
251.71988	-1.0
251.74428	-1.0
251.80264	-1.0
251.81552	-1.0
256.0982	-1.0
256.1067	1.0
256.11465	1.0
256.12747	1.0
256.1465	1.0
256.16232	1.0
256.16852	-1.0
256.17285	1.0
256.1851	-1.0
256.19592	-1.0
256.2325	1.0
256.26523	-1.0
256.273	-1.0
256.34763	-1.0
256.45193	-1.0
256.4951	-1.0
256.52188	-1.0
256.55093	-1.0
284.06815	-1.0
284.0855	-1.0
284.11063	-1.0
284.18304	-1.0
284.2315	-1.0
284.4292	-1.0
293.9645	1.0
293.9723	1.0
293.99408	1.0
294.03873	1.0
294.11856	1.0
294.1211	-1.0
294.1508	-1.0
294.18784	-1.0
294.22873	-1.0
294.31525	-1.0
294.37427	-1.0
308.601	1.0
308.60785	-1.0
308.62283	1.0
308.638	1.0
308.64963	-1.0
308.67224	-1.0
308.69232	-1.0
308.77933	-1.0
308.8404	-1.0
308.97153	-1.0
309.17236	-1.0
318.29196	-1.0
318.56708	-1.0
318.60513	-1.0
318.6475	-1.0
318.86884	-1.0
323.1325	-1.0
323.14227	-1.0
323.145	1.0
323.15707	-1.0
323.1772	1.0
323.18088	1.0
323.18533	-1.0
323.2166	-1.0
323.3115	-1.0
328.9288	-1.0
328.95245	-1.0
328.96188	-1.0
329.01974	-1.0
336.2469	-1.0
336.4049	-1.0
338.15747	-1.0
338.1605	1.0
338.1666	-1.0
338.17905	1.0
338.24734	1.0
338.25635	-1.0
338.2912	1.0
338.30743	-1.0
338.35577	1.0
338.3828	1.0
338.392	-1.0
338.50745	-1.0
338.52707	-1.0
338.53088	1.0
338.67676	-1.0
354.60245	-1.0
354.64728	1.0
354.66217	1.0
354.6852	-1.0
354.71777	1.0
354.73145	1.0
354.751	1.0
354.76028	-1.0
354.81995	-1.0
354.8554	1.0
354.94705	-1.0
355.00772	1.0
355.2151	-1.0
355.33633	-1.0
362.54047	-1.0
371.0563	-1.0
371.0718	-1.0
371.131	-1.0
371.17276	-1.0
375.60803	-1.0
375.619	-1.0
375.6269	-1.0
375.6348	1.0
375.65912	1.0
375.68085	1.0
375.7093	1.0
375.7487	1.0
375.7776	1.0
375.78735	-1.0
375.8433	1.0
383.4506	1.0
383.4569	1.0
383.46747	-1.0
383.47763	1.0
383.503	1.0
383.50665	-1.0
383.56595	-1.0
383.58456	-1.0
383.67923	-1.0
393.5637	-1.0
393.57828	-1.0
393.5934	-1.0
393.63715	-1.0
393.6825	-1.0
393.6854	-1.0
393.7432	-1.0
393.7662	-1.0
393.80405	-1.0
403.49915	-1.0
403.52988	-1.0
403.55017	-1.0
403.57492	-1.0
403.61316	-1.0
403.966	-1.0
409.9283	-1.0
409.9404	-1.0
409.9589	-1.0
410.0042	-1.0
410.02484	-1.0
410.09012	-1.0
417.59637	-1.0
417.6052	1.0
417.62592	-1.0
417.7438	-1.0
417.77405	-1.0
417.83435	-1.0
417.87195	-1.0
418.04916	-1.0
418.19025	-1.0
420.84244	1.0
438.258	-1.0
438.3024	-1.0
444.43832	-1.0
444.5125	1.0
444.5169	1.0
444.52847	1.0
444.53735	-1.0
444.55164	-1.0
444.56995	-1.0
444.59116	-1.0
444.6247	1.0
444.64935	-1.0
444.7477	-1.0
444.79947	-1.0
445.42255	-1.0
457.76645	-1.0
457.78424	-1.0
457.85144	-1.0
457.9008	-1.0
457.92245	-1.0
457.9719	-1.0
468.277	-1.0
468.29752	-1.0
471.78485	-1.0
471.79404	-1.0
471.81583	-1.0
471.89905	-1.0
476.18933	-1.0
476.2069	1.0
476.22107	-1.0
476.2299	1.0
476.24146	-1.0
476.25616	-1.0
476.27032	-1.0
476.29895	-1.0
476.3078	-1.0
476.40195	-1.0
476.44644	-1.0
485.52444	-1.0
485.52844	1.0
485.53424	1.0
485.54575	-1.0
485.553	-1.0
485.56485	1.0
485.5726	-1.0
485.6255	-1.0
485.63504	1.0
485.64124	-1.0
485.66095	1.0
485.68375	1.0
485.73093	-1.0
485.7427	1.0
485.75327	1.0
485.82837	-1.0
486.15845	-1.0
486.19513	-1.0
500.8526	-1.0
512.1708	-1.0
512.19006	1.0
512.1962	1.0
512.2174	1.0
512.2264	-1.0
512.2452	-1.0
512.27325	-1.0
512.3073	-1.0
512.3331	-1.0
512.3756	-1.0
512.3798	-1.0
512.4956	-1.0
512.52374	-1.0
512.6378	-1.0
521.8662	-1.0
521.9378	-1.0
522.0299	-1.0
526.28046	-1.0
526.29376	-1.0
526.30457	-1.0
526.34033	1.0
526.3599	1.0
526.3808	1.0
526.38715	-1.0
526.42053	-1.0
526.43494	1.0
526.44403	-1.0
526.4698	-1.0
526.485	-1.0
526.7646	-1.0
552.29926	1.0
552.30963	1.0
552.33496	1.0
552.3534	1.0
552.3677	-1.0
552.3844	-1.0
552.42114	1.0
552.4518	-1.0
552.50354	-1.0
552.5145	-1.0
552.58234	-1.0
552.6504	-1.0
552.9796	-1.0
564.04224	-1.0
564.1	-1.0
564.13446	-1.0
574.5087	1.0
574.5148	1.0
574.529	1.0
574.5413	-1.0
574.5597	1.0
574.56244	1.0
574.56805	-1.0
574.5986	1.0
574.62286	1.0
574.6269	-1.0
574.66473	-1.0
574.669	-1.0
575.0955	-1.0
575.3015	-1.0
577.0726	-1.0
584.8694	-1.0
584.88715	-1.0
584.90375	-1.0
584.9424	-1.0
584.96246	-1.0
585.0282	-1.0
585.207	-1.0
