0.52436	-1.0
0.5384	-1.0
0.54176	1.0
0.54904	1.0
0.56128	-1.0
0.56668	1.0
0.56964	-1.0
0.58856	1.0
0.59164	1.0
0.60168	1.0
0.60844	1.0
0.61108	1.0
0.62552	-1.0
0.64808	1.0
0.67484	1.0
0.70136	1.0
0.70428	-1.0
0.71876	1.0
0.7482	1.0
0.77064	1.0
0.80796	-1.0
0.8746	1.0
0.89492	1.0
0.95612	1.0
1.00504	1.0
1.21216	1.0
1.26444	-1.0
1.39268	1.0
1.41396	-1.0
12.10784	-1.0
21.7286	1.0
21.8144	-1.0
22.10348	1.0
34.40256	-1.0
34.40776	-1.0
34.4462	1.0
34.4852	1.0
34.50676	1.0
34.51916	1.0
34.52216	-1.0
34.58752	1.0
34.59964	-1.0
34.6446	-1.0
34.6818	-1.0
34.86636	1.0
34.92188	-1.0
34.9716	-1.0
35.29916	1.0
43.06316	1.0
43.07084	1.0
43.1024	-1.0
43.18888	1.0
43.21556	-1.0
43.2592	-1.0
43.2772	1.0
43.34756	-1.0
43.36924	1.0
43.52924	1.0
43.57352	-1.0
43.65576	-1.0
43.6624	-1.0
43.69364	-1.0
43.71984	1.0
43.76664	1.0
43.8046	1.0
43.85828	1.0
43.88108	-1.0
43.92144	-1.0
43.959	1.0
43.96152	-1.0
44.06688	-1.0
44.15296	-1.0
44.17828	-1.0
44.20936	-1.0
44.24156	-1.0
44.2738	-1.0
44.31544	-1.0
44.38592	-1.0
44.51968	1.0
51.59584	1.0
51.61708	1.0
51.63724	1.0
51.7126	-1.0
51.72848	1.0
51.82328	1.0
51.9258	1.0
51.98552	1.0
52.04424	1.0
52.10284	1.0
55.91208	1.0
55.93776	1.0
56.0134	1.0
56.2436	1.0
56.36652	1.0
56.55208	1.0
59.65872	1.0
59.692	1.0
59.76004	1.0
67.53964	-1.0
67.54352	-1.0
67.55404	-1.0
67.57232	1.0
67.62364	-1.0
67.63548	1.0
67.64888	-1.0
67.66516	1.0
67.67232	1.0
67.71076	1.0
67.73096	-1.0
67.73588	1.0
67.78536	-1.0
67.85064	-1.0
67.86148	-1.0
67.87064	-1.0
67.8758	1.0
67.89364	-1.0
67.92184	-1.0
67.95116	1.0
67.97308	-1.0
67.9902	-1.0
68.16884	-1.0
68.32748	-1.0
80.55856	1.0
80.5816	1.0
80.67608	1.0
80.8906	1.0
81.14616	1.0
92.64116	-1.0
92.64384	1.0
92.6522	-1.0
92.66188	-1.0
92.67952	1.0
92.70128	1.0
92.74108	1.0
92.77116	1.0
92.78612	-1.0
92.82216	1.0
92.83392	-1.0
92.83644	1.0
92.8478	1.0
92.86812	1.0
92.8904	-1.0
92.89448	-1.0
92.90924	1.0
92.9136	1.0
92.93068	1.0
92.94384	-1.0
92.96264	-1.0
93.0092	1.0
93.04952	1.0
93.09668	1.0
93.11892	1.0
93.2082	1.0
93.31644	-1.0
93.33572	1.0
93.45144	1.0
93.5534	-1.0
93.59604	1.0
93.6538	1.0
93.6768	1.0
93.79392	1.0
111.54492	1.0
111.56592	-1.0
111.57304	1.0
111.66008	1.0
111.6662	-1.0
111.70252	1.0
111.71248	-1.0
111.74128	-1.0
111.75596	1.0
111.771	1.0
111.78548	1.0
111.79968	1.0
111.87124	-1.0
112.00152	-1.0
112.10816	1.0
122.1336	-1.0
122.17852	1.0
122.20856	1.0
122.225	1.0
124.85776	-1.0
128.3178	1.0
134.58035	1.0
134.59428	1.0
134.6062	1.0
134.6278	1.0
134.63837	-1.0
134.80743	1.0
134.92584	-1.0
135.0752	1.0
135.11227	1.0
135.173	1.0
142.22829	-1.0
142.23264	1.0
142.28036	1.0
142.28644	1.0
142.3214	1.0
142.33585	-1.0
142.33888	-1.0
142.3476	-1.0
142.37212	-1.0
142.38396	1.0
142.41405	-1.0
142.45444	-1.0
142.46188	1.0
142.4892	1.0
142.54192	1.0
142.60593	-1.0
142.70332	1.0
142.746	-1.0
142.77544	-1.0
142.82312	-1.0
143.19733	1.0
152.57576	1.0
152.61108	1.0
152.63776	1.0
152.72116	-1.0
152.73996	1.0
152.76843	1.0
160.3796	1.0
160.46	1.0
160.47604	1.0
160.58376	-1.0
160.65196	1.0
165.97375	1.0
165.99307	1.0
166.08792	1.0
166.1594	1.0
166.19568	-1.0
172.39064	-1.0
172.3964	-1.0
172.41035	-1.0
172.43236	1.0
172.44072	1.0
172.4538	-1.0
172.45816	-1.0
172.46635	-1.0
172.47356	-1.0
172.48972	1.0
172.50652	1.0
172.52107	-1.0
172.52795	-1.0
172.53577	-1.0
172.54872	-1.0
172.5642	-1.0
172.57976	-1.0
172.5916	-1.0
172.59436	-1.0
172.60793	-1.0
172.62904	-1.0
172.63383	-1.0
172.6416	-1.0
172.65485	-1.0
172.6632	1.0
172.66743	-1.0
172.67924	1.0
172.69228	-1.0
172.70444	1.0
172.71124	-1.0
172.7278	-1.0
172.74492	1.0
172.78632	-1.0
172.82704	-1.0
172.84431	1.0
172.84685	1.0
172.86508	-1.0
172.87088	1.0
172.89217	-1.0
172.92715	-1.0
172.94696	-1.0
172.96776	1.0
173.009	1.0
173.0192	-1.0
173.03932	-1.0
173.05692	-1.0
173.0608	1.0
173.08832	-1.0
173.11128	-1.0
173.14256	-1.0
178.93376	-1.0
183.52003	1.0
183.53944	-1.0
183.58496	1.0
183.67476	1.0
183.7084	1.0
183.78392	1.0
203.79704	-1.0
203.80067	-1.0
203.81032	-1.0
203.8436	-1.0
203.88148	1.0
203.88956	-1.0
203.90604	1.0
203.92249	-1.0
203.92564	-1.0
203.93556	-1.0
203.94852	-1.0
203.96764	1.0
203.9814	1.0
204.0112	1.0
204.03876	-1.0
204.0536	1.0
204.09656	-1.0
204.12367	-1.0
204.1438	1.0
204.15993	-1.0
204.17636	1.0
204.2424	1.0
204.26157	-1.0
204.2652	-1.0
204.313	-1.0
204.31631	1.0
204.38112	-1.0
204.39096	-1.0
204.43068	-1.0
204.55437	1.0
204.58972	1.0
222.70737	-1.0
222.71487	1.0
222.79556	1.0
222.84792	1.0
222.97612	1.0
222.98273	-1.0
222.99672	1.0
223.07912	1.0
223.104	-1.0
223.13664	1.0
223.54268	1.0
239.11652	-1.0
239.11984	1.0
239.12236	1.0
239.12764	-1.0
239.18808	1.0
239.20956	1.0
239.2178	1.0
239.28796	1.0
239.32857	-1.0
239.36723	-1.0
239.4152	-1.0
239.43652	1.0
239.46948	-1.0
239.494	1.0
239.54929	-1.0
239.58868	1.0
239.63416	-1.0
239.6448	-1.0
239.67004	-1.0
239.83469	-1.0
239.90292	1.0
239.99573	1.0
240.0168	1.0
240.13312	1.0
240.2118	1.0
240.23396	-1.0
251.6302	1.0
251.69392	1.0
251.77432	1.0
251.86852	1.0
251.88708	1.0
252.05516	1.0
252.10857	1.0
252.24976	1.0
256.0934	-1.0
256.09952	1.0
256.10367	-1.0
256.1381	-1.0
256.1439	-1.0
256.16443	-1.0
256.16757	-1.0
256.17044	-1.0
256.18155	1.0
256.1895	-1.0
256.21265	-1.0
256.21616	-1.0
256.28033	-1.0
256.28763	1.0
256.29352	-1.0
256.3039	1.0
256.31085	-1.0
256.3167	-1.0
256.3283	-1.0
256.34375	-1.0
256.42447	-1.0
256.49146	-1.0
256.58688	1.0
256.59988	-1.0
256.62753	1.0
256.63016	1.0
256.6536	-1.0
256.6685	-1.0
256.75287	-1.0
256.91693	1.0
269.1505	1.0
284.04065	1.0
284.1112	1.0
284.14035	1.0
284.14835	1.0
284.1562	-1.0
284.25412	1.0
284.5722	-1.0
284.8068	-1.0
293.95187	-1.0
293.9789	-1.0
293.99725	1.0
294.03165	1.0
294.0472	1.0
294.05115	1.0
294.0776	1.0
294.08887	1.0
294.1002	-1.0
294.13507	-1.0
294.1477	1.0
294.16428	1.0
294.20517	1.0
294.21744	1.0
294.2766	1.0
294.3128	1.0
294.4795	-1.0
294.65543	-1.0
294.66544	-1.0
294.7609	-1.0
294.8124	-1.0
303.96613	-1.0
308.60345	-1.0
308.60657	-1.0
308.66412	1.0
308.70456	1.0
308.71063	1.0
308.72873	-1.0
308.73975	-1.0
308.7588	1.0
309.0928	-1.0
309.12573	1.0
309.15433	-1.0
309.16205	-1.0
309.18475	1.0
309.27512	-1.0
309.28387	-1.0
309.36893	-1.0
318.2484	1.0
318.25623	1.0
318.46915	1.0
318.53268	1.0
318.55264	1.0
318.74655	1.0
318.76367	-1.0
318.77264	1.0
318.83533	1.0
318.94623	1.0
319.0278	1.0
323.06943	1.0
323.08063	1.0
323.09637	-1.0
323.13376	-1.0
323.14584	1.0
323.19177	-1.0
323.20532	1.0
323.21225	-1.0
323.34695	1.0
323.3711	1.0
328.8806	1.0
328.9142	1.0
328.92157	1.0
329.04797	-1.0
329.09653	-1.0
329.1546	1.0
329.20624	1.0
329.3267	1.0
329.38507	1.0
329.4342	1.0
335.518	-1.0
335.5236	1.0
336.09952	1.0
336.10956	1.0
336.12766	1.0
336.18365	1.0
336.1949	1.0
336.21457	1.0
336.26544	-1.0
336.33893	1.0
336.35544	1.0
336.38113	1.0
336.5667	1.0
336.60043	1.0
336.6562	1.0
338.15244	-1.0
338.1554	1.0
338.16293	1.0
338.16748	1.0
338.21524	1.0
338.27048	1.0
338.27628	-1.0
338.29428	-1.0
338.30573	-1.0
338.31793	-1.0
338.32416	-1.0
338.3374	-1.0
338.35245	-1.0
338.3656	-1.0
338.38303	-1.0
338.38855	-1.0
338.401	-1.0
338.41653	-1.0
338.43423	-1.0
338.4437	-1.0
338.46072	-1.0
338.50327	-1.0
338.51077	-1.0
338.52335	-1.0
338.53247	1.0
338.56464	-1.0
338.5749	-1.0
338.5981	-1.0
338.63333	1.0
338.6707	1.0
338.6762	-1.0
338.73615	-1.0
338.76764	-1.0
338.78183	-1.0
338.8056	-1.0
338.8254	-1.0
338.83057	-1.0
338.84436	-1.0
338.85593	1.0
338.862	-1.0
338.91003	-1.0
338.93207	-1.0
338.98132	-1.0
339.02133	-1.0
339.03635	-1.0
339.06042	-1.0
354.56604	1.0
354.57544	1.0
354.62488	-1.0
354.6422	-1.0
354.6472	-1.0
354.65524	-1.0
354.6584	-1.0
354.70837	1.0
354.72375	-1.0
354.7277	-1.0
354.74603	-1.0
354.77692	-1.0
354.79922	-1.0
354.84863	-1.0
354.87292	-1.0
354.89044	-1.0
354.8951	-1.0
354.90884	1.0
354.92075	-1.0
354.9568	-1.0
354.9767	-1.0
354.9796	-1.0
354.9988	-1.0
355.00397	1.0
355.01947	-1.0
355.0374	-1.0
355.05447	-1.0
355.06216	-1.0
355.0862	-1.0
355.12137	-1.0
355.14273	-1.0
355.17795	-1.0
355.1809	-1.0
355.23172	-1.0
355.24023	-1.0
355.25735	-1.0
355.27945	-1.0
355.31473	-1.0
355.3526	-1.0
355.3988	-1.0
355.43372	1.0
358.36096	1.0
362.52216	1.0
362.53802	1.0
362.57495	1.0
362.5815	1.0
362.6434	1.0
371.10867	-1.0
371.19043	1.0
371.25656	1.0
371.41025	1.0
371.60944	1.0
371.6475	1.0
375.55615	1.0
375.55963	-1.0
375.62076	-1.0
375.63425	-1.0
375.64835	-1.0
375.6564	-1.0
375.7339	-1.0
375.75424	-1.0
375.78723	1.0
375.79056	1.0
375.8002	-1.0
375.82303	-1.0
375.84964	-1.0
375.87207	-1.0
375.8753	-1.0
375.90085	-1.0
375.9271	-1.0
375.9474	-1.0
376.02237	1.0
376.06683	-1.0
376.09964	-1.0
376.11035	1.0
376.1592	-1.0
376.16656	1.0
376.19043	1.0
376.25003	1.0
378.81693	1.0
383.45276	-1.0
383.47116	1.0
383.5028	-1.0
383.50925	1.0
383.53564	-1.0
383.5855	-1.0
393.53897	1.0
393.56192	-1.0
393.57825	-1.0
393.61276	1.0
393.6696	1.0
393.70676	1.0
393.71313	1.0
393.7383	-1.0
393.7509	-1.0
393.7858	1.0
393.79865	1.0
403.46713	1.0
403.47772	-1.0
403.48947	1.0
403.57977	-1.0
403.60748	1.0
403.66373	1.0
403.71255	-1.0
404.0772	-1.0
404.29373	1.0
404.37363	1.0
404.40085	-1.0
404.4566	-1.0
409.90463	1.0
409.91684	1.0
409.93372	1.0
409.93985	1.0
410.00748	-1.0
410.0694	1.0
410.12216	1.0
410.23816	-1.0
410.3146	1.0
410.52872	1.0
417.55353	1.0
417.58115	-1.0
417.59753	-1.0
417.602	1.0
417.6342	1.0
417.7173	1.0
417.74872	-1.0
417.79977	1.0
417.86395	-1.0
417.91556	1.0
418.01868	-1.0
418.10764	1.0
418.2688	-1.0
418.32764	-1.0
418.4517	-1.0
420.37396	1.0
423.18423	1.0
423.1961	1.0
423.20837	1.0
430.59332	-1.0
432.0084	-1.0
437.4266	1.0
438.24887	1.0
438.2836	1.0
444.38354	1.0
444.41327	-1.0
444.4255	-1.0
444.43332	1.0
444.5106	-1.0
444.5148	-1.0
444.51865	-1.0
444.53845	-1.0
444.5699	1.0
444.58484	1.0
444.5941	-1.0
444.61725	1.0
444.65256	1.0
444.66956	-1.0
444.67456	1.0
444.6862	-1.0
444.69632	1.0
444.73767	1.0
444.7688	-1.0
444.77213	-1.0
444.79745	-1.0
444.80212	-1.0
444.86404	-1.0
444.94952	-1.0
445.00452	1.0
445.03973	-1.0
445.0622	1.0
445.1618	-1.0
445.18085	-1.0
445.282	1.0
445.3187	1.0
445.34412	-1.0
445.35843	1.0
445.49573	-1.0
457.6792	1.0
457.7186	-1.0
457.7788	-1.0
457.8142	1.0
457.85577	-1.0
457.9576	1.0
457.96515	-1.0
457.98004	1.0
458.0319	1.0
458.04172	-1.0
458.05484	-1.0
458.10452	-1.0
458.134	-1.0
466.85736	1.0
468.21436	1.0
468.2761	1.0
471.79172	1.0
471.80307	1.0
471.81427	-1.0
471.8302	1.0
471.91684	1.0
472.0263	1.0
472.03433	-1.0
472.0772	-1.0
472.09924	-1.0
476.1747	-1.0
476.17856	-1.0
476.18625	-1.0
476.18915	1.0
476.21457	-1.0
476.24573	1.0
476.25497	-1.0
476.2576	-1.0
476.27087	1.0
476.2853	1.0
476.3393	-1.0
476.35687	1.0
476.37396	1.0
476.38757	1.0
476.39035	-1.0
476.40295	-1.0
476.46307	1.0
476.50885	-1.0
476.5399	1.0
476.63483	-1.0
476.71033	-1.0
476.7205	-1.0
476.7736	1.0
476.84195	-1.0
476.84756	-1.0
476.99496	-1.0
476.99817	1.0
477.0338	1.0
477.08633	-1.0
477.1885	-1.0
485.47272	1.0
485.4775	1.0
485.52652	-1.0
485.5351	-1.0
485.54736	-1.0
485.55072	-1.0
485.56305	-1.0
485.5754	1.0
485.59753	-1.0
485.62677	-1.0
485.69556	-1.0
485.69855	-1.0
485.72287	-1.0
485.72565	1.0
485.7509	-1.0
485.76532	-1.0
485.7679	-1.0
485.773	-1.0
485.78265	-1.0
485.7884	-1.0
485.81265	-1.0
485.81564	1.0
485.81912	-1.0
485.83167	-1.0
485.87396	-1.0
485.9123	-1.0
485.9265	-1.0
485.93753	-1.0
485.9673	1.0
485.9748	-1.0
485.99548	1.0
485.99997	-1.0
486.02545	-1.0
486.0429	1.0
486.09024	1.0
486.11893	1.0
486.1454	-1.0
486.21973	-1.0
486.23007	1.0
486.3908	1.0
486.55896	-1.0
486.68356	-1.0
500.74713	1.0
500.7537	1.0
500.76587	-1.0
500.83273	1.0
500.88712	-1.0
500.94385	1.0
512.1881	-1.0
512.19727	-1.0
512.25946	1.0
512.2878	1.0
512.31067	-1.0
512.3298	-1.0
512.3514	-1.0
512.41125	1.0
512.4781	-1.0
512.48645	-1.0
512.50793	-1.0
512.5381	-1.0
512.5868	-1.0
512.601	-1.0
512.6629	-1.0
512.71814	-1.0
512.73206	1.0
512.74854	1.0
512.8002	-1.0
512.8226	-1.0
512.937	-1.0
512.9701	-1.0
513.0951	1.0
513.16125	1.0
521.8428	1.0
521.8473	-1.0
521.859	1.0
521.9382	1.0
521.9876	1.0
522.07587	1.0
522.3007	1.0
522.3118	1.0
522.39136	1.0
522.4176	1.0
522.4751	1.0
526.25665	1.0
526.26276	-1.0
526.2732	1.0
526.2854	-1.0
526.3131	-1.0
526.3392	-1.0
526.35706	-1.0
526.3733	1.0
526.37915	-1.0
526.40607	1.0
526.4088	-1.0
526.43225	-1.0
526.4359	-1.0
526.48926	-1.0
526.4928	-1.0
526.51013	-1.0
526.5401	-1.0
526.5648	-1.0
526.5954	-1.0
526.5984	-1.0
526.61035	1.0
526.6131	-1.0
526.6422	-1.0
526.6876	-1.0
526.71136	-1.0
526.7194	1.0
526.7229	-1.0
526.7598	-1.0
526.7945	-1.0
526.8463	-1.0
526.9178	-1.0
552.28784	-1.0
552.2906	1.0
552.2977	-1.0
552.36615	1.0
552.3767	-1.0
552.3825	1.0
552.385	-1.0
552.3996	1.0
552.4208	-1.0
552.4414	1.0
552.4478	-1.0
552.4635	1.0
552.4782	-1.0
552.4974	1.0
552.5061	-1.0
552.59045	-1.0
552.631	-1.0
552.64355	-1.0
552.6904	1.0
552.7234	-1.0
553.0095	-1.0
553.05505	1.0
553.174	-1.0
564.0239	1.0
564.0304	1.0
564.35266	1.0
574.46	1.0
574.48785	-1.0
574.49066	1.0
574.4966	-1.0
574.50903	-1.0
574.52545	-1.0
574.5293	-1.0
574.5402	-1.0
574.5591	-1.0
574.56165	-1.0
574.5894	-1.0
574.5929	1.0
574.6247	1.0
574.6463	-1.0
574.663	-1.0
574.66565	-1.0
574.68335	-1.0
574.7033	-1.0
574.7063	-1.0
574.7208	-1.0
574.7364	-1.0
574.75055	-1.0
574.7599	-1.0
574.77155	-1.0
574.7822	-1.0
574.7985	1.0
574.807	-1.0
574.827	-1.0
574.8451	-1.0
574.8574	-1.0
574.872	-1.0
574.882	-1.0
574.89935	-1.0
574.918	-1.0
574.9362	-1.0
574.9592	-1.0
574.97156	-1.0
574.9775	-1.0
574.9838	-1.0
574.9932	-1.0
575.0243	-1.0
575.043	-1.0
575.0779	-1.0
575.0819	-1.0
575.1183	-1.0
575.12585	1.0
575.1421	-1.0
575.1798	-1.0
575.2431	-1.0
575.2744	-1.0
575.3366	-1.0
575.3542	1.0
575.3686	-1.0
575.4148	-1.0
575.4182	-1.0
575.4415	-1.0
575.45435	1.0
575.457	-1.0
575.49164	-1.0
575.55676	-1.0
575.5988	-1.0
583.4456	-1.0
584.8492	-1.0
584.861	1.0
584.9122	1.0
584.9366	1.0
584.9912	1.0
585.08105	1.0
585.1329	-1.0
585.2318	-1.0
585.48517	1.0
585.4946	-1.0
