0.51768	-1.0
0.53192	-1.0
0.55512	-1.0
0.5664	-1.0
0.5714	-1.0
0.57672	-1.0
0.58928	-1.0
0.59964	-1.0
0.61456	-1.0
0.64144	-1.0
0.66296	1.0
0.6676	-1.0
0.67884	-1.0
0.68744	-1.0
0.70236	-1.0
0.7156	-1.0
0.73028	-1.0
0.7466	-1.0
0.76032	-1.0
0.77048	-1.0
0.78152	-1.0
0.7932	-1.0
0.79684	-1.0
0.80612	-1.0
0.8196	-1.0
0.8308	-1.0
0.84368	-1.0
0.85736	-1.0
0.86596	-1.0
0.87264	-1.0
0.88052	-1.0
0.89344	-1.0
0.90056	-1.0
0.91	-1.0
0.91512	-1.0
0.9266	-1.0
0.94012	-1.0
0.95016	-1.0
0.95668	-1.0
0.9668	-1.0
0.97324	-1.0
0.9874	-1.0
1.00588	-1.0
1.02028	-1.0
1.02836	-1.0
1.03688	-1.0
1.04936	-1.0
1.05496	-1.0
1.06544	-1.0
1.07572	-1.0
1.09276	-1.0
1.09772	-1.0
1.11912	-1.0
1.13892	-1.0
1.14316	-1.0
1.15788	-1.0
1.17164	-1.0
1.19264	-1.0
1.20308	-1.0
1.21604	-1.0
1.22624	-1.0
1.24332	-1.0
1.24652	-1.0
1.2652	-1.0
1.29508	-1.0
1.30616	-1.0
1.32584	-1.0
1.34396	-1.0
1.34832	-1.0
1.3916	-1.0
1.48676	-1.0
1.51436	-1.0
1.53836	-1.0
2.99368	-1.0
21.63984	-1.0
21.6772	-1.0
21.69528	-1.0
21.83204	-1.0
21.84964	1.0
21.85376	-1.0
21.9106	-1.0
21.93972	-1.0
21.96408	-1.0
21.97808	-1.0
21.995	-1.0
22.0506	-1.0
22.0836	-1.0
22.11552	-1.0
22.15	-1.0
22.23008	-1.0
22.27952	-1.0
34.40176	-1.0
34.40792	-1.0
34.4142	-1.0
34.4174	-1.0
34.42568	-1.0
34.536	-1.0
34.56992	-1.0
34.58812	-1.0
34.60072	-1.0
34.61952	-1.0
34.64132	-1.0
34.65188	-1.0
34.66416	-1.0
34.6792	-1.0
34.69524	-1.0
34.7022	-1.0
34.71452	-1.0
34.71736	-1.0
34.73888	-1.0
34.747	1.0
34.75024	-1.0
34.7608	-1.0
34.78196	-1.0
34.80276	-1.0
34.82184	-1.0
34.83584	-1.0
34.85516	-1.0
34.8748	-1.0
34.8888	-1.0
34.90504	-1.0
34.91972	-1.0
34.95656	-1.0
34.97316	-1.0
35.00012	-1.0
35.01908	-1.0
35.04176	-1.0
35.06484	-1.0
35.07788	-1.0
35.10344	-1.0
35.13224	-1.0
35.15292	-1.0
35.17624	-1.0
43.07252	-1.0
43.10416	-1.0
43.19904	-1.0
43.2216	-1.0
43.24504	-1.0
43.40156	-1.0
43.42112	-1.0
43.45588	-1.0
43.47972	-1.0
43.53412	-1.0
43.62308	-1.0
43.65532	-1.0
43.66116	-1.0
43.66728	-1.0
43.6764	-1.0
43.68516	-1.0
43.69616	-1.0
43.7056	-1.0
43.73704	-1.0
43.75156	-1.0
43.76772	-1.0
43.8088	-1.0
43.83196	-1.0
43.8612	-1.0
43.87268	-1.0
43.89264	-1.0
43.90424	-1.0
43.91688	-1.0
43.94092	-1.0
43.94984	-1.0
43.9726	-1.0
43.99056	-1.0
44.00648	-1.0
44.01684	-1.0
44.03564	-1.0
44.05832	-1.0
44.06588	-1.0
44.07452	-1.0
44.09216	-1.0
44.10544	-1.0
44.1172	-1.0
44.13544	-1.0
44.14812	-1.0
44.16744	-1.0
44.17604	-1.0
44.1982	-1.0
44.21868	-1.0
44.24772	-1.0
44.27704	-1.0
44.29592	-1.0
44.31596	-1.0
44.3274	-1.0
44.35624	-1.0
44.38448	-1.0
44.39952	-1.0
44.40588	-1.0
44.43636	-1.0
44.45304	-1.0
44.48156	-1.0
44.49152	-1.0
44.5314	-1.0
44.57628	-1.0
44.60348	-1.0
51.1402	-1.0
51.17256	-1.0
51.38188	-1.0
51.41216	-1.0
51.61828	-1.0
51.63972	-1.0
51.65804	-1.0
51.69784	-1.0
51.75036	-1.0
51.83128	-1.0
51.88664	-1.0
51.98788	-1.0
52.04664	-1.0
52.10856	-1.0
55.94032	-1.0
56.02124	-1.0
56.06168	-1.0
56.10432	-1.0
56.16708	-1.0
56.28416	-1.0
56.42848	-1.0
56.46212	-1.0
59.31228	-1.0
59.35684	-1.0
59.54556	-1.0
59.66076	-1.0
59.7008	-1.0
59.765	-1.0
67.53784	-1.0
67.5446	-1.0
67.55	-1.0
67.55608	-1.0
67.56336	-1.0
67.62304	-1.0
67.6384	-1.0
67.65396	-1.0
67.69432	-1.0
67.71912	-1.0
67.74	-1.0
67.75536	-1.0
67.77404	-1.0
67.77916	-1.0
67.79832	-1.0
67.82312	-1.0
67.8376	-1.0
67.84436	-1.0
67.862	-1.0
67.86592	1.0
67.87228	-1.0
67.892	-1.0
67.8994	-1.0
67.9138	-1.0
67.9232	-1.0
67.93292	-1.0
67.93924	-1.0
67.95276	-1.0
67.962	-1.0
67.97236	-1.0
67.983	-1.0
67.99132	-1.0
68.00436	-1.0
68.0136	-1.0
68.02972	-1.0
68.04716	-1.0
68.05688	-1.0
68.07248	-1.0
68.089	-1.0
68.10428	-1.0
68.1238	-1.0
68.14144	-1.0
68.15436	-1.0
68.16836	-1.0
68.19924	-1.0
68.21812	-1.0
68.2416	-1.0
68.26052	-1.0
68.29884	-1.0
68.32752	-1.0
68.37352	-1.0
68.39948	-1.0
68.41876	-1.0
68.44476	-1.0
68.47492	-1.0
68.54164	-1.0
80.52884	-1.0
80.56204	-1.0
80.5842	-1.0
80.63424	-1.0
80.7126	-1.0
80.75172	-1.0
80.79028	-1.0
80.81136	-1.0
80.83556	-1.0
80.8912	-1.0
80.95932	-1.0
81.01164	-1.0
81.10016	-1.0
81.17668	-1.0
83.56384	1.0
92.63656	-1.0
92.64268	-1.0
92.64612	-1.0
92.65112	-1.0
92.65952	-1.0
92.75704	-1.0
92.80932	-1.0
92.82156	-1.0
92.83376	-1.0
92.84548	-1.0
92.86504	-1.0
92.87844	-1.0
92.89316	1.0
92.90684	-1.0
92.91524	-1.0
92.92416	-1.0
92.93976	-1.0
92.96316	-1.0
92.97584	-1.0
92.98584	-1.0
92.999	-1.0
93.00768	-1.0
93.02044	-1.0
93.03276	-1.0
93.04584	-1.0
93.06008	-1.0
93.07844	-1.0
93.09832	-1.0
93.11604	-1.0
93.12808	-1.0
93.14556	-1.0
93.1594	-1.0
93.1766	-1.0
93.18872	-1.0
93.20292	-1.0
93.22408	-1.0
93.23836	-1.0
93.25172	-1.0
93.26548	-1.0
93.2818	-1.0
93.28756	-1.0
93.30624	-1.0
93.31568	-1.0
93.34176	-1.0
93.36964	-1.0
93.39292	-1.0
93.40624	-1.0
93.43452	-1.0
93.45172	-1.0
93.46372	-1.0
93.49484	-1.0
93.53076	-1.0
93.55324	-1.0
93.61064	-1.0
93.64196	-1.0
93.68432	-1.0
93.69804	-1.0
93.74216	-1.0
111.56144	-1.0
111.5696	-1.0
111.57604	-1.0
111.72716	-1.0
111.74392	-1.0
111.77988	-1.0
111.79968	-1.0
111.82816	-1.0
111.85984	-1.0
111.88428	-1.0
111.904	-1.0
111.9328	-1.0
111.94508	-1.0
111.95884	-1.0
111.98508	-1.0
111.99948	-1.0
112.0162	-1.0
112.04124	-1.0
112.07964	-1.0
112.1148	-1.0
112.2404	-1.0
122.08388	-1.0
122.146	-1.0
122.18796	-1.0
122.22652	-1.0
134.53333	-1.0
134.5494	-1.0
134.59148	-1.0
134.60892	-1.0
134.62744	-1.0
134.6508	-1.0
134.66568	-1.0
134.71931	-1.0
134.77287	-1.0
134.79083	-1.0
134.83188	-1.0
134.852	-1.0
134.89508	-1.0
134.94524	-1.0
135.03064	-1.0
135.05548	-1.0
135.07532	-1.0
135.1058	-1.0
135.12212	-1.0
135.1398	-1.0
135.1578	-1.0
135.17564	-1.0
135.20248	-1.0
135.25328	-1.0
135.27669	-1.0
135.30016	-1.0
135.31693	-1.0
135.34784	-1.0
135.40675	-1.0
135.44408	-1.0
142.2236	-1.0
142.22812	-1.0
142.23268	-1.0
142.23828	-1.0
142.24931	-1.0
142.31932	-1.0
142.33572	-1.0
142.3426	-1.0
142.35709	-1.0
142.37132	-1.0
142.40231	-1.0
142.42471	-1.0
142.43497	-1.0
142.43845	-1.0
142.45088	-1.0
142.45792	-1.0
142.46864	-1.0
142.48125	-1.0
142.48732	-1.0
142.49963	-1.0
142.51816	-1.0
142.525	-1.0
142.54112	-1.0
142.5518	-1.0
142.56172	-1.0
142.56848	-1.0
142.57336	-1.0
142.58151	-1.0
142.58772	-1.0
142.60275	-1.0
142.60709	-1.0
142.61928	-1.0
142.6256	-1.0
142.64008	-1.0
142.64824	-1.0
142.65717	-1.0
142.66524	-1.0
142.67271	-1.0
142.68428	-1.0
142.6948	-1.0
142.70792	-1.0
142.72324	-1.0
142.72696	-1.0
142.73631	-1.0
142.7442	-1.0
142.74916	-1.0
142.75552	-1.0
142.77373	-1.0
142.77844	-1.0
142.79648	-1.0
142.80368	-1.0
142.81789	-1.0
142.8282	-1.0
142.83556	-1.0
142.8466	-1.0
142.86629	-1.0
142.88724	-1.0
142.90475	-1.0
142.92725	-1.0
142.9498	-1.0
142.97072	-1.0
142.97752	-1.0
142.99596	-1.0
143.05872	-1.0
143.07632	-1.0
143.10088	-1.0
143.11691	-1.0
143.13731	-1.0
143.16583	-1.0
143.1794	-1.0
143.21748	-1.0
143.2708	-1.0
143.38324	-1.0
152.5282	-1.0
152.58244	-1.0
152.61368	-1.0
152.62843	-1.0
152.6518	-1.0
152.7034	-1.0
152.73904	-1.0
152.77351	-1.0
152.867	-1.0
152.97568	-1.0
160.39336	-1.0
160.41464	-1.0
160.50316	-1.0
165.9598	-1.0
165.99615	-1.0
166.13936	-1.0
166.17964	-1.0
166.22224	-1.0
166.24551	-1.0
166.26556	-1.0
166.29791	-1.0
166.33012	-1.0
166.36691	-1.0
166.40868	-1.0
166.53532	-1.0
166.59949	-1.0
166.62088	-1.0
172.36052	-1.0
172.38156	-1.0
172.38837	-1.0
172.39388	-1.0
172.3982	-1.0
172.40993	-1.0
172.42175	-1.0
172.47437	-1.0
172.48984	-1.0
172.50308	-1.0
172.51532	-1.0
172.52744	-1.0
172.54263	-1.0
172.5468	-1.0
172.55096	1.0
172.55804	-1.0
172.56308	-1.0
172.57455	-1.0
172.5802	-1.0
172.59177	-1.0
172.60509	-1.0
172.6094	-1.0
172.61816	-1.0
172.62444	-1.0
172.63632	-1.0
172.64244	-1.0
172.65356	-1.0
172.65736	-1.0
172.66563	-1.0
172.67451	-1.0
172.68152	-1.0
172.68677	-1.0
172.69437	-1.0
172.69884	-1.0
172.70256	-1.0
172.71204	-1.0
172.71616	-1.0
172.72656	-1.0
172.73875	-1.0
172.7462	-1.0
172.75204	-1.0
172.76096	-1.0
172.76552	-1.0
172.771	-1.0
172.77704	-1.0
172.78448	-1.0
172.78925	-1.0
172.79485	-1.0
172.8002	-1.0
172.811	-1.0
172.82016	-1.0
172.82413	-1.0
172.83392	-1.0
172.8428	-1.0
172.84952	-1.0
172.86192	-1.0
172.86768	-1.0
172.876	-1.0
172.88425	-1.0
172.89272	-1.0
172.8988	-1.0
172.90752	-1.0
172.91344	-1.0
172.92789	-1.0
172.93117	-1.0
172.9424	-1.0
172.9484	-1.0
172.9638	-1.0
172.96936	-1.0
172.97452	-1.0
172.9848	-1.0
172.99072	-1.0
173.00464	-1.0
173.01236	-1.0
173.03185	-1.0
173.04564	-1.0
173.0556	-1.0
173.07108	-1.0
173.08585	-1.0
173.09796	-1.0
173.12036	-1.0
173.12772	-1.0
173.14288	-1.0
173.16072	-1.0
173.17004	-1.0
173.18633	-1.0
173.20428	-1.0
173.2218	-1.0
173.24008	-1.0
173.24796	-1.0
173.26352	-1.0
173.28712	-1.0
173.30832	-1.0
173.32877	-1.0
173.35551	-1.0
173.37236	-1.0
173.401	-1.0
173.42528	-1.0
183.516	-1.0
183.58595	-1.0
183.65157	-1.0
183.68584	-1.0
183.7344	-1.0
193.12695	-1.0
193.20328	-1.0
203.79564	-1.0
203.79993	-1.0
203.80763	-1.0
203.82072	-1.0
203.82529	-1.0
203.8844	-1.0
203.89372	-1.0
203.94284	-1.0
203.97195	-1.0
203.99277	-1.0
203.99815	-1.0
204.01408	-1.0
204.02448	-1.0
204.03609	-1.0
204.04156	-1.0
204.0574	-1.0
204.07448	-1.0
204.08176	-1.0
204.09145	-1.0
204.10709	-1.0
204.11232	-1.0
204.1234	-1.0
204.13213	-1.0
204.1404	-1.0
204.15492	-1.0
204.169	-1.0
204.17944	-1.0
204.19183	-1.0
204.20836	-1.0
204.22353	-1.0
204.22736	-1.0
204.24568	-1.0
204.26083	-1.0
204.28088	-1.0
204.29564	-1.0
204.31088	-1.0
204.31927	-1.0
204.33228	-1.0
204.34293	-1.0
204.36012	-1.0
204.37897	-1.0
204.38844	-1.0
204.40244	-1.0
204.4174	-1.0
204.436	-1.0
204.44768	-1.0
204.46645	-1.0
204.47148	-1.0
204.49936	-1.0
204.52087	-1.0
204.54549	-1.0
204.5532	-1.0
222.6568	1.0
222.81104	-1.0
222.98376	-1.0
223.04988	-1.0
223.09631	-1.0
223.12251	-1.0
223.15813	-1.0
223.18707	-1.0
223.22116	-1.0
223.25056	-1.0
223.34532	-1.0
223.37172	-1.0
223.38524	-1.0
223.39671	-1.0
223.413	-1.0
223.54156	-1.0
223.57149	-1.0
223.5872	-1.0
239.1136	-1.0
239.11876	-1.0
239.12276	-1.0
239.12749	-1.0
239.13593	-1.0
239.2336	-1.0
239.31332	-1.0
239.325	-1.0
239.34404	-1.0
239.363	-1.0
239.37724	-1.0
239.4062	-1.0
239.42313	-1.0
239.43993	-1.0
239.46487	-1.0
239.48611	-1.0
239.50348	-1.0
239.52036	-1.0
239.53816	-1.0
239.57152	-1.0
239.5968	-1.0
239.61812	-1.0
239.63332	-1.0
239.64384	-1.0
239.67424	-1.0
239.693	-1.0
239.71652	-1.0
239.73836	-1.0
239.76517	-1.0
239.77551	-1.0
239.7996	-1.0
239.82912	-1.0
239.85628	-1.0
239.8766	-1.0
239.90253	-1.0
239.92288	-1.0
239.94844	-1.0
239.99356	-1.0
240.01813	-1.0
240.0316	-1.0
240.13412	-1.0
240.17656	-1.0
240.21497	-1.0
251.63428	-1.0
251.65956	-1.0
251.72627	-1.0
251.85132	-1.0
251.88556	-1.0
251.9176	-1.0
251.95244	-1.0
251.97552	-1.0
252.00111	-1.0
252.01332	-1.0
252.04295	-1.0
252.057	-1.0
252.07591	-1.0
252.10776	-1.0
252.12424	-1.0
252.1708	-1.0
252.19276	-1.0
252.20576	-1.0
252.235	-1.0
252.2486	-1.0
252.30904	-1.0
252.36844	-1.0
252.41928	-1.0
252.43108	-1.0
254.01132	1.0
256.08893	-1.0
256.0958	-1.0
256.10052	-1.0
256.10675	-1.0
256.1169	-1.0
256.1197	-1.0
256.12704	-1.0
256.13452	-1.0
256.1448	-1.0
256.18268	-1.0
256.18723	1.0
256.1927	-1.0
256.20395	-1.0
256.2379	-1.0
256.25568	-1.0
256.2622	-1.0
256.2779	-1.0
256.2834	-1.0
256.29333	-1.0
256.3061	-1.0
256.31232	-1.0
256.32336	-1.0
256.3296	-1.0
256.34	-1.0
256.3529	-1.0
256.3576	-1.0
256.36932	-1.0
256.3772	-1.0
256.38504	-1.0
256.3926	-1.0
256.40408	-1.0
256.41333	-1.0
256.4206	-1.0
256.4318	-1.0
256.43497	-1.0
256.44232	-1.0
256.44727	-1.0
256.45676	-1.0
256.4626	-1.0
256.4746	-1.0
256.47876	-1.0
256.48907	-1.0
256.50385	-1.0
256.50772	-1.0
256.51764	-1.0
256.52808	-1.0
256.53745	-1.0
256.55225	-1.0
256.5559	-1.0
256.56625	-1.0
256.5785	-1.0
256.59528	-1.0
256.60785	-1.0
256.62387	-1.0
256.62897	-1.0
256.64008	-1.0
256.65375	-1.0
256.668	-1.0
256.683	-1.0
256.72403	-1.0
256.73715	-1.0
256.7612	-1.0
256.77612	-1.0
256.8001	-1.0
256.82263	-1.0
256.8522	-1.0
256.8634	-1.0
256.8818	-1.0
256.90265	-1.0
256.92752	-1.0
256.95413	-1.0
256.97244	-1.0
257.00104	-1.0
257.00403	-1.0
257.02563	-1.0
257.08585	-1.0
257.10535	-1.0
257.14743	-1.0
269.1634	-1.0
284.01453	-1.0
284.04663	-1.0
284.0825	-1.0
284.2104	-1.0
284.27435	-1.0
284.32736	-1.0
284.35303	-1.0
284.3652	-1.0
284.41235	-1.0
284.43347	-1.0
284.44684	-1.0
284.4663	-1.0
284.49075	-1.0
284.5068	-1.0
284.51984	-1.0
284.56784	-1.0
284.5847	-1.0
284.63016	-1.0
284.64957	-1.0
284.67365	-1.0
284.7315	-1.0
284.749	-1.0
284.79013	-1.0
293.95157	-1.0
293.95712	-1.0
293.9615	-1.0
293.9673	-1.0
293.97537	-1.0
293.98364	-1.0
294.05444	-1.0
294.06924	-1.0
294.08984	-1.0
294.10107	-1.0
294.10837	-1.0
294.12643	-1.0
294.14728	-1.0
294.16257	-1.0
294.18787	-1.0
294.1944	-1.0
294.2068	-1.0
294.22488	-1.0
294.23172	-1.0
294.23685	-1.0
294.24716	-1.0
294.2582	-1.0
294.26868	-1.0
294.27704	-1.0
294.29147	-1.0
294.29553	-1.0
294.30457	-1.0
294.31128	-1.0
294.32162	-1.0
294.3311	-1.0
294.34213	-1.0
294.3544	-1.0
294.36472	-1.0
294.3756	-1.0
294.38544	-1.0
294.39197	-1.0
294.40216	-1.0
294.41104	-1.0
294.41812	-1.0
294.4296	-1.0
294.4401	-1.0
294.45248	-1.0
294.46365	-1.0
294.47812	-1.0
294.49548	-1.0
294.4995	-1.0
294.51337	-1.0
294.52188	-1.0
294.5331	-1.0
294.54535	-1.0
294.57333	-1.0
294.5956	-1.0
294.63605	-1.0
294.6641	-1.0
294.69037	-1.0
294.7071	-1.0
294.72717	-1.0
294.74463	-1.0
294.78223	-1.0
294.81876	-1.0
294.8437	-1.0
308.59515	-1.0
308.59964	-1.0
308.6022	-1.0
308.60825	-1.0
308.62384	-1.0
308.71085	-1.0
308.7396	-1.0
308.7618	-1.0
308.8007	-1.0
308.80908	-1.0
308.84085	-1.0
308.85596	-1.0
308.87137	-1.0
308.89392	-1.0
308.91568	-1.0
308.9307	-1.0
308.94928	-1.0
308.97125	-1.0
308.9914	-1.0
309.0031	-1.0
309.01813	-1.0
309.03076	-1.0
309.042	-1.0
309.057	-1.0
309.07736	-1.0
309.08508	-1.0
309.09677	-1.0
309.10968	-1.0
309.1276	-1.0
309.14273	-1.0
309.16187	-1.0
309.17075	-1.0
309.2014	-1.0
309.22055	-1.0
309.2416	-1.0
309.2969	-1.0
309.33136	-1.0
309.36627	-1.0
309.37784	-1.0
309.41113	-1.0
309.44305	-1.0
318.2466	-1.0
318.2703	-1.0
318.29593	-1.0
318.5135	-1.0
318.5561	-1.0
318.6064	-1.0
318.62268	-1.0
318.6688	-1.0
318.69293	-1.0
318.7198	-1.0
318.7527	-1.0
318.77728	-1.0
318.8316	-1.0
318.85596	1.0
318.89465	-1.0
318.98788	-1.0
319.0268	-1.0
323.0512	-1.0
323.0834	-1.0
323.1285	-1.0
323.13373	-1.0
323.1438	-1.0
323.14948	-1.0
323.37515	-1.0
328.8698	-1.0
328.90417	-1.0
328.92896	1.0
328.94913	-1.0
328.9998	-1.0
329.04773	-1.0
329.20953	-1.0
329.26547	-1.0
329.2893	-1.0
329.39767	-1.0
329.5009	-1.0
335.51028	-1.0
335.52295	-1.0
335.56747	-1.0
336.12973	-1.0
336.18533	-1.0
336.244	-1.0
336.25476	1.0
336.28757	-1.0
336.32224	-1.0
336.34375	-1.0
336.3804	-1.0
336.42355	-1.0
336.45224	-1.0
336.54428	-1.0
336.56915	-1.0
336.60443	-1.0
338.12265	-1.0
338.15204	-1.0
338.15744	-1.0
338.16116	-1.0
338.1644	-1.0
338.169	-1.0
338.17224	-1.0
338.1806	-1.0
338.1938	-1.0
338.24847	-1.0
338.2714	-1.0
338.2866	-1.0
338.2908	-1.0
338.30048	-1.0
338.30356	-1.0
338.31085	-1.0
338.32068	-1.0
338.32556	-1.0
338.33667	-1.0
338.34268	-1.0
338.35117	-1.0
338.35587	-1.0
338.36475	-1.0
338.36948	-1.0
338.38052	-1.0
338.39627	-1.0
338.40436	-1.0
338.4127	-1.0
338.42044	-1.0
338.43256	-1.0
338.44592	-1.0
338.45105	-1.0
338.4562	-1.0
338.4642	-1.0
338.47336	-1.0
338.4839	-1.0
338.49713	-1.0
338.507	-1.0
338.5107	-1.0
338.51993	-1.0
338.52292	-1.0
338.53165	-1.0
338.5448	-1.0
338.55463	-1.0
338.56033	-1.0
338.5709	-1.0
338.5814	-1.0
338.59656	-1.0
338.59964	-1.0
338.6066	-1.0
338.62256	-1.0
338.62985	-1.0
338.63504	-1.0
338.64615	-1.0
338.65115	-1.0
338.66144	-1.0
338.6653	-1.0
338.6791	-1.0
338.69385	-1.0
338.70328	-1.0
338.71115	-1.0
338.71472	-1.0
338.72635	-1.0
338.735	-1.0
338.74844	-1.0
338.75403	-1.0
338.76993	-1.0
338.792	-1.0
338.80472	-1.0
338.8288	-1.0
338.8441	-1.0
338.86127	-1.0
338.87445	-1.0
338.91763	-1.0
338.93192	-1.0
338.94757	-1.0
338.9534	-1.0
338.9833	-1.0
338.99628	-1.0
339.02063	-1.0
339.06332	-1.0
339.12592	-1.0
354.43417	-1.0
354.56595	-1.0
354.5996	-1.0
354.6251	-1.0
354.64285	-1.0
354.64764	-1.0
354.65173	-1.0
354.65564	-1.0
354.66812	-1.0
354.72687	-1.0
354.7454	-1.0
354.76675	-1.0
354.78143	-1.0
354.79877	-1.0
354.8166	-1.0
354.82645	-1.0
354.8324	-1.0
354.84732	-1.0
354.85944	-1.0
354.8724	-1.0
354.8859	-1.0
354.8911	-1.0
354.90305	-1.0
354.90723	-1.0
354.9232	-1.0
354.92944	-1.0
354.94235	-1.0
354.9525	-1.0
354.95844	-1.0
354.97504	-1.0
354.97827	-1.0
354.99387	-1.0
355.001	-1.0
355.0116	-1.0
355.0223	-1.0
355.03345	-1.0
355.0472	-1.0
355.05057	-1.0
355.06775	-1.0
355.08264	-1.0
355.08832	-1.0
355.10425	-1.0
355.11276	-1.0
355.1317	-1.0
355.14093	-1.0
355.16528	-1.0
355.18396	-1.0
355.2073	-1.0
355.23096	-1.0
355.25128	-1.0
355.2787	-1.0
355.2956	-1.0
355.31284	-1.0
355.33005	-1.0
355.35196	-1.0
355.38293	-1.0
355.42535	-1.0
355.46393	-1.0
362.57053	-1.0
362.65744	-1.0
371.0389	-1.0
371.0525	-1.0
371.125	-1.0
371.13715	-1.0
371.16367	-1.0
371.31543	-1.0
371.3348	-1.0
371.36627	-1.0
371.38855	-1.0
371.4092	-1.0
371.4459	-1.0
371.47256	-1.0
371.56088	-1.0
371.6656	-1.0
371.7634	-1.0
375.51205	-1.0
375.52856	-1.0
375.562	-1.0
375.61145	-1.0
375.6204	-1.0
375.62485	-1.0
375.6317	-1.0
375.63803	-1.0
375.6415	-1.0
375.64984	-1.0
375.66025	-1.0
375.70053	-1.0
375.7307	-1.0
375.745	-1.0
375.77933	-1.0
375.78925	-1.0
375.79785	-1.0
375.8094	-1.0
375.82065	-1.0
375.83072	-1.0
375.83676	-1.0
375.84915	-1.0
375.8678	-1.0
375.87497	-1.0
375.88596	-1.0
375.90005	-1.0
375.90594	-1.0
375.91437	-1.0
375.92624	-1.0
375.93152	-1.0
375.94495	-1.0
375.9508	-1.0
375.96475	-1.0
375.97144	-1.0
375.9832	-1.0
375.99152	-1.0
375.99484	-1.0
376.01147	-1.0
376.0202	-1.0
376.03214	-1.0
376.04648	-1.0
376.06485	-1.0
376.0765	-1.0
376.11584	-1.0
376.13605	-1.0
376.1594	-1.0
376.166	-1.0
376.19144	-1.0
376.20273	-1.0
376.2344	-1.0
376.25424	-1.0
383.4424	-1.0
383.4498	-1.0
383.45496	-1.0
383.46503	-1.0
383.48264	-1.0
383.50967	-1.0
383.5403	-1.0
393.46896	-1.0
393.55695	-1.0
393.56424	-1.0
393.5694	-1.0
393.57373	-1.0
393.5824	-1.0
393.74615	-1.0
393.76865	-1.0
393.80945	-1.0
393.897	-1.0
393.9664	-1.0
403.47925	-1.0
403.4945	-1.0
403.53256	-1.0
403.66968	-1.0
403.71924	-1.0
403.7444	-1.0
403.79532	-1.0
403.86136	-1.0
403.95987	-1.0
403.99597	-1.0
404.02057	-1.0
404.03943	-1.0
404.05557	-1.0
404.09033	-1.0
404.118	-1.0
404.14212	-1.0
404.17224	-1.0
404.2538	-1.0
404.27145	-1.0
404.29645	-1.0
404.35712	-1.0
404.3652	-1.0
404.39993	-1.0
404.456	-1.0
404.5161	-1.0
409.7549	-1.0
409.90652	-1.0
409.94153	-1.0
409.96973	-1.0
409.98843	-1.0
410.02133	-1.0
410.07233	-1.0
410.11243	-1.0
410.14307	-1.0
410.15796	-1.0
410.18024	-1.0
410.19547	-1.0
410.20627	-1.0
410.22888	-1.0
410.2707	-1.0
410.28387	-1.0
410.3034	-1.0
410.34595	-1.0
410.41376	-1.0
410.43973	-1.0
410.4578	-1.0
410.53452	-1.0
417.52875	-1.0
417.56027	-1.0
417.57468	-1.0
417.59824	-1.0
417.60168	-1.0
417.60504	-1.0
417.75467	-1.0
417.78644	-1.0
417.8177	-1.0
417.82953	-1.0
417.86224	-1.0
417.8843	-1.0
417.90652	-1.0
417.92896	-1.0
417.95956	-1.0
417.98532	-1.0
417.9976	-1.0
418.02637	-1.0
418.03796	-1.0
418.04807	-1.0
418.1215	-1.0
418.13544	-1.0
418.16547	-1.0
418.17517	1.0
418.18283	-1.0
418.20428	-1.0
418.22968	-1.0
418.24908	-1.0
418.26855	-1.0
418.2912	-1.0
418.31668	-1.0
418.33328	-1.0
418.36884	-1.0
418.39325	-1.0
418.40344	-1.0
418.4291	-1.0
418.44376	-1.0
418.48477	-1.0
418.50095	-1.0
418.52808	-1.0
418.57428	-1.0
418.61044	-1.0
438.251	-1.0
438.28696	-1.0
444.38412	-1.0
444.38965	-1.0
444.4186	-1.0
444.43195	-1.0
444.4829	-1.0
444.51047	-1.0
444.5149	-1.0
444.5201	-1.0
444.5244	-1.0
444.53375	-1.0
444.55585	-1.0
444.5674	-1.0
444.5941	-1.0
444.6324	-1.0
444.64627	-1.0
444.66223	-1.0
444.68243	-1.0
444.6985	-1.0
444.7094	-1.0
444.72235	-1.0
444.73203	-1.0
444.7415	-1.0
444.75467	-1.0
444.76407	-1.0
444.77985	-1.0
444.7906	-1.0
444.7985	-1.0
444.81235	-1.0
444.81635	-1.0
444.8289	-1.0
444.83707	-1.0
444.84192	-1.0
444.85083	-1.0
444.8616	-1.0
444.86627	-1.0
444.87976	-1.0
444.88797	-1.0
444.89328	-1.0
444.903	-1.0
444.90912	-1.0
444.91464	-1.0
444.9279	-1.0
444.93607	-1.0
444.9466	-1.0
444.96368	-1.0
444.9687	-1.0
444.9788	-1.0
444.98807	-1.0
445.00266	-1.0
445.0216	-1.0
445.03967	-1.0
445.05743	-1.0
445.0627	-1.0
445.08136	-1.0
445.10788	-1.0
445.12424	-1.0
445.15637	-1.0
445.18057	-1.0
445.26312	-1.0
445.28644	-1.0
445.32025	-1.0
445.36057	-1.0
457.59763	-1.0
457.71793	-1.0
457.76776	-1.0
457.80533	-1.0
457.8464	-1.0
457.88116	-1.0
457.90567	-1.0
457.9984	-1.0
458.06873	-1.0
468.2134	-1.0
468.2289	-1.0
468.24768	-1.0
468.28024	-1.0
471.67276	-1.0
471.7126	-1.0
471.77475	-1.0
471.87872	-1.0
471.916	-1.0
471.9358	-1.0
471.9643	-1.0
471.98984	-1.0
472.01288	-1.0
472.05585	-1.0
472.0746	-1.0
472.09656	-1.0
472.11655	-1.0
472.15192	-1.0
472.16556	-1.0
472.17996	-1.0
472.1856	-1.0
472.2025	-1.0
472.23483	-1.0
472.2482	-1.0
472.26697	-1.0
472.2912	-1.0
472.34027	-1.0
472.3629	-1.0
472.3858	-1.0
472.4031	-1.0
472.43512	-1.0
472.45157	-1.0
472.47516	-1.0
472.494	-1.0
472.55396	-1.0
476.17368	-1.0
476.17944	-1.0
476.18408	-1.0
476.1886	-1.0
476.19608	-1.0
476.25336	-1.0
476.26773	-1.0
476.28833	-1.0
476.3204	-1.0
476.3576	-1.0
476.37296	-1.0
476.38647	-1.0
476.3998	-1.0
476.41064	-1.0
476.41812	-1.0
476.428	-1.0
476.44412	-1.0
476.462	-1.0
476.47153	-1.0
476.47867	-1.0
476.48975	-1.0
476.4984	-1.0
476.507	-1.0
476.52304	-1.0
476.53876	-1.0
476.5516	-1.0
476.5638	-1.0
476.57727	-1.0
476.5834	-1.0
476.59433	-1.0
476.60425	-1.0
476.60904	-1.0
476.61728	-1.0
476.62473	-1.0
476.63373	-1.0
476.65015	-1.0
476.66663	-1.0
476.67044	-1.0
476.6934	-1.0
476.7084	-1.0
476.72025	-1.0
476.7367	-1.0
476.7513	-1.0
476.77036	-1.0
476.78305	-1.0
476.7969	-1.0
476.81696	-1.0
476.84073	-1.0
476.8578	-1.0
476.89883	-1.0
476.91595	-1.0
476.9373	-1.0
476.96616	-1.0
476.9843	-1.0
476.9997	-1.0
477.01608	-1.0
477.03397	-1.0
477.0627	-1.0
477.08813	-1.0
477.13007	-1.0
477.3599	1.0
485.48865	-1.0
485.51443	-1.0
485.52237	-1.0
485.52908	-1.0
485.536	-1.0
485.5411	-1.0
485.5475	-1.0
485.5654	-1.0
485.6136	-1.0
485.6549	-1.0
485.6766	-1.0
485.69528	-1.0
485.69925	-1.0
485.72012	-1.0
485.72552	-1.0
485.7389	-1.0
485.74683	1.0
485.7498	-1.0
485.76175	-1.0
485.7696	-1.0
485.77637	-1.0
485.78833	-1.0
485.79764	-1.0
485.8123	-1.0
485.82797	-1.0
485.8336	-1.0
485.84283	-1.0
485.84995	-1.0
485.86255	-1.0
485.86737	-1.0
485.88284	-1.0
485.8894	-1.0
485.90485	-1.0
485.91156	-1.0
485.92828	-1.0
485.9374	-1.0
485.94727	-1.0
485.965	-1.0
485.97507	-1.0
485.9888	-1.0
486.00256	-1.0
486.01175	-1.0
486.0348	-1.0
486.05515	-1.0
486.07593	-1.0
486.08997	-1.0
486.1135	-1.0
486.12704	-1.0
486.1465	-1.0
486.16263	-1.0
486.1823	-1.0
486.1942	-1.0
486.21152	-1.0
486.22388	-1.0
486.2352	-1.0
486.245	-1.0
486.25555	-1.0
486.26984	-1.0
486.2877	-1.0
486.2988	-1.0
486.3153	-1.0
486.32352	-1.0
486.33737	-1.0
486.34503	-1.0
486.35904	-1.0
486.3758	-1.0
486.39127	-1.0
486.41104	-1.0
486.45224	-1.0
486.47137	-1.0
486.47928	-1.0
486.50217	-1.0
486.5124	-1.0
486.5446	-1.0
486.57037	-1.0
486.5969	-1.0
486.61777	-1.0
486.65213	-1.0
500.74673	-1.0
500.7668	-1.0
500.80304	-1.0
500.85373	-1.0
512.18463	-1.0
512.1911	-1.0
512.1942	-1.0
512.208	-1.0
512.2874	-1.0
512.3355	-1.0
512.3638	-1.0
512.37555	-1.0
512.38635	-1.0
512.40753	-1.0
512.42847	-1.0
512.4428	-1.0
512.4562	-1.0
512.4772	-1.0
512.489	-1.0
512.5069	-1.0
512.53705	-1.0
512.5421	-1.0
512.5648	-1.0
512.5689	-1.0
512.58673	-1.0
512.597	-1.0
512.6113	-1.0
512.6225	-1.0
512.63214	-1.0
512.64606	-1.0
512.65497	-1.0
512.6627	-1.0
512.6744	-1.0
512.70435	-1.0
512.7261	-1.0
512.7361	-1.0
512.7467	-1.0
512.7569	-1.0
512.7729	-1.0
512.80054	-1.0
512.8152	-1.0
512.82605	-1.0
512.84875	-1.0
512.87213	-1.0
512.89087	-1.0
512.90985	-1.0
512.9308	-1.0
512.97205	-1.0
512.99634	-1.0
513.0224	-1.0
513.0365	-1.0
513.0614	-1.0
513.15216	-1.0
521.86206	-1.0
521.9059	-1.0
521.955	-1.0
522.0112	-1.0
522.0528	-1.0
522.3148	-1.0
522.41943	-1.0
522.4542	-1.0
526.2369	-1.0
526.2633	-1.0
526.2727	-1.0
526.27893	-1.0
526.28687	-1.0
526.3038	-1.0
526.31146	-1.0
526.31665	-1.0
526.32227	-1.0
526.35754	-1.0
526.3717	-1.0
526.375	-1.0
526.38104	-1.0
526.393	-1.0
526.40753	-1.0
526.4164	-1.0
526.42267	-1.0
526.4291	-1.0
526.43604	-1.0
526.4454	-1.0
526.45404	-1.0
526.4647	-1.0
526.4786	-1.0
526.4889	-1.0
526.5029	-1.0
526.51605	-1.0
526.52405	-1.0
526.5335	-1.0
526.5383	-1.0
526.5502	-1.0
526.56256	-1.0
526.5672	-1.0
526.57263	-1.0
526.58	-1.0
526.5883	-1.0
526.5992	-1.0
526.6071	-1.0
526.6234	-1.0
526.64124	-1.0
526.65265	-1.0
526.66187	-1.0
526.6783	-1.0
526.69305	-1.0
526.6978	-1.0
526.72015	-1.0
526.7282	-1.0
526.7415	-1.0
526.75287	-1.0
526.7683	-1.0
526.79407	-1.0
526.806	-1.0
526.8559	-1.0
552.2826	-1.0
552.29016	-1.0
552.2944	-1.0
552.3012	-1.0
552.3198	-1.0
552.35126	-1.0
552.3652	-1.0
552.3966	-1.0
552.4199	-1.0
552.448	-1.0
552.4638	-1.0
552.48395	-1.0
552.49963	-1.0
552.51886	-1.0
552.5347	-1.0
552.5443	-1.0
552.5536	-1.0
552.5693	-1.0
552.5826	-1.0
552.5935	-1.0
552.6052	-1.0
552.61633	-1.0
552.62933	-1.0
552.6415	-1.0
552.6487	-1.0
552.6584	-1.0
552.66675	-1.0
552.67615	-1.0
552.68567	-1.0
552.69434	-1.0
552.71216	-1.0
552.7231	-1.0
552.72864	-1.0
552.7379	-1.0
552.7438	-1.0
552.75116	-1.0
552.76404	-1.0
552.77625	-1.0
552.7836	-1.0
552.7983	-1.0
552.81506	-1.0
552.819	-1.0
552.8352	-1.0
552.853	-1.0
552.8605	-1.0
552.87476	-1.0
552.8906	-1.0
552.9198	-1.0
552.9348	-1.0
552.96313	-1.0
552.97327	-1.0
552.99066	-1.0
553.0088	-1.0
553.0298	-1.0
553.05304	-1.0
553.07776	-1.0
553.09076	-1.0
553.1082	-1.0
553.14197	-1.0
553.1726	-1.0
553.2228	-1.0
564.0311	-1.0
564.0765	-1.0
564.08875	-1.0
564.11957	-1.0
564.16046	-1.0
574.46216	-1.0
574.477	-1.0
574.49286	-1.0
574.502	-1.0
574.5088	-1.0
574.51355	-1.0
574.5171	-1.0
574.5256	-1.0
574.5365	-1.0
574.54254	-1.0
574.5451	-1.0
574.55884	-1.0
574.5887	-1.0
574.6088	-1.0
574.62585	-1.0
574.6499	-1.0
574.6647	-1.0
574.6775	-1.0
574.6842	-1.0
574.69653	-1.0
574.7034	-1.0
574.7181	-1.0
574.7211	-1.0
574.7319	-1.0
574.7358	-1.0
574.7447	-1.0
574.7506	-1.0
574.76025	-1.0
574.7726	-1.0
574.78046	-1.0
574.7856	-1.0
574.7952	-1.0
574.801	-1.0
574.8058	-1.0
574.8103	-1.0
574.81573	-1.0
574.82306	-1.0
574.8266	-1.0
574.8354	-1.0
574.84546	-1.0
574.85297	-1.0
574.8629	-1.0
574.8687	-1.0
574.87354	-1.0
574.8806	-1.0
574.8888	-1.0
574.8956	-1.0
574.8994	-1.0
574.90594	-1.0
574.91077	-1.0
574.9181	-1.0
574.92474	-1.0
574.93	-1.0
574.9366	-1.0
574.9455	-1.0
574.9508	-1.0
574.95874	-1.0
574.96783	-1.0
574.97595	-1.0
574.97974	-1.0
574.991	-1.0
574.99664	-1.0
575.01074	-1.0
575.01874	-1.0
575.02765	-1.0
575.0366	-1.0
575.04047	-1.0
575.05304	-1.0
575.0582	-1.0
575.06903	-1.0
575.0728	-1.0
575.07904	-1.0
575.08374	-1.0
575.09357	-1.0
575.1002	-1.0
575.11395	-1.0
575.1254	-1.0
575.13934	-1.0
575.1648	-1.0
575.1848	-1.0
575.2	-1.0
575.21826	-1.0
575.2345	-1.0
575.2468	-1.0
575.25806	-1.0
575.2794	-1.0
575.2926	-1.0
575.30414	-1.0
575.31494	-1.0
575.32587	-1.0
575.33453	-1.0
575.35034	-1.0
575.37366	-1.0
575.39307	-1.0
575.4168	-1.0
575.43506	-1.0
575.4657	-1.0
575.4896	-1.0
575.51825	-1.0
575.57574	-1.0
575.65784	-1.0
584.8595	-1.0
584.8942	-1.0
584.9672	-1.0
585.1072	-1.0
585.15857	-1.0
585.236	-1.0
585.2769	-1.0
585.35095	-1.0
585.3847	-1.0
585.4034	-1.0
585.4218	-1.0
585.45	-1.0
585.4834	-1.0
585.5287	-1.0
585.56854	-1.0
585.5882	-1.0
585.6338	-1.0
585.64557	-1.0
585.6945	-1.0
585.73035	-1.0
585.8046	-1.0
