0.59316	1.0
0.62724	-1.0
0.64416	-1.0
0.70484	-1.0
0.71352	-1.0
0.743	-1.0
0.78404	-1.0
0.79848	1.0
0.82712	-1.0
21.64372	-1.0
21.66336	1.0
21.67592	-1.0
21.68996	-1.0
21.6944	-1.0
21.70128	-1.0
21.71004	-1.0
21.73012	-1.0
21.73956	-1.0
21.76784	-1.0
21.785	-1.0
21.8162	-1.0
21.82824	-1.0
34.42832	-1.0
34.43732	-1.0
34.4432	1.0
34.46052	-1.0
34.47208	-1.0
34.49016	-1.0
34.50404	-1.0
34.5122	-1.0
34.52368	-1.0
34.53184	-1.0
34.54392	-1.0
34.56096	-1.0
34.59224	-1.0
34.61376	-1.0
34.6752	-1.0
34.71256	-1.0
34.73144	-1.0
43.6614	1.0
43.66416	1.0
43.73904	-1.0
43.75128	-1.0
43.8144	1.0
43.821	-1.0
67.58744	-1.0
67.60968	-1.0
67.61968	-1.0
67.64628	-1.0
67.6694	-1.0
67.68508	-1.0
67.69616	-1.0
67.72036	-1.0
67.78636	-1.0
67.86688	1.0
68.32944	-1.0
80.58496	-1.0
80.62432	-1.0
80.63508	-1.0
80.65124	-1.0
81.16516	-1.0
81.17592	-1.0
92.65512	1.0
92.6856	-1.0
92.69048	-1.0
92.70104	-1.0
92.71724	-1.0
92.72824	-1.0
92.73744	-1.0
92.7534	-1.0
92.7698	-1.0
92.77788	-1.0
92.79384	-1.0
93.00476	-1.0
111.52112	-1.0
111.5604	-1.0
111.57472	-1.0
111.58976	-1.0
111.63704	-1.0
111.67624	-1.0
111.7214	-1.0
134.52492	-1.0
134.5308	-1.0
134.5448	-1.0
134.56844	-1.0
134.61348	-1.0
134.6418	-1.0
134.66476	-1.0
134.69383	-1.0
142.25832	-1.0
142.27563	-1.0
142.28304	-1.0
142.30632	-1.0
142.35667	-1.0
142.37167	1.0
142.41373	-1.0
142.46265	-1.0
142.52489	-1.0
142.5398	1.0
142.56503	1.0
160.40176	-1.0
160.40732	-1.0
160.4136	-1.0
160.42224	-1.0
160.42908	-1.0
160.4402	-1.0
160.48868	-1.0
160.50703	1.0
160.5172	-1.0
160.54216	-1.0
165.99756	-1.0
166.03947	-1.0
166.35832	-1.0
172.40347	1.0
172.44933	1.0
172.47264	-1.0
172.49004	-1.0
172.5292	-1.0
172.57285	-1.0
172.63216	-1.0
172.80064	-1.0
193.19765	-1.0
193.20572	-1.0
203.79596	1.0
203.8268	-1.0
203.84972	-1.0
203.88425	-1.0
203.89304	-1.0
203.9064	-1.0
203.92628	-1.0
203.959	-1.0
203.99097	1.0
204.06192	-1.0
204.10648	-1.0
204.19196	-1.0
204.2468	1.0
223.25072	-1.0
223.25967	-1.0
239.12068	-1.0
239.12408	-1.0
239.1338	-1.0
239.14735	-1.0
239.17932	-1.0
239.19316	-1.0
239.21844	-1.0
239.24156	-1.0
239.26144	-1.0
239.28236	-1.0
239.29524	-1.0
239.33852	-1.0
239.34152	-1.0
239.37744	-1.0
251.60963	-1.0
256.14075	-1.0
256.16708	-1.0
256.18228	-1.0
256.25113	1.0
256.26355	1.0
256.2913	1.0
284.0668	-1.0
284.07376	-1.0
284.11597	-1.0
284.39227	-1.0
284.404	-1.0
284.46893	-1.0
293.96957	1.0
293.97287	1.0
293.9755	1.0
293.9936	-1.0
294.0219	-1.0
294.04037	-1.0
294.05505	-1.0
294.0743	-1.0
294.0968	1.0
294.11703	-1.0
294.1313	-1.0
294.1524	-1.0
294.20267	-1.0
294.28363	1.0
305.49127	1.0
308.63107	-1.0
308.64236	-1.0
308.67856	-1.0
308.68924	-1.0
308.70123	-1.0
308.71753	-1.0
308.73056	-1.0
308.74796	-1.0
308.75485	1.0
308.77084	-1.0
308.7845	-1.0
308.80487	-1.0
308.8318	-1.0
308.85208	-1.0
308.90955	-1.0
308.9522	-1.0
318.82593	-1.0
318.8354	-1.0
318.8467	-1.0
323.14276	-1.0
323.14612	-1.0
323.18063	-1.0
323.19373	-1.0
323.2162	-1.0
323.23364	1.0
323.23615	-1.0
323.27304	-1.0
328.9514	-1.0
328.97318	-1.0
338.1624	1.0
338.18536	-1.0
338.19016	-1.0
338.195	-1.0
338.43677	-1.0
338.6013	-1.0
354.6511	1.0
354.6577	-1.0
354.9332	-1.0
355.111	-1.0
371.03104	-1.0
371.0337	1.0
371.03915	-1.0
371.045	-1.0
371.0483	1.0
371.0533	-1.0
371.07056	-1.0
371.08603	-1.0
371.0966	-1.0
371.10815	-1.0
371.13556	-1.0
371.15268	-1.0
371.18167	-1.0
393.56567	-1.0
393.61105	-1.0
393.6161	1.0
393.63333	-1.0
393.6926	-1.0
393.7084	-1.0
393.72543	-1.0
393.74985	-1.0
393.77048	-1.0
393.78748	-1.0
403.51895	-1.0
403.53732	-1.0
403.55353	-1.0
403.56516	-1.0
403.59375	-1.0
403.79413	-1.0
403.8099	-1.0
403.8336	-1.0
409.93753	-1.0
409.949	-1.0
409.96228	-1.0
409.9694	-1.0
417.6016	-1.0
417.61203	-1.0
417.6164	-1.0
417.63235	-1.0
417.6422	-1.0
417.67188	-1.0
417.68784	-1.0
417.706	-1.0
417.75204	-1.0
417.7797	-1.0
417.8428	-1.0
438.33484	-1.0
438.3795	1.0
444.5188	-1.0
444.56232	1.0
444.5754	1.0
444.58755	-1.0
444.60837	-1.0
444.62503	-1.0
444.6384	1.0
444.65115	-1.0
444.6563	-1.0
444.71063	-1.0
452.28848	-1.0
457.5507	-1.0
457.57513	-1.0
457.599	-1.0
457.89877	-1.0
457.91037	-1.0
457.92175	1.0
457.9243	-1.0
457.92813	1.0
457.9412	-1.0
457.9553	-1.0
471.71515	1.0
471.81195	-1.0
476.17715	1.0
476.1867	1.0
476.20212	1.0
476.2088	-1.0
476.21335	-1.0
476.22464	-1.0
476.24155	-1.0
476.25232	-1.0
476.27313	-1.0
476.28223	-1.0
476.30573	-1.0
476.32593	1.0
476.37695	-1.0
476.40167	1.0
476.40613	-1.0
476.5644	-1.0
476.63284	-1.0
485.56143	1.0
485.57657	-1.0
485.5938	-1.0
485.622	1.0
485.635	-1.0
512.19934	-1.0
512.2241	-1.0
512.2384	-1.0
512.2462	-1.0
512.26056	-1.0
512.2735	-1.0
512.2918	-1.0
512.301	-1.0
512.33405	-1.0
512.3524	1.0
512.3795	-1.0
526.3061	1.0
526.39874	-1.0
552.3115	-1.0
552.3356	-1.0
552.35516	-1.0
552.3648	-1.0
552.37146	1.0
552.38904	-1.0
552.4062	-1.0
552.42303	-1.0
552.4425	-1.0
552.45215	-1.0
552.4678	-1.0
552.48395	-1.0
552.5044	-1.0
552.51526	-1.0
552.56146	-1.0
552.6046	-1.0
552.6522	-1.0
552.6712	-1.0
552.71234	-1.0
552.7658	-1.0
564.07776	-1.0
564.08746	-1.0
564.1001	-1.0
574.56366	-1.0
574.60614	-1.0
574.61884	-1.0
575.12054	-1.0
584.8957	-1.0
584.9048	-1.0
584.9184	-1.0
584.9277	-1.0
584.96387	-1.0
585.19135	-1.0
585.19977	-1.0
585.24133	1.0
