0.57252	-1.0
0.59424	-1.0
0.6004	-1.0
0.60924	-1.0
0.61752	-1.0
0.62392	-1.0
0.65852	-1.0
0.6634	-1.0
0.66756	-1.0
0.67256	-1.0
0.69288	-1.0
0.71084	-1.0
0.71976	-1.0
0.73448	-1.0
0.75004	-1.0
0.76868	-1.0
0.78032	-1.0
0.7874	-1.0
0.79516	-1.0
0.801	-1.0
0.80648	-1.0
0.82144	-1.0
0.82396	-1.0
0.83428	-1.0
0.84836	-1.0
0.8594	-1.0
0.86344	-1.0
0.87888	-1.0
0.8964	-1.0
0.90708	-1.0
0.91864	-1.0
0.93452	-1.0
0.9438	-1.0
0.9568	-1.0
0.97456	-1.0
0.97804	-1.0
0.9928	-1.0
1.00368	-1.0
1.01356	-1.0
1.02712	-1.0
1.05844	-1.0
1.09584	-1.0
1.12096	-1.0
1.16576	-1.0
1.19408	-1.0
1.20904	-1.0
1.23048	-1.0
1.25936	-1.0
1.29112	1.0
1.3004	-1.0
1.33104	-1.0
1.35504	-1.0
1.3828	-1.0
1.42708	-1.0
1.46964	-1.0
1.6634	-1.0
12.84824	-1.0
21.71928	-1.0
21.73112	-1.0
21.76352	-1.0
21.78556	1.0
21.79544	-1.0
21.8206	1.0
21.8508	1.0
21.8536	-1.0
21.90652	1.0
21.94724	-1.0
21.96524	-1.0
22.00868	1.0
22.0642	-1.0
22.19324	-1.0
22.21388	-1.0
22.23148	-1.0
22.27836	-1.0
22.31352	-1.0
28.60188	-1.0
34.40824	-1.0
34.4134	-1.0
34.42328	-1.0
34.43572	-1.0
34.47368	-1.0
34.48976	-1.0
34.50368	-1.0
34.51684	-1.0
34.52148	-1.0
34.524	1.0
34.56968	-1.0
34.57228	-1.0
34.59928	-1.0
34.62148	-1.0
34.63468	-1.0
34.64996	-1.0
34.66448	-1.0
34.67392	1.0
34.71808	-1.0
34.7208	-1.0
34.74952	1.0
34.76624	1.0
34.77708	-1.0
34.80296	1.0
34.80736	-1.0
34.85096	1.0
34.8782	1.0
34.89092	-1.0
34.90496	1.0
34.92588	1.0
34.93944	-1.0
34.95932	-1.0
34.98164	1.0
34.98424	-1.0
35.00472	-1.0
35.02388	1.0
35.04464	-1.0
35.109	-1.0
35.14948	1.0
35.15308	-1.0
35.16876	1.0
35.2756	-1.0
35.32528	-1.0
43.23188	-1.0
43.24596	1.0
43.26484	1.0
43.32908	-1.0
43.3964	1.0
43.4304	-1.0
43.48512	-1.0
43.54844	-1.0
43.57952	-1.0
43.66588	-1.0
43.69684	-1.0
43.70516	-1.0
43.7344	-1.0
43.74908	-1.0
43.75704	-1.0
43.7682	-1.0
43.77268	-1.0
43.79208	-1.0
43.8208	-1.0
43.8236	-1.0
43.83224	-1.0
43.84716	-1.0
43.87384	-1.0
43.89244	-1.0
43.8956	-1.0
43.92092	-1.0
43.96204	-1.0
43.99628	-1.0
44.04448	-1.0
44.1518	-1.0
44.3168	1.0
44.35776	-1.0
51.71536	1.0
51.76072	-1.0
51.96904	-1.0
52.00932	-1.0
56.06156	1.0
56.07712	-1.0
56.20676	-1.0
59.60392	1.0
59.704	-1.0
59.82816	-1.0
67.55524	-1.0
67.56088	-1.0
67.58896	-1.0
67.59232	-1.0
67.60716	-1.0
67.61504	-1.0
67.63028	-1.0
67.63856	-1.0
67.65416	-1.0
67.67512	-1.0
67.6824	1.0
67.701	-1.0
67.728	-1.0
67.73708	-1.0
67.74268	-1.0
67.75356	-1.0
67.76616	1.0
67.77952	-1.0
67.78216	-1.0
67.82612	-1.0
67.84236	1.0
67.84736	-1.0
67.86268	-1.0
67.87756	-1.0
67.89764	1.0
67.922	-1.0
67.93592	1.0
67.94036	-1.0
67.9596	-1.0
67.9742	-1.0
67.99072	1.0
68.00548	-1.0
68.01108	-1.0
68.04348	-1.0
68.06224	-1.0
68.07412	-1.0
68.09292	1.0
68.09948	-1.0
68.1094	-1.0
68.13968	-1.0
68.18224	-1.0
68.20088	-1.0
68.23468	-1.0
68.27616	-1.0
68.29396	-1.0
68.36132	1.0
68.36532	-1.0
68.44892	1.0
68.48252	-1.0
68.5226	1.0
70.29488	-1.0
80.5816	1.0
80.62644	-1.0
80.63268	1.0
80.636	-1.0
80.66676	-1.0
80.67264	-1.0
80.68664	1.0
80.71212	-1.0
80.72916	-1.0
80.76348	-1.0
80.80372	1.0
80.81236	-1.0
80.85988	-1.0
80.90664	-1.0
80.94896	-1.0
80.98104	-1.0
81.01948	-1.0
92.64588	-1.0
92.67484	-1.0
92.6896	-1.0
92.70696	-1.0
92.71072	-1.0
92.7176	-1.0
92.75708	-1.0
92.80024	-1.0
92.81152	-1.0
92.82352	-1.0
92.8332	-1.0
92.84684	-1.0
92.85176	-1.0
92.85548	-1.0
92.86816	-1.0
92.89572	-1.0
92.91596	-1.0
92.93244	-1.0
92.9364	1.0
92.95696	-1.0
92.97124	-1.0
92.99432	-1.0
93.01008	-1.0
93.0148	-1.0
93.02832	-1.0
93.07396	-1.0
93.12972	-1.0
93.17284	-1.0
93.18908	-1.0
93.2066	-1.0
93.23556	-1.0
93.30856	-1.0
93.39272	-1.0
93.43424	-1.0
93.45992	-1.0
93.50984	-1.0
93.59808	-1.0
93.6756	-1.0
111.57864	-1.0
111.5972	-1.0
111.61748	-1.0
111.65804	-1.0
111.6738	-1.0
111.6854	1.0
111.70696	1.0
111.74508	-1.0
111.78032	1.0
111.8114	-1.0
111.8146	1.0
111.84092	1.0
111.8626	-1.0
111.90764	-1.0
111.95224	-1.0
111.98432	-1.0
112.03176	1.0
112.05388	-1.0
112.15656	-1.0
120.47588	1.0
122.19196	-1.0
122.21412	1.0
122.26984	-1.0
134.53516	-1.0
134.60036	-1.0
134.61076	-1.0
134.619	1.0
134.6294	-1.0
134.64412	1.0
134.65125	-1.0
134.69035	-1.0
134.69688	1.0
134.71857	1.0
134.74988	-1.0
134.76796	-1.0
134.81108	-1.0
134.82176	-1.0
134.86575	-1.0
134.88065	-1.0
134.89432	-1.0
134.95589	-1.0
134.9882	-1.0
135.0324	-1.0
135.043	-1.0
135.09283	-1.0
135.187	-1.0
135.30096	-1.0
135.31873	-1.0
135.3378	-1.0
135.3752	-1.0
135.47052	-1.0
142.22188	-1.0
142.23308	-1.0
142.24812	-1.0
142.3046	-1.0
142.322	-1.0
142.32564	-1.0
142.33632	-1.0
142.35252	-1.0
142.36691	-1.0
142.37088	-1.0
142.38776	-1.0
142.40337	-1.0
142.4124	-1.0
142.4276	-1.0
142.46211	-1.0
142.4838	-1.0
142.48936	-1.0
142.49188	-1.0
142.50824	-1.0
142.51552	-1.0
142.5282	-1.0
142.54596	-1.0
142.55637	-1.0
142.56248	-1.0
142.58104	-1.0
142.58385	-1.0
142.5902	-1.0
142.59352	-1.0
142.61372	-1.0
142.62924	-1.0
142.649	-1.0
142.6664	-1.0
142.686	-1.0
142.70532	-1.0
142.72533	-1.0
142.74196	-1.0
142.76569	-1.0
142.76823	-1.0
142.78397	-1.0
142.833	-1.0
142.86691	-1.0
142.88911	-1.0
142.93948	-1.0
142.97224	-1.0
143.06493	-1.0
143.10304	-1.0
143.16652	-1.0
143.22932	-1.0
143.38544	-1.0
152.5946	-1.0
152.62204	-1.0
152.64716	1.0
152.65372	-1.0
152.71672	-1.0
152.71992	-1.0
152.78873	-1.0
160.42368	-1.0
160.42848	-1.0
160.45668	1.0
160.47716	-1.0
160.49316	1.0
160.51068	-1.0
160.519	1.0
160.59155	1.0
160.6158	-1.0
160.65088	1.0
160.66817	-1.0
164.42908	-1.0
166.02652	-1.0
166.03604	-1.0
166.06767	-1.0
166.11407	1.0
166.14088	-1.0
166.19923	-1.0
166.31044	-1.0
167.03192	1.0
172.39688	-1.0
172.41312	-1.0
172.4206	-1.0
172.44856	-1.0
172.45197	-1.0
172.46852	-1.0
172.47617	-1.0
172.49736	-1.0
172.50311	-1.0
172.51392	-1.0
172.52689	-1.0
172.53049	-1.0
172.53851	-1.0
172.55637	-1.0
172.57983	-1.0
172.59715	-1.0
172.61131	-1.0
172.62532	-1.0
172.6594	-1.0
172.68652	-1.0
172.70248	-1.0
172.7198	-1.0
172.74188	-1.0
172.75624	-1.0
172.77805	-1.0
172.7892	-1.0
172.80872	-1.0
172.82887	-1.0
172.86945	-1.0
173.182	-1.0
180.18845	-1.0
183.6264	-1.0
183.7062	1.0
183.74744	1.0
192.02136	-1.0
193.24724	1.0
203.82317	-1.0
203.83136	-1.0
203.86812	-1.0
203.87236	-1.0
203.87971	-1.0
203.88573	-1.0
203.8914	-1.0
203.91164	-1.0
203.93372	-1.0
203.95384	-1.0
203.97244	-1.0
203.9802	-1.0
203.98584	-1.0
203.99889	1.0
204.00388	-1.0
204.0204	-1.0
204.02612	-1.0
204.04152	-1.0
204.0592	-1.0
204.06609	-1.0
204.07645	-1.0
204.08044	-1.0
204.09727	1.0
204.11464	-1.0
204.12389	-1.0
204.14355	1.0
204.16052	-1.0
204.17133	-1.0
204.20248	1.0
204.23404	-1.0
204.25508	-1.0
204.267	-1.0
204.31784	-1.0
204.35092	-1.0
204.37804	-1.0
204.39536	1.0
204.4484	1.0
204.45496	-1.0
204.52316	-1.0
204.56264	-1.0
204.59557	-1.0
204.63504	-1.0
204.67204	-1.0
204.7256	-1.0
204.77312	-1.0
222.76105	-1.0
222.79004	1.0
222.81496	1.0
222.8648	-1.0
222.94489	-1.0
222.98164	1.0
223.0354	-1.0
223.0398	-1.0
223.054	-1.0
223.071	-1.0
223.08269	-1.0
223.09505	-1.0
223.10872	-1.0
223.1146	-1.0
223.18909	-1.0
223.1938	-1.0
223.22311	-1.0
223.24236	-1.0
223.28328	-1.0
223.30368	1.0
223.32272	-1.0
223.34648	-1.0
223.37328	-1.0
223.48668	-1.0
223.56952	-1.0
223.62004	-1.0
223.68684	-1.0
234.81631	-1.0
236.63193	-1.0
239.11656	-1.0
239.12537	-1.0
239.13216	-1.0
239.13548	-1.0
239.18744	-1.0
239.22913	-1.0
239.24672	-1.0
239.26596	-1.0
239.2736	-1.0
239.28796	1.0
239.30408	-1.0
239.32008	1.0
239.32884	-1.0
239.34155	1.0
239.34552	-1.0
239.35016	-1.0
239.36745	-1.0
239.39984	-1.0
239.41124	-1.0
239.41795	1.0
239.421	-1.0
239.43697	-1.0
239.46564	1.0
239.49312	-1.0
239.50696	-1.0
239.56084	-1.0
239.58649	-1.0
239.60576	1.0
239.62685	-1.0
239.6466	-1.0
239.6562	-1.0
239.69452	-1.0
239.71169	-1.0
239.74692	-1.0
239.79665	-1.0
239.8322	-1.0
239.85304	-1.0
239.8804	-1.0
239.90643	-1.0
239.97163	-1.0
240.01312	-1.0
240.08208	-1.0
240.1154	-1.0
240.23557	-1.0
247.51791	-1.0
251.73036	1.0
251.763	-1.0
251.78967	1.0
251.7942	-1.0
251.8158	-1.0
251.86832	-1.0
251.9162	-1.0
251.94205	-1.0
251.96825	-1.0
251.99704	-1.0
252.02992	-1.0
252.05844	-1.0
252.12663	-1.0
252.16016	-1.0
252.25385	-1.0
252.27911	-1.0
252.3336	-1.0
254.81836	-1.0
256.09723	-1.0
256.1122	-1.0
256.1262	-1.0
256.12903	-1.0
256.1408	-1.0
256.15137	-1.0
256.18317	-1.0
256.1883	-1.0
256.23657	-1.0
256.24072	-1.0
256.25507	-1.0
256.26132	-1.0
256.26657	-1.0
256.27423	-1.0
256.3036	-1.0
256.31052	-1.0
256.31665	-1.0
256.34564	-1.0
256.35983	-1.0
256.37292	-1.0
256.38788	-1.0
256.4058	-1.0
256.41263	-1.0
256.4253	-1.0
256.44696	-1.0
256.4796	-1.0
256.50183	-1.0
256.56604	-1.0
256.60895	-1.0
256.62436	-1.0
256.65735	-1.0
256.67422	-1.0
256.69473	-1.0
256.73935	-1.0
256.8064	-1.0
256.85007	-1.0
283.4013	-1.0
284.09216	1.0
284.09723	-1.0
284.14325	1.0
284.17395	-1.0
284.2235	1.0
284.22717	-1.0
284.24316	-1.0
284.272	-1.0
284.2772	1.0
284.3002	-1.0
284.32513	-1.0
284.37183	-1.0
284.38644	1.0
284.41248	1.0
284.41513	-1.0
284.4494	-1.0
284.47195	-1.0
284.52704	-1.0
284.5694	-1.0
284.6747	-1.0
284.7338	-1.0
284.76505	-1.0
284.80933	-1.0
284.84335	-1.0
293.98047	-1.0
293.9945	-1.0
294.01736	-1.0
294.02704	-1.0
294.03467	-1.0
294.04816	-1.0
294.05392	1.0
294.0568	-1.0
294.07645	-1.0
294.0806	-1.0
294.09427	-1.0
294.12024	1.0
294.1322	-1.0
294.14465	-1.0
294.15204	-1.0
294.17383	-1.0
294.18735	-1.0
294.1919	-1.0
294.21844	-1.0
294.2242	-1.0
294.23273	-1.0
294.25916	-1.0
294.27435	-1.0
294.2786	-1.0
294.28143	1.0
294.30048	-1.0
294.31693	-1.0
294.32184	-1.0
294.35056	1.0
294.3565	-1.0
294.35925	-1.0
294.37427	1.0
294.38037	-1.0
294.39667	-1.0
294.4026	-1.0
294.4336	-1.0
294.44223	-1.0
294.46677	-1.0
294.50104	-1.0
294.54205	-1.0
294.60315	1.0
294.65292	-1.0
294.70544	1.0
294.7458	1.0
294.78088	-1.0
294.79773	1.0
294.81912	-1.0
294.89807	-1.0
294.94916	-1.0
308.59885	-1.0
308.6035	-1.0
308.62576	-1.0
308.66748	-1.0
308.6701	-1.0
308.68243	-1.0
308.69104	-1.0
308.69803	1.0
308.7221	-1.0
308.73187	-1.0
308.73532	-1.0
308.73907	-1.0
308.7596	-1.0
308.7622	-1.0
308.77332	-1.0
308.8137	-1.0
308.8258	-1.0
308.85516	-1.0
308.87067	-1.0
308.88477	-1.0
308.89594	-1.0
308.93365	-1.0
308.94772	1.0
308.97308	-1.0
309.00507	-1.0
309.0324	-1.0
309.03625	-1.0
309.04095	-1.0
309.05777	-1.0
309.07623	-1.0
309.1255	-1.0
309.1494	-1.0
309.1919	-1.0
309.20557	1.0
309.27908	1.0
309.3024	1.0
309.31113	-1.0
309.38455	1.0
309.5238	-1.0
309.6958	-1.0
318.52753	1.0
318.5427	-1.0
318.55728	-1.0
318.6003	-1.0
318.62952	1.0
318.72485	-1.0
318.7626	-1.0
318.8182	-1.0
318.87836	1.0
318.91623	-1.0
318.93872	-1.0
319.05475	-1.0
323.15753	-1.0
323.18884	-1.0
323.21808	-1.0
323.2271	-1.0
323.24445	-1.0
328.95947	-1.0
329.0017	1.0
329.01984	-1.0
329.07645	1.0
329.29303	-1.0
329.37036	-1.0
336.16348	-1.0
336.23676	1.0
336.26468	-1.0
336.29245	-1.0
336.3101	-1.0
336.33224	-1.0
336.3452	-1.0
336.40256	-1.0
336.42752	-1.0
338.18036	-1.0
338.19916	-1.0
338.2191	-1.0
338.29535	-1.0
338.32532	-1.0
338.3688	-1.0
338.44507	-1.0
338.50604	-1.0
338.58093	-1.0
338.60956	-1.0
338.7204	-1.0
344.6688	-1.0
354.70892	-1.0
354.7558	-1.0
354.8209	-1.0
354.9737	-1.0
355.04733	-1.0
355.25653	-1.0
355.42136	-1.0
362.572	-1.0
362.6414	1.0
362.6505	-1.0
362.68744	-1.0
371.0443	-1.0
371.07416	1.0
371.07755	-1.0
371.106	1.0
371.15256	-1.0
371.17892	1.0
371.18835	1.0
371.21924	1.0
371.23892	-1.0
371.39337	-1.0
371.41635	-1.0
371.45004	-1.0
371.52255	-1.0
371.7275	-1.0
375.0893	-1.0
375.61844	-1.0
375.6284	-1.0
375.63483	-1.0
375.66055	-1.0
375.67368	-1.0
375.6924	-1.0
375.7146	-1.0
375.91528	-1.0
375.95816	-1.0
376.02295	-1.0
383.46933	-1.0
383.50015	-1.0
383.54868	-1.0
393.56628	-1.0
393.59583	-1.0
393.60687	-1.0
393.6375	-1.0
393.65775	-1.0
393.67197	-1.0
393.68753	-1.0
393.69107	-1.0
393.701	1.0
393.71564	-1.0
393.72125	-1.0
393.74713	1.0
393.75012	-1.0
393.76724	-1.0
393.78287	-1.0
393.79013	-1.0
393.80353	1.0
393.83463	-1.0
393.84216	1.0
393.91763	1.0
403.5248	1.0
403.5399	-1.0
403.57437	-1.0
403.5796	-1.0
403.59845	-1.0
403.61243	1.0
403.65372	-1.0
403.70123	-1.0
403.70535	1.0
403.72104	-1.0
403.743	-1.0
403.75735	-1.0
403.82947	-1.0
403.86047	1.0
403.86343	-1.0
403.92868	-1.0
403.96548	-1.0
403.9983	-1.0
404.0268	-1.0
404.04483	-1.0
404.06848	-1.0
404.10016	-1.0
404.15	-1.0
404.24664	-1.0
404.2908	-1.0
404.3021	-1.0
404.329	-1.0
404.3315	-1.0
404.37775	-1.0
404.48447	-1.0
409.90784	-1.0
409.91113	-1.0
409.92813	1.0
409.93207	-1.0
409.9482	-1.0
409.9636	-1.0
410.0017	1.0
410.0248	-1.0
410.0555	-1.0
410.06967	1.0
410.08832	-1.0
410.12448	-1.0
410.1465	-1.0
410.18097	-1.0
410.19308	-1.0
410.2326	-1.0
410.2542	-1.0
410.2894	-1.0
410.31967	-1.0
410.36612	-1.0
410.38553	-1.0
417.59808	-1.0
417.60333	-1.0
417.6099	-1.0
417.62247	-1.0
417.65292	-1.0
417.69397	-1.0
417.6981	-1.0
417.7154	1.0
417.72113	-1.0
417.78107	-1.0
417.80832	-1.0
417.83084	-1.0
417.8507	1.0
417.89365	1.0
417.93332	-1.0
417.93683	-1.0
417.97507	-1.0
417.9829	1.0
418.03497	-1.0
418.0497	-1.0
418.07315	-1.0
418.11108	-1.0
418.16983	-1.0
418.20465	-1.0
418.27173	-1.0
418.33792	-1.0
418.34677	-1.0
418.3636	-1.0
418.3679	-1.0
418.40308	-1.0
418.46463	-1.0
418.5053	-1.0
418.59927	-1.0
438.25333	-1.0
438.2929	-1.0
438.30103	-1.0
438.33392	1.0
438.35043	1.0
444.51416	-1.0
444.52316	-1.0
444.52823	-1.0
444.5448	-1.0
444.5552	-1.0
444.56763	-1.0
444.59357	-1.0
444.61615	-1.0
444.61868	-1.0
444.62988	-1.0
444.64957	-1.0
444.6524	-1.0
444.66464	-1.0
444.669	-1.0
444.6922	-1.0
444.70847	-1.0
444.72736	-1.0
444.74265	-1.0
444.76007	-1.0
444.77652	-1.0
444.79047	-1.0
444.8021	-1.0
444.82108	-1.0
444.84128	-1.0
444.8558	-1.0
444.87247	-1.0
444.87976	-1.0
444.8881	-1.0
444.89673	-1.0
444.91068	1.0
444.916	-1.0
444.93512	-1.0
444.95087	1.0
444.9612	-1.0
444.9792	-1.0
445.00583	-1.0
445.0243	-1.0
445.0494	-1.0
445.06192	1.0
445.06796	-1.0
445.09708	-1.0
445.13474	-1.0
445.15964	-1.0
445.21115	-1.0
445.24356	-1.0
445.3074	-1.0
445.36475	-1.0
445.45145	-1.0
457.65912	1.0
457.73944	-1.0
457.77905	-1.0
457.7876	-1.0
457.80637	-1.0
457.88055	1.0
457.88733	-1.0
457.92023	-1.0
457.92957	-1.0
457.93713	-1.0
457.9426	-1.0
457.96307	-1.0
457.99667	-1.0
458.02985	1.0
458.0588	-1.0
458.0836	-1.0
468.24677	-1.0
468.27893	1.0
468.31024	1.0
471.67807	-1.0
471.74323	-1.0
471.78387	1.0
471.79337	-1.0
471.82816	-1.0
471.85867	-1.0
471.87952	-1.0
471.89816	1.0
471.91544	-1.0
471.95456	-1.0
471.9893	1.0
472.0276	-1.0
472.07257	-1.0
472.17203	-1.0
472.19104	-1.0
472.2051	-1.0
472.22412	-1.0
472.26855	-1.0
472.34543	-1.0
472.39572	-1.0
472.4802	-1.0
472.52576	-1.0
476.2218	-1.0
476.23203	-1.0
476.24152	-1.0
476.245	-1.0
476.25485	-1.0
476.27356	-1.0
476.28452	-1.0
476.29065	-1.0
476.2947	-1.0
476.30487	-1.0
476.30896	-1.0
476.3192	-1.0
476.32217	-1.0
476.33685	-1.0
476.34348	-1.0
476.35184	-1.0
476.35757	-1.0
476.36456	-1.0
476.37503	-1.0
476.4138	-1.0
476.43405	-1.0
476.4434	-1.0
476.45132	-1.0
476.46045	-1.0
476.4692	-1.0
476.4795	-1.0
476.50024	-1.0
476.51266	-1.0
476.5225	-1.0
476.54468	-1.0
476.5622	1.0
476.5648	-1.0
476.5826	-1.0
476.60455	-1.0
476.61615	-1.0
476.637	1.0
476.6498	-1.0
476.69464	-1.0
476.73517	-1.0
476.75793	-1.0
476.80148	1.0
476.82196	-1.0
476.8563	-1.0
476.8848	-1.0
476.92487	-1.0
476.961	-1.0
477.07593	-1.0
477.2002	-1.0
485.4898	-1.0
485.54272	-1.0
485.60803	-1.0
485.61285	-1.0
485.6194	-1.0
485.63263	-1.0
485.65012	-1.0
485.6583	-1.0
485.6643	1.0
485.67844	-1.0
485.69708	-1.0
485.72055	-1.0
485.7271	-1.0
485.74707	-1.0
485.75043	-1.0
485.76608	-1.0
485.76953	-1.0
485.78513	-1.0
485.78937	-1.0
485.81024	-1.0
485.8415	-1.0
485.85544	-1.0
485.8878	-1.0
485.8914	-1.0
485.9109	-1.0
485.95035	-1.0
486.0038	-1.0
486.1328	-1.0
486.24207	-1.0
486.3206	-1.0
486.50266	-1.0
500.84607	1.0
512.1858	-1.0
512.191	-1.0
512.1942	-1.0
512.2234	-1.0
512.24817	-1.0
512.2664	-1.0
512.275	-1.0
512.30963	-1.0
512.31274	-1.0
512.32837	-1.0
512.33295	-1.0
512.3369	-1.0
512.3508	-1.0
512.3705	-1.0
512.3935	-1.0
512.40814	-1.0
512.43	1.0
512.4478	-1.0
512.46814	-1.0
512.52313	1.0
512.53973	-1.0
512.5481	-1.0
512.5856	-1.0
512.6122	-1.0
512.6296	-1.0
512.6529	-1.0
512.6781	-1.0
512.71216	-1.0
512.76044	1.0
512.77106	-1.0
512.7821	-1.0
512.8084	-1.0
512.86957	-1.0
513.1085	-1.0
521.9207	-1.0
521.99054	-1.0
522.0098	1.0
522.0681	1.0
526.3095	-1.0
526.3353	-1.0
526.35474	-1.0
526.3952	-1.0
526.5149	-1.0
526.6565	-1.0
526.72687	-1.0
526.8023	-1.0
540.6441	-1.0
552.2976	-1.0
552.31573	-1.0
552.3624	-1.0
552.3671	-1.0
552.3759	-1.0
552.4005	-1.0
552.40546	-1.0
552.42035	-1.0
552.433	-1.0
552.4469	-1.0
552.45123	-1.0
552.46783	-1.0
552.47797	-1.0
552.4917	-1.0
552.50165	-1.0
552.5192	-1.0
552.53394	-1.0
552.5471	-1.0
552.5726	-1.0
552.5899	-1.0
552.6046	-1.0
552.6085	-1.0
552.634	-1.0
552.6507	-1.0
552.6645	1.0
552.6838	-1.0
552.6992	-1.0
552.7164	-1.0
552.74396	-1.0
552.76086	-1.0
552.7686	-1.0
552.78156	1.0
552.78906	-1.0
552.8129	-1.0
552.83014	-1.0
552.8357	1.0
552.8769	1.0
552.89026	-1.0
552.9114	1.0
552.916	-1.0
552.94446	-1.0
552.97253	1.0
552.9926	-1.0
553.00726	-1.0
553.03033	1.0
553.07495	-1.0
553.1054	-1.0
553.1308	1.0
553.1609	1.0
553.1774	-1.0
553.19586	1.0
553.2722	-1.0
553.317	-1.0
553.3637	-1.0
564.0768	-1.0
564.0868	1.0
564.10223	-1.0
564.11365	1.0
564.119	1.0
564.1458	-1.0
564.20233	-1.0
564.2145	-1.0
564.2454	-1.0
564.2977	-1.0
574.52783	-1.0
574.5503	-1.0
574.5566	-1.0
574.5622	-1.0
574.56604	-1.0
574.57306	-1.0
574.58234	-1.0
574.58746	-1.0
574.6001	-1.0
574.6058	1.0
574.613	-1.0
574.6333	-1.0
574.65594	-1.0
574.6679	-1.0
574.6708	-1.0
574.7036	-1.0
574.7071	-1.0
574.76825	-1.0
574.79974	-1.0
574.8102	-1.0
574.86487	-1.0
574.8786	-1.0
574.89874	-1.0
574.95667	-1.0
574.97314	-1.0
575.00275	-1.0
575.06366	-1.0
575.28467	-1.0
575.4344	-1.0
575.58936	-1.0
584.89575	-1.0
584.89856	1.0
584.9548	1.0
584.9617	-1.0
584.9841	1.0
585.0235	1.0
585.0696	-1.0
585.1228	1.0
585.1286	-1.0
585.16656	-1.0
585.2007	-1.0
585.2117	-1.0
585.2375	-1.0
585.2789	-1.0
585.34045	-1.0
585.38684	-1.0
585.4043	-1.0
585.45135	-1.0
585.4709	-1.0
585.48285	-1.0
585.5643	-1.0
585.5944	-1.0
585.65094	-1.0
585.6974	-1.0
591.42017	-1.0
