0.51596	-1.0
0.52848	-1.0
0.53396	-1.0
0.54612	-1.0
0.55976	-1.0
0.5662	-1.0
0.5752	-1.0
0.57964	-1.0
0.58492	-1.0
0.58816	-1.0
0.59284	1.0
0.59592	1.0
0.5992	-1.0
0.60284	-1.0
0.61284	-1.0
0.6228	-1.0
0.62644	-1.0
0.64208	-1.0
0.6446	-1.0
0.64736	-1.0
0.65696	1.0
0.66008	1.0
0.66316	1.0
0.66676	-1.0
0.66952	-1.0
0.67292	-1.0
0.68072	-1.0
0.68324	-1.0
0.69116	-1.0
0.69376	1.0
0.69832	-1.0
0.7038	-1.0
0.70752	-1.0
0.71036	1.0
0.716	-1.0
0.71944	-1.0
0.72196	-1.0
0.72484	-1.0
0.72932	-1.0
0.73264	-1.0
0.74028	-1.0
0.74368	-1.0
0.74672	-1.0
0.7514	1.0
0.7614	-1.0
0.76416	-1.0
0.76684	-1.0
0.76964	-1.0
0.77244	1.0
0.77996	-1.0
0.78348	1.0
0.786	-1.0
0.7972	-1.0
0.80008	-1.0
0.80448	-1.0
0.80744	1.0
0.8112	-1.0
0.81372	-1.0
0.8164	-1.0
0.81944	-1.0
0.82728	-1.0
0.83016	-1.0
0.83688	-1.0
0.84412	-1.0
0.84796	-1.0
0.85916	-1.0
0.86292	-1.0
0.87472	-1.0
0.8774	1.0
0.88036	1.0
0.89096	-1.0
0.8936	-1.0
0.90256	-1.0
0.91052	-1.0
0.92344	1.0
0.9264	1.0
0.93008	-1.0
0.94136	-1.0
0.9532	-1.0
0.95592	-1.0
0.9696	-1.0
0.97436	-1.0
0.97872	-1.0
0.99012	-1.0
1.00512	-1.0
1.00788	-1.0
1.02008	-1.0
1.02316	-1.0
1.03148	-1.0
1.0372	-1.0
1.04232	-1.0
1.05412	-1.0
1.05684	-1.0
1.05952	1.0
1.06956	-1.0
1.0778	-1.0
1.0858	-1.0
1.09432	-1.0
1.10468	-1.0
1.11412	-1.0
1.12376	-1.0
1.12992	-1.0
1.13952	-1.0
1.14348	-1.0
1.14824	-1.0
1.16232	-1.0
1.17512	-1.0
1.17848	-1.0
1.18744	-1.0
1.19756	-1.0
1.20516	-1.0
1.21592	-1.0
1.22808	-1.0
1.2456	-1.0
1.2618	-1.0
1.27096	-1.0
1.29132	-1.0
1.30172	-1.0
1.31376	-1.0
1.31992	-1.0
1.33808	-1.0
1.34752	-1.0
1.376	-1.0
1.38624	-1.0
1.39696	-1.0
1.41524	-1.0
1.426	-1.0
1.43692	-1.0
1.44728	-1.0
1.45796	-1.0
1.47408	-1.0
1.49304	-1.0
1.52164	-1.0
1.56624	-1.0
1.60976	-1.0
21.62356	-1.0
21.63172	-1.0
21.63548	-1.0
21.63808	1.0
21.64068	1.0
21.6432	-1.0
21.6482	-1.0
21.65332	-1.0
21.66604	-1.0
21.66868	-1.0
21.6726	-1.0
21.67604	-1.0
21.67856	-1.0
21.6812	1.0
21.68528	-1.0
21.6944	-1.0
21.69692	-1.0
21.7078	-1.0
21.71036	1.0
21.72876	-1.0
21.73256	-1.0
21.73808	-1.0
21.74912	-1.0
21.75488	-1.0
21.76148	-1.0
21.764	-1.0
21.76688	-1.0
21.77228	-1.0
21.78292	-1.0
21.78544	-1.0
21.79192	-1.0
21.79496	1.0
21.79936	-1.0
21.8042	-1.0
21.80824	-1.0
21.81392	-1.0
21.81644	-1.0
21.82484	-1.0
21.83088	-1.0
21.84948	-1.0
21.8532	-1.0
21.86992	-1.0
21.87936	-1.0
21.8876	-1.0
21.89316	-1.0
21.89896	-1.0
21.90604	-1.0
21.91344	-1.0
21.933	-1.0
21.94304	-1.0
21.95808	-1.0
21.96496	-1.0
21.97168	-1.0
21.97952	-1.0
21.9822	-1.0
21.9926	-1.0
21.99812	-1.0
22.00164	-1.0
22.01052	-1.0
22.02236	-1.0
22.03524	-1.0
22.04392	-1.0
22.05452	-1.0
22.06268	-1.0
22.07336	-1.0
22.07724	-1.0
22.08664	-1.0
22.10648	-1.0
22.11592	-1.0
22.13112	-1.0
22.13672	-1.0
22.1514	-1.0
22.16252	-1.0
22.1656	-1.0
22.17172	-1.0
22.19056	-1.0
22.20332	-1.0
22.2148	-1.0
22.22556	-1.0
22.24484	-1.0
22.25784	-1.0
22.2704	-1.0
22.28268	-1.0
22.30756	-1.0
22.34572	-1.0
34.3118	-1.0
34.3292	-1.0
34.37236	-1.0
34.38896	-1.0
34.39944	-1.0
34.40196	1.0
34.40788	-1.0
34.41044	-1.0
34.413	-1.0
34.41636	-1.0
34.41904	1.0
34.42816	-1.0
34.43716	-1.0
34.4416	-1.0
34.44468	-1.0
34.44912	-1.0
34.45488	-1.0
34.46328	-1.0
34.4658	-1.0
34.469	-1.0
34.47192	-1.0
34.47488	-1.0
34.4858	-1.0
34.48868	-1.0
34.49464	-1.0
34.50028	-1.0
34.50508	-1.0
34.50848	-1.0
34.51116	1.0
34.51412	-1.0
34.51976	-1.0
34.52324	-1.0
34.53268	-1.0
34.53784	-1.0
34.54128	-1.0
34.54468	-1.0
34.55488	-1.0
34.55776	-1.0
34.56196	-1.0
34.5658	-1.0
34.57108	-1.0
34.574	1.0
34.5768	1.0
34.58492	-1.0
34.5876	-1.0
34.59216	1.0
34.59496	1.0
34.59812	1.0
34.60064	-1.0
34.60344	-1.0
34.61144	-1.0
34.61672	-1.0
34.628	-1.0
34.63128	-1.0
34.636	-1.0
34.6388	1.0
34.6426	-1.0
34.647	-1.0
34.65484	-1.0
34.66088	-1.0
34.66716	-1.0
34.67276	-1.0
34.68208	-1.0
34.68468	-1.0
34.68736	-1.0
34.69124	-1.0
34.69792	-1.0
34.70088	-1.0
34.7042	-1.0
34.70932	-1.0
34.7132	-1.0
34.7158	-1.0
34.721	1.0
34.72364	1.0
34.73084	-1.0
34.73372	-1.0
34.73916	-1.0
34.74348	-1.0
34.74912	-1.0
34.75956	-1.0
34.765	-1.0
34.76752	-1.0
34.77204	-1.0
34.77456	1.0
34.78088	-1.0
34.78592	-1.0
34.79616	-1.0
34.80608	-1.0
34.81604	-1.0
34.82024	-1.0
34.82288	-1.0
34.83196	-1.0
34.83916	-1.0
34.84284	-1.0
34.85224	-1.0
34.85912	-1.0
34.86248	-1.0
34.87232	-1.0
34.88184	-1.0
34.8894	-1.0
34.90068	-1.0
34.90328	-1.0
34.91292	-1.0
34.9158	-1.0
34.9212	-1.0
34.92712	-1.0
34.93404	-1.0
34.93856	-1.0
34.94924	-1.0
34.956	-1.0
34.96664	-1.0
34.97336	-1.0
34.98452	-1.0
34.99132	-1.0
35.00076	-1.0
35.00388	1.0
35.01364	-1.0
35.02596	-1.0
35.03532	-1.0
35.04416	-1.0
35.0562	-1.0
35.06516	-1.0
35.07232	-1.0
35.08516	-1.0
35.09776	-1.0
35.10632	-1.0
35.1164	-1.0
35.1288	-1.0
35.13804	-1.0
35.15676	-1.0
35.17	-1.0
35.1792	-1.0
35.18568	-1.0
35.199	-1.0
35.21952	-1.0
35.23308	-1.0
43.05676	-1.0
43.05928	-1.0
43.0682	-1.0
43.07648	-1.0
43.08324	-1.0
43.08604	-1.0
43.09972	-1.0
43.11644	-1.0
43.15376	-1.0
43.19812	-1.0
43.20544	-1.0
43.21264	-1.0
43.21816	1.0
43.22108	1.0
43.224	1.0
43.23016	-1.0
43.23576	-1.0
43.24844	-1.0
43.25808	-1.0
43.26372	-1.0
43.26736	-1.0
43.29476	-1.0
43.29756	-1.0
43.31552	-1.0
43.3378	-1.0
43.34928	-1.0
43.35768	-1.0
43.37036	-1.0
43.38208	-1.0
43.39536	-1.0
43.40456	-1.0
43.41736	-1.0
43.42932	-1.0
43.44192	-1.0
43.45892	-1.0
43.4756	-1.0
43.48544	-1.0
43.50152	-1.0
43.53672	-1.0
43.54824	-1.0
43.55884	-1.0
43.57752	-1.0
43.58624	-1.0
43.61396	-1.0
43.62736	-1.0
43.65024	-1.0
43.65324	-1.0
43.65588	-1.0
43.6584	-1.0
43.66292	-1.0
43.66604	-1.0
43.66856	-1.0
43.67324	-1.0
43.67668	-1.0
43.68208	-1.0
43.68504	-1.0
43.69028	-1.0
43.70124	-1.0
43.71552	1.0
43.71804	1.0
43.72108	-1.0
43.72772	-1.0
43.73828	-1.0
43.74148	-1.0
43.74456	1.0
43.7472	1.0
43.7508	-1.0
43.75332	-1.0
43.75668	-1.0
43.76788	-1.0
43.77196	-1.0
43.77664	-1.0
43.78004	-1.0
43.79532	-1.0
43.79876	-1.0
43.8016	-1.0
43.8134	-1.0
43.82088	-1.0
43.8234	-1.0
43.82592	-1.0
43.833	-1.0
43.8362	1.0
43.83872	1.0
43.85744	-1.0
43.86068	-1.0
43.8658	1.0
43.87344	-1.0
43.87684	-1.0
43.88288	-1.0
43.88548	-1.0
43.88824	-1.0
43.89928	-1.0
43.90308	-1.0
43.9148	-1.0
43.92756	-1.0
43.95272	-1.0
43.96084	-1.0
43.97124	-1.0
43.97648	-1.0
43.99052	-1.0
43.99416	-1.0
44.00668	-1.0
44.01524	-1.0
44.03228	-1.0
44.046	-1.0
44.05308	-1.0
44.07892	-1.0
44.08236	-1.0
44.0982	-1.0
44.10108	-1.0
44.11308	-1.0
44.11912	1.0
44.12172	1.0
44.13796	-1.0
44.16364	-1.0
44.17124	-1.0
44.17388	-1.0
44.20268	-1.0
44.20604	-1.0
44.2164	-1.0
44.22516	-1.0
44.23332	-1.0
44.24536	-1.0
44.25264	-1.0
44.26172	-1.0
44.28036	-1.0
44.30228	-1.0
44.31396	-1.0
44.31688	-1.0
44.32936	-1.0
44.33712	-1.0
44.3538	-1.0
44.36092	-1.0
44.38612	-1.0
44.39672	-1.0
44.40852	-1.0
44.42024	-1.0
44.43864	-1.0
44.44644	-1.0
44.46164	-1.0
44.48884	-1.0
44.49884	-1.0
44.53836	-1.0
44.60028	-1.0
44.61016	-1.0
51.11484	-1.0
51.11976	-1.0
51.13188	-1.0
51.16296	-1.0
51.17608	-1.0
51.38408	-1.0
51.3902	-1.0
51.40572	-1.0
51.42016	-1.0
51.57784	-1.0
51.59608	-1.0
51.60044	-1.0
51.6036	-1.0
51.61744	-1.0
51.6314	-1.0
51.64168	-1.0
51.651	-1.0
51.65372	-1.0
51.65632	1.0
51.66964	-1.0
51.67884	-1.0
51.68676	-1.0
51.7046	-1.0
51.71996	-1.0
51.72348	-1.0
51.74056	-1.0
51.7432	-1.0
51.753	-1.0
51.76316	-1.0
51.77588	-1.0
51.79132	-1.0
51.82228	-1.0
51.83172	-1.0
51.85764	-1.0
51.8668	-1.0
51.90584	-1.0
51.92456	-1.0
51.93312	-1.0
51.96248	-1.0
51.9736	-1.0
51.98996	-1.0
52.01456	-1.0
52.05036	-1.0
52.07056	-1.0
52.08844	-1.0
52.1276	-1.0
55.911	-1.0
55.91884	-1.0
55.92196	-1.0
55.9292	-1.0
55.94036	-1.0
55.94404	-1.0
55.9482	-1.0
55.95612	-1.0
55.981	-1.0
55.99108	-1.0
56.0098	-1.0
56.02332	-1.0
56.04028	-1.0
56.05028	-1.0
56.06052	-1.0
56.07248	-1.0
56.0892	-1.0
56.10116	-1.0
56.105	-1.0
56.11568	-1.0
56.12792	-1.0
56.14388	-1.0
56.163	-1.0
56.19476	-1.0
56.2468	-1.0
56.27908	-1.0
56.31012	-1.0
56.36108	-1.0
56.40072	-1.0
56.41164	-1.0
56.41632	-1.0
56.4272	-1.0
56.43928	-1.0
56.4542	-1.0
56.46644	-1.0
56.48568	-1.0
56.49508	-1.0
59.28832	-1.0
59.30128	-1.0
59.31432	-1.0
59.33164	-1.0
59.34744	-1.0
59.35468	-1.0
59.36672	-1.0
59.38536	-1.0
59.42268	-1.0
59.43292	-1.0
59.46436	-1.0
59.47256	-1.0
59.47672	-1.0
59.48612	-1.0
59.5014	-1.0
59.50832	-1.0
59.53356	-1.0
59.54644	-1.0
59.5512	-1.0
59.56376	-1.0
59.59364	-1.0
59.60568	-1.0
59.62852	-1.0
59.65336	-1.0
59.65996	-1.0
59.68692	-1.0
59.70152	-1.0
59.71516	-1.0
59.74976	-1.0
59.75788	-1.0
59.7702	-1.0
59.7864	-1.0
59.81636	-1.0
59.83712	-1.0
59.8908	-1.0
67.45208	-1.0
67.46216	-1.0
67.469	-1.0
67.47884	-1.0
67.53512	-1.0
67.53952	-1.0
67.54248	-1.0
67.54508	1.0
67.55096	-1.0
67.55348	-1.0
67.565	-1.0
67.56984	-1.0
67.57336	-1.0
67.58268	-1.0
67.58532	1.0
67.5908	-1.0
67.59896	-1.0
67.60408	-1.0
67.60872	-1.0
67.61184	-1.0
67.615	-1.0
67.62004	-1.0
67.62376	1.0
67.62652	1.0
67.63024	-1.0
67.63276	-1.0
67.63736	-1.0
67.64016	-1.0
67.65136	-1.0
67.6576	-1.0
67.6604	1.0
67.66472	-1.0
67.66724	-1.0
67.67236	-1.0
67.67736	-1.0
67.6868	-1.0
67.69064	-1.0
67.69484	-1.0
67.70556	-1.0
67.70808	-1.0
67.71156	-1.0
67.71544	-1.0
67.71796	-1.0
67.72056	1.0
67.72844	-1.0
67.73416	-1.0
67.73828	-1.0
67.74388	-1.0
67.75056	-1.0
67.7538	-1.0
67.75956	-1.0
67.7622	-1.0
67.77504	-1.0
67.77884	1.0
67.78136	-1.0
67.784	-1.0
67.78776	-1.0
67.79364	-1.0
67.79644	-1.0
67.7998	-1.0
67.80528	-1.0
67.81572	-1.0
67.81868	-1.0
67.82232	-1.0
67.83048	-1.0
67.83448	-1.0
67.83732	-1.0
67.8466	-1.0
67.84936	1.0
67.855	-1.0
67.86164	-1.0
67.86728	-1.0
67.87104	-1.0
67.87592	-1.0
67.88124	-1.0
67.8922	-1.0
67.89636	-1.0
67.90484	-1.0
67.91916	-1.0
67.922	-1.0
67.92572	-1.0
67.93308	-1.0
67.94336	-1.0
67.95136	-1.0
67.95464	-1.0
67.96524	-1.0
67.97276	-1.0
67.98328	-1.0
67.99312	-1.0
67.99612	-1.0
68.00384	-1.0
68.01232	-1.0
68.02216	-1.0
68.02888	-1.0
68.04232	-1.0
68.04816	-1.0
68.05864	-1.0
68.06276	-1.0
68.06748	-1.0
68.0768	-1.0
68.084	-1.0
68.09368	-1.0
68.097	-1.0
68.1028	-1.0
68.11348	-1.0
68.12196	-1.0
68.12668	-1.0
68.13276	-1.0
68.14084	-1.0
68.15452	-1.0
68.16124	-1.0
68.17348	-1.0
68.18596	-1.0
68.1962	-1.0
68.2024	-1.0
68.21472	-1.0
68.22092	-1.0
68.23652	-1.0
68.24716	-1.0
68.25632	-1.0
68.26828	-1.0
68.27276	-1.0
68.2848	-1.0
68.2976	-1.0
68.30016	-1.0
68.3214	-1.0
68.33024	-1.0
68.3436	-1.0
68.36384	-1.0
68.36684	-1.0
68.37276	-1.0
68.3964	-1.0
68.40364	-1.0
68.42288	-1.0
68.44744	-1.0
68.46248	-1.0
68.4986	-1.0
68.52832	-1.0
68.54468	-1.0
70.45996	-1.0
80.52288	-1.0
80.53032	-1.0
80.53376	-1.0
80.5496	-1.0
80.55992	-1.0
80.57636	1.0
80.58024	-1.0
80.58412	-1.0
80.58736	-1.0
80.59752	-1.0
80.60964	-1.0
80.61844	-1.0
80.62452	-1.0
80.62704	-1.0
80.62996	-1.0
80.63256	1.0
80.6402	-1.0
80.64844	-1.0
80.65664	-1.0
80.66512	-1.0
80.6752	-1.0
80.67796	-1.0
80.68256	-1.0
80.68816	-1.0
80.70572	-1.0
80.7116	-1.0
80.7198	-1.0
80.72976	-1.0
80.73988	-1.0
80.74904	-1.0
80.76484	-1.0
80.7742	-1.0
80.77748	-1.0
80.78812	-1.0
80.7978	-1.0
80.80408	-1.0
80.81556	-1.0
80.82672	-1.0
80.83736	-1.0
80.8402	-1.0
80.84864	-1.0
80.85572	-1.0
80.86936	-1.0
80.88732	-1.0
80.89448	-1.0
80.9094	-1.0
80.9232	-1.0
80.93784	-1.0
80.9488	-1.0
80.9602	-1.0
80.9794	-1.0
81.00924	-1.0
81.03176	-1.0
81.0568	-1.0
81.0698	-1.0
81.09232	-1.0
81.09948	-1.0
81.11524	-1.0
81.12488	-1.0
81.14116	-1.0
81.15604	-1.0
81.16016	-1.0
81.16528	-1.0
81.17428	-1.0
81.1782	-1.0
81.18188	-1.0
81.18472	-1.0
81.19192	-1.0
81.19544	-1.0
92.53768	-1.0
92.5404	1.0
92.55344	-1.0
92.55876	-1.0
92.57552	-1.0
92.62252	-1.0
92.63776	-1.0
92.64372	-1.0
92.64696	-1.0
92.6496	-1.0
92.65652	-1.0
92.66728	-1.0
92.67608	-1.0
92.68032	-1.0
92.6834	-1.0
92.6864	-1.0
92.69232	-1.0
92.6962	-1.0
92.70028	-1.0
92.70928	-1.0
92.71252	-1.0
92.72196	-1.0
92.7256	-1.0
92.729	-1.0
92.73168	1.0
92.7368	-1.0
92.73996	-1.0
92.74276	-1.0
92.7478	-1.0
92.75032	-1.0
92.75308	-1.0
92.75992	-1.0
92.76264	1.0
92.76552	-1.0
92.7682	1.0
92.77568	1.0
92.77904	-1.0
92.78304	-1.0
92.7928	-1.0
92.79588	-1.0
92.7996	-1.0
92.80712	-1.0
92.81124	-1.0
92.81376	-1.0
92.82116	-1.0
92.82472	1.0
92.82724	1.0
92.82976	-1.0
92.83696	-1.0
92.83976	-1.0
92.84236	1.0
92.84676	-1.0
92.84964	-1.0
92.8558	-1.0
92.85972	-1.0
92.86936	-1.0
92.87232	-1.0
92.8834	-1.0
92.88684	-1.0
92.88948	1.0
92.89404	-1.0
92.90472	-1.0
92.91408	-1.0
92.91768	-1.0
92.92652	-1.0
92.93028	-1.0
92.93668	-1.0
92.9404	-1.0
92.947	-1.0
92.95524	-1.0
92.96016	-1.0
92.9674	-1.0
92.97112	-1.0
92.9742	-1.0
92.9846	-1.0
92.98828	-1.0
92.99888	-1.0
93.00288	-1.0
93.00752	-1.0
93.0164	-1.0
93.03384	-1.0
93.04232	-1.0
93.06144	-1.0
93.08924	-1.0
93.0968	-1.0
93.10252	1.0
93.11256	-1.0
93.13412	-1.0
93.14344	-1.0
93.153	-1.0
93.15568	1.0
93.176	-1.0
93.18812	-1.0
93.21036	-1.0
93.224	-1.0
93.23116	-1.0
93.24276	-1.0
93.2574	-1.0
93.26816	-1.0
93.2774	-1.0
93.28412	-1.0
93.29244	-1.0
93.29848	-1.0
93.30712	-1.0
93.33148	-1.0
93.345	-1.0
93.35144	-1.0
93.36136	-1.0
93.36824	-1.0
93.39096	-1.0
93.40292	1.0
93.4108	-1.0
93.43	-1.0
93.44636	-1.0
93.4556	-1.0
93.47196	-1.0
93.48276	-1.0
93.49504	-1.0
93.49756	-1.0
93.52088	-1.0
93.5342	-1.0
93.54632	-1.0
93.57048	-1.0
93.58328	-1.0
93.60576	-1.0
93.61508	-1.0
93.63824	-1.0
93.65124	-1.0
93.67012	-1.0
93.68372	-1.0
93.70636	-1.0
93.7176	-1.0
93.76016	-1.0
93.7996	-1.0
111.4588	-1.0
111.4652	-1.0
111.47204	-1.0
111.47748	-1.0
111.4876	-1.0
111.4954	-1.0
111.5016	-1.0
111.51424	-1.0
111.51948	-1.0
111.53004	-1.0
111.53256	-1.0
111.54852	-1.0
111.55324	-1.0
111.55576	-1.0
111.55856	-1.0
111.56316	1.0
111.56644	-1.0
111.569	-1.0
111.57432	-1.0
111.57696	-1.0
111.58128	-1.0
111.59128	-1.0
111.59452	-1.0
111.5984	-1.0
111.61172	-1.0
111.62764	-1.0
111.63052	1.0
111.6342	-1.0
111.64324	-1.0
111.65704	-1.0
111.66964	-1.0
111.67592	-1.0
111.68052	-1.0
111.68544	-1.0
111.69272	-1.0
111.70032	-1.0
111.70544	-1.0
111.71784	-1.0
111.72492	-1.0
111.72744	-1.0
111.73836	-1.0
111.74672	-1.0
111.75248	-1.0
111.7592	-1.0
111.76192	-1.0
111.77476	-1.0
111.77732	-1.0
111.78624	-1.0
111.80088	-1.0
111.81144	-1.0
111.8236	-1.0
111.83108	-1.0
111.8336	-1.0
111.83912	-1.0
111.8434	-1.0
111.85936	-1.0
111.86888	-1.0
111.8818	-1.0
111.88792	-1.0
111.89456	-1.0
111.90176	-1.0
111.9048	-1.0
111.91076	-1.0
111.91876	-1.0
111.9298	-1.0
111.93356	-1.0
111.9418	-1.0
111.9508	-1.0
111.9562	-1.0
111.96312	-1.0
111.97584	-1.0
111.97836	-1.0
111.99328	-1.0
112.00592	-1.0
112.01452	-1.0
112.03068	-1.0
112.03848	-1.0
112.0422	-1.0
112.05028	-1.0
112.05932	-1.0
112.06664	-1.0
112.10604	-1.0
112.11568	-1.0
112.12508	-1.0
112.13784	-1.0
112.17956	-1.0
122.09292	-1.0
122.1268	-1.0
122.13564	-1.0
122.147	-1.0
122.166	-1.0
122.18288	-1.0
122.1912	-1.0
122.2092	-1.0
122.2126	-1.0
122.21796	-1.0
122.2288	-1.0
122.23184	-1.0
122.235	-1.0
122.25068	-1.0
122.25988	-1.0
122.26284	1.0
134.44864	-1.0
134.46016	-1.0
134.46848	-1.0
134.4712	1.0
134.47444	-1.0
134.48463	-1.0
134.48833	-1.0
134.49297	-1.0
134.50948	-1.0
134.5122	-1.0
134.51772	-1.0
134.52309	1.0
134.52592	-1.0
134.52847	1.0
134.53165	-1.0
134.53429	-1.0
134.54012	-1.0
134.54936	-1.0
134.57053	-1.0
134.587	-1.0
134.59409	-1.0
134.60011	-1.0
134.61284	-1.0
134.61755	-1.0
134.6232	-1.0
134.6286	-1.0
134.63304	-1.0
134.64069	-1.0
134.64893	-1.0
134.652	-1.0
134.65453	-1.0
134.65712	-1.0
134.6618	-1.0
134.6648	-1.0
134.66772	-1.0
134.678	-1.0
134.68584	-1.0
134.69096	-1.0
134.70224	-1.0
134.70505	-1.0
134.7134	-1.0
134.72237	-1.0
134.72508	-1.0
134.73335	-1.0
134.74524	-1.0
134.7492	-1.0
134.761	-1.0
134.76752	-1.0
134.77003	-1.0
134.77373	-1.0
134.77744	-1.0
134.78284	-1.0
134.78792	-1.0
134.79932	-1.0
134.80476	-1.0
134.81252	-1.0
134.82095	-1.0
134.82576	-1.0
134.83427	-1.0
134.84616	-1.0
134.85284	-1.0
134.85728	-1.0
134.86664	-1.0
134.87964	-1.0
134.889	-1.0
134.89612	-1.0
134.90564	-1.0
134.91435	-1.0
134.9226	-1.0
134.92944	-1.0
134.93968	-1.0
134.94748	-1.0
134.95604	-1.0
134.96304	-1.0
134.9754	-1.0
134.98167	-1.0
134.98972	-1.0
135.00069	-1.0
135.0134	-1.0
135.01823	-1.0
135.0272	-1.0
135.0394	-1.0
135.0482	-1.0
135.05408	-1.0
135.06725	-1.0
135.07768	-1.0
135.09315	-1.0
135.10097	-1.0
135.117	-1.0
135.12633	-1.0
135.13548	-1.0
135.13995	-1.0
135.1486	-1.0
135.15956	-1.0
135.17792	-1.0
135.18944	-1.0
135.2014	-1.0
135.2136	-1.0
135.222	-1.0
135.22696	-1.0
135.23695	-1.0
135.25015	-1.0
135.25732	-1.0
135.27304	-1.0
135.28288	-1.0
135.29512	-1.0
135.30048	-1.0
135.31264	-1.0
135.32312	-1.0
135.33733	-1.0
135.3542	-1.0
135.36407	-1.0
135.3824	-1.0
135.39693	-1.0
135.41731	-1.0
135.44504	-1.0
135.46312	-1.0
142.22649	-1.0
142.2296	-1.0
142.23236	-1.0
142.23544	1.0
142.2384	-1.0
142.2422	-1.0
142.24588	-1.0
142.25584	-1.0
142.26996	-1.0
142.28188	-1.0
142.28548	-1.0
142.28824	1.0
142.2946	-1.0
142.30368	-1.0
142.30669	-1.0
142.30948	-1.0
142.31892	-1.0
142.32144	-1.0
142.32484	1.0
142.33128	-1.0
142.33511	-1.0
142.33844	-1.0
142.34224	-1.0
142.34512	-1.0
142.34764	-1.0
142.35884	-1.0
142.36136	-1.0
142.36484	-1.0
142.3684	-1.0
142.3718	-1.0
142.37724	-1.0
142.37976	1.0
142.38351	-1.0
142.38815	-1.0
142.39436	-1.0
142.39748	-1.0
142.41176	-1.0
142.4154	-1.0
142.42104	-1.0
142.42476	-1.0
142.4278	-1.0
142.43088	-1.0
142.4334	-1.0
142.43729	-1.0
142.4398	-1.0
142.44392	-1.0
142.44824	-1.0
142.45076	-1.0
142.45468	-1.0
142.45848	-1.0
142.4632	-1.0
142.46852	-1.0
142.47192	-1.0
142.47444	-1.0
142.48157	-1.0
142.48663	-1.0
142.49013	-1.0
142.50069	-1.0
142.50449	-1.0
142.50856	-1.0
142.51611	-1.0
142.51964	-1.0
142.52348	-1.0
142.52692	-1.0
142.52975	1.0
142.53493	-1.0
142.5414	-1.0
142.5452	-1.0
142.55344	-1.0
142.56088	-1.0
142.56372	-1.0
142.57056	-1.0
142.57864	-1.0
142.58116	-1.0
142.58772	-1.0
142.59076	-1.0
142.59528	-1.0
142.60233	-1.0
142.6056	-1.0
142.60995	-1.0
142.61777	-1.0
142.62337	-1.0
142.627	-1.0
142.63484	-1.0
142.63943	-1.0
142.65172	-1.0
142.65729	-1.0
142.66928	-1.0
142.6796	-1.0
142.68452	-1.0
142.68707	1.0
142.69884	-1.0
142.70769	-1.0
142.72292	-1.0
142.72849	-1.0
142.73483	-1.0
142.73744	-1.0
142.74445	-1.0
142.74744	1.0
142.75427	-1.0
142.7642	-1.0
142.76804	-1.0
142.77065	1.0
142.77708	-1.0
142.78596	-1.0
142.79485	-1.0
142.80003	-1.0
142.81396	-1.0
142.82132	-1.0
142.82896	-1.0
142.84056	-1.0
142.8474	-1.0
142.85352	-1.0
142.87036	-1.0
142.88277	-1.0
142.88936	-1.0
142.90092	-1.0
142.91112	-1.0
142.92	-1.0
142.93604	-1.0
142.94812	-1.0
142.95448	-1.0
142.95848	-1.0
142.97276	-1.0
142.98204	-1.0
142.99792	-1.0
143.00624	-1.0
143.01544	-1.0
143.03224	-1.0
143.04536	-1.0
143.05585	-1.0
143.07	-1.0
143.08488	-1.0
143.09636	-1.0
143.10388	-1.0
143.11868	-1.0
143.13371	-1.0
143.14584	-1.0
143.16869	-1.0
143.18608	-1.0
143.19928	-1.0
143.21835	-1.0
143.23828	-1.0
143.25935	-1.0
143.28824	-1.0
143.31508	-1.0
143.34476	-1.0
152.37051	-1.0
152.3834	-1.0
152.45032	-1.0
152.45724	-1.0
152.46832	-1.0
152.48012	-1.0
152.48444	-1.0
152.48796	-1.0
152.49176	-1.0
152.50204	-1.0
152.51488	-1.0
152.53313	-1.0
152.54655	-1.0
152.55624	-1.0
152.57031	-1.0
152.57724	-1.0
152.58072	-1.0
152.58691	-1.0
152.59456	-1.0
152.59996	-1.0
152.61368	-1.0
152.61908	-1.0
152.6228	-1.0
152.63033	-1.0
152.64407	-1.0
152.64809	-1.0
152.655	-1.0
152.66573	-1.0
152.67664	-1.0
152.68724	-1.0
152.69331	-1.0
152.70187	-1.0
152.7056	-1.0
152.7096	-1.0
152.72005	-1.0
152.72644	-1.0
152.73907	-1.0
152.7526	-1.0
152.76848	-1.0
152.7798	-1.0
152.79884	-1.0
152.81136	-1.0
152.82623	-1.0
152.85097	-1.0
152.86308	-1.0
152.88065	-1.0
152.9056	-1.0
152.93364	-1.0
152.9616	-1.0
153.0036	-1.0
153.0272	-1.0
153.05109	-1.0
153.07228	-1.0
153.09715	-1.0
153.11356	-1.0
153.16844	-1.0
153.24403	-1.0
160.35709	-1.0
160.3782	-1.0
160.38329	-1.0
160.38644	1.0
160.3972	-1.0
160.4026	-1.0
160.40636	-1.0
160.414	-1.0
160.4166	-1.0
160.4214	-1.0
160.42696	-1.0
160.42947	-1.0
160.43472	-1.0
160.43909	-1.0
160.4436	-1.0
160.44812	-1.0
160.46065	-1.0
160.46815	-1.0
160.47913	-1.0
160.4848	-1.0
160.48804	-1.0
160.49529	-1.0
160.50208	-1.0
160.50508	1.0
160.51411	-1.0
160.52048	-1.0
160.53212	-1.0
160.54068	-1.0
160.54364	-1.0
160.551	-1.0
160.56165	-1.0
160.5704	-1.0
160.5826	-1.0
160.59984	-1.0
160.60396	-1.0
160.60867	-1.0
160.63988	-1.0
160.65463	-1.0
160.71043	-1.0
160.72632	-1.0
165.88171	-1.0
165.8922	-1.0
165.90604	-1.0
165.91849	-1.0
165.9236	-1.0
165.93312	-1.0
165.94632	-1.0
165.9508	-1.0
165.95744	-1.0
165.97025	-1.0
165.97585	-1.0
165.98956	-1.0
165.99773	-1.0
166.0008	1.0
166.00333	-1.0
166.0098	-1.0
166.02908	-1.0
166.03789	-1.0
166.04948	-1.0
166.05595	-1.0
166.06348	-1.0
166.06972	-1.0
166.07904	-1.0
166.09276	-1.0
166.09932	-1.0
166.10912	-1.0
166.11456	-1.0
166.13048	-1.0
166.13724	-1.0
166.14725	-1.0
166.15907	-1.0
166.16531	-1.0
166.17947	-1.0
166.18228	-1.0
166.1906	-1.0
166.20132	-1.0
166.22173	-1.0
166.23004	-1.0
166.23865	-1.0
166.25133	-1.0
166.25504	-1.0
166.26312	-1.0
166.26688	-1.0
166.28027	-1.0
166.28767	-1.0
166.29756	-1.0
166.3098	-1.0
166.31387	-1.0
166.31651	1.0
166.32243	-1.0
166.33247	-1.0
166.33607	-1.0
166.34412	-1.0
166.36353	-1.0
166.38208	-1.0
166.40273	-1.0
166.4108	-1.0
166.41936	-1.0
166.44052	-1.0
166.46616	-1.0
166.494	-1.0
166.5216	-1.0
166.53456	-1.0
166.56172	-1.0
166.5686	-1.0
166.58363	-1.0
166.60164	-1.0
166.62904	-1.0
166.67291	-1.0
172.34505	-1.0
172.37444	-1.0
172.39111	-1.0
172.39397	-1.0
172.39671	1.0
172.4006	-1.0
172.40369	-1.0
172.40724	-1.0
172.40996	1.0
172.42076	-1.0
172.42905	-1.0
172.43304	-1.0
172.43976	-1.0
172.44563	-1.0
172.44864	1.0
172.45728	-1.0
172.46413	-1.0
172.46736	-1.0
172.47276	-1.0
172.47804	1.0
172.48096	1.0
172.488	-1.0
172.49332	-1.0
172.49593	1.0
172.50148	-1.0
172.5126	-1.0
172.51604	-1.0
172.52824	-1.0
172.53188	-1.0
172.5344	-1.0
172.54596	-1.0
172.54988	-1.0
172.55536	-1.0
172.55992	-1.0
172.56348	-1.0
172.56656	1.0
172.57127	-1.0
172.5776	-1.0
172.58084	-1.0
172.58965	-1.0
172.5934	-1.0
172.60704	-1.0
172.61205	-1.0
172.61508	-1.0
172.62404	-1.0
172.62816	-1.0
172.6332	-1.0
172.64508	-1.0
172.65692	-1.0
172.663	-1.0
172.67844	-1.0
172.69376	-1.0
172.69955	-1.0
172.70229	-1.0
172.70483	-1.0
172.71268	-1.0
172.71616	-1.0
172.72928	-1.0
172.74472	-1.0
172.74832	-1.0
172.76389	-1.0
172.7694	-1.0
172.7754	-1.0
172.78444	-1.0
172.8006	-1.0
172.80312	-1.0
172.81207	-1.0
172.82648	-1.0
172.8482	-1.0
172.85928	-1.0
172.86464	-1.0
172.89343	-1.0
172.90044	-1.0
172.91344	-1.0
172.9232	-1.0
172.9312	-1.0
172.9418	-1.0
172.95576	-1.0
172.96468	-1.0
172.98216	-1.0
172.9852	-1.0
172.99936	-1.0
173.02124	-1.0
173.06323	-1.0
173.06772	-1.0
173.08536	-1.0
173.09244	-1.0
173.10188	-1.0
173.11044	-1.0
173.11755	-1.0
173.1294	-1.0
173.13223	-1.0
173.14616	-1.0
173.15372	-1.0
173.16708	-1.0
173.181	-1.0
173.18932	-1.0
173.20268	-1.0
173.21716	-1.0
173.22372	-1.0
173.22713	-1.0
173.23956	-1.0
173.25636	-1.0
173.26189	-1.0
173.26596	-1.0
173.28767	-1.0
173.3118	-1.0
173.32448	-1.0
173.33044	-1.0
173.35368	-1.0
173.37372	-1.0
173.39429	-1.0
173.4014	-1.0
173.4228	-1.0
173.44432	-1.0
173.46072	-1.0
173.49268	-1.0
173.56744	-1.0
183.42896	-1.0
183.46376	-1.0
183.50612	-1.0
183.51305	-1.0
183.51907	-1.0
183.5336	-1.0
183.57455	-1.0
183.5868	-1.0
183.58992	-1.0
183.60213	-1.0
183.61955	-1.0
183.63124	-1.0
183.64232	-1.0
183.65172	-1.0
183.65924	-1.0
183.67792	-1.0
183.6858	-1.0
183.71265	-1.0
183.72908	-1.0
183.73648	-1.0
183.76636	-1.0
193.10213	-1.0
193.11096	-1.0
193.11736	-1.0
193.1354	-1.0
193.14323	-1.0
193.14883	-1.0
193.16151	-1.0
193.16728	-1.0
193.17264	-1.0
193.17673	-1.0
193.18484	-1.0
193.18951	-1.0
193.1976	-1.0
193.20096	-1.0
193.21008	-1.0
193.2126	-1.0
193.2274	-1.0
193.32124	-1.0
197.35236	-1.0
202.12428	-1.0
202.12717	1.0
202.26324	-1.0
202.27464	-1.0
203.69188	-1.0
203.69868	-1.0
203.71436	-1.0
203.729	-1.0
203.74388	-1.0
203.7652	-1.0
203.79305	-1.0
203.79636	-1.0
203.79887	-1.0
203.80215	-1.0
203.80511	-1.0
203.80763	-1.0
203.8184	-1.0
203.8214	-1.0
203.82475	-1.0
203.8322	-1.0
203.83488	-1.0
203.8484	-1.0
203.86153	-1.0
203.86575	-1.0
203.87328	-1.0
203.88235	-1.0
203.885	1.0
203.88753	-1.0
203.89276	-1.0
203.89528	1.0
203.90495	-1.0
203.91084	-1.0
203.91336	1.0
203.92313	-1.0
203.9266	-1.0
203.92915	-1.0
203.93224	-1.0
203.93655	-1.0
203.94672	-1.0
203.95872	-1.0
203.96455	-1.0
203.9676	-1.0
203.97244	-1.0
203.97533	-1.0
203.98108	-1.0
203.98788	-1.0
203.99156	-1.0
203.9944	1.0
204.00375	-1.0
204.00948	-1.0
204.01384	-1.0
204.0196	-1.0
204.02213	-1.0
204.02548	-1.0
204.0288	-1.0
204.036	-1.0
204.03935	-1.0
204.04312	-1.0
204.04616	-1.0
204.05247	-1.0
204.0582	-1.0
204.06133	-1.0
204.07072	-1.0
204.07845	-1.0
204.08292	-1.0
204.087	-1.0
204.08997	1.0
204.09644	-1.0
204.1066	-1.0
204.11037	-1.0
204.11636	-1.0
204.1254	-1.0
204.12927	-1.0
204.1394	-1.0
204.14355	-1.0
204.1466	-1.0
204.15292	-1.0
204.15544	-1.0
204.16144	-1.0
204.1758	-1.0
204.18312	-1.0
204.18764	-1.0
204.1912	-1.0
204.19452	-1.0
204.20572	-1.0
204.20895	1.0
204.2148	-1.0
204.22156	-1.0
204.2268	-1.0
204.2398	-1.0
204.249	-1.0
204.25948	-1.0
204.26308	-1.0
204.2658	-1.0
204.27908	-1.0
204.29063	-1.0
204.29916	-1.0
204.30188	-1.0
204.3086	-1.0
204.31683	-1.0
204.33012	-1.0
204.33849	-1.0
204.35085	-1.0
204.36304	-1.0
204.37192	-1.0
204.38193	-1.0
204.3926	-1.0
204.40137	-1.0
204.418	-1.0
204.42836	-1.0
204.44109	-1.0
204.45348	-1.0
204.46156	-1.0
204.47417	-1.0
204.48772	-1.0
204.49783	-1.0
204.512	-1.0
204.52425	-1.0
204.52869	-1.0
204.54024	-1.0
204.55164	-1.0
204.564	-1.0
204.58728	-1.0
204.6004	-1.0
204.6166	-1.0
204.64432	-1.0
204.67972	-1.0
204.68892	-1.0
222.71477	-1.0
222.72153	-1.0
222.74956	-1.0
222.75957	-1.0
222.77324	-1.0
222.78333	-1.0
222.78932	-1.0
222.798	-1.0
222.80132	-1.0
222.80447	-1.0
222.807	-1.0
222.81328	1.0
222.82384	-1.0
222.83376	-1.0
222.86353	-1.0
222.89703	-1.0
222.9	1.0
222.9374	-1.0
222.95552	-1.0
222.97469	-1.0
222.98116	-1.0
222.98528	-1.0
222.9946	-1.0
223.00015	-1.0
223.006	-1.0
223.01216	-1.0
223.01495	-1.0
223.0358	-1.0
223.03925	-1.0
223.05264	-1.0
223.06332	-1.0
223.07132	-1.0
223.07388	-1.0
223.07916	-1.0
223.08353	-1.0
223.0896	-1.0
223.095	-1.0
223.09888	-1.0
223.10233	-1.0
223.1074	-1.0
223.11652	-1.0
223.12927	-1.0
223.1362	-1.0
223.13911	-1.0
223.14204	-1.0
223.15132	-1.0
223.15416	1.0
223.15788	-1.0
223.16156	-1.0
223.167	-1.0
223.1742	-1.0
223.18552	-1.0
223.19016	-1.0
223.19807	-1.0
223.20912	-1.0
223.21603	-1.0
223.2202	-1.0
223.22289	-1.0
223.22588	-1.0
223.2298	-1.0
223.23904	-1.0
223.2442	-1.0
223.25	-1.0
223.25624	-1.0
223.26157	-1.0
223.26736	-1.0
223.27425	-1.0
223.27689	-1.0
223.28735	-1.0
223.29517	-1.0
223.30331	-1.0
223.32132	-1.0
223.33324	-1.0
223.34572	-1.0
223.36032	-1.0
223.37096	-1.0
223.38916	-1.0
223.39651	-1.0
223.4078	-1.0
223.42143	-1.0
223.4354	-1.0
223.44348	-1.0
223.45764	-1.0
223.47388	-1.0
223.48463	-1.0
223.50012	-1.0
223.5074	-1.0
223.51411	-1.0
223.54068	-1.0
223.5484	-1.0
223.56808	-1.0
223.58908	-1.0
236.84631	-1.0
239.0914	-1.0
239.09676	-1.0
239.10448	-1.0
239.11372	-1.0
239.11624	-1.0
239.12024	-1.0
239.12392	-1.0
239.12744	1.0
239.13048	1.0
239.13312	1.0
239.14384	-1.0
239.14888	1.0
239.16316	-1.0
239.16953	-1.0
239.18536	-1.0
239.1922	-1.0
239.1966	-1.0
239.20384	-1.0
239.21667	-1.0
239.2196	1.0
239.22256	-1.0
239.2252	1.0
239.23505	-1.0
239.23888	-1.0
239.2428	-1.0
239.25592	-1.0
239.26256	-1.0
239.2674	-1.0
239.27171	-1.0
239.276	-1.0
239.28064	-1.0
239.28972	-1.0
239.29433	-1.0
239.297	1.0
239.30272	-1.0
239.30849	-1.0
239.31296	-1.0
239.32312	-1.0
239.32632	-1.0
239.32948	-1.0
239.3422	-1.0
239.34512	-1.0
239.36469	-1.0
239.36723	-1.0
239.37572	-1.0
239.381	-1.0
239.38605	-1.0
239.39592	-1.0
239.39844	-1.0
239.40292	-1.0
239.41016	-1.0
239.41292	-1.0
239.41936	-1.0
239.42308	-1.0
239.42873	-1.0
239.43147	1.0
239.43436	1.0
239.44044	-1.0
239.44827	-1.0
239.45769	-1.0
239.46272	-1.0
239.4696	-1.0
239.474	-1.0
239.47713	1.0
239.48428	-1.0
239.49176	-1.0
239.50269	-1.0
239.5088	-1.0
239.5164	-1.0
239.52448	-1.0
239.53244	-1.0
239.544	-1.0
239.55656	-1.0
239.56496	-1.0
239.5714	-1.0
239.58888	-1.0
239.59192	-1.0
239.60709	-1.0
239.61584	-1.0
239.62328	-1.0
239.63292	-1.0
239.6446	-1.0
239.65068	-1.0
239.66272	-1.0
239.66531	-1.0
239.67424	-1.0
239.68152	-1.0
239.68404	-1.0
239.69247	-1.0
239.698	-1.0
239.70927	-1.0
239.72516	-1.0
239.7348	-1.0
239.74028	-1.0
239.75136	-1.0
239.7552	-1.0
239.7688	-1.0
239.78632	-1.0
239.7896	-1.0
239.79552	-1.0
239.80768	-1.0
239.82497	-1.0
239.83224	-1.0
239.8376	-1.0
239.84537	-1.0
239.84836	-1.0
239.85472	-1.0
239.86804	-1.0
239.87695	-1.0
239.89876	-1.0
239.91228	-1.0
239.93724	-1.0
239.9564	-1.0
239.9816	-1.0
239.98512	-1.0
239.99667	-1.0
240.00523	-1.0
240.02632	-1.0
240.06056	-1.0
240.0692	-1.0
240.09113	-1.0
240.11395	-1.0
240.14851	-1.0
240.18372	-1.0
240.21336	-1.0
240.22388	-1.0
240.24464	-1.0
240.28777	-1.0
240.34152	-1.0
251.57468	-1.0
251.58076	-1.0
251.591	-1.0
251.59737	-1.0
251.60004	-1.0
251.60625	-1.0
251.61496	-1.0
251.62444	-1.0
251.62811	-1.0
251.63512	-1.0
251.65396	-1.0
251.66716	-1.0
251.6732	-1.0
251.68823	-1.0
251.69637	-1.0
251.70757	-1.0
251.71628	-1.0
251.72432	-1.0
251.73737	-1.0
251.74312	-1.0
251.7484	-1.0
251.75804	-1.0
251.76784	-1.0
251.77708	-1.0
251.78236	-1.0
251.79169	-1.0
251.80045	-1.0
251.8094	-1.0
251.81747	-1.0
251.82327	-1.0
251.8258	1.0
251.83965	-1.0
251.84816	-1.0
251.85677	-1.0
251.86932	-1.0
251.8768	-1.0
251.88744	-1.0
251.89713	-1.0
251.9054	-1.0
251.91656	-1.0
251.92368	-1.0
251.9348	-1.0
251.95007	-1.0
251.95636	-1.0
251.96484	-1.0
251.97444	-1.0
251.98116	-1.0
251.98384	-1.0
251.99371	-1.0
252.00288	-1.0
252.00851	-1.0
252.01756	-1.0
252.0384	-1.0
252.04832	-1.0
252.05264	-1.0
252.05672	-1.0
252.07117	-1.0
252.07884	-1.0
252.083	-1.0
252.09372	-1.0
252.11012	-1.0
252.11292	-1.0
252.121	-1.0
252.13448	-1.0
252.14288	-1.0
252.15408	-1.0
252.16731	-1.0
252.17564	-1.0
252.18596	-1.0
252.19427	-1.0
252.20076	-1.0
252.21544	-1.0
252.232	-1.0
252.2498	-1.0
252.26828	-1.0
252.27753	-1.0
252.28468	-1.0
252.30489	-1.0
252.32507	-1.0
252.35255	-1.0
252.36504	-1.0
252.3924	-1.0
252.40736	-1.0
252.41869	-1.0
252.44447	-1.0
252.46571	-1.0
256.08795	-1.0
256.09076	-1.0
256.09332	-1.0
256.10065	1.0
256.1099	-1.0
256.11493	-1.0
256.12332	-1.0
256.12692	1.0
256.13766	-1.0
256.14035	1.0
256.14536	-1.0
256.15244	-1.0
256.15543	-1.0
256.15805	-1.0
256.1675	-1.0
256.17172	-1.0
256.17612	-1.0
256.17932	-1.0
256.18207	-1.0
256.1848	-1.0
256.18765	1.0
256.19043	1.0
256.19968	-1.0
256.20724	-1.0
256.2129	-1.0
256.21567	-1.0
256.2182	-1.0
256.22095	-1.0
256.2324	-1.0
256.23676	1.0
256.24033	-1.0
256.24536	-1.0
256.24924	-1.0
256.25427	1.0
256.25684	1.0
256.26205	-1.0
256.26556	-1.0
256.27216	-1.0
256.282	-1.0
256.28525	-1.0
256.28796	1.0
256.29196	-1.0
256.29477	-1.0
256.30545	-1.0
256.31473	-1.0
256.31723	1.0
256.32617	-1.0
256.3378	-1.0
256.34393	-1.0
256.35312	-1.0
256.36304	-1.0
256.36636	-1.0
256.3763	-1.0
256.38156	-1.0
256.38907	-1.0
256.39877	-1.0
256.4058	-1.0
256.4208	-1.0
256.43164	-1.0
256.43472	-1.0
256.43747	-1.0
256.44385	-1.0
256.4592	-1.0
256.46173	-1.0
256.47656	-1.0
256.49112	-1.0
256.50647	-1.0
256.51556	-1.0
256.51984	-1.0
256.52713	-1.0
256.54184	-1.0
256.546	-1.0
256.55768	-1.0
256.56253	-1.0
256.58627	-1.0
256.58948	-1.0
256.61548	-1.0
256.61832	-1.0
256.63388	-1.0
256.65295	-1.0
256.66983	-1.0
256.69955	-1.0
256.70932	-1.0
256.73148	-1.0
256.73453	-1.0
256.74475	-1.0
256.76855	-1.0
256.78397	-1.0
256.7993	-1.0
256.8019	-1.0
256.8134	-1.0
256.8204	-1.0
256.83572	-1.0
256.8535	-1.0
256.85623	-1.0
256.86163	-1.0
256.87393	-1.0
256.87643	-1.0
256.88644	-1.0
256.88937	-1.0
256.90317	-1.0
256.91025	-1.0
256.92215	-1.0
256.9275	-1.0
256.93253	-1.0
256.943	-1.0
256.95453	-1.0
256.98077	-1.0
256.9835	-1.0
257.00433	-1.0
257.01233	-1.0
257.03125	-1.0
257.03867	-1.0
257.06284	-1.0
257.0857	-1.0
257.106	-1.0
257.1141	-1.0
257.16696	-1.0
269.10867	-1.0
269.117	-1.0
269.12177	-1.0
269.1436	-1.0
269.1529	-1.0
269.162	-1.0
269.18524	-1.0
269.20084	-1.0
273.45477	-1.0
273.46085	-1.0
273.48367	-1.0
276.95795	1.0
283.8947	-1.0
284.03214	-1.0
284.04352	-1.0
284.04892	-1.0
284.059	-1.0
284.0626	-1.0
284.0663	-1.0
284.06885	-1.0
284.07272	-1.0
284.07587	-1.0
284.08264	-1.0
284.09677	-1.0
284.112	-1.0
284.1186	-1.0
284.13193	-1.0
284.14368	-1.0
284.14655	-1.0
284.1567	-1.0
284.15945	-1.0
284.16776	-1.0
284.17548	-1.0
284.1876	-1.0
284.1902	-1.0
284.19864	-1.0
284.20297	-1.0
284.211	-1.0
284.2168	-1.0
284.22736	-1.0
284.23392	-1.0
284.24335	-1.0
284.25504	-1.0
284.25772	-1.0
284.2662	-1.0
284.2722	-1.0
284.27747	-1.0
284.2802	-1.0
284.28433	-1.0
284.28912	-1.0
284.29645	-1.0
284.3099	-1.0
284.31967	-1.0
284.32272	-1.0
284.32803	-1.0
284.3355	-1.0
284.34045	-1.0
284.35156	-1.0
284.3612	-1.0
284.3683	-1.0
284.37616	-1.0
284.381	1.0
284.3835	1.0
284.39655	-1.0
284.40704	-1.0
284.41135	-1.0
284.4141	-1.0
284.42572	-1.0
284.42896	-1.0
284.43448	-1.0
284.437	1.0
284.44873	-1.0
284.46085	-1.0
284.4721	-1.0
284.48413	-1.0
284.49045	-1.0
284.5001	-1.0
284.5116	-1.0
284.51956	-1.0
284.524	-1.0
284.53476	-1.0
284.53732	-1.0
284.54977	-1.0
284.55524	-1.0
284.56577	-1.0
284.57578	-1.0
284.5859	-1.0
284.59296	-1.0
284.60373	-1.0
284.61356	-1.0
284.62183	-1.0
284.63452	-1.0
284.6465	-1.0
284.65555	-1.0
284.6724	-1.0
284.68472	-1.0
284.69257	-1.0
284.7091	-1.0
284.72687	-1.0
284.74124	-1.0
284.74847	-1.0
284.76337	-1.0
284.77716	-1.0
284.79196	-1.0
284.80408	-1.0
284.8216	-1.0
284.8328	-1.0
284.8593	-1.0
284.9214	-1.0
284.9378	-1.0
293.94647	-1.0
293.9494	-1.0
293.9557	-1.0
293.95908	1.0
293.96384	-1.0
293.9685	-1.0
293.97513	1.0
293.97763	1.0
293.98688	-1.0
293.9901	-1.0
293.99536	-1.0
294.00583	-1.0
294.00864	-1.0
294.01633	-1.0
294.02075	-1.0
294.02332	-1.0
294.0276	-1.0
294.0326	-1.0
294.03632	-1.0
294.0447	-1.0
294.0508	-1.0
294.05493	-1.0
294.05765	-1.0
294.06113	-1.0
294.06396	-1.0
294.07147	-1.0
294.0757	-1.0
294.09332	-1.0
294.09787	-1.0
294.10526	1.0
294.10785	-1.0
294.11212	-1.0
294.11533	-1.0
294.1232	-1.0
294.1306	-1.0
294.13345	-1.0
294.13956	-1.0
294.14267	-1.0
294.14948	-1.0
294.152	-1.0
294.15714	-1.0
294.15976	-1.0
294.16852	-1.0
294.1712	-1.0
294.17584	-1.0
294.1807	-1.0
294.18723	-1.0
294.19077	-1.0
294.1937	1.0
294.1975	-1.0
294.20316	-1.0
294.20575	1.0
294.20828	-1.0
294.21164	-1.0
294.2188	-1.0
294.22327	-1.0
294.22583	1.0
294.22897	-1.0
294.2326	-1.0
294.23517	1.0
294.23767	1.0
294.24347	-1.0
294.2463	-1.0
294.24924	-1.0
294.25607	-1.0
294.2586	-1.0
294.26285	-1.0
294.26645	-1.0
294.27277	-1.0
294.27557	1.0
294.27985	1.0
294.28275	1.0
294.2853	-1.0
294.2939	-1.0
294.30035	-1.0
294.30423	-1.0
294.31088	-1.0
294.31793	-1.0
294.32355	-1.0
294.33112	-1.0
294.33365	1.0
294.342	-1.0
294.34683	-1.0
294.3552	-1.0
294.36313	-1.0
294.37137	-1.0
294.37677	-1.0
294.38443	-1.0
294.39188	-1.0
294.39896	-1.0
294.4148	-1.0
294.42215	-1.0
294.4252	-1.0
294.43872	-1.0
294.44125	-1.0
294.44803	-1.0
294.4565	-1.0
294.46777	-1.0
294.4766	-1.0
294.4902	-1.0
294.49747	-1.0
294.50684	-1.0
294.51468	-1.0
294.52856	-1.0
294.53156	-1.0
294.541	-1.0
294.5501	-1.0
294.5688	-1.0
294.58176	-1.0
294.59296	-1.0
294.60803	-1.0
294.6183	-1.0
294.63065	-1.0
294.63925	-1.0
294.65317	-1.0
294.6587	-1.0
294.67245	-1.0
294.68137	-1.0
294.6914	-1.0
294.7057	-1.0
294.7167	-1.0
294.72992	-1.0
294.7423	-1.0
294.74976	-1.0
294.77597	-1.0
294.78363	-1.0
294.7989	-1.0
294.828	-1.0
294.8626	-1.0
294.87448	-1.0
294.9135	-1.0
294.92963	-1.0
308.59775	-1.0
308.6035	-1.0
308.60632	1.0
308.60965	-1.0
308.61243	-1.0
308.61517	1.0
308.62213	-1.0
308.6249	1.0
308.62766	-1.0
308.63016	1.0
308.6367	-1.0
308.63965	-1.0
308.64728	-1.0
308.65015	-1.0
308.6638	-1.0
308.6664	1.0
308.67233	-1.0
308.679	-1.0
308.68527	-1.0
308.69244	-1.0
308.69504	-1.0
308.6985	-1.0
308.70233	-1.0
308.70685	-1.0
308.71136	-1.0
308.71387	-1.0
308.71753	-1.0
308.7234	-1.0
308.7286	-1.0
308.73404	-1.0
308.7368	-1.0
308.74576	-1.0
308.7522	-1.0
308.7643	-1.0
308.7708	-1.0
308.78156	-1.0
308.78455	-1.0
308.78708	-1.0
308.79147	-1.0
308.79813	-1.0
308.80472	-1.0
308.80884	-1.0
308.81552	-1.0
308.82593	-1.0
308.82968	-1.0
308.83725	-1.0
308.84344	-1.0
308.8478	-1.0
308.85513	-1.0
308.86234	-1.0
308.8709	-1.0
308.87552	-1.0
308.88037	-1.0
308.88992	-1.0
308.895	-1.0
308.8978	-1.0
308.9052	-1.0
308.9128	-1.0
308.9226	-1.0
308.93323	-1.0
308.93585	-1.0
308.9395	-1.0
308.94705	-1.0
308.95023	-1.0
308.95303	-1.0
308.95712	-1.0
308.95963	-1.0
308.9683	-1.0
308.97345	-1.0
308.98026	-1.0
308.98743	-1.0
308.9965	-1.0
309.00424	-1.0
309.007	-1.0
309.00992	1.0
309.01788	-1.0
309.0207	-1.0
309.02945	-1.0
309.03577	-1.0
309.04105	-1.0
309.04416	-1.0
309.04828	-1.0
309.05435	-1.0
309.06555	-1.0
309.0766	-1.0
309.0843	-1.0
309.09296	-1.0
309.10147	-1.0
309.1132	-1.0
309.12613	-1.0
309.13287	-1.0
309.14624	-1.0
309.1594	-1.0
309.16675	-1.0
309.181	-1.0
309.19745	-1.0
309.21393	-1.0
309.21707	-1.0
309.22736	-1.0
309.23944	-1.0
309.25073	-1.0
309.2639	-1.0
309.28488	-1.0
309.29297	-1.0
309.3064	-1.0
309.32037	-1.0
309.3314	-1.0
309.34036	-1.0
309.3592	-1.0
309.37692	-1.0
309.39737	-1.0
309.41345	-1.0
309.4349	-1.0
309.4719	-1.0
309.5269	-1.0
318.233	-1.0
318.24417	-1.0
318.2508	-1.0
318.26205	-1.0
318.26788	-1.0
318.27603	-1.0
318.28296	-1.0
318.28973	-1.0
318.2926	-1.0
318.29907	-1.0
318.3018	-1.0
318.3442	-1.0
318.39664	-1.0
318.45395	-1.0
318.48077	-1.0
318.4865	-1.0
318.50165	-1.0
318.512	-1.0
318.53345	-1.0
318.54764	-1.0
318.55472	-1.0
318.55923	-1.0
318.56177	-1.0
318.57248	-1.0
318.57715	-1.0
318.5854	-1.0
318.59793	-1.0
318.6006	-1.0
318.60815	-1.0
318.61932	-1.0
318.62332	-1.0
318.62708	-1.0
318.63028	-1.0
318.63535	-1.0
318.64987	-1.0
318.6573	-1.0
318.67487	-1.0
318.6872	-1.0
318.69424	-1.0
318.70068	-1.0
318.70456	-1.0
318.7105	-1.0
318.722	-1.0
318.72452	-1.0
318.72916	-1.0
318.73325	-1.0
318.74493	-1.0
318.75793	-1.0
318.76053	-1.0
318.76984	-1.0
318.77277	-1.0
318.78635	-1.0
318.79596	-1.0
318.8018	-1.0
318.80792	-1.0
318.8221	-1.0
318.82507	-1.0
318.82773	-1.0
318.83096	-1.0
318.83676	-1.0
318.8397	-1.0
318.8444	-1.0
318.84705	-1.0
318.85107	-1.0
318.85526	-1.0
318.8583	-1.0
318.8638	-1.0
318.87234	-1.0
318.88916	-1.0
318.89963	-1.0
318.91376	-1.0
318.92404	-1.0
318.948	-1.0
318.9625	-1.0
318.9959	-1.0
319.01508	-1.0
319.02676	-1.0
322.0793	-1.0
322.08725	-1.0
322.1024	-1.0
323.03052	-1.0
323.04492	-1.0
323.05695	-1.0
323.07092	-1.0
323.08243	-1.0
323.08527	1.0
323.1057	-1.0
323.10953	-1.0
323.12933	1.0
323.13293	-1.0
323.13812	1.0
323.14163	-1.0
323.1455	-1.0
323.14853	-1.0
323.1566	-1.0
323.16443	-1.0
323.1753	-1.0
323.179	-1.0
323.19232	1.0
323.1949	1.0
323.2149	-1.0
323.21744	-1.0
323.22144	-1.0
323.22433	1.0
323.2349	-1.0
323.2502	-1.0
323.25525	-1.0
323.264	-1.0
323.2711	-1.0
323.2848	-1.0
323.28827	-1.0
323.3054	-1.0
323.35175	-1.0
323.3875	-1.0
328.8556	-1.0
328.88525	-1.0
328.88983	-1.0
328.89236	1.0
328.90573	-1.0
328.9087	1.0
328.91635	-1.0
328.91995	-1.0
328.9225	-1.0
328.92905	-1.0
328.9328	-1.0
328.94272	-1.0
328.94577	1.0
328.95023	-1.0
328.95337	-1.0
328.9572	-1.0
328.96823	-1.0
328.97076	-1.0
328.97644	-1.0
328.98953	-1.0
328.99808	-1.0
329.00473	-1.0
329.01337	-1.0
329.02017	-1.0
329.0342	-1.0
329.05063	-1.0
329.06012	-1.0
329.08105	-1.0
329.09055	-1.0
329.1026	-1.0
329.10773	-1.0
329.1125	-1.0
329.115	-1.0
329.15564	-1.0
329.15823	-1.0
329.1838	-1.0
329.19608	-1.0
329.20877	-1.0
329.22116	-1.0
329.23175	-1.0
329.24112	-1.0
329.26804	-1.0
329.27908	-1.0
329.29697	-1.0
329.33295	-1.0
329.33963	-1.0
329.37436	-1.0
329.41876	-1.0
329.47253	-1.0
329.49332	-1.0
329.50153	-1.0
329.55035	-1.0
329.5606	-1.0
329.57578	-1.0
331.69107	-1.0
331.8984	-1.0
335.50824	-1.0
335.5168	-1.0
335.51932	1.0
335.52356	-1.0
335.54147	-1.0
335.5442	-1.0
335.5472	-1.0
335.61115	-1.0
335.62015	-1.0
336.10233	-1.0
336.10483	1.0
336.11243	-1.0
336.12057	-1.0
336.13196	-1.0
336.179	-1.0
336.19083	-1.0
336.20337	-1.0
336.21173	-1.0
336.22095	-1.0
336.22717	-1.0
336.24277	-1.0
336.24576	-1.0
336.2517	-1.0
336.26013	-1.0
336.26263	-1.0
336.27307	-1.0
336.2763	-1.0
336.27933	-1.0
336.28955	-1.0
336.29297	-1.0
336.2957	-1.0
336.2982	-1.0
336.30313	-1.0
336.3076	-1.0
336.31564	-1.0
336.3194	-1.0
336.3297	-1.0
336.33844	-1.0
336.35272	-1.0
336.36127	-1.0
336.37793	-1.0
336.39047	-1.0
336.39963	-1.0
336.41537	-1.0
336.4239	-1.0
336.4313	-1.0
336.44864	-1.0
336.4568	-1.0
336.47635	-1.0
336.49368	-1.0
336.50772	-1.0
336.51413	-1.0
336.5426	-1.0
336.5503	-1.0
336.5734	-1.0
336.6044	-1.0
338.12283	-1.0
338.15192	-1.0
338.1556	-1.0
338.16	-1.0
338.1625	1.0
338.16696	-1.0
338.17044	-1.0
338.1732	-1.0
338.18497	-1.0
338.18747	1.0
338.19516	-1.0
338.19968	-1.0
338.2042	-1.0
338.20895	-1.0
338.2158	-1.0
338.21848	-1.0
338.22913	-1.0
338.24487	-1.0
338.266	-1.0
338.28928	-1.0
338.2994	-1.0
338.3044	-1.0
338.3115	1.0
338.32065	-1.0
338.33472	-1.0
338.355	-1.0
338.3661	-1.0
338.38385	-1.0
338.38828	-1.0
338.40112	-1.0
338.40643	-1.0
338.42087	1.0
338.43542	-1.0
338.45212	-1.0
338.46973	-1.0
338.48404	-1.0
338.49905	-1.0
338.51172	-1.0
338.5146	1.0
338.51752	-1.0
338.53363	-1.0
338.5431	-1.0
338.54645	-1.0
338.5559	-1.0
338.56052	-1.0
338.56927	-1.0
338.58832	-1.0
338.61224	-1.0
338.62665	-1.0
338.63474	-1.0
338.64868	-1.0
338.66092	-1.0
338.6707	-1.0
338.67325	-1.0
338.67755	-1.0
338.6903	-1.0
338.69357	-1.0
338.70996	-1.0
338.72964	-1.0
338.73907	-1.0
338.7521	-1.0
338.75473	-1.0
338.78107	-1.0
338.80557	-1.0
338.8081	-1.0
338.82565	-1.0
338.82916	-1.0
338.84225	-1.0
338.85205	-1.0
338.8576	-1.0
338.86816	-1.0
338.87756	-1.0
338.88904	-1.0
338.90567	-1.0
338.9214	-1.0
338.93408	-1.0
338.95795	-1.0
338.98236	-1.0
338.9866	-1.0
338.99387	-1.0
339.05145	-1.0
354.41736	-1.0
354.43277	-1.0
354.4477	-1.0
354.45883	-1.0
354.472	-1.0
354.5201	-1.0
354.562	-1.0
354.5689	-1.0
354.58136	-1.0
354.58963	-1.0
354.5987	-1.0
354.6013	-1.0
354.60928	-1.0
354.6134	-1.0
354.6232	-1.0
354.63876	-1.0
354.6447	-1.0
354.64777	-1.0
354.6505	-1.0
354.65427	-1.0
354.6569	-1.0
354.6594	1.0
354.66867	-1.0
354.67944	-1.0
354.68207	1.0
354.70016	-1.0
354.70633	-1.0
354.72318	1.0
354.72617	-1.0
354.74197	-1.0
354.7447	-1.0
354.7512	-1.0
354.75644	-1.0
354.75903	-1.0
354.76224	-1.0
354.782	-1.0
354.79892	-1.0
354.8065	-1.0
354.8187	-1.0
354.82513	-1.0
354.829	-1.0
354.84955	-1.0
354.85385	-1.0
354.86377	-1.0
354.8741	-1.0
354.89035	-1.0
354.90936	-1.0
354.9337	-1.0
354.93805	-1.0
354.9557	-1.0
354.96036	-1.0
354.9701	-1.0
354.97348	-1.0
354.98776	-1.0
355.00507	-1.0
355.01953	-1.0
355.02765	-1.0
355.0372	-1.0
355.0541	-1.0
355.0694	-1.0
355.0722	-1.0
355.08752	-1.0
355.1029	-1.0
355.1151	-1.0
355.1213	-1.0
355.15167	-1.0
355.1572	-1.0
355.18268	-1.0
355.18604	1.0
355.23196	-1.0
355.25543	-1.0
355.27847	-1.0
355.29156	-1.0
355.30972	-1.0
355.32928	-1.0
355.37677	-1.0
355.40024	-1.0
355.42575	-1.0
355.4909	-1.0
362.50607	-1.0
362.5176	-1.0
362.53387	-1.0
362.54083	-1.0
362.5442	-1.0
362.54944	-1.0
362.55325	-1.0
362.55676	-1.0
362.5675	-1.0
362.5736	-1.0
362.58365	-1.0
362.5862	-1.0
362.5938	-1.0
362.6046	-1.0
362.6269	-1.0
362.64584	-1.0
362.6549	-1.0
362.6644	-1.0
362.6927	-1.0
362.69547	1.0
370.98392	-1.0
370.9916	-1.0
370.99655	-1.0
371.00952	-1.0
371.02036	-1.0
371.02484	-1.0
371.033	-1.0
371.0356	1.0
371.03812	-1.0
371.0407	1.0
371.04388	-1.0
371.04675	-1.0
371.05133	-1.0
371.054	-1.0
371.05737	-1.0
371.06805	-1.0
371.07303	-1.0
371.08035	-1.0
371.09177	-1.0
371.09872	-1.0
371.10825	-1.0
371.1154	-1.0
371.1237	-1.0
371.1305	-1.0
371.13788	-1.0
371.14423	-1.0
371.14676	-1.0
371.15613	-1.0
371.15863	-1.0
371.1658	-1.0
371.1725	-1.0
371.179	-1.0
371.18497	-1.0
371.18896	-1.0
371.20023	-1.0
371.20908	-1.0
371.21393	-1.0
371.21695	-1.0
371.224	-1.0
371.23355	-1.0
371.24908	-1.0
371.25897	-1.0
371.26736	-1.0
371.27368	-1.0
371.2895	-1.0
371.29636	-1.0
371.3004	-1.0
371.30795	-1.0
371.317	-1.0
371.3261	-1.0
371.3361	-1.0
371.3466	-1.0
371.35895	-1.0
371.3657	-1.0
371.3828	-1.0
371.38904	-1.0
371.40076	-1.0
371.41135	-1.0
371.4233	-1.0
371.43256	-1.0
371.44675	-1.0
371.45407	-1.0
371.47168	-1.0
371.47864	-1.0
371.48788	-1.0
371.51215	-1.0
371.52444	-1.0
371.5436	-1.0
371.568	-1.0
371.59464	-1.0
371.6142	-1.0
371.6296	-1.0
371.65652	-1.0
371.66687	-1.0
371.69028	-1.0
371.70023	-1.0
371.73285	-1.0
374.87085	-1.0
374.8991	-1.0
374.91113	-1.0
374.93027	-1.0
375.50668	-1.0
375.50943	1.0
375.5225	-1.0
375.53088	-1.0
375.53857	-1.0
375.5555	-1.0
375.563	-1.0
375.5866	-1.0
375.60913	-1.0
375.6208	-1.0
375.6245	-1.0
375.62875	-1.0
375.63196	-1.0
375.6381	-1.0
375.6412	-1.0
375.6439	1.0
375.64767	-1.0
375.663	-1.0
375.67355	-1.0
375.6863	-1.0
375.7039	-1.0
375.7281	-1.0
375.73343	-1.0
375.74796	-1.0
375.7675	-1.0
375.78613	-1.0
375.7942	-1.0
375.8043	-1.0
375.82068	-1.0
375.8388	-1.0
375.84344	-1.0
375.8492	-1.0
375.85443	-1.0
375.86996	-1.0
375.8852	-1.0
375.9016	-1.0
375.9114	-1.0
375.9308	-1.0
375.94717	-1.0
375.94977	-1.0
375.96237	-1.0
375.97293	-1.0
375.99088	-1.0
376.01828	-1.0
376.0386	-1.0
376.0575	-1.0
376.0783	-1.0
376.0829	-1.0
376.10995	-1.0
376.13992	-1.0
376.17227	-1.0
376.17636	-1.0
376.19385	-1.0
376.24545	-1.0
376.25784	-1.0
376.27185	-1.0
376.2823	-1.0
376.29904	-1.0
376.32953	-1.0
383.44485	-1.0
383.4506	-1.0
383.4538	-1.0
383.45792	-1.0
383.46155	-1.0
383.4661	-1.0
383.46912	1.0
383.47208	1.0
383.48312	-1.0
383.48596	1.0
383.50012	-1.0
383.5049	-1.0
383.51083	-1.0
383.51813	-1.0
383.52847	1.0
383.53207	-1.0
383.53848	-1.0
383.54395	-1.0
383.54648	-1.0
383.55005	-1.0
383.6074	-1.0
383.6607	-1.0
383.67422	-1.0
393.27267	-1.0
393.457	-1.0
393.47888	-1.0
393.48575	-1.0
393.49448	-1.0
393.53848	-1.0
393.54684	-1.0
393.55447	-1.0
393.55832	-1.0
393.56088	-1.0
393.56467	-1.0
393.5672	-1.0
393.57004	-1.0
393.57257	-1.0
393.5753	1.0
393.58243	-1.0
393.5955	-1.0
393.60117	-1.0
393.61264	-1.0
393.61795	-1.0
393.6264	-1.0
393.6326	-1.0
393.6384	-1.0
393.64404	-1.0
393.64703	-1.0
393.6556	-1.0
393.6618	-1.0
393.66504	-1.0
393.6736	-1.0
393.67615	-1.0
393.68057	-1.0
393.68832	1.0
393.69855	-1.0
393.7054	-1.0
393.70963	-1.0
393.71384	-1.0
393.71637	-1.0
393.72235	-1.0
393.72537	-1.0
393.72787	-1.0
393.73257	-1.0
393.73688	-1.0
393.7422	-1.0
393.7486	-1.0
393.76147	-1.0
393.7667	-1.0
393.7715	-1.0
393.77493	-1.0
393.77795	-1.0
393.78653	-1.0
393.79312	-1.0
393.80063	-1.0
393.80325	-1.0
393.81003	-1.0
393.81583	-1.0
393.8254	-1.0
393.83252	-1.0
393.83972	-1.0
393.84955	-1.0
393.8545	-1.0
393.85892	-1.0
393.8642	-1.0
393.86707	-1.0
393.8857	-1.0
393.9122	-1.0
393.93573	-1.0
393.95953	-1.0
396.58713	-1.0
402.18997	-1.0
403.4419	-1.0
403.4597	-1.0
403.4661	-1.0
403.47748	-1.0
403.48245	-1.0
403.4912	-1.0
403.49493	-1.0
403.50113	-1.0
403.50363	-1.0
403.51016	-1.0
403.51968	-1.0
403.5223	1.0
403.5315	-1.0
403.53427	-1.0
403.54272	-1.0
403.54523	-1.0
403.55203	-1.0
403.55692	-1.0
403.5598	-1.0
403.57236	-1.0
403.57837	-1.0
403.5824	-1.0
403.59012	-1.0
403.5971	-1.0
403.60684	-1.0
403.61273	-1.0
403.62115	-1.0
403.63477	-1.0
403.64288	-1.0
403.6581	-1.0
403.66156	-1.0
403.66507	-1.0
403.67337	-1.0
403.67633	1.0
403.68448	-1.0
403.69437	-1.0
403.70657	-1.0
403.71848	-1.0
403.7303	-1.0
403.73773	-1.0
403.74875	-1.0
403.75385	-1.0
403.7622	-1.0
403.76788	-1.0
403.7724	-1.0
403.77716	-1.0
403.7817	-1.0
403.79233	-1.0
403.80103	-1.0
403.8114	-1.0
403.81427	-1.0
403.81705	1.0
403.82895	-1.0
403.8358	-1.0
403.84787	-1.0
403.8557	-1.0
403.86484	-1.0
403.87463	-1.0
403.88474	-1.0
403.89148	-1.0
403.9092	-1.0
403.9203	-1.0
403.9229	-1.0
403.93457	-1.0
403.9555	-1.0
403.96332	-1.0
403.9701	-1.0
403.97876	-1.0
403.99268	-1.0
404.00253	-1.0
404.0129	-1.0
404.0245	-1.0
404.02893	-1.0
404.03928	-1.0
404.05444	-1.0
404.0588	-1.0
404.06168	1.0
404.07376	-1.0
404.0842	-1.0
404.0937	-1.0
404.10303	-1.0
404.112	-1.0
404.121	-1.0
404.1332	-1.0
404.1367	-1.0
404.14313	-1.0
404.16647	-1.0
404.17575	-1.0
404.19003	-1.0
404.2013	-1.0
404.21057	-1.0
404.22556	-1.0
404.22913	-1.0
404.23773	-1.0
404.25217	-1.0
404.26108	-1.0
404.27676	-1.0
404.29404	-1.0
404.29968	-1.0
404.31516	-1.0
404.32532	-1.0
404.34143	-1.0
404.356	-1.0
404.36633	-1.0
404.37103	-1.0
404.3916	-1.0
404.4005	-1.0
404.4196	-1.0
404.4347	-1.0
404.45343	-1.0
404.46164	-1.0
404.476	-1.0
404.5036	-1.0
404.5172	-1.0
404.54852	-1.0
404.61093	-1.0
409.7443	-1.0
409.75165	-1.0
409.76505	-1.0
409.7727	-1.0
409.7822	-1.0
409.79	-1.0
409.80115	-1.0
409.80737	-1.0
409.82703	-1.0
409.8396	-1.0
409.85657	-1.0
409.8666	-1.0
409.87708	-1.0
409.8882	-1.0
409.89145	-1.0
409.90555	-1.0
409.91193	-1.0
409.92316	-1.0
409.92615	1.0
409.92975	-1.0
409.93228	-1.0
409.936	-1.0
409.93964	-1.0
409.9445	-1.0
409.9479	-1.0
409.95956	-1.0
409.96375	1.0
409.97125	-1.0
409.98123	-1.0
409.98447	-1.0
409.99088	-1.0
409.99796	-1.0
410.00854	-1.0
410.01645	-1.0
410.02097	-1.0
410.0281	-1.0
410.03903	-1.0
410.05304	-1.0
410.07077	-1.0
410.0829	-1.0
410.0884	-1.0
410.09457	-1.0
410.09747	-1.0
410.10437	-1.0
410.10748	-1.0
410.11923	-1.0
410.1282	-1.0
410.13092	-1.0
410.13928	-1.0
410.15173	-1.0
410.16193	-1.0
410.16568	-1.0
410.17432	-1.0
410.1834	-1.0
410.1932	-1.0
410.19687	-1.0
410.2078	-1.0
410.21057	-1.0
410.21692	-1.0
410.225	-1.0
410.2387	-1.0
410.24268	-1.0
410.2582	-1.0
410.26825	-1.0
410.27737	-1.0
410.28076	-1.0
410.28595	-1.0
410.3064	-1.0
410.31985	-1.0
410.32983	-1.0
410.345	-1.0
410.35977	-1.0
410.37885	-1.0
410.3898	-1.0
410.4036	-1.0
410.42603	-1.0
410.44205	-1.0
410.45728	-1.0
410.47733	-1.0
410.49164	-1.0
410.51172	-1.0
410.53564	-1.0
410.5608	-1.0
410.60403	-1.0
417.2536	-1.0
417.5408	-1.0
417.5516	-1.0
417.55823	-1.0
417.56415	-1.0
417.56897	-1.0
417.57513	-1.0
417.57828	-1.0
417.58423	-1.0
417.59576	-1.0
417.59875	-1.0
417.6018	-1.0
417.6043	-1.0
417.60745	-1.0
417.6146	1.0
417.61713	1.0
417.62683	-1.0
417.6306	-1.0
417.63983	-1.0
417.65515	-1.0
417.67087	-1.0
417.6813	-1.0
417.68872	-1.0
417.69757	-1.0
417.70193	-1.0
417.7058	-1.0
417.71347	-1.0
417.7219	-1.0
417.73557	-1.0
417.74933	-1.0
417.75345	-1.0
417.75888	1.0
417.76157	1.0
417.7736	-1.0
417.78012	-1.0
417.78424	-1.0
417.79337	-1.0
417.80328	-1.0
417.8142	-1.0
417.82016	-1.0
417.8228	1.0
417.83005	-1.0
417.84048	-1.0
417.84744	-1.0
417.8539	-1.0
417.86075	-1.0
417.86877	-1.0
417.87515	-1.0
417.87805	-1.0
417.88428	-1.0
417.89124	-1.0
417.90143	-1.0
417.9102	-1.0
417.91843	-1.0
417.925	-1.0
417.9333	-1.0
417.9493	-1.0
417.958	-1.0
417.968	-1.0
417.9739	-1.0
417.97757	-1.0
417.98425	-1.0
417.99396	-1.0
417.99976	-1.0
418.00327	-1.0
418.01868	-1.0
418.02557	-1.0
418.0396	-1.0
418.04495	-1.0
418.05075	-1.0
418.05844	-1.0
418.066	-1.0
418.06897	1.0
418.07196	1.0
418.08145	-1.0
418.09	-1.0
418.0969	-1.0
418.1078	-1.0
418.11597	-1.0
418.12735	-1.0
418.1353	-1.0
418.13876	-1.0
418.1478	-1.0
418.15265	-1.0
418.1554	-1.0
418.16412	-1.0
418.1711	-1.0
418.17807	-1.0
418.18472	-1.0
418.20245	-1.0
418.20905	-1.0
418.21368	-1.0
418.2192	-1.0
418.22665	-1.0
418.24063	-1.0
418.24893	-1.0
418.26675	-1.0
418.2734	-1.0
418.2846	-1.0
418.29657	-1.0
418.3066	-1.0
418.31067	-1.0
418.31375	-1.0
418.3245	-1.0
418.33673	-1.0
418.35043	-1.0
418.36603	-1.0
418.37823	-1.0
418.38812	-1.0
418.39548	-1.0
418.4069	-1.0
418.42184	-1.0
418.4318	-1.0
418.44144	-1.0
418.45087	-1.0
418.4656	-1.0
418.49075	-1.0
418.50095	-1.0
418.52448	-1.0
418.5483	-1.0
418.57397	-1.0
418.59592	-1.0
418.61304	-1.0
423.1815	-1.0
423.18756	-1.0
423.1901	1.0
423.1966	-1.0
423.2115	-1.0
423.2257	-1.0
432.33307	-1.0
435.1193	-1.0
438.2362	-1.0
438.23907	1.0
438.24493	-1.0
438.25067	-1.0
438.25467	-1.0
438.25757	-1.0
438.26273	-1.0
438.2724	-1.0
438.28372	-1.0
438.29596	-1.0
438.2985	-1.0
438.30496	-1.0
438.3077	1.0
438.31644	-1.0
438.3391	-1.0
438.36313	-1.0
442.20328	-1.0
444.358	-1.0
444.38303	-1.0
444.3916	-1.0
444.39612	-1.0
444.3994	-1.0
444.42148	-1.0
444.4378	-1.0
444.50757	-1.0
444.51007	-1.0
444.51404	-1.0
444.51657	-1.0
444.5192	1.0
444.52185	-1.0
444.52472	-1.0
444.5334	-1.0
444.53613	1.0
444.54813	-1.0
444.5516	-1.0
444.56036	-1.0
444.56317	-1.0
444.566	-1.0
444.57217	-1.0
444.57547	-1.0
444.58463	-1.0
444.59067	-1.0
444.60037	-1.0
444.60345	1.0
444.6075	-1.0
444.61005	-1.0
444.61832	-1.0
444.62085	1.0
444.6314	1.0
444.6344	-1.0
444.6372	1.0
444.64453	-1.0
444.65237	1.0
444.65753	-1.0
444.66348	-1.0
444.66833	-1.0
444.671	-1.0
444.67496	-1.0
444.6831	-1.0
444.687	-1.0
444.69464	1.0
444.70407	-1.0
444.7086	-1.0
444.71896	-1.0
444.72165	-1.0
444.73325	1.0
444.73795	-1.0
444.74133	-1.0
444.74628	-1.0
444.75256	-1.0
444.7578	-1.0
444.7606	1.0
444.7635	-1.0
444.76675	-1.0
444.77063	-1.0
444.78015	-1.0
444.78467	-1.0
444.7872	-1.0
444.78995	-1.0
444.79407	-1.0
444.7984	-1.0
444.8105	-1.0
444.81793	-1.0
444.82047	-1.0
444.8333	-1.0
444.83917	-1.0
444.84723	-1.0
444.8545	-1.0
444.86737	-1.0
444.88245	-1.0
444.8879	-1.0
444.90125	-1.0
444.91537	-1.0
444.921	-1.0
444.92764	-1.0
444.9366	-1.0
444.9486	-1.0
444.96237	-1.0
444.9684	-1.0
444.9813	-1.0
444.9888	-1.0
445.00723	-1.0
445.01633	-1.0
445.02365	-1.0
445.0392	-1.0
445.05524	-1.0
445.06195	-1.0
445.07907	-1.0
445.08185	-1.0
445.08557	-1.0
445.0892	-1.0
445.10443	-1.0
445.11395	-1.0
445.1234	-1.0
445.1306	-1.0
445.15347	-1.0
445.16113	-1.0
445.17163	-1.0
445.1859	-1.0
445.20557	-1.0
445.2138	-1.0
445.232	-1.0
445.2472	-1.0
445.2554	-1.0
445.26376	-1.0
445.2667	-1.0
445.28177	-1.0
445.2917	-1.0
445.29745	-1.0
445.3128	-1.0
445.32324	-1.0
445.33664	-1.0
445.34973	-1.0
445.36075	-1.0
445.3737	-1.0
445.39615	-1.0
445.41235	-1.0
445.4276	-1.0
445.47183	-1.0
457.47336	-1.0
457.48416	-1.0
457.48984	-1.0
457.49612	-1.0
457.49985	-1.0
457.50763	-1.0
457.51617	-1.0
457.52145	-1.0
457.52905	-1.0
457.53995	-1.0
457.5426	-1.0
457.54575	-1.0
457.55835	-1.0
457.56732	-1.0
457.57385	-1.0
457.57968	-1.0
457.5981	-1.0
457.6108	-1.0
457.6205	-1.0
457.66	-1.0
457.67407	-1.0
457.68396	-1.0
457.7029	-1.0
457.713	-1.0
457.72308	-1.0
457.72855	-1.0
457.74197	-1.0
457.7497	-1.0
457.7523	-1.0
457.75653	-1.0
457.76227	-1.0
457.77225	-1.0
457.77713	-1.0
457.78024	-1.0
457.78763	-1.0
457.79535	-1.0
457.80847	-1.0
457.81815	-1.0
457.83044	-1.0
457.83603	-1.0
457.85147	-1.0
457.85526	-1.0
457.85977	-1.0
457.86804	-1.0
457.8744	-1.0
457.87732	1.0
457.884	-1.0
457.8933	-1.0
457.90143	-1.0
457.90396	-1.0
457.90707	-1.0
457.917	-1.0
457.92047	-1.0
457.92325	-1.0
457.92593	1.0
457.9297	-1.0
457.9322	-1.0
457.9376	-1.0
457.9406	-1.0
457.94595	-1.0
457.95667	-1.0
457.96597	-1.0
457.9755	-1.0
457.98416	-1.0
457.99536	-1.0
458.0016	-1.0
458.01535	-1.0
458.02136	-1.0
458.03528	-1.0
458.04453	-1.0
458.0574	-1.0
458.06537	-1.0
458.074	-1.0
458.08548	-1.0
458.0991	-1.0
458.10187	-1.0
458.11523	-1.0
458.11865	-1.0
458.145	-1.0
458.16727	-1.0
458.1982	-1.0
458.21353	-1.0
458.24573	-1.0
458.31213	-1.0
458.35892	-1.0
468.201	-1.0
468.21225	-1.0
468.2168	-1.0
468.21967	-1.0
468.2252	-1.0
468.2282	-1.0
468.23187	-1.0
468.23477	-1.0
468.24405	-1.0
468.25943	-1.0
468.27725	-1.0
468.2845	-1.0
468.287	-1.0
468.2943	-1.0
468.30444	-1.0
468.31207	-1.0
471.60925	-1.0
471.62317	-1.0
471.63025	-1.0
471.63608	-1.0
471.64804	-1.0
471.6584	-1.0
471.66672	-1.0
471.6732	-1.0
471.6802	-1.0
471.68597	-1.0
471.69888	-1.0
471.7014	-1.0
471.71713	-1.0
471.73077	-1.0
471.7396	-1.0
471.75552	-1.0
471.7621	-1.0
471.77124	-1.0
471.7783	-1.0
471.78156	-1.0
471.79233	-1.0
471.7976	-1.0
471.80573	-1.0
471.81448	-1.0
471.8212	-1.0
471.8285	-1.0
471.83698	-1.0
471.84387	-1.0
471.85364	-1.0
471.8588	-1.0
471.86713	-1.0
471.87125	-1.0
471.87717	1.0
471.88187	-1.0
471.89197	-1.0
471.8975	-1.0
471.90228	-1.0
471.91196	-1.0
471.92123	-1.0
471.9334	-1.0
471.93637	-1.0
471.94553	-1.0
471.94876	-1.0
471.95496	-1.0
471.95776	1.0
471.96576	-1.0
471.9726	-1.0
471.9818	-1.0
471.98764	-1.0
471.99872	-1.0
472.0054	-1.0
472.01276	-1.0
472.02405	-1.0
472.03696	-1.0
472.04153	-1.0
472.04413	-1.0
472.0515	-1.0
472.0599	-1.0
472.0675	-1.0
472.0807	-1.0
472.09027	-1.0
472.10443	-1.0
472.11145	-1.0
472.11652	-1.0
472.12692	-1.0
472.13168	-1.0
472.1367	-1.0
472.1454	-1.0
472.1538	-1.0
472.164	-1.0
472.16803	-1.0
472.1743	-1.0
472.1819	-1.0
472.18652	-1.0
472.1926	-1.0
472.20288	-1.0
472.20883	-1.0
472.21173	-1.0
472.2217	-1.0
472.22757	-1.0
472.23712	-1.0
472.25085	-1.0
472.25577	-1.0
472.26227	-1.0
472.26947	-1.0
472.29248	-1.0
472.30093	-1.0
472.30536	-1.0
472.31573	-1.0
472.32803	-1.0
472.3324	-1.0
472.34427	-1.0
472.35437	-1.0
472.36975	-1.0
472.3807	-1.0
472.38916	-1.0
472.4026	-1.0
472.41092	-1.0
472.4274	-1.0
472.44424	-1.0
472.4612	-1.0
472.47348	-1.0
472.48312	-1.0
472.49365	-1.0
472.49683	-1.0
472.5104	-1.0
472.51477	-1.0
472.5236	-1.0
472.53555	-1.0
472.54922	-1.0
472.5566	-1.0
472.57147	-1.0
472.58917	-1.0
472.60983	-1.0
472.66412	-1.0
476.1154	-1.0
476.12292	-1.0
476.1482	-1.0
476.16925	-1.0
476.17307	-1.0
476.17587	-1.0
476.1789	1.0
476.18176	-1.0
476.18463	-1.0
476.18747	1.0
476.19427	-1.0
476.19705	-1.0
476.19955	-1.0
476.20956	-1.0
476.21295	-1.0
476.22305	-1.0
476.2333	-1.0
476.23685	1.0
476.24075	-1.0
476.2486	1.0
476.25183	-1.0
476.25525	1.0
476.258	1.0
476.26175	-1.0
476.26505	-1.0
476.27097	-1.0
476.27368	1.0
476.2809	-1.0
476.28384	1.0
476.28873	1.0
476.29807	-1.0
476.30203	-1.0
476.30576	-1.0
476.3119	-1.0
476.31656	-1.0
476.3221	-1.0
476.3342	-1.0
476.33884	-1.0
476.3456	-1.0
476.35004	-1.0
476.35663	-1.0
476.36124	-1.0
476.3704	1.0
476.3747	-1.0
476.38312	-1.0
476.38785	-1.0
476.3921	-1.0
476.39777	-1.0
476.40076	-1.0
476.40564	-1.0
476.41272	1.0
476.4251	-1.0
476.4294	-1.0
476.4333	-1.0
476.438	-1.0
476.44217	1.0
476.4542	-1.0
476.46295	-1.0
476.46555	-1.0
476.47284	-1.0
476.47537	-1.0
476.48688	-1.0
476.4926	-1.0
476.4977	-1.0
476.50156	-1.0
476.50787	-1.0
476.51337	-1.0
476.52368	-1.0
476.5294	-1.0
476.53513	-1.0
476.5412	-1.0
476.54407	1.0
476.54672	-1.0
476.5496	-1.0
476.5624	-1.0
476.5662	1.0
476.57877	-1.0
476.58316	-1.0
476.59088	-1.0
476.5987	-1.0
476.60495	-1.0
476.60837	-1.0
476.61392	-1.0
476.62073	-1.0
476.62503	-1.0
476.62976	-1.0
476.63504	-1.0
476.64648	-1.0
476.65353	-1.0
476.66644	-1.0
476.66983	-1.0
476.67285	1.0
476.68164	-1.0
476.68768	-1.0
476.7072	-1.0
476.72107	-1.0
476.72375	-1.0
476.73328	-1.0
476.74033	-1.0
476.75153	-1.0
476.755	-1.0
476.76575	-1.0
476.76956	-1.0
476.7804	-1.0
476.7896	-1.0
476.806	-1.0
476.817	-1.0
476.82785	-1.0
476.8343	-1.0
476.84775	-1.0
476.85757	-1.0
476.87036	-1.0
476.87903	-1.0
476.88156	-1.0
476.8926	-1.0
476.9027	-1.0
476.91275	-1.0
476.9341	-1.0
476.94812	-1.0
476.96533	-1.0
476.9698	-1.0
476.978	-1.0
476.99997	-1.0
477.017	-1.0
477.03864	-1.0
477.06165	-1.0
477.06476	-1.0
477.06992	-1.0
477.0901	-1.0
477.12708	-1.0
477.1349	-1.0
485.4736	-1.0
485.4766	-1.0
485.48193	-1.0
485.48987	-1.0
485.50244	-1.0
485.52267	-1.0
485.52884	-1.0
485.53235	-1.0
485.53516	-1.0
485.5377	-1.0
485.54727	-1.0
485.55008	-1.0
485.5526	-1.0
485.55713	-1.0
485.56223	-1.0
485.56683	-1.0
485.56995	-1.0
485.57364	-1.0
485.5762	1.0
485.58286	-1.0
485.5932	-1.0
485.59625	1.0
485.59973	-1.0
485.60327	-1.0
485.60965	-1.0
485.61945	-1.0
485.62204	-1.0
485.63464	-1.0
485.63745	-1.0
485.6425	-1.0
485.6453	1.0
485.65265	-1.0
485.65604	-1.0
485.66147	-1.0
485.67133	-1.0
485.67673	-1.0
485.6867	-1.0
485.6903	-1.0
485.69284	-1.0
485.70352	-1.0
485.70868	-1.0
485.71155	-1.0
485.7232	-1.0
485.73184	-1.0
485.7397	-1.0
485.74335	-1.0
485.75345	-1.0
485.7563	-1.0
485.766	-1.0
485.771	-1.0
485.7773	-1.0
485.78064	-1.0
485.78348	-1.0
485.80264	-1.0
485.81415	-1.0
485.82352	-1.0
485.84735	-1.0
485.85956	-1.0
485.8994	-1.0
485.90817	-1.0
485.9215	-1.0
485.92444	-1.0
485.9278	-1.0
485.93948	-1.0
485.95285	-1.0
485.97235	-1.0
485.9828	-1.0
485.987	-1.0
485.99603	-1.0
486.01852	-1.0
486.02344	-1.0
486.02957	-1.0
486.04092	-1.0
486.0448	-1.0
486.0559	-1.0
486.06143	-1.0
486.07312	-1.0
486.08185	-1.0
486.08435	-1.0
486.0935	-1.0
486.1092	-1.0
486.1172	-1.0
486.12405	-1.0
486.12704	-1.0
486.14432	-1.0
486.15457	-1.0
486.176	-1.0
486.18475	-1.0
486.1957	-1.0
486.20776	-1.0
486.22388	-1.0
486.23367	-1.0
486.24048	-1.0
486.2532	-1.0
486.26627	-1.0
486.27896	-1.0
486.29755	-1.0
486.30432	-1.0
486.31244	-1.0
486.32144	-1.0
486.33752	-1.0
486.353	-1.0
486.3568	-1.0
486.36655	-1.0
486.3875	-1.0
486.39172	-1.0
486.4068	-1.0
486.4229	-1.0
486.43945	-1.0
486.45615	-1.0
486.4716	-1.0
486.4838	-1.0
486.5018	-1.0
486.50876	-1.0
486.5113	-1.0
486.52097	-1.0
486.53296	-1.0
486.54932	-1.0
486.561	-1.0
486.57712	-1.0
486.59268	-1.0
486.61517	-1.0
486.6429	-1.0
486.66168	-1.0
486.69855	-1.0
486.7272	-1.0
500.74207	-1.0
500.75073	-1.0
500.7646	-1.0
500.7675	1.0
500.77017	-1.0
500.7762	-1.0
500.7819	-1.0
500.79156	-1.0
500.81796	-1.0
500.84036	-1.0
500.8508	-1.0
500.86987	-1.0
500.90347	-1.0
500.95343	-1.0
512.18665	-1.0
512.18964	-1.0
512.19275	-1.0
512.19574	-1.0
512.1983	1.0
512.2028	-1.0
512.2058	-1.0
512.20966	-1.0
512.2133	-1.0
512.2207	-1.0
512.22546	-1.0
512.2288	-1.0
512.2379	-1.0
512.24536	-1.0
512.24786	-1.0
512.25507	-1.0
512.25793	-1.0
512.261	-1.0
512.2646	-1.0
512.2704	-1.0
512.2754	-1.0
512.27893	-1.0
512.2815	-1.0
512.29126	-1.0
512.29425	-1.0
512.2979	-1.0
512.30426	-1.0
512.3129	-1.0
512.3196	-1.0
512.32245	1.0
512.3287	-1.0
512.33167	-1.0
512.33435	1.0
512.33685	-1.0
512.3448	-1.0
512.3509	-1.0
512.35614	-1.0
512.3594	-1.0
512.37213	-1.0
512.3783	-1.0
512.3808	-1.0
512.3861	-1.0
512.3906	-1.0
512.39703	-1.0
512.3998	-1.0
512.4026	-1.0
512.40546	1.0
512.4137	-1.0
512.41693	-1.0
512.42065	-1.0
512.4232	-1.0
512.4348	-1.0
512.4523	-1.0
512.45593	-1.0
512.4586	-1.0
512.4613	-1.0
512.47546	-1.0
512.47797	1.0
512.48425	-1.0
512.5033	-1.0
512.5189	-1.0
512.52325	-1.0
512.5388	-1.0
512.5481	-1.0
512.5692	-1.0
512.57556	-1.0
512.5878	-1.0
512.599	-1.0
512.61255	-1.0
512.61945	-1.0
512.62225	1.0
512.64294	-1.0
512.6506	-1.0
512.654	-1.0
512.6591	-1.0
512.6682	-1.0
512.6795	-1.0
512.69855	-1.0
512.70557	-1.0
512.7181	-1.0
512.7273	-1.0
512.7376	-1.0
512.7484	-1.0
512.75366	-1.0
512.76715	-1.0
512.77484	-1.0
512.77734	-1.0
512.78827	-1.0
512.79706	-1.0
512.8121	-1.0
512.8176	-1.0
512.8243	-1.0
512.8306	-1.0
512.8466	-1.0
512.8507	-1.0
512.8581	-1.0
512.8681	-1.0
512.87775	-1.0
512.89026	-1.0
512.90875	-1.0
512.91754	-1.0
512.9312	-1.0
512.9423	-1.0
512.96246	-1.0
512.9736	-1.0
512.98224	-1.0
512.99994	-1.0
513.0172	-1.0
513.0293	-1.0
513.03516	-1.0
513.0588	-1.0
513.0666	-1.0
513.09393	-1.0
513.1055	-1.0
513.11066	-1.0
513.1548	-1.0
513.17816	-1.0
521.0661	-1.0
521.8423	-1.0
521.84686	-1.0
521.85046	-1.0
521.8572	-1.0
521.8644	-1.0
521.86725	-1.0
521.87067	-1.0
521.88354	-1.0
521.88605	-1.0
521.8932	-1.0
521.90173	-1.0
521.90454	-1.0
521.91095	-1.0
521.9203	-1.0
521.9238	-1.0
521.9274	-1.0
521.93787	-1.0
521.9434	-1.0
521.95593	-1.0
521.96655	-1.0
521.98926	-1.0
522.0048	-1.0
522.01355	-1.0
522.02094	-1.0
522.0357	-1.0
522.03845	-1.0
522.04877	-1.0
522.0854	-1.0
522.11646	-1.0
522.3162	-1.0
522.39685	-1.0
522.41675	-1.0
522.4382	-1.0
522.4459	-1.0
522.4769	-1.0
522.4911	-1.0
522.5046	-1.0
523.4563	-1.0
523.46216	-1.0
526.2211	-1.0
526.2354	-1.0
526.2466	-1.0
526.2728	-1.0
526.2778	-1.0
526.2813	-1.0
526.28674	-1.0
526.2942	-1.0
526.3032	-1.0
526.30994	-1.0
526.3127	-1.0
526.3154	-1.0
526.3183	-1.0
526.32306	-1.0
526.32574	1.0
526.33093	-1.0
526.33417	-1.0
526.3782	-1.0
526.39557	-1.0
526.43066	-1.0
526.43915	-1.0
526.44476	-1.0
526.4545	-1.0
526.4593	-1.0
526.4722	-1.0
526.4917	-1.0
526.49445	1.0
526.5105	-1.0
526.5226	-1.0
526.53424	-1.0
526.538	-1.0
526.54517	-1.0
526.5589	-1.0
526.5699	-1.0
526.59454	-1.0
526.6145	-1.0
526.62573	-1.0
526.6289	-1.0
526.642	-1.0
526.66626	-1.0
526.6712	-1.0
526.7076	-1.0
526.71985	-1.0
526.7235	-1.0
526.7518	-1.0
526.7848	-1.0
526.79816	-1.0
526.80853	-1.0
526.8152	-1.0
526.84625	-1.0
526.8558	-1.0
526.9041	-1.0
526.9508	-1.0
526.9693	-1.0
546.2489	-1.0
552.2488	-1.0
552.2535	-1.0
552.27014	-1.0
552.28345	-1.0
552.2867	-1.0
552.2892	-1.0
552.2918	-1.0
552.3033	-1.0
552.3068	-1.0
552.3131	-1.0
552.3169	-1.0
552.3196	1.0
552.32904	-1.0
552.3356	-1.0
552.3383	-1.0
552.34174	-1.0
552.3467	-1.0
552.3513	1.0
552.3549	-1.0
552.3576	-1.0
552.3603	-1.0
552.3637	-1.0
552.36865	1.0
552.37146	-1.0
552.3767	-1.0
552.38153	-1.0
552.3862	1.0
552.3891	1.0
552.3919	-1.0
552.3977	-1.0
552.40564	-1.0
552.40924	-1.0
552.418	-1.0
552.4227	-1.0
552.4254	1.0
552.4288	-1.0
552.4363	-1.0
552.4417	1.0
552.44727	-1.0
552.44977	-1.0
552.4525	-1.0
552.4551	-1.0
552.462	-1.0
552.4662	-1.0
552.4694	-1.0
552.4724	-1.0
552.4784	-1.0
552.4846	-1.0
552.4938	-1.0
552.499	-1.0
552.5067	-1.0
552.5095	-1.0
552.5127	1.0
552.5176	-1.0
552.5212	1.0
552.5238	-1.0
552.53326	-1.0
552.53656	-1.0
552.5391	-1.0
552.543	-1.0
552.55	-1.0
552.55536	-1.0
552.558	-1.0
552.563	-1.0
552.5702	-1.0
552.575	-1.0
552.5818	-1.0
552.58685	-1.0
552.58936	-1.0
552.593	-1.0
552.59863	-1.0
552.6052	-1.0
552.60846	-1.0
552.611	-1.0
552.6179	-1.0
552.624	-1.0
552.6324	-1.0
552.6399	-1.0
552.6484	-1.0
552.6543	-1.0
552.66113	1.0
552.6638	1.0
552.6728	-1.0
552.67993	-1.0
552.6874	-1.0
552.69305	-1.0
552.69965	-1.0
552.70593	-1.0
552.7119	-1.0
552.7186	-1.0
552.72614	-1.0
552.7318	-1.0
552.74207	-1.0
552.7497	-1.0
552.75525	-1.0
552.76404	-1.0
552.76965	-1.0
552.7744	-1.0
552.77893	-1.0
552.786	-1.0
552.7928	-1.0
552.80115	-1.0
552.80835	-1.0
552.81726	-1.0
552.82446	-1.0
552.8306	-1.0
552.8334	-1.0
552.8487	-1.0
552.8554	-1.0
552.86035	-1.0
552.8706	-1.0
552.8782	-1.0
552.8846	-1.0
552.89014	-1.0
552.89667	-1.0
552.90515	-1.0
552.91547	-1.0
552.9222	-1.0
552.9324	-1.0
552.9416	-1.0
552.95404	-1.0
552.96277	-1.0
552.97534	-1.0
552.9862	-1.0
552.9941	-1.0
553.0034	-1.0
553.006	-1.0
553.0142	-1.0
553.0221	-1.0
553.03143	-1.0
553.0411	-1.0
553.0513	-1.0
553.0562	-1.0
553.0622	-1.0
553.06995	-1.0
553.0882	-1.0
553.0916	-1.0
553.1043	-1.0
553.10693	-1.0
553.1273	-1.0
553.13727	-1.0
553.1666	-1.0
553.20087	-1.0
553.21826	-1.0
553.23	-1.0
553.2703	-1.0
553.3205	-1.0
564.0234	-1.0
564.0329	-1.0
564.0356	1.0
564.0438	-1.0
564.0475	-1.0
564.05365	-1.0
564.0613	-1.0
564.0714	-1.0
564.07465	-1.0
564.07776	-1.0
564.08295	-1.0
564.08734	-1.0
564.0903	-1.0
564.0942	-1.0
564.0998	-1.0
564.1027	1.0
564.1094	-1.0
564.1187	-1.0
564.1215	1.0
564.1304	-1.0
564.1329	-1.0
564.1391	-1.0
564.148	-1.0
564.1572	-1.0
564.16327	-1.0
564.17377	-1.0
564.18195	-1.0
564.19055	-1.0
564.1981	-1.0
564.20795	-1.0
564.2243	-1.0
564.23	-1.0
564.25995	-1.0
564.27045	-1.0
564.2806	-1.0
564.3026	-1.0
565.6462	1.0
566.4045	-1.0
574.44794	-1.0
574.45044	1.0
574.4553	-1.0
574.4611	-1.0
574.46686	-1.0
574.4732	-1.0
574.4936	-1.0
574.4983	-1.0
574.51044	-1.0
574.5159	-1.0
574.5206	-1.0
574.5248	-1.0
574.5275	-1.0
574.5354	-1.0
574.53827	-1.0
574.5488	-1.0
574.55133	1.0
574.55743	-1.0
574.56134	-1.0
574.56494	-1.0
574.57355	-1.0
574.57654	1.0
574.5892	-1.0
574.59186	1.0
574.6048	-1.0
574.6079	-1.0
574.6208	-1.0
574.62445	-1.0
574.6305	-1.0
574.6364	-1.0
574.6404	-1.0
574.64404	-1.0
574.64954	-1.0
574.66376	-1.0
574.6743	-1.0
574.6806	-1.0
574.68414	-1.0
574.6975	1.0
574.70905	-1.0
574.7223	-1.0
574.7288	-1.0
574.7346	-1.0
574.739	-1.0
574.74646	-1.0
574.7516	-1.0
574.75446	1.0
574.76105	-1.0
574.7642	-1.0
574.7671	1.0
574.7732	-1.0
574.776	-1.0
574.78577	-1.0
574.7952	-1.0
574.7995	-1.0
574.8095	-1.0
574.812	1.0
574.8298	-1.0
574.84375	-1.0
574.85486	-1.0
574.8603	-1.0
574.8709	-1.0
574.88727	-1.0
574.89056	-1.0
574.903	-1.0
574.92053	-1.0
574.9341	-1.0
574.94727	-1.0
574.9554	-1.0
574.9622	-1.0
574.9819	-1.0
575.0053	-1.0
575.012	-1.0
575.0221	-1.0
575.02875	-1.0
575.0416	-1.0
575.05774	-1.0
575.0605	-1.0
575.0647	-1.0
575.0785	-1.0
575.09534	-1.0
575.1129	-1.0
575.1397	-1.0
575.1808	-1.0
575.20233	-1.0
575.21844	-1.0
575.2316	-1.0
575.24615	-1.0
575.27405	-1.0
575.2923	-1.0
575.3195	-1.0
575.3304	-1.0
575.34186	-1.0
575.36346	-1.0
575.3729	-1.0
575.3842	-1.0
575.3932	-1.0
575.41046	-1.0
575.4276	-1.0
575.4478	-1.0
575.4629	-1.0
575.47125	-1.0
575.48193	-1.0
575.513	-1.0
575.542	-1.0
575.5624	-1.0
575.57666	-1.0
575.652	-1.0
584.8442	-1.0
584.85114	-1.0
584.85364	-1.0
584.8598	-1.0
584.8674	-1.0
584.87024	1.0
584.873	-1.0
584.8756	1.0
584.8789	-1.0
584.88165	-1.0
584.8874	-1.0
584.89124	-1.0
584.8963	-1.0
584.8991	1.0
584.9039	-1.0
584.9072	-1.0
584.9106	-1.0
584.9143	-1.0
584.9172	-1.0
584.9209	-1.0
584.92523	-1.0
584.93317	-1.0
584.93823	-1.0
584.94135	-1.0
584.9527	-1.0
584.95966	-1.0
584.968	-1.0
584.97705	-1.0
584.9896	-1.0
584.99774	-1.0
585.0052	-1.0
585.0128	-1.0
585.0264	-1.0
585.037	-1.0
585.04694	-1.0
585.0631	-1.0
585.07495	-1.0
585.084	-1.0
585.0959	-1.0
585.10095	-1.0
585.10974	-1.0
585.1216	-1.0
585.1277	-1.0
585.1392	-1.0
585.14526	-1.0
585.1517	-1.0
585.1608	-1.0
585.1645	-1.0
585.16705	-1.0
585.1779	-1.0
585.1888	-1.0
585.2007	-1.0
585.20386	-1.0
585.2069	1.0
585.2094	-1.0
585.22705	-1.0
585.236	-1.0
585.24774	-1.0
585.26184	-1.0
585.2726	-1.0
585.28094	-1.0
585.2916	-1.0
585.3063	-1.0
585.31903	-1.0
585.32874	-1.0
585.3358	-1.0
585.3472	-1.0
585.3558	-1.0
585.36847	-1.0
585.37366	-1.0
585.3828	-1.0
585.38824	-1.0
585.39154	-1.0
585.40094	-1.0
585.40936	-1.0
585.418	-1.0
585.42834	-1.0
585.43146	-1.0
585.4432	-1.0
585.4512	-1.0
585.4549	-1.0
585.46045	-1.0
585.4649	-1.0
585.47687	-1.0
585.4872	-1.0
585.501	-1.0
585.506	-1.0
585.50995	-1.0
585.5185	-1.0
585.5308	-1.0
585.54266	-1.0
585.55133	-1.0
585.5633	-1.0
585.58466	-1.0
585.5913	-1.0
585.6072	-1.0
585.6126	-1.0
585.6256	-1.0
585.6364	-1.0
585.6473	-1.0
585.6678	-1.0
585.6884	-1.0
585.6982	-1.0
585.70966	-1.0
585.72974	-1.0
585.7412	-1.0
585.7644	-1.0
585.7981	-1.0
585.8204	-1.0
