0.59008	-1.0
0.59536	-1.0
0.60224	-1.0
0.62312	-1.0
0.66176	-1.0
0.67264	-1.0
0.67516	-1.0
0.68428	-1.0
0.7	-1.0
0.7182	-1.0
0.72348	-1.0
0.73328	-1.0
0.7364	-1.0
0.78144	-1.0
0.7912	-1.0
0.80872	-1.0
0.8746	-1.0
0.8818	-1.0
0.88936	-1.0
0.95376	-1.0
1.0208	-1.0
1.06796	-1.0
1.09452	-1.0
1.268	-1.0
21.67372	-1.0
21.75432	1.0
21.77156	-1.0
21.78652	-1.0
21.82728	-1.0
21.8536	-1.0
34.4482	-1.0
34.46756	-1.0
34.47276	1.0
34.49936	1.0
34.51576	-1.0
34.52824	-1.0
34.54988	-1.0
34.56024	-1.0
34.59836	-1.0
34.6404	-1.0
34.67164	1.0
34.68356	-1.0
34.74312	-1.0
34.76636	1.0
34.83368	-1.0
34.90356	-1.0
34.909	-1.0
34.92028	-1.0
35.20728	-1.0
43.0986	-1.0
43.21812	-1.0
43.2646	-1.0
43.39008	-1.0
43.72168	-1.0
43.74604	-1.0
43.75752	-1.0
43.79852	-1.0
43.82608	-1.0
43.84092	-1.0
43.86124	-1.0
43.90196	-1.0
44.07992	-1.0
44.23636	1.0
51.17416	-1.0
51.17704	-1.0
51.62584	-1.0
51.79408	-1.0
56.04896	-1.0
56.14356	-1.0
59.37832	-1.0
59.51404	-1.0
59.54956	-1.0
59.66504	-1.0
67.57836	-1.0
67.61096	-1.0
67.61468	-1.0
67.62724	-1.0
67.63404	-1.0
67.65704	-1.0
67.66648	1.0
67.67256	-1.0
67.68488	1.0
67.7048	-1.0
67.71916	-1.0
67.73064	-1.0
67.76524	-1.0
67.82284	-1.0
67.85536	-1.0
67.96932	-1.0
67.98596	-1.0
68.0072	-1.0
80.56352	-1.0
80.64624	-1.0
80.67796	1.0
80.74324	1.0
80.79832	-1.0
80.97932	-1.0
81.18756	-1.0
92.65016	-1.0
92.6598	-1.0
92.6762	-1.0
92.7176	-1.0
92.72804	1.0
92.7342	-1.0
92.7556	1.0
92.75888	-1.0
92.76944	-1.0
92.78952	-1.0
92.80424	-1.0
92.82572	-1.0
92.83248	-1.0
92.83576	-1.0
92.90084	1.0
92.9246	-1.0
92.94404	-1.0
92.96108	-1.0
93.0356	-1.0
93.07028	-1.0
93.17436	-1.0
93.25752	1.0
93.34392	-1.0
93.4518	-1.0
93.4966	-1.0
93.5916	-1.0
111.51448	-1.0
111.56804	-1.0
111.57664	-1.0
111.64088	1.0
111.69532	1.0
111.70672	-1.0
111.70952	-1.0
111.71536	-1.0
111.72988	-1.0
111.78876	-1.0
111.82612	-1.0
111.8412	-1.0
111.8664	-1.0
111.89248	-1.0
111.9604	-1.0
113.6732	1.0
122.21244	-1.0
122.2336	1.0
122.25316	-1.0
122.30584	1.0
134.5252	-1.0
134.5348	-1.0
134.63023	-1.0
134.64824	-1.0
134.96625	-1.0
135.02151	-1.0
135.2276	-1.0
135.37868	-1.0
137.58076	1.0
141.15771	-1.0
142.25468	-1.0
142.27716	-1.0
142.28136	-1.0
142.29527	1.0
142.30592	-1.0
142.3206	-1.0
142.33092	-1.0
142.3432	-1.0
142.35764	1.0
142.36748	-1.0
142.39436	-1.0
142.41512	-1.0
142.42236	-1.0
142.44987	-1.0
142.46793	-1.0
142.48367	-1.0
142.49393	-1.0
142.55351	-1.0
142.56184	-1.0
142.56989	-1.0
142.62411	-1.0
142.65756	-1.0
142.71484	-1.0
142.88657	-1.0
152.49672	-1.0
152.51764	-1.0
152.5238	-1.0
152.56548	-1.0
160.41628	-1.0
160.48416	1.0
160.48764	-1.0
166.03397	-1.0
166.11052	1.0
166.31148	1.0
166.41216	-1.0
166.536	-1.0
170.22624	1.0
172.47195	-1.0
172.4972	-1.0
172.51093	-1.0
172.54124	-1.0
172.56071	-1.0
172.65428	1.0
172.68372	1.0
172.70636	1.0
172.72928	-1.0
172.755	1.0
172.8122	1.0
172.82352	-1.0
172.84184	-1.0
172.86684	-1.0
173.19084	-1.0
173.37352	-1.0
173.58977	-1.0
183.66728	-1.0
193.16956	-1.0
193.17876	-1.0
203.80028	-1.0
203.8078	-1.0
203.85944	-1.0
203.87036	-1.0
203.88464	-1.0
203.89256	-1.0
203.896	-1.0
203.91563	-1.0
203.92436	-1.0
203.962	-1.0
203.9812	-1.0
203.99652	-1.0
204.0058	-1.0
204.07307	-1.0
204.09068	1.0
204.127	-1.0
204.14384	-1.0
204.28992	-1.0
204.36328	-1.0
222.74448	-1.0
222.95715	-1.0
222.98473	-1.0
223.07265	1.0
223.21127	-1.0
223.23956	-1.0
223.27924	-1.0
239.12308	-1.0
239.18307	-1.0
239.18808	1.0
239.20296	-1.0
239.2206	1.0
239.23004	-1.0
239.25212	-1.0
239.26332	1.0
239.269	-1.0
239.29527	-1.0
239.29993	-1.0
239.3122	-1.0
239.34283	-1.0
239.35127	1.0
239.3744	-1.0
239.46748	-1.0
239.572	-1.0
251.64484	-1.0
251.8568	-1.0
252.01472	-1.0
252.23932	-1.0
256.11267	-1.0
256.12048	-1.0
256.14313	-1.0
256.14597	-1.0
256.1641	-1.0
256.175	-1.0
256.18564	-1.0
256.19867	-1.0
256.24045	-1.0
256.24908	-1.0
256.26212	-1.0
256.272	-1.0
256.32855	-1.0
256.34833	-1.0
256.39267	-1.0
256.40295	-1.0
256.47083	-1.0
256.7906	-1.0
256.90543	-1.0
284.0479	-1.0
284.11588	1.0
284.1546	-1.0
284.20068	1.0
284.21793	-1.0
284.2473	-1.0
284.28387	-1.0
284.32364	-1.0
284.32657	-1.0
284.3712	-1.0
284.4262	-1.0
284.79288	-1.0
284.86868	-1.0
293.9612	-1.0
293.97195	-1.0
294.0192	-1.0
294.02856	-1.0
294.03656	1.0
294.05	-1.0
294.05853	-1.0
294.07425	-1.0
294.10236	-1.0
294.10544	-1.0
294.11963	1.0
294.14105	-1.0
294.15036	-1.0
294.1671	-1.0
294.1845	-1.0
294.20865	-1.0
294.22635	-1.0
294.23196	-1.0
294.2503	-1.0
294.29675	1.0
294.31296	-1.0
294.3274	1.0
294.37393	-1.0
294.39236	-1.0
294.75055	-1.0
302.09677	-1.0
308.61227	-1.0
308.6428	-1.0
308.66837	-1.0
308.67828	-1.0
308.694	-1.0
308.70724	-1.0
308.7469	-1.0
308.75623	-1.0
308.77155	-1.0
308.7763	-1.0
308.82684	-1.0
308.87537	-1.0
308.88144	1.0
308.91412	-1.0
309.00305	-1.0
313.0904	-1.0
318.3566	-1.0
318.55533	-1.0
318.61087	-1.0
318.7096	-1.0
318.7549	-1.0
318.77032	-1.0
318.80228	-1.0
318.97263	-1.0
319.048	1.0
322.10083	-1.0
323.13596	-1.0
323.14728	-1.0
323.17435	1.0
323.18033	-1.0
323.21725	-1.0
323.27127	-1.0
323.3174	-1.0
328.94348	-1.0
329.06244	-1.0
329.11356	-1.0
336.26108	-1.0
336.36203	-1.0
336.39337	-1.0
338.18237	-1.0
338.28577	-1.0
338.2965	-1.0
338.3051	-1.0
338.3306	-1.0
338.33313	-1.0
338.3525	-1.0
338.35873	-1.0
338.37354	-1.0
338.38568	-1.0
338.48395	-1.0
338.54764	-1.0
338.6743	-1.0
354.6646	-1.0
354.74576	-1.0
354.75595	-1.0
354.78296	-1.0
354.7985	-1.0
354.8191	-1.0
354.87897	-1.0
354.98053	-1.0
355.01547	-1.0
362.5562	-1.0
362.57437	-1.0
362.73352	1.0
371.08145	-1.0
371.10107	-1.0
371.10724	-1.0
371.42892	-1.0
375.63776	-1.0
375.6566	-1.0
375.6717	-1.0
375.7192	1.0
375.72568	-1.0
375.75717	1.0
375.7842	-1.0
375.82657	-1.0
375.84406	-1.0
375.9356	-1.0
383.46344	-1.0
383.48657	-1.0
383.50696	-1.0
383.5626	1.0
393.56348	-1.0
393.569	-1.0
393.57587	-1.0
393.59097	-1.0
393.80377	-1.0
393.81076	-1.0
393.8281	-1.0
403.53333	-1.0
403.62692	-1.0
403.67105	-1.0
403.93228	-1.0
404.07687	-1.0
404.23608	-1.0
409.80643	-1.0
409.93344	-1.0
409.93805	-1.0
409.97083	-1.0
409.9813	-1.0
410.05887	-1.0
410.0954	-1.0
417.56308	-1.0
417.58167	-1.0
417.60837	-1.0
417.65384	1.0
417.85315	-1.0
417.8598	-1.0
417.87384	-1.0
417.91632	-1.0
417.99988	-1.0
418.02792	-1.0
418.16296	-1.0
418.1928	-1.0
418.33698	1.0
418.39703	-1.0
423.20752	-1.0
435.3303	1.0
444.38455	-1.0
444.5174	-1.0
444.52292	-1.0
444.53275	-1.0
444.5619	-1.0
444.5767	-1.0
444.59317	-1.0
444.60837	-1.0
444.6133	-1.0
444.61707	-1.0
444.6252	-1.0
444.64777	-1.0
444.67337	-1.0
444.7262	-1.0
444.79135	-1.0
444.80197	1.0
444.8697	-1.0
457.55164	-1.0
457.5749	-1.0
457.59952	1.0
457.732	-1.0
457.75067	-1.0
457.78595	-1.0
457.83328	-1.0
458.0035	-1.0
458.02264	1.0
468.2194	-1.0
471.64603	-1.0
471.7076	-1.0
471.75833	-1.0
471.8399	-1.0
471.9562	-1.0
471.99237	-1.0
472.13083	-1.0
472.15344	1.0
472.1565	1.0
472.1921	-1.0
472.413	-1.0
476.18	-1.0
476.21033	-1.0
476.23395	-1.0
476.24423	1.0
476.2486	-1.0
476.26517	-1.0
476.2722	-1.0
476.28336	-1.0
476.30264	1.0
476.3096	-1.0
476.33987	-1.0
476.42947	-1.0
476.51093	-1.0
476.52643	-1.0
476.6083	-1.0
476.6697	-1.0
476.7729	-1.0
476.93924	-1.0
477.13257	-1.0
485.48212	-1.0
485.54007	-1.0
485.54855	-1.0
485.55612	-1.0
485.57657	-1.0
485.60693	-1.0
485.63452	1.0
485.69028	-1.0
485.7152	-1.0
485.82965	-1.0
485.83444	-1.0
485.85547	-1.0
485.9439	-1.0
486.0197	-1.0
486.2526	-1.0
486.2726	-1.0
486.47363	-1.0
486.5052	-1.0
486.53268	-1.0
512.1988	-1.0
512.2282	-1.0
512.27155	-1.0
512.336	-1.0
512.35345	-1.0
512.3924	-1.0
512.41345	-1.0
512.4173	-1.0
512.4501	-1.0
512.45935	-1.0
512.5487	1.0
512.5815	-1.0
512.60175	-1.0
512.6766	-1.0
512.7056	-1.0
521.9078	-1.0
521.9933	-1.0
522.0388	-1.0
526.2977	-1.0
526.34174	-1.0
526.3851	-1.0
526.3936	-1.0
526.399	-1.0
526.4353	1.0
526.44135	-1.0
526.4725	-1.0
526.4798	-1.0
526.5143	-1.0
526.52325	-1.0
526.5527	-1.0
526.5948	-1.0
526.715	-1.0
526.7541	-1.0
552.3253	-1.0
552.3708	-1.0
552.38745	1.0
552.39087	-1.0
552.4141	-1.0
552.4434	-1.0
552.4707	-1.0
552.48346	-1.0
552.5705	-1.0
552.587	1.0
552.73785	-1.0
552.83765	-1.0
552.8949	-1.0
552.9563	-1.0
553.11053	-1.0
564.0668	-1.0
564.0928	-1.0
564.1061	1.0
564.17236	1.0
564.2035	-1.0
574.46484	-1.0
574.546	-1.0
574.55774	-1.0
574.5974	-1.0
574.6282	-1.0
574.65356	-1.0
574.6657	-1.0
574.6786	-1.0
574.6997	-1.0
574.7025	1.0
574.749	-1.0
574.7875	-1.0
574.84686	-1.0
574.92004	-1.0
574.9566	-1.0
575.08105	-1.0
575.14435	1.0
575.35944	-1.0
575.44	-1.0
584.875	-1.0
584.89484	-1.0
584.9129	-1.0
585.01154	-1.0
585.0662	-1.0
585.1366	-1.0
585.18365	-1.0
585.2801	-1.0
585.61017	-1.0
597.0617	1.0
