0.51736	-1.0
0.5254	1.0
0.52996	-1.0
0.5372	-1.0
0.54552	-1.0
0.5492	-1.0
0.56116	-1.0
0.5644	1.0
0.56768	1.0
0.57248	-1.0
0.57664	1.0
0.58536	-1.0
0.58924	-1.0
0.5926	-1.0
0.5968	1.0
0.59972	1.0
0.60588	1.0
0.60876	1.0
0.61168	-1.0
0.62164	-1.0
0.62728	-1.0
0.63724	-1.0
0.6438	1.0
0.65516	-1.0
0.66904	-1.0
0.67864	-1.0
0.68364	-1.0
0.70664	1.0
0.71812	-1.0
0.74436	-1.0
0.74708	-1.0
0.76752	-1.0
0.77016	-1.0
0.78052	-1.0
0.78652	-1.0
0.7944	-1.0
0.80672	1.0
0.8102	-1.0
0.85044	1.0
0.85364	-1.0
0.86344	-1.0
0.88092	-1.0
0.88352	-1.0
0.90356	-1.0
0.93024	-1.0
0.94796	-1.0
0.9738	-1.0
0.99652	-1.0
1.17564	-1.0
1.3486	-1.0
1.42552	-1.0
1.50276	-1.0
1.56924	-1.0
1.64476	-1.0
12.12688	-1.0
18.80532	-1.0
21.64316	-1.0
21.65396	-1.0
21.66784	-1.0
21.67308	-1.0
21.67692	-1.0
21.67984	-1.0
21.68488	-1.0
21.69824	-1.0
21.71364	-1.0
21.73332	-1.0
21.73916	-1.0
21.74616	-1.0
21.75496	-1.0
21.76032	-1.0
21.76644	-1.0
21.773	-1.0
21.78296	-1.0
21.78896	-1.0
21.79624	-1.0
21.80264	-1.0
21.81664	-1.0
21.8222	-1.0
21.83456	-1.0
21.8454	-1.0
21.85168	-1.0
21.8658	-1.0
21.8706	-1.0
21.87824	-1.0
21.90904	-1.0
21.93844	-1.0
21.98072	-1.0
22.01652	-1.0
22.02688	-1.0
22.03672	-1.0
22.15248	-1.0
22.17032	-1.0
22.2282	-1.0
22.2866	-1.0
27.44792	-1.0
34.3554	-1.0
34.39148	-1.0
34.39412	-1.0
34.40096	1.0
34.40424	-1.0
34.40764	-1.0
34.41856	-1.0
34.42224	-1.0
34.42796	-1.0
34.43224	-1.0
34.43872	-1.0
34.44484	-1.0
34.45884	-1.0
34.46876	-1.0
34.48384	-1.0
34.50068	-1.0
34.50864	-1.0
34.51604	-1.0
34.51916	-1.0
34.5232	-1.0
34.53872	1.0
34.54384	-1.0
34.55416	-1.0
34.56788	-1.0
34.57352	-1.0
34.59192	-1.0
34.60324	-1.0
34.62008	-1.0
34.64316	-1.0
34.64844	-1.0
34.65336	-1.0
34.66384	-1.0
34.67476	-1.0
34.68284	-1.0
34.69108	-1.0
34.70784	-1.0
34.71404	-1.0
34.72492	-1.0
34.74808	-1.0
34.90252	-1.0
34.90596	-1.0
34.93104	-1.0
34.9388	-1.0
34.97296	-1.0
35.02948	-1.0
35.04196	-1.0
35.1796	-1.0
43.07016	-1.0
43.07916	-1.0
43.0932	-1.0
43.10264	-1.0
43.12412	-1.0
43.198	-1.0
43.2036	-1.0
43.21928	-1.0
43.22904	-1.0
43.23492	-1.0
43.2416	-1.0
43.25604	-1.0
43.26456	-1.0
43.2706	-1.0
43.27892	-1.0
43.29608	-1.0
43.30756	-1.0
43.31332	-1.0
43.32852	-1.0
43.36248	-1.0
43.37	-1.0
43.38612	-1.0
43.39576	-1.0
43.40832	-1.0
43.41988	-1.0
43.44088	-1.0
43.4972	-1.0
43.53788	-1.0
43.64656	-1.0
43.65048	1.0
43.65472	-1.0
43.65752	-1.0
43.66112	-1.0
43.66432	-1.0
43.6688	-1.0
43.67572	1.0
43.68204	-1.0
43.68636	-1.0
43.69084	-1.0
43.699	1.0
43.70316	-1.0
43.71424	-1.0
43.72064	-1.0
43.72504	-1.0
43.7354	-1.0
43.74028	-1.0
43.74464	1.0
43.74988	-1.0
43.75304	-1.0
43.76072	1.0
43.76516	-1.0
43.7684	1.0
43.77092	-1.0
43.7796	-1.0
43.79772	-1.0
43.8024	-1.0
43.81908	-1.0
43.824	-1.0
43.82856	-1.0
43.83376	1.0
43.84292	-1.0
43.8594	-1.0
43.8848	-1.0
43.8896	-1.0
43.89608	-1.0
43.89956	-1.0
43.9022	-1.0
43.91928	-1.0
43.93028	-1.0
43.93924	-1.0
43.94436	-1.0
43.9516	-1.0
43.961	-1.0
43.98288	-1.0
44.0052	-1.0
44.0142	-1.0
44.34052	-1.0
44.35704	-1.0
44.45292	-1.0
44.52312	-1.0
47.7798	-1.0
49.72732	-1.0
51.26472	-1.0
51.6004	-1.0
51.6048	-1.0
51.61692	-1.0
51.6294	-1.0
51.6456	-1.0
51.65448	-1.0
51.66544	-1.0
51.68256	-1.0
51.71456	-1.0
51.7346	-1.0
51.7496	-1.0
51.75444	-1.0
51.76764	-1.0
51.7872	-1.0
51.79008	-1.0
51.83596	-1.0
51.9714	-1.0
52.064	-1.0
52.0716	-1.0
55.51676	-1.0
55.9128	-1.0
55.91692	-1.0
55.93836	-1.0
55.95072	-1.0
55.98684	-1.0
56.01908	-1.0
56.03232	-1.0
56.03656	-1.0
56.05324	-1.0
56.06364	-1.0
56.07356	-1.0
56.0914	-1.0
56.12572	-1.0
56.16868	-1.0
56.2082	-1.0
56.32272	-1.0
56.40196	-1.0
56.4144	-1.0
56.42944	-1.0
56.45868	-1.0
56.4814	-1.0
56.49828	-1.0
56.582	-1.0
57.95636	-1.0
59.33308	-1.0
59.45028	-1.0
59.52988	-1.0
59.54784	-1.0
59.56664	-1.0
59.57544	-1.0
59.58348	-1.0
59.59836	-1.0
59.61652	-1.0
59.6414	-1.0
59.65948	-1.0
59.68036	-1.0
59.77456	-1.0
63.7706	-1.0
66.63664	-1.0
67.52912	-1.0
67.53296	-1.0
67.53684	-1.0
67.542	1.0
67.54488	1.0
67.55012	-1.0
67.55444	-1.0
67.56144	-1.0
67.56396	-1.0
67.56868	-1.0
67.57276	-1.0
67.58164	-1.0
67.58684	-1.0
67.60056	-1.0
67.61028	-1.0
67.61836	-1.0
67.6218	-1.0
67.62516	-1.0
67.62792	-1.0
67.6352	-1.0
67.6402	-1.0
67.65032	-1.0
67.65324	-1.0
67.66792	-1.0
67.675	-1.0
67.68564	1.0
67.69316	-1.0
67.71328	1.0
67.71712	-1.0
67.72428	-1.0
67.73276	-1.0
67.74292	-1.0
67.76048	-1.0
67.76336	-1.0
67.77404	-1.0
67.77712	-1.0
67.78708	-1.0
67.80324	-1.0
67.82316	-1.0
67.847	-1.0
68.01168	-1.0
68.22424	-1.0
68.27952	-1.0
68.28408	-1.0
68.32896	-1.0
68.35516	-1.0
68.40372	-1.0
68.4204	-1.0
68.43728	-1.0
68.4844	-1.0
68.56212	-1.0
78.31308	-1.0
79.07912	-1.0
80.3988	-1.0
80.52488	-1.0
80.53284	-1.0
80.54608	-1.0
80.55056	-1.0
80.56084	-1.0
80.56628	-1.0
80.58248	-1.0
80.5908	-1.0
80.60608	-1.0
80.6144	-1.0
80.62292	-1.0
80.63052	-1.0
80.63756	-1.0
80.64392	-1.0
80.65716	-1.0
80.67028	-1.0
80.67752	-1.0
80.68412	-1.0
80.69624	-1.0
80.70416	-1.0
80.71892	-1.0
80.73148	-1.0
80.73556	-1.0
80.7466	-1.0
80.75592	-1.0
80.7606	-1.0
80.76936	-1.0
80.78072	-1.0
80.79292	-1.0
80.80696	-1.0
80.81776	-1.0
80.8264	-1.0
80.82936	-1.0
80.83924	-1.0
80.85264	-1.0
80.87244	-1.0
80.8894	-1.0
80.91124	-1.0
81.13864	-1.0
81.16864	-1.0
81.17324	-1.0
81.17656	-1.0
81.18348	-1.0
81.187	-1.0
81.19824	-1.0
81.22712	-1.0
84.25728	-1.0
85.22288	-1.0
86.468	-1.0
87.839	-1.0
92.55704	-1.0
92.57592	-1.0
92.595	-1.0
92.60284	-1.0
92.61024	-1.0
92.63004	-1.0
92.63732	-1.0
92.64068	-1.0
92.644	1.0
92.64692	1.0
92.65208	-1.0
92.65524	1.0
92.66208	1.0
92.67028	-1.0
92.67512	-1.0
92.67872	1.0
92.68672	-1.0
92.69124	-1.0
92.69388	-1.0
92.69948	-1.0
92.70416	1.0
92.70744	-1.0
92.71356	-1.0
92.7222	-1.0
92.73228	-1.0
92.73568	-1.0
92.73928	-1.0
92.74216	-1.0
92.74488	-1.0
92.75004	-1.0
92.75812	-1.0
92.76564	-1.0
92.77292	-1.0
92.77608	-1.0
92.78076	-1.0
92.81144	-1.0
92.82404	-1.0
92.8278	-1.0
92.83084	-1.0
92.83572	-1.0
92.8428	1.0
92.84944	-1.0
92.855	-1.0
92.87716	-1.0
92.89228	-1.0
92.897	-1.0
92.91764	-1.0
92.94828	-1.0
92.98256	-1.0
93.16056	-1.0
93.19264	-1.0
93.26792	-1.0
93.28776	-1.0
93.36156	-1.0
93.37204	-1.0
93.45672	-1.0
93.49504	-1.0
93.59024	-1.0
93.65712	-1.0
107.36364	-1.0
109.31748	-1.0
109.67468	-1.0
111.47292	-1.0
111.48016	-1.0
111.49068	-1.0
111.51288	-1.0
111.52572	-1.0
111.54048	-1.0
111.54576	-1.0
111.55536	-1.0
111.56184	1.0
111.56628	-1.0
111.56888	-1.0
111.57192	-1.0
111.57452	-1.0
111.57768	-1.0
111.5828	-1.0
111.5906	1.0
111.59636	-1.0
111.6124	-1.0
111.62384	-1.0
111.66072	-1.0
111.66828	-1.0
111.67552	-1.0
111.68108	-1.0
111.68768	-1.0
111.69604	-1.0
111.70036	-1.0
111.71708	-1.0
111.72648	-1.0
111.73864	-1.0
111.74576	-1.0
111.75324	-1.0
111.76724	-1.0
111.77832	-1.0
111.79624	-1.0
111.81068	-1.0
111.82576	-1.0
111.83656	-1.0
111.848	-1.0
111.876	-1.0
111.8956	-1.0
111.93332	-1.0
112.016	-1.0
112.07572	-1.0
112.08572	-1.0
112.12132	-1.0
115.94408	-1.0
121.48512	-1.0
122.06192	-1.0
122.08936	-1.0
122.10484	-1.0
122.1258	-1.0
122.13376	-1.0
122.14944	-1.0
122.15608	-1.0
122.1806	-1.0
122.18756	-1.0
122.20908	-1.0
122.22308	-1.0
122.23028	-1.0
122.24236	-1.0
122.25592	-1.0
122.26676	-1.0
122.27236	-1.0
122.3096	-1.0
124.3036	-1.0
127.91124	-1.0
129.72696	-1.0
130.5684	-1.0
134.12112	-1.0
134.47733	-1.0
134.511	-1.0
134.52588	-1.0
134.53116	-1.0
134.53412	-1.0
134.5374	-1.0
134.54956	-1.0
134.56764	-1.0
134.57307	-1.0
134.58292	-1.0
134.58884	-1.0
134.59476	-1.0
134.60284	-1.0
134.60728	-1.0
134.61832	-1.0
134.6232	-1.0
134.6328	-1.0
134.63605	-1.0
134.64153	-1.0
134.64828	-1.0
134.6546	-1.0
134.66296	-1.0
134.671	-1.0
134.68384	-1.0
134.69212	-1.0
134.70357	-1.0
134.70836	-1.0
134.7474	-1.0
134.75568	-1.0
134.77492	-1.0
134.80736	-1.0
134.83804	-1.0
134.85284	-1.0
134.92256	-1.0
134.93156	-1.0
134.97516	-1.0
135.04268	-1.0
135.0478	-1.0
135.055	-1.0
135.0826	-1.0
135.13667	-1.0
135.18211	-1.0
135.25343	-1.0
135.293	-1.0
135.32043	-1.0
135.32776	-1.0
135.34927	-1.0
135.39365	-1.0
135.46724	-1.0
142.21912	-1.0
142.2234	-1.0
142.2264	1.0
142.22964	1.0
142.23404	-1.0
142.24388	1.0
142.24696	-1.0
142.25427	1.0
142.25848	-1.0
142.26608	-1.0
142.2686	-1.0
142.27864	1.0
142.28136	-1.0
142.28503	-1.0
142.30336	-1.0
142.30872	-1.0
142.31831	-1.0
142.32124	-1.0
142.32729	-1.0
142.33012	1.0
142.33533	-1.0
142.33871	-1.0
142.3414	-1.0
142.34483	-1.0
142.34964	-1.0
142.35571	-1.0
142.3632	-1.0
142.37056	1.0
142.37508	-1.0
142.379	-1.0
142.38716	-1.0
142.39868	-1.0
142.41016	1.0
142.41408	-1.0
142.43604	-1.0
142.45284	-1.0
142.45564	1.0
142.46416	-1.0
142.47205	-1.0
142.48924	1.0
142.49216	1.0
142.49504	1.0
142.50868	-1.0
142.53284	-1.0
142.53809	-1.0
142.54295	1.0
142.55652	-1.0
142.60516	-1.0
142.64464	-1.0
142.66284	-1.0
143.0122	-1.0
143.01576	-1.0
143.05193	-1.0
143.07816	-1.0
143.22984	-1.0
143.26952	-1.0
143.30472	-1.0
143.35085	-1.0
152.52132	-1.0
152.54263	-1.0
152.5662	-1.0
152.5756	-1.0
152.59152	-1.0
152.6036	-1.0
152.612	-1.0
152.62073	-1.0
152.63055	-1.0
152.63716	-1.0
152.64384	-1.0
152.6506	-1.0
152.6556	-1.0
152.65848	-1.0
152.66656	-1.0
152.6842	-1.0
152.69508	-1.0
152.70328	-1.0
152.71976	-1.0
152.73589	-1.0
152.75365	-1.0
152.7592	-1.0
153.3594	-1.0
160.38287	-1.0
160.39	-1.0
160.39607	-1.0
160.40157	-1.0
160.40828	-1.0
160.41364	-1.0
160.41824	-1.0
160.42392	-1.0
160.42812	-1.0
160.43993	-1.0
160.44492	-1.0
160.4604	-1.0
160.47072	-1.0
160.48112	-1.0
160.48996	-1.0
160.497	-1.0
160.50143	-1.0
160.50713	-1.0
160.51253	-1.0
160.51855	-1.0
160.52876	-1.0
160.53928	-1.0
160.546	-1.0
160.55331	-1.0
160.55844	-1.0
160.5618	-1.0
160.56767	-1.0
160.5794	-1.0
160.58913	-1.0
160.59532	-1.0
160.609	-1.0
165.6666	-1.0
165.93188	-1.0
165.93544	-1.0
165.96652	-1.0
165.99348	-1.0
165.9986	-1.0
166.02151	-1.0
166.03212	-1.0
166.04391	-1.0
166.04716	-1.0
166.05736	-1.0
166.07396	-1.0
166.09628	-1.0
166.10368	-1.0
166.113	-1.0
166.12473	-1.0
166.1558	-1.0
166.16351	-1.0
166.18648	-1.0
166.19852	-1.0
166.20557	-1.0
166.232	-1.0
166.254	-1.0
166.26384	-1.0
166.26788	-1.0
166.2828	-1.0
166.28636	-1.0
166.30309	-1.0
166.31248	-1.0
166.31816	-1.0
166.32416	-1.0
166.33067	-1.0
166.33543	-1.0
166.34431	-1.0
166.40971	-1.0
167.96016	-1.0
169.13857	-1.0
172.36084	-1.0
172.38129	-1.0
172.38531	-1.0
172.38928	-1.0
172.39217	-1.0
172.3948	-1.0
172.39732	-1.0
172.4002	-1.0
172.40388	-1.0
172.40776	1.0
172.41933	-1.0
172.42436	-1.0
172.42851	-1.0
172.43105	-1.0
172.44237	-1.0
172.45197	-1.0
172.45612	-1.0
172.46349	-1.0
172.46892	-1.0
172.47284	-1.0
172.47816	1.0
172.49084	-1.0
172.50284	1.0
172.50636	-1.0
172.51408	-1.0
172.51672	-1.0
172.5242	-1.0
172.52872	1.0
172.53784	-1.0
172.54172	-1.0
172.54507	-1.0
172.56187	-1.0
172.5706	-1.0
172.581	-1.0
172.59384	-1.0
172.60815	-1.0
172.61116	-1.0
172.61424	-1.0
172.63351	-1.0
172.641	1.0
172.6466	-1.0
172.655	-1.0
172.67303	-1.0
172.6772	-1.0
172.69368	-1.0
172.70164	-1.0
172.70992	-1.0
172.72092	-1.0
172.73125	1.0
172.74477	-1.0
172.7584	1.0
172.77489	-1.0
172.79285	-1.0
172.80144	-1.0
172.82652	-1.0
172.84352	-1.0
172.85164	-1.0
172.89072	-1.0
172.9678	-1.0
173.0568	-1.0
173.20135	-1.0
173.37944	-1.0
173.40392	-1.0
173.72672	-1.0
180.77956	-1.0
183.51991	-1.0
183.53143	-1.0
183.5408	-1.0
183.55608	-1.0
183.58636	-1.0
183.617	-1.0
183.62096	-1.0
183.63889	-1.0
183.64944	-1.0
183.65295	-1.0
183.66464	-1.0
183.69257	-1.0
183.73132	-1.0
183.75037	-1.0
183.7638	-1.0
193.14668	-1.0
193.17152	-1.0
193.1818	-1.0
193.1898	-1.0
193.20056	-1.0
193.20348	-1.0
193.20844	-1.0
193.2138	-1.0
193.22104	-1.0
193.23216	-1.0
193.26724	-1.0
193.29356	-1.0
195.3936	-1.0
196.76633	-1.0
202.23885	-1.0
203.72252	-1.0
203.73792	-1.0
203.79036	-1.0
203.7946	-1.0
203.79916	-1.0
203.80376	-1.0
203.80743	-1.0
203.81155	-1.0
203.81483	-1.0
203.81784	-1.0
203.823	-1.0
203.83276	-1.0
203.8416	-1.0
203.845	-1.0
203.848	-1.0
203.85916	-1.0
203.86945	-1.0
203.87448	-1.0
203.88	-1.0
203.88376	1.0
203.88644	1.0
203.89037	-1.0
203.89343	-1.0
203.90211	-1.0
203.91364	1.0
203.92404	-1.0
203.93816	-1.0
203.95811	1.0
203.96445	-1.0
203.97316	-1.0
203.98009	-1.0
203.99004	-1.0
203.99551	-1.0
204.0078	-1.0
204.02129	-1.0
204.02548	-1.0
204.0416	-1.0
204.04536	-1.0
204.0602	-1.0
204.07864	-1.0
204.0826	-1.0
204.11292	-1.0
204.1226	-1.0
204.12672	-1.0
204.15337	-1.0
204.18356	1.0
204.46423	-1.0
204.5828	-1.0
204.62083	-1.0
204.65636	-1.0
204.7816	-1.0
213.2034	-1.0
215.47668	-1.0
217.0792	-1.0
221.45604	-1.0
221.80052	-1.0
222.71408	-1.0
222.74023	-1.0
222.75108	-1.0
222.76572	-1.0
222.77504	-1.0
222.78476	-1.0
222.78893	-1.0
222.79337	-1.0
222.79964	-1.0
222.80627	-1.0
222.8112	-1.0
222.81944	-1.0
222.83116	-1.0
222.83408	-1.0
222.84155	-1.0
222.87653	-1.0
222.95876	-1.0
222.98367	-1.0
222.9968	-1.0
223.0044	-1.0
223.0096	-1.0
223.01552	-1.0
223.02023	-1.0
223.0354	-1.0
223.04053	-1.0
223.04317	-1.0
223.0512	-1.0
223.07344	-1.0
223.07628	-1.0
223.08533	-1.0
223.09628	-1.0
223.10233	-1.0
223.10551	-1.0
223.10953	-1.0
223.11224	-1.0
223.1224	-1.0
223.13756	-1.0
223.14456	-1.0
223.15675	-1.0
223.18732	-1.0
223.1962	-1.0
223.199	1.0
223.21112	-1.0
223.21532	-1.0
223.22417	-1.0
223.24773	-1.0
223.25552	-1.0
223.26408	-1.0
223.2714	-1.0
223.27512	-1.0
223.2858	-1.0
223.28952	-1.0
223.30469	-1.0
223.30904	-1.0
223.3278	-1.0
223.3492	-1.0
223.37152	-1.0
223.39284	-1.0
223.41768	-1.0
223.46352	-1.0
223.48228	-1.0
223.49268	-1.0
223.53876	-1.0
223.59584	-1.0
225.3606	-1.0
226.16676	-1.0
227.21996	-1.0
228.36388	-1.0
229.67192	-1.0
232.0734	-1.0
234.10931	-1.0
235.42784	-1.0
239.06972	-1.0
239.09428	-1.0
239.1082	-1.0
239.11284	1.0
239.11536	-1.0
239.11871	-1.0
239.12144	-1.0
239.12436	-1.0
239.12688	-1.0
239.12968	-1.0
239.13416	-1.0
239.13931	1.0
239.14516	-1.0
239.14809	-1.0
239.15411	1.0
239.16553	-1.0
239.16849	-1.0
239.18028	-1.0
239.18588	-1.0
239.19464	-1.0
239.20377	-1.0
239.2138	-1.0
239.217	-1.0
239.22104	-1.0
239.23032	-1.0
239.23685	-1.0
239.2456	-1.0
239.2694	-1.0
239.27628	-1.0
239.28207	1.0
239.29285	-1.0
239.29648	-1.0
239.2994	-1.0
239.3152	-1.0
239.31824	-1.0
239.3268	-1.0
239.34145	-1.0
239.34528	-1.0
239.3484	-1.0
239.35867	-1.0
239.36992	-1.0
239.38013	-1.0
239.44035	-1.0
239.65273	-1.0
239.7246	-1.0
239.75832	-1.0
239.77592	-1.0
239.80351	-1.0
239.81828	-1.0
239.85048	-1.0
239.87769	-1.0
239.91309	-1.0
239.96732	-1.0
239.99556	-1.0
240.03824	-1.0
248.65643	-1.0
251.61047	-1.0
251.63016	-1.0
251.637	-1.0
251.6592	-1.0
251.68532	-1.0
251.69684	-1.0
251.70483	-1.0
251.71292	-1.0
251.72232	-1.0
251.72568	-1.0
251.73431	-1.0
251.74184	-1.0
251.75903	-1.0
251.77664	-1.0
251.78844	-1.0
251.79768	-1.0
251.80344	-1.0
251.8108	-1.0
251.82008	-1.0
251.83257	-1.0
251.87273	-1.0
251.89928	-1.0
251.93704	-1.0
251.9412	-1.0
251.98589	-1.0
251.99625	-1.0
252.028	-1.0
252.04472	-1.0
252.04951	-1.0
252.05992	-1.0
252.07388	-1.0
252.07852	-1.0
252.1256	-1.0
252.25276	-1.0
252.36612	-1.0
256.08505	-1.0
256.08795	-1.0
256.0909	-1.0
256.09448	-1.0
256.09995	-1.0
256.10495	-1.0
256.1093	-1.0
256.11356	-1.0
256.11667	-1.0
256.12317	-1.0
256.12805	1.0
256.1385	-1.0
256.14557	-1.0
256.15015	-1.0
256.15472	1.0
256.16055	-1.0
256.16724	-1.0
256.18613	-1.0
256.20068	-1.0
256.2272	-1.0
256.2386	1.0
256.24854	-1.0
256.2514	-1.0
256.255	-1.0
256.27637	-1.0
256.27985	-1.0
256.28372	-1.0
256.28812	1.0
256.29453	-1.0
256.3151	-1.0
256.32507	-1.0
256.32803	-1.0
256.3448	-1.0
256.35535	-1.0
256.36337	1.0
256.37033	-1.0
256.38092	-1.0
256.3926	-1.0
256.42343	-1.0
256.43875	-1.0
256.44424	-1.0
256.47165	-1.0
256.4808	-1.0
256.51233	-1.0
256.5158	1.0
256.55463	-1.0
256.5727	-1.0
256.61533	-1.0
257.03088	-1.0
257.1677	-1.0
257.3343	-1.0
267.36673	1.0
269.1226	-1.0
269.1552	-1.0
269.19775	-1.0
269.24323	-1.0
270.49133	1.0
271.24496	-1.0
273.63013	-1.0
276.01483	-1.0
283.11447	-1.0
284.0134	-1.0
284.01917	-1.0
284.03973	-1.0
284.0461	-1.0
284.0584	-1.0
284.06784	-1.0
284.07227	-1.0
284.07825	-1.0
284.08292	-1.0
284.09204	-1.0
284.1	-1.0
284.1065	-1.0
284.11157	-1.0
284.12225	-1.0
284.137	-1.0
284.14487	-1.0
284.149	-1.0
284.16376	-1.0
284.17712	-1.0
284.1903	-1.0
284.193	-1.0
284.2048	-1.0
284.2122	-1.0
284.22125	-1.0
284.22556	-1.0
284.2476	-1.0
284.2612	-1.0
284.2762	-1.0
284.2969	-1.0
284.31192	-1.0
284.3261	-1.0
284.33035	-1.0
284.3386	-1.0
284.3422	1.0
284.34833	-1.0
284.3517	-1.0
284.35684	-1.0
284.37415	-1.0
284.3882	-1.0
284.40768	-1.0
284.41275	-1.0
284.42764	-1.0
284.43057	-1.0
284.4408	-1.0
284.46667	-1.0
284.4797	-1.0
284.4923	-1.0
284.52017	-1.0
284.56497	-1.0
284.6118	-1.0
284.62976	-1.0
293.91025	-1.0
293.94662	-1.0
293.94965	-1.0
293.95233	-1.0
293.9565	1.0
293.95963	-1.0
293.96408	-1.0
293.9673	-1.0
293.97067	-1.0
293.9741	-1.0
293.97733	-1.0
293.98026	-1.0
293.98627	-1.0
293.99307	-1.0
294.01123	-1.0
294.01413	-1.0
294.0233	-1.0
294.0263	-1.0
294.03012	-1.0
294.03275	-1.0
294.04904	-1.0
294.05328	-1.0
294.05685	-1.0
294.07037	1.0
294.07303	1.0
294.07596	-1.0
294.09024	-1.0
294.11807	-1.0
294.12775	-1.0
294.13272	-1.0
294.1512	-1.0
294.155	-1.0
294.17123	-1.0
294.1934	-1.0
294.22455	-1.0
294.23053	-1.0
294.23648	1.0
294.2618	-1.0
294.28357	-1.0
294.37692	-1.0
294.51337	-1.0
294.7078	-1.0
294.7692	-1.0
294.80203	-1.0
294.81088	-1.0
294.82	-1.0
294.82404	-1.0
294.8618	-1.0
294.8768	-1.0
294.9226	-1.0
308.59067	-1.0
308.5958	1.0
308.59973	-1.0
308.60223	-1.0
308.605	-1.0
308.60776	-1.0
308.61115	-1.0
308.61432	-1.0
308.62064	-1.0
308.62415	1.0
308.62833	-1.0
308.63297	-1.0
308.64087	-1.0
308.645	1.0
308.6508	-1.0
308.66248	-1.0
308.669	-1.0
308.6754	-1.0
308.67987	-1.0
308.68256	1.0
308.68604	-1.0
308.6896	-1.0
308.69235	-1.0
308.6958	-1.0
308.7083	-1.0
308.7178	-1.0
308.72284	-1.0
308.7307	-1.0
308.7348	-1.0
308.7437	-1.0
308.75464	-1.0
308.76523	-1.0
308.78333	-1.0
308.80887	-1.0
308.82825	-1.0
308.851	-1.0
308.871	-1.0
308.87445	-1.0
308.87766	-1.0
308.89273	-1.0
308.90247	-1.0
308.90543	-1.0
308.91272	-1.0
308.9159	-1.0
308.9314	-1.0
308.93985	-1.0
308.95087	-1.0
308.97745	-1.0
308.99396	-1.0
309.00323	-1.0
309.0164	-1.0
309.0278	-1.0
309.0356	-1.0
309.05368	-1.0
309.07608	-1.0
309.096	-1.0
309.11288	-1.0
309.11545	-1.0
309.136	-1.0
309.14673	-1.0
309.1797	-1.0
309.19775	-1.0
309.2621	-1.0
309.28476	-1.0
309.2925	-1.0
309.32248	-1.0
309.3806	-1.0
309.41785	-1.0
309.445	-1.0
318.24136	-1.0
318.24957	-1.0
318.2563	-1.0
318.26804	-1.0
318.2712	-1.0
318.28137	-1.0
318.28815	-1.0
318.29575	-1.0
318.3586	-1.0
318.39957	-1.0
318.4928	-1.0
318.5192	-1.0
318.536	-1.0
318.54443	-1.0
318.5537	-1.0
318.5584	-1.0
318.57162	-1.0
318.58505	-1.0
318.59393	-1.0
318.60504	-1.0
318.62073	-1.0
318.62985	-1.0
318.65128	-1.0
318.6566	-1.0
318.6699	-1.0
318.6769	-1.0
318.68652	-1.0
318.6935	-1.0
318.70853	-1.0
318.72763	-1.0
318.73743	-1.0
318.76196	-1.0
318.80347	-1.0
318.81073	-1.0
318.82132	-1.0
318.83115	-1.0
318.834	-1.0
318.84003	-1.0
318.84332	-1.0
318.84677	-1.0
318.85373	-1.0
318.85977	-1.0
318.8661	-1.0
318.8827	-1.0
318.8979	-1.0
318.9463	-1.0
318.959	-1.0
320.7176	-1.0
322.0575	-1.0
322.0977	-1.0
323.05023	-1.0
323.05933	-1.0
323.06372	-1.0
323.06985	-1.0
323.0767	-1.0
323.08093	-1.0
323.09048	-1.0
323.1196	-1.0
323.1267	-1.0
323.13043	-1.0
323.1357	1.0
323.14032	-1.0
323.14377	-1.0
323.14767	-1.0
323.15717	1.0
323.16315	-1.0
323.16745	-1.0
323.1778	1.0
323.1811	-1.0
323.18985	-1.0
323.21436	-1.0
323.21786	-1.0
323.22397	-1.0
323.23553	-1.0
323.27563	-1.0
323.28207	-1.0
323.28812	-1.0
323.30115	-1.0
323.31012	-1.0
323.3265	-1.0
323.41916	-1.0
325.74448	-1.0
326.62277	-1.0
328.57343	-1.0
328.86807	-1.0
328.8852	-1.0
328.89236	-1.0
328.9065	-1.0
328.9216	-1.0
328.9341	-1.0
328.95087	-1.0
328.9587	-1.0
328.96805	-1.0
328.97577	-1.0
328.98123	-1.0
328.9896	-1.0
328.9996	-1.0
329.0194	-1.0
329.0335	-1.0
329.0483	-1.0
329.0538	-1.0
329.0576	-1.0
329.07013	-1.0
329.0869	-1.0
329.09988	-1.0
329.12308	-1.0
329.15735	-1.0
329.18045	-1.0
329.2282	-1.0
329.2868	-1.0
329.37387	-1.0
329.43445	-1.0
329.5985	-1.0
330.97476	-1.0
332.83365	-1.0
334.04572	-1.0
335.51605	-1.0
335.5237	-1.0
335.53107	-1.0
335.57864	-1.0
335.60153	-1.0
336.09912	-1.0
336.1096	-1.0
336.13248	-1.0
336.15875	-1.0
336.18536	-1.0
336.19516	-1.0
336.21448	-1.0
336.22693	-1.0
336.23984	-1.0
336.24387	-1.0
336.25748	-1.0
336.26477	-1.0
336.27164	-1.0
336.27545	-1.0
336.28543	-1.0
336.29712	-1.0
336.3029	-1.0
336.31244	-1.0
336.3196	-1.0
336.33148	-1.0
336.35175	-1.0
336.3601	-1.0
336.3803	-1.0
336.39655	-1.0
336.40472	-1.0
336.41797	-1.0
336.42047	-1.0
336.43875	-1.0
336.4529	-1.0
336.47107	-1.0
336.4992	-1.0
336.51877	-1.0
336.57785	-1.0
338.1448	-1.0
338.15045	-1.0
338.15295	-1.0
338.15845	-1.0
338.16156	-1.0
338.1659	1.0
338.17157	-1.0
338.1805	-1.0
338.18524	1.0
338.19376	1.0
338.2003	-1.0
338.20288	-1.0
338.21576	-1.0
338.22284	-1.0
338.24207	-1.0
338.2634	-1.0
338.2866	-1.0
338.29272	-1.0
338.2992	-1.0
338.3044	-1.0
338.31656	1.0
338.31973	1.0
338.3227	-1.0
338.34003	-1.0
338.3444	-1.0
338.35312	1.0
338.35733	-1.0
338.36813	1.0
338.3882	-1.0
338.39163	-1.0
338.40573	-1.0
338.42017	-1.0
338.43237	1.0
338.44424	1.0
338.45517	-1.0
338.47073	1.0
338.47635	-1.0
338.4793	-1.0
338.48196	-1.0
338.50952	-1.0
338.51767	-1.0
338.54214	1.0
338.61453	-1.0
338.61935	-1.0
339.07727	-1.0
339.34055	-1.0
348.18295	-1.0
348.9609	-1.0
350.17007	-1.0
352.0302	-1.0
354.15787	-1.0
354.54608	-1.0
354.56107	-1.0
354.569	-1.0
354.57623	-1.0
354.59985	-1.0
354.61493	-1.0
354.62308	-1.0
354.632	-1.0
354.6398	-1.0
354.64493	1.0
354.65097	1.0
354.6536	-1.0
354.65775	-1.0
354.66104	-1.0
354.66513	-1.0
354.66852	-1.0
354.67136	1.0
354.67612	-1.0
354.68024	-1.0
354.68436	-1.0
354.68976	-1.0
354.695	-1.0
354.70087	-1.0
354.7039	-1.0
354.70792	-1.0
354.71243	1.0
354.7181	-1.0
354.7228	1.0
354.7289	-1.0
354.73285	-1.0
354.74084	-1.0
354.7442	-1.0
354.75	-1.0
354.7553	-1.0
354.75964	-1.0
354.7745	-1.0
354.79312	-1.0
354.79785	-1.0
354.8025	-1.0
354.818	-1.0
354.82147	-1.0
354.8271	1.0
354.83163	-1.0
354.8346	-1.0
354.84055	1.0
354.84924	-1.0
354.8597	-1.0
354.8745	-1.0
354.88943	-1.0
354.9073	1.0
354.91235	-1.0
354.9251	-1.0
355.01804	-1.0
355.03412	-1.0
355.03732	-1.0
355.63416	-1.0
357.0501	1.0
360.6262	-1.0
361.8171	-1.0
362.5169	-1.0
362.52524	-1.0
362.53137	-1.0
362.54236	-1.0
362.57333	-1.0
362.58185	-1.0
362.5912	-1.0
362.60284	-1.0
362.61075	-1.0
362.63504	-1.0
362.64484	-1.0
362.66272	-1.0
362.66895	-1.0
362.69943	-1.0
362.70215	-1.0
364.57935	-1.0
365.47775	-1.0
366.27725	-1.0
367.89212	-1.0
368.88815	-1.0
369.5269	-1.0
370.6482	-1.0
371.02585	-1.0
371.0367	-1.0
371.0416	-1.0
371.04623	-1.0
371.04987	1.0
371.0533	-1.0
371.0559	-1.0
371.05847	-1.0
371.07	-1.0
371.08228	-1.0
371.0937	-1.0
371.1009	-1.0
371.1062	-1.0
371.10876	-1.0
371.11472	-1.0
371.12515	-1.0
371.13443	-1.0
371.14005	-1.0
371.1451	-1.0
371.1614	-1.0
371.17703	-1.0
371.23633	-1.0
371.25095	-1.0
371.26196	-1.0
371.27432	-1.0
371.33337	-1.0
371.36877	-1.0
371.42944	-1.0
371.44565	-1.0
371.49933	-1.0
373.70627	-1.0
374.81244	-1.0
375.40073	-1.0
375.51572	-1.0
375.52103	-1.0
375.52625	-1.0
375.53088	-1.0
375.55612	-1.0
375.5609	-1.0
375.59308	-1.0
375.61072	-1.0
375.61472	-1.0
375.61804	1.0
375.62183	-1.0
375.62436	-1.0
375.62903	1.0
375.63223	1.0
375.63495	-1.0
375.63895	-1.0
375.64368	-1.0
375.64685	-1.0
375.654	-1.0
375.65945	-1.0
375.66644	-1.0
375.67233	-1.0
375.67493	-1.0
375.687	-1.0
375.6895	-1.0
375.70544	-1.0
375.71024	-1.0
375.7223	-1.0
375.72583	1.0
375.72928	-1.0
375.74435	1.0
375.76837	1.0
375.7738	-1.0
375.80176	-1.0
375.8202	-1.0
375.8326	-1.0
375.8437	1.0
375.8504	-1.0
375.8773	-1.0
375.87988	1.0
375.90964	-1.0
375.9167	1.0
375.94775	-1.0
375.9609	1.0
375.98697	-1.0
376.06012	-1.0
376.0828	-1.0
376.10944	-1.0
376.46045	-1.0
379.24475	-1.0
380.74612	-1.0
380.9889	-1.0
382.35895	-1.0
383.43164	-1.0
383.441	1.0
383.44388	-1.0
383.44684	-1.0
383.45084	1.0
383.45685	-1.0
383.46173	-1.0
383.46567	1.0
383.47052	-1.0
383.48093	-1.0
383.4839	1.0
383.48868	-1.0
383.5066	-1.0
383.5109	1.0
383.5165	-1.0
383.51947	-1.0
383.53397	-1.0
383.53897	1.0
383.54147	1.0
383.5458	-1.0
383.5506	-1.0
383.55313	-1.0
383.6012	-1.0
383.68536	-1.0
383.84348	-1.0
384.4981	-1.0
386.18884	-1.0
388.3648	-1.0
388.94083	-1.0
390.18735	-1.0
391.0568	-1.0
392.21027	-1.0
392.25824	-1.0
393.50015	-1.0
393.5316	-1.0
393.54083	-1.0
393.55212	-1.0
393.557	-1.0
393.56104	1.0
393.56396	-1.0
393.5673	1.0
393.57257	1.0
393.57587	-1.0
393.57895	-1.0
393.5826	1.0
393.586	-1.0
393.59195	-1.0
393.60983	-1.0
393.61588	1.0
393.6426	-1.0
393.66055	-1.0
393.6639	-1.0
393.677	-1.0
393.6827	-1.0
393.69485	-1.0
393.69736	-1.0
393.7083	-1.0
393.71356	-1.0
393.71753	-1.0
393.7272	-1.0
393.7428	-1.0
393.74863	-1.0
393.77756	-1.0
393.7878	-1.0
393.79468	-1.0
393.80057	-1.0
393.8104	-1.0
393.82172	-1.0
393.8292	-1.0
393.8427	-1.0
393.85248	-1.0
393.86505	-1.0
393.87073	-1.0
393.88055	-1.0
393.90387	-1.0
393.9219	-1.0
395.3466	-1.0
396.424	-1.0
397.91785	-1.0
398.94983	-1.0
399.9179	-1.0
401.33536	-1.0
402.09128	-1.0
403.07217	-1.0
403.4625	-1.0
403.4684	-1.0
403.47696	-1.0
403.49036	-1.0
403.50137	-1.0
403.50848	-1.0
403.51117	-1.0
403.5202	-1.0
403.53204	-1.0
403.5385	-1.0
403.54413	-1.0
403.548	-1.0
403.5552	-1.0
403.56183	-1.0
403.56577	-1.0
403.5695	-1.0
403.57635	-1.0
403.5916	-1.0
403.60114	-1.0
403.60852	-1.0
403.61447	-1.0
403.61996	-1.0
403.6403	-1.0
403.65567	-1.0
403.66895	-1.0
403.68192	-1.0
403.69028	-1.0
403.6952	-1.0
403.7031	-1.0
403.71585	-1.0
403.7316	-1.0
403.73624	-1.0
403.74673	-1.0
403.76007	-1.0
403.7687	-1.0
403.77295	-1.0
403.7794	-1.0
403.79443	-1.0
403.79727	-1.0
403.80875	-1.0
403.8149	-1.0
403.81888	-1.0
403.8319	-1.0
403.83917	-1.0
403.84964	-1.0
403.85907	-1.0
403.86407	-1.0
403.86905	-1.0
403.9242	-1.0
403.9691	-1.0
404.0062	-1.0
404.00974	-1.0
404.0319	-1.0
404.0443	-1.0
404.05893	-1.0
404.065	-1.0
404.08673	-1.0
404.0908	-1.0
404.10037	-1.0
404.1218	-1.0
404.17697	-1.0
404.1801	-1.0
404.2002	-1.0
404.27887	-1.0
408.74188	-1.0
409.80573	-1.0
409.8522	-1.0
409.90515	-1.0
409.91867	-1.0
409.92316	-1.0
409.92908	-1.0
409.93677	-1.0
409.93973	-1.0
409.94333	-1.0
409.94757	-1.0
409.95087	-1.0
409.9605	-1.0
409.96793	-1.0
409.97375	-1.0
409.97675	-1.0
409.983	-1.0
409.9898	-1.0
409.9979	-1.0
410.0042	-1.0
410.01904	-1.0
410.02567	-1.0
410.04187	-1.0
410.04947	-1.0
410.05832	-1.0
410.0734	-1.0
410.09177	-1.0
410.09512	-1.0
410.10464	-1.0
410.1196	-1.0
410.1304	-1.0
410.15372	-1.0
410.1836	-1.0
410.20596	-1.0
410.2353	-1.0
410.24127	-1.0
410.24805	-1.0
410.26212	-1.0
410.2868	-1.0
412.74643	-1.0
412.82547	-1.0
415.3813	-1.0
417.14224	-1.0
417.55292	-1.0
417.55872	-1.0
417.57077	-1.0
417.5742	-1.0
417.58896	-1.0
417.59235	1.0
417.59708	-1.0
417.60007	-1.0
417.60547	-1.0
417.6081	-1.0
417.6118	1.0
417.6159	-1.0
417.61905	-1.0
417.62527	-1.0
417.62943	1.0
417.63983	1.0
417.64536	-1.0
417.64975	-1.0
417.6547	-1.0
417.66687	-1.0
417.68127	-1.0
417.69476	-1.0
417.70795	-1.0
417.71347	-1.0
417.7209	-1.0
417.7249	-1.0
417.73303	-1.0
417.7425	-1.0
417.75308	-1.0
417.7604	-1.0
417.7845	-1.0
417.7935	-1.0
417.80276	-1.0
417.81848	-1.0
417.82712	-1.0
417.8332	-1.0
417.84308	-1.0
417.8456	-1.0
417.85147	-1.0
417.86108	-1.0
417.87656	-1.0
417.889	-1.0
417.9067	-1.0
417.924	-1.0
417.93753	-1.0
417.9701	-1.0
418.00656	-1.0
418.0476	-1.0
418.0599	-1.0
418.06705	-1.0
418.08133	-1.0
418.0858	-1.0
418.09055	-1.0
418.1338	-1.0
418.14307	-1.0
418.1544	-1.0
418.25146	-1.0
418.34607	-1.0
418.36908	-1.0
418.40335	-1.0
418.47928	-1.0
419.8266	-1.0
423.183	-1.0
423.19632	-1.0
425.90625	-1.0
427.63568	-1.0
428.71487	-1.0
429.93872	-1.0
430.56723	-1.0
431.91107	-1.0
432.4817	-1.0
433.78348	-1.0
435.41388	-1.0
436.9857	-1.0
438.23727	-1.0
438.2478	1.0
438.25064	-1.0
438.25443	-1.0
438.26108	-1.0
438.2705	-1.0
438.27332	-1.0
438.28165	-1.0
438.29492	-1.0
438.2994	-1.0
438.30692	-1.0
438.31595	-1.0
438.33713	-1.0
438.35916	-1.0
438.4045	-1.0
438.49744	-1.0
440.38245	-1.0
441.64474	-1.0
443.86484	-1.0
444.34515	-1.0
444.35693	-1.0
444.3746	-1.0
444.38245	-1.0
444.39075	-1.0
444.39627	1.0
444.39987	-1.0
444.41867	-1.0
444.432	-1.0
444.43973	-1.0
444.44724	-1.0
444.48837	-1.0
444.50436	-1.0
444.5102	-1.0
444.5152	-1.0
444.5179	-1.0
444.52097	-1.0
444.5251	-1.0
444.528	-1.0
444.531	-1.0
444.5345	-1.0
444.53824	-1.0
444.54257	-1.0
444.55115	-1.0
444.5574	-1.0
444.56528	-1.0
444.56943	-1.0
444.5744	-1.0
444.5883	-1.0
444.5933	-1.0
444.60196	-1.0
444.6137	-1.0
444.61703	-1.0
444.61963	-1.0
444.63336	-1.0
444.63684	-1.0
444.64883	-1.0
444.65143	1.0
444.65997	-1.0
444.67203	-1.0
444.67484	1.0
444.68787	-1.0
444.69092	-1.0
444.69843	-1.0
444.7096	-1.0
444.71344	-1.0
444.71744	-1.0
444.73865	-1.0
444.7566	-1.0
444.761	-1.0
444.78375	-1.0
444.80493	-1.0
444.8155	-1.0
444.82547	1.0
444.83344	-1.0
444.849	-1.0
445.06296	-1.0
445.32175	-1.0
445.4304	-1.0
445.4958	-1.0
445.64133	-1.0
453.69272	-1.0
455.93655	1.0
457.5164	-1.0
457.5417	-1.0
457.55875	-1.0
457.57416	-1.0
457.5803	-1.0
457.5861	-1.0
457.59464	-1.0
457.59784	-1.0
457.61237	-1.0
457.62616	-1.0
457.63837	-1.0
457.67	-1.0
457.68063	-1.0
457.70175	-1.0
457.719	-1.0
457.73267	-1.0
457.74075	-1.0
457.74896	-1.0
457.76447	-1.0
457.76807	-1.0
457.7759	-1.0
457.78656	-1.0
457.7945	-1.0
457.80185	-1.0
457.81125	-1.0
457.8211	-1.0
457.82568	-1.0
457.83325	-1.0
457.8452	-1.0
457.85153	-1.0
457.85425	-1.0
457.8644	-1.0
457.87265	-1.0
457.87875	-1.0
457.88144	-1.0
457.88864	-1.0
457.906	-1.0
457.90936	-1.0
457.9158	-1.0
457.92157	-1.0
457.92615	-1.0
457.9292	-1.0
457.9356	-1.0
457.9436	-1.0
457.95697	-1.0
457.969	-1.0
457.9833	-1.0
458.0049	-1.0
458.03467	-1.0
463.0388	-1.0
465.5958	-1.0
466.7216	-1.0
468.2049	-1.0
468.20853	-1.0
468.2146	-1.0
468.2201	-1.0
468.23343	-1.0
468.24683	-1.0
468.25485	-1.0
468.2697	-1.0
468.2795	-1.0
468.28513	-1.0
468.29196	-1.0
468.3062	-1.0
468.31915	-1.0
468.3319	-1.0
470.38647	-1.0
471.36136	1.0
471.67203	-1.0
471.68292	-1.0
471.7026	-1.0
471.71243	-1.0
471.71655	-1.0
471.72592	-1.0
471.73224	-1.0
471.74075	-1.0
471.75854	-1.0
471.7654	-1.0
471.77325	-1.0
471.78195	-1.0
471.78995	-1.0
471.79303	-1.0
471.79572	-1.0
471.8005	-1.0
471.81113	-1.0
471.81747	-1.0
471.82812	-1.0
471.832	-1.0
471.84875	-1.0
471.8545	-1.0
471.87564	-1.0
471.8884	-1.0
471.9	-1.0
471.91483	-1.0
471.93628	-1.0
471.9511	-1.0
471.96564	-1.0
471.97952	-1.0
471.99207	-1.0
471.9986	-1.0
472.0109	-1.0
472.0318	-1.0
472.0497	-1.0
472.05295	-1.0
472.07724	-1.0
472.09995	-1.0
472.12933	-1.0
472.1505	-1.0
472.15768	-1.0
472.18637	-1.0
472.202	-1.0
472.2185	-1.0
472.23465	-1.0
472.246	-1.0
472.27832	-1.0
472.2939	-1.0
472.31335	-1.0
472.35867	-1.0
472.57196	-1.0
476.16885	-1.0
476.17184	-1.0
476.17435	-1.0
476.17795	-1.0
476.18167	-1.0
476.18567	-1.0
476.18845	-1.0
476.19128	-1.0
476.1977	-1.0
476.20044	-1.0
476.2055	-1.0
476.2082	-1.0
476.21344	-1.0
476.22192	1.0
476.22525	-1.0
476.2336	1.0
476.23715	-1.0
476.24503	1.0
476.25357	-1.0
476.25607	-1.0
476.2662	-1.0
476.27292	-1.0
476.27628	-1.0
476.28094	-1.0
476.28473	-1.0
476.291	1.0
476.31873	-1.0
476.32123	-1.0
476.3343	-1.0
476.3428	-1.0
476.3494	-1.0
476.355	-1.0
476.3585	-1.0
476.38837	-1.0
476.3933	-1.0
476.40677	-1.0
476.41492	-1.0
476.42847	-1.0
476.43417	-1.0
476.49417	-1.0
476.51553	-1.0
476.52432	-1.0
476.5848	-1.0
476.70975	-1.0
476.804	-1.0
476.95013	-1.0
477.0036	-1.0
477.03812	-1.0
477.06137	-1.0
477.1062	-1.0
477.14145	-1.0
484.03052	-1.0
485.47543	-1.0
485.4876	-1.0
485.4983	-1.0
485.5147	-1.0
485.5216	1.0
485.52444	-1.0
485.52695	-1.0
485.52948	-1.0
485.53427	-1.0
485.5382	1.0
485.54333	-1.0
485.54675	1.0
485.55777	-1.0
485.5618	-1.0
485.56775	-1.0
485.572	-1.0
485.57632	-1.0
485.585	-1.0
485.58945	-1.0
485.5962	-1.0
485.60052	-1.0
485.6045	-1.0
485.61227	-1.0
485.61716	-1.0
485.62515	-1.0
485.63467	-1.0
485.63812	-1.0
485.64267	-1.0
485.6452	-1.0
485.65097	-1.0
485.65347	-1.0
485.65656	-1.0
485.66943	-1.0
485.67856	-1.0
485.68365	-1.0
485.6868	-1.0
485.6918	1.0
485.6944	1.0
485.7026	-1.0
485.7068	1.0
485.70953	-1.0
485.72318	-1.0
485.72687	1.0
485.73303	-1.0
485.73972	-1.0
485.74832	-1.0
485.75253	-1.0
485.75525	-1.0
485.759	1.0
485.7648	-1.0
485.7797	-1.0
485.78247	-1.0
485.7953	-1.0
485.82147	1.0
485.82425	-1.0
485.85263	-1.0
485.90677	-1.0
485.9387	-1.0
486.23645	-1.0
486.32483	-1.0
486.40552	-1.0
486.4373	-1.0
486.5214	-1.0
486.5582	-1.0
486.5711	-1.0
486.62057	-1.0
486.68405	-1.0
492.8588	-1.0
496.86185	-1.0
500.7622	-1.0
500.76645	-1.0
500.7704	-1.0
500.77792	-1.0
500.7833	-1.0
500.7988	-1.0
500.80292	-1.0
500.8095	-1.0
500.83353	-1.0
500.8398	-1.0
500.85028	-1.0
500.86975	-1.0
500.88843	-1.0
500.90448	-1.0
503.40573	-1.0
505.295	-1.0
506.9516	-1.0
512.1773	-1.0
512.1811	-1.0
512.1845	-1.0
512.18726	-1.0
512.1898	-1.0
512.19257	-1.0
512.1967	-1.0
512.19995	-1.0
512.2036	-1.0
512.21	-1.0
512.2147	-1.0
512.2201	-1.0
512.2272	-1.0
512.2372	-1.0
512.24097	-1.0
512.2456	-1.0
512.25964	-1.0
512.2682	-1.0
512.27167	-1.0
512.27704	-1.0
512.2829	-1.0
512.2882	-1.0
512.30365	-1.0
512.3153	-1.0
512.33075	-1.0
512.33453	-1.0
512.3384	-1.0
512.3421	-1.0
512.3749	-1.0
512.3891	-1.0
512.3932	-1.0
512.39996	-1.0
512.4093	-1.0
512.4157	-1.0
512.4223	-1.0
512.4482	-1.0
512.4546	-1.0
512.4627	-1.0
512.8594	-1.0
512.9298	-1.0
512.9651	-1.0
512.99866	-1.0
513.0117	-1.0
513.023	-1.0
513.05145	-1.0
513.0625	-1.0
513.0727	-1.0
513.092	-1.0
513.1068	-1.0
513.1375	-1.0
513.1803	-1.0
518.8249	-1.0
520.5553	-1.0
521.84625	-1.0
521.86	-1.0
521.8663	-1.0
521.87573	-1.0
521.88776	-1.0
521.9055	-1.0
521.90845	-1.0
521.9149	-1.0
521.91974	-1.0
521.92395	-1.0
521.9276	-1.0
521.939	-1.0
521.95337	-1.0
521.95734	-1.0
521.96216	-1.0
521.9699	-1.0
521.9874	-1.0
522.0002	-1.0
522.01825	-1.0
522.02545	-1.0
522.0358	-1.0
522.0484	-1.0
522.0644	-1.0
522.1196	-1.0
522.3421	-1.0
522.4096	-1.0
522.41864	-1.0
522.4538	-1.0
522.49805	-1.0
524.01404	-1.0
525.1546	-1.0
526.2201	-1.0
526.2346	-1.0
526.2409	-1.0
526.24585	-1.0
526.251	-1.0
526.2608	-1.0
526.265	-1.0
526.2706	1.0
526.2733	-1.0
526.2805	1.0
526.28613	-1.0
526.28864	-1.0
526.29333	-1.0
526.29834	-1.0
526.3013	-1.0
526.3042	1.0
526.3078	-1.0
526.31506	-1.0
526.3192	-1.0
526.3219	-1.0
526.3312	-1.0
526.334	1.0
526.3507	-1.0
526.3778	-1.0
526.3807	1.0
526.4091	1.0
526.4142	-1.0
526.4187	-1.0
526.42474	-1.0
526.4404	-1.0
526.4631	-1.0
526.48773	-1.0
526.4948	1.0
526.50385	-1.0
526.53033	-1.0
526.54034	-1.0
526.5943	-1.0
526.7198	-1.0
527.06134	-1.0
527.1912	-1.0
527.31323	-1.0
527.4158	1.0
530.2682	-1.0
532.52155	-1.0
533.37024	-1.0
534.9263	-1.0
536.3042	-1.0
537.42285	-1.0
538.48193	-1.0
540.5191	-1.0
541.2086	-1.0
542.4312	-1.0
544.08563	-1.0
545.6526	-1.0
547.407	-1.0
549.1191	-1.0
550.737	-1.0
552.2695	-1.0
552.2806	-1.0
552.2837	-1.0
552.28754	1.0
552.2901	-1.0
552.29266	-1.0
552.2975	1.0
552.30115	-1.0
552.30365	-1.0
552.30914	-1.0
552.31256	-1.0
552.31915	-1.0
552.3225	-1.0
552.32733	1.0
552.33105	-1.0
552.3359	1.0
552.33923	-1.0
552.34973	-1.0
552.35333	-1.0
552.3591	-1.0
552.36255	-1.0
552.36505	-1.0
552.36755	-1.0
552.3752	-1.0
552.37787	-1.0
552.3819	1.0
552.38934	-1.0
552.39874	-1.0
552.4063	-1.0
552.421	-1.0
552.4265	-1.0
552.44714	-1.0
552.4536	-1.0
552.4696	-1.0
552.4849	-1.0
552.5208	-1.0
552.5264	-1.0
552.55975	-1.0
552.579	-1.0
552.6354	-1.0
552.8555	-1.0
552.8617	-1.0
552.9382	-1.0
552.98413	-1.0
553.0279	-1.0
553.0516	-1.0
553.06085	-1.0
553.1088	-1.0
553.1117	-1.0
553.1589	-1.0
553.1764	-1.0
553.2087	-1.0
553.2519	-1.0
553.2835	-1.0
564.0238	-1.0
564.0302	-1.0
564.0359	-1.0
564.0407	-1.0
564.0442	-1.0
564.0519	-1.0
564.0609	-1.0
564.07526	-1.0
564.0806	-1.0
564.0856	-1.0
564.09015	-1.0
564.0949	-1.0
564.10046	-1.0
564.1063	-1.0
564.1137	-1.0
564.12115	-1.0
564.12726	-1.0
564.1333	-1.0
564.13763	-1.0
564.1448	-1.0
564.15375	-1.0
564.1627	-1.0
564.1753	-1.0
564.1839	-1.0
564.18994	-1.0
564.1976	-1.0
564.2026	-1.0
564.2081	-1.0
564.231	-1.0
564.2446	-1.0
566.3285	-1.0
568.78546	-1.0
570.14435	-1.0
571.2518	-1.0
572.39825	-1.0
573.7412	-1.0
574.45795	-1.0
574.4633	-1.0
574.46747	-1.0
574.47754	-1.0
574.48395	-1.0
574.49	-1.0
574.49506	-1.0
574.4997	-1.0
574.5048	-1.0
574.50885	1.0
574.5142	-1.0
574.52026	-1.0
574.52466	1.0
574.52734	-1.0
574.5304	-1.0
574.5329	-1.0
574.5396	-1.0
574.5448	-1.0
574.5491	1.0
574.55725	1.0
574.56	-1.0
574.563	1.0
574.5664	-1.0
574.57227	-1.0
574.57513	1.0
574.5842	-1.0
574.5894	-1.0
574.592	-1.0
574.60114	-1.0
574.6069	-1.0
574.6097	-1.0
574.61346	-1.0
574.62085	1.0
574.62445	-1.0
574.62787	-1.0
574.6321	-1.0
574.6454	-1.0
574.6545	1.0
574.66394	-1.0
574.6666	1.0
574.67053	-1.0
574.6811	-1.0
574.68396	1.0
574.69586	1.0
574.7	-1.0
574.7039	-1.0
574.7191	-1.0
574.7219	-1.0
574.7244	-1.0
574.7305	1.0
574.73425	-1.0
574.7446	-1.0
574.75134	-1.0
574.7541	-1.0
574.75684	1.0
574.7635	-1.0
574.77234	-1.0
574.783	-1.0
574.8079	-1.0
574.8138	-1.0
574.82983	-1.0
574.8326	-1.0
574.85535	-1.0
574.8703	-1.0
574.8732	1.0
574.8833	-1.0
574.8929	1.0
574.9066	-1.0
574.9124	-1.0
574.93286	-1.0
574.9394	1.0
574.9576	-1.0
574.9728	-1.0
574.97754	-1.0
575.017	-1.0
575.027	1.0
575.05005	-1.0
575.27826	-1.0
575.3712	-1.0
575.45654	-1.0
575.4815	-1.0
575.571	-1.0
575.63983	-1.0
575.73425	-1.0
584.84906	-1.0
584.8574	-1.0
584.86127	-1.0
584.87006	-1.0
584.87384	-1.0
584.88525	-1.0
584.8932	-1.0
584.8979	-1.0
584.9062	-1.0
584.91345	-1.0
584.91626	-1.0
584.91925	1.0
584.9254	-1.0
584.93195	-1.0
584.9357	-1.0
584.93945	-1.0
584.9476	-1.0
584.9569	-1.0
584.9649	-1.0
584.9758	-1.0
584.9828	-1.0
584.9947	-1.0
585.00446	-1.0
585.01105	-1.0
585.02466	-1.0
585.0361	-1.0
585.0401	-1.0
585.0516	-1.0
585.0623	-1.0
585.0826	-1.0
585.10876	-1.0
585.1117	-1.0
585.1502	-1.0
585.15485	-1.0
585.1639	-1.0
585.17004	-1.0
585.18054	-1.0
585.19147	-1.0
585.1999	-1.0
585.20386	-1.0
585.2094	-1.0
585.21295	-1.0
585.2373	-1.0
585.25507	-1.0
585.27606	-1.0
585.2851	-1.0
585.3073	-1.0
585.3456	-1.0
585.356	-1.0
585.3725	-1.0
585.3931	-1.0
585.41846	-1.0
585.4345	-1.0
585.44574	-1.0
585.45105	-1.0
585.4723	-1.0
585.485	-1.0
585.4916	-1.0
585.503	-1.0
585.5076	-1.0
585.536	-1.0
585.6349	-1.0
585.6633	-1.0
588.10175	-1.0
589.25653	-1.0
590.6261	-1.0
594.0033	-1.0
598.04364	-1.0
