0.50628	-1.0
0.53644	-1.0
0.54944	-1.0
0.56464	-1.0
0.57072	-1.0
0.57548	-1.0
0.5788	-1.0
0.58296	-1.0
0.5874	-1.0
0.59028	-1.0
0.59392	-1.0
0.599	1.0
0.60176	1.0
0.60612	-1.0
0.6108	1.0
0.61524	-1.0
0.61816	-1.0
0.62068	-1.0
0.62388	-1.0
0.63024	-1.0
0.64072	-1.0
0.6434	-1.0
0.64664	-1.0
0.65432	1.0
0.65876	-1.0
0.66836	-1.0
0.67452	-1.0
0.67796	-1.0
0.68272	1.0
0.6886	-1.0
0.70024	-1.0
0.70516	-1.0
0.70908	-1.0
0.71224	-1.0
0.71544	-1.0
0.72296	-1.0
0.72876	-1.0
0.7338	-1.0
0.74068	-1.0
0.74676	-1.0
0.75388	-1.0
0.75924	1.0
0.76464	-1.0
0.76776	-1.0
0.77052	-1.0
0.77616	-1.0
0.7814	-1.0
0.78608	1.0
0.79624	-1.0
0.80684	-1.0
0.81548	-1.0
0.82312	-1.0
0.83112	1.0
0.83536	1.0
0.842	-1.0
0.84824	-1.0
0.85788	-1.0
0.86768	-1.0
0.8736	-1.0
0.88112	-1.0
0.89264	-1.0
0.90124	-1.0
0.91328	-1.0
0.91984	-1.0
0.9278	-1.0
0.94172	-1.0
0.9544	-1.0
0.97192	-1.0
0.97564	-1.0
0.99032	-1.0
1.00648	-1.0
1.02156	-1.0
1.03948	-1.0
1.05772	-1.0
1.09756	-1.0
1.10736	-1.0
1.16684	-1.0
1.18312	-1.0
1.20432	-1.0
1.22936	-1.0
1.24732	-1.0
1.26636	-1.0
1.29712	-1.0
1.3256	-1.0
1.34552	-1.0
1.36412	-1.0
1.37888	-1.0
1.49056	-1.0
1.515	-1.0
1.54872	-1.0
1.583	-1.0
1.63724	-1.0
21.64004	-1.0
21.66824	-1.0
21.67656	-1.0
21.68656	-1.0
21.71408	-1.0
21.76324	1.0
21.78088	-1.0
21.79484	-1.0
21.81516	-1.0
21.83048	-1.0
21.85324	-1.0
21.86764	-1.0
21.8874	-1.0
21.92076	-1.0
21.93948	-1.0
21.96528	-1.0
21.98044	-1.0
21.99576	-1.0
22.00888	-1.0
22.03508	-1.0
22.05244	-1.0
22.07876	-1.0
22.10204	-1.0
22.12024	-1.0
22.14416	-1.0
22.14724	-1.0
22.2092	-1.0
22.26132	-1.0
27.42648	-1.0
29.8308	-1.0
34.35984	-1.0
34.40468	-1.0
34.41116	-1.0
34.41632	-1.0
34.41952	1.0
34.42256	-1.0
34.42572	-1.0
34.43076	-1.0
34.43564	-1.0
34.44312	-1.0
34.4472	-1.0
34.45592	-1.0
34.49612	-1.0
34.50284	-1.0
34.50832	1.0
34.51484	1.0
34.52008	-1.0
34.5236	-1.0
34.53596	-1.0
34.55076	-1.0
34.5634	-1.0
34.5704	1.0
34.58292	-1.0
34.6024	-1.0
34.61504	-1.0
34.6282	-1.0
34.64124	-1.0
34.65372	-1.0
34.66352	-1.0
34.66664	-1.0
34.6756	-1.0
34.67976	-1.0
34.68264	1.0
34.6922	-1.0
34.70156	-1.0
34.7162	-1.0
34.72328	-1.0
34.728	-1.0
34.7382	-1.0
34.7556	-1.0
34.76628	-1.0
34.7848	-1.0
34.7928	-1.0
34.80516	-1.0
34.82236	-1.0
34.83392	-1.0
34.8518	-1.0
34.85816	-1.0
34.89044	-1.0
34.90516	-1.0
34.92236	-1.0
34.94652	-1.0
34.9702	-1.0
34.9818	-1.0
34.99388	-1.0
35.0194	-1.0
35.0472	-1.0
35.06128	-1.0
35.078	-1.0
35.13344	-1.0
35.14296	-1.0
35.17632	-1.0
43.05688	-1.0
43.10548	-1.0
43.18912	-1.0
43.20044	-1.0
43.2246	-1.0
43.2508	-1.0
43.2606	1.0
43.26932	-1.0
43.29352	-1.0
43.32136	-1.0
43.3574	-1.0
43.38596	-1.0
43.40344	-1.0
43.45708	-1.0
43.47156	-1.0
43.5356	-1.0
43.60676	-1.0
43.63908	-1.0
43.6564	-1.0
43.66044	1.0
43.66708	-1.0
43.66972	1.0
43.67244	1.0
43.67588	-1.0
43.68196	-1.0
43.686	-1.0
43.69092	-1.0
43.69728	-1.0
43.70236	-1.0
43.71296	-1.0
43.71892	-1.0
43.72608	-1.0
43.72952	-1.0
43.7348	-1.0
43.73732	-1.0
43.73984	-1.0
43.74324	-1.0
43.74604	-1.0
43.749	-1.0
43.75164	1.0
43.76076	-1.0
43.76984	-1.0
43.77704	1.0
43.78444	-1.0
43.79136	-1.0
43.79392	-1.0
43.7994	-1.0
43.80968	-1.0
43.81732	-1.0
43.8208	1.0
43.82368	1.0
43.82996	-1.0
43.84208	-1.0
43.84532	-1.0
43.8546	-1.0
43.8594	-1.0
43.8716	-1.0
43.88272	-1.0
43.8906	-1.0
43.89956	-1.0
43.90656	-1.0
43.90908	-1.0
43.91576	-1.0
43.92084	1.0
43.92468	-1.0
43.9298	-1.0
43.94424	-1.0
43.95964	-1.0
43.97132	-1.0
43.97724	-1.0
43.9932	-1.0
44.00644	-1.0
44.01832	-1.0
44.03556	-1.0
44.05848	-1.0
44.07648	-1.0
44.09296	-1.0
44.109	-1.0
44.12256	-1.0
44.13856	-1.0
44.16736	-1.0
44.19436	-1.0
44.19776	-1.0
44.21816	-1.0
44.23216	-1.0
44.25616	-1.0
44.2764	-1.0
44.28668	-1.0
44.2982	-1.0
44.32396	-1.0
44.33832	-1.0
44.36432	-1.0
44.39312	-1.0
44.40728	-1.0
44.42524	-1.0
44.438	-1.0
44.45832	-1.0
44.5042	-1.0
44.53672	-1.0
44.56016	-1.0
44.60396	-1.0
51.1184	-1.0
51.38216	-1.0
51.411	-1.0
51.57568	-1.0
51.60396	-1.0
51.62056	-1.0
51.63868	-1.0
51.691	-1.0
51.71384	-1.0
51.75104	1.0
51.76852	-1.0
51.80808	-1.0
51.85612	-1.0
51.89952	-1.0
51.9498	-1.0
51.98908	-1.0
55.9318	-1.0
55.97532	-1.0
55.9894	-1.0
56.02156	-1.0
56.07844	-1.0
56.10564	-1.0
56.17056	-1.0
56.23528	-1.0
56.50204	-1.0
59.30764	-1.0
59.47716	-1.0
59.54732	-1.0
59.56128	-1.0
59.59884	-1.0
59.66128	-1.0
59.6916	-1.0
67.54072	-1.0
67.54588	-1.0
67.55068	-1.0
67.55456	-1.0
67.5572	-1.0
67.55988	-1.0
67.56632	-1.0
67.57124	-1.0
67.58156	-1.0
67.58968	-1.0
67.5974	-1.0
67.60068	-1.0
67.6098	1.0
67.61596	-1.0
67.62276	-1.0
67.62532	-1.0
67.62872	-1.0
67.63532	-1.0
67.64132	-1.0
67.6472	-1.0
67.65316	1.0
67.6694	-1.0
67.67528	-1.0
67.68912	-1.0
67.7008	-1.0
67.70368	1.0
67.71156	-1.0
67.71896	-1.0
67.72572	-1.0
67.73548	-1.0
67.73848	-1.0
67.74124	-1.0
67.75424	-1.0
67.76452	-1.0
67.77364	-1.0
67.77676	-1.0
67.782	-1.0
67.78464	-1.0
67.7878	-1.0
67.79344	-1.0
67.8004	-1.0
67.80888	-1.0
67.82344	-1.0
67.8354	-1.0
67.84544	-1.0
67.85812	-1.0
67.87124	-1.0
67.87672	-1.0
67.88932	-1.0
67.89968	-1.0
67.91212	-1.0
67.92412	-1.0
67.93772	-1.0
67.95084	-1.0
67.96292	-1.0
67.9708	1.0
67.98196	-1.0
68.00012	-1.0
68.0194	-1.0
68.04836	-1.0
68.0718	-1.0
68.08844	-1.0
68.1054	-1.0
68.12276	1.0
68.12612	-1.0
68.14704	-1.0
68.16632	-1.0
68.26088	-1.0
68.33276	-1.0
68.36708	-1.0
68.40792	-1.0
68.44944	-1.0
68.47472	-1.0
68.53588	-1.0
80.54328	-1.0
80.56584	-1.0
80.59288	-1.0
80.60932	-1.0
80.63156	-1.0
80.64468	-1.0
80.64828	1.0
80.65672	-1.0
80.677	-1.0
80.68304	-1.0
80.71684	-1.0
80.75588	-1.0
80.76508	1.0
80.78944	-1.0
80.8058	-1.0
80.8374	-1.0
80.88136	-1.0
80.91472	-1.0
80.95852	-1.0
81.17292	-1.0
81.17696	-1.0
81.20148	-1.0
86.11664	-1.0
92.64212	-1.0
92.64572	1.0
92.65104	-1.0
92.65632	-1.0
92.66196	1.0
92.66912	-1.0
92.67508	-1.0
92.67932	-1.0
92.688	-1.0
92.69692	-1.0
92.69984	-1.0
92.71156	-1.0
92.71564	-1.0
92.72556	-1.0
92.73972	1.0
92.74324	1.0
92.75136	-1.0
92.75556	1.0
92.75936	-1.0
92.7682	-1.0
92.77224	-1.0
92.78684	-1.0
92.79648	-1.0
92.81348	-1.0
92.81932	-1.0
92.82428	-1.0
92.83408	-1.0
92.8406	-1.0
92.84612	-1.0
92.85424	-1.0
92.86136	-1.0
92.86592	-1.0
92.87532	-1.0
92.87852	1.0
92.88612	-1.0
92.8926	-1.0
92.89736	-1.0
92.90384	-1.0
92.90804	-1.0
92.91592	-1.0
92.92016	-1.0
92.9398	-1.0
92.95992	-1.0
92.97232	-1.0
92.98388	-1.0
92.99728	-1.0
93.00136	-1.0
93.01996	-1.0
93.03488	-1.0
93.05028	-1.0
93.0614	-1.0
93.0694	-1.0
93.08688	-1.0
93.10044	-1.0
93.12948	-1.0
93.14376	-1.0
93.17184	-1.0
93.18976	-1.0
93.20504	-1.0
93.22564	-1.0
93.2524	-1.0
93.267	-1.0
93.28316	-1.0
93.30512	-1.0
93.31616	-1.0
93.33944	-1.0
93.35724	-1.0
93.37104	-1.0
93.39496	-1.0
93.40528	-1.0
93.42924	-1.0
93.44776	-1.0
93.45964	-1.0
93.4744	-1.0
93.48488	-1.0
93.49548	-1.0
93.51196	-1.0
93.54812	-1.0
93.56544	-1.0
93.5964	-1.0
93.6162	-1.0
93.65568	-1.0
93.684	-1.0
93.69948	-1.0
93.74212	-1.0
108.94844	-1.0
111.47192	-1.0
111.56112	1.0
111.5642	-1.0
111.56956	-1.0
111.57268	-1.0
111.57568	1.0
111.57844	-1.0
111.58912	-1.0
111.59692	-1.0
111.61232	-1.0
111.639	-1.0
111.66608	-1.0
111.68928	-1.0
111.724	-1.0
111.7348	-1.0
111.7588	1.0
111.77272	-1.0
111.77872	-1.0
111.78888	-1.0
111.81568	-1.0
111.82872	-1.0
111.84584	1.0
111.85948	-1.0
111.87964	-1.0
111.90272	-1.0
111.93028	-1.0
111.94168	1.0
111.94628	-1.0
111.95992	-1.0
111.97284	-1.0
112.00108	-1.0
112.0316	-1.0
112.05204	-1.0
112.07204	-1.0
112.1152	-1.0
112.14208	-1.0
122.14024	-1.0
122.21296	-1.0
122.2342	-1.0
134.5152	-1.0
134.53027	-1.0
134.53683	-1.0
134.55092	-1.0
134.5706	-1.0
134.57684	-1.0
134.59315	-1.0
134.60275	-1.0
134.61696	-1.0
134.63016	-1.0
134.64584	-1.0
134.66444	-1.0
134.6784	-1.0
134.69104	-1.0
134.71857	-1.0
134.73996	-1.0
134.76125	-1.0
134.77388	-1.0
134.79115	-1.0
134.83452	-1.0
134.85223	-1.0
134.86604	-1.0
134.88972	-1.0
134.92365	-1.0
134.96065	-1.0
134.97316	-1.0
135.03345	-1.0
135.06969	-1.0
135.08395	-1.0
135.11449	-1.0
135.13808	-1.0
135.20705	-1.0
135.2242	-1.0
135.24132	-1.0
135.34116	-1.0
135.35336	-1.0
135.4068	-1.0
135.44383	-1.0
137.20007	-1.0
142.224	-1.0
142.2284	-1.0
142.23332	-1.0
142.2374	-1.0
142.24689	-1.0
142.24992	1.0
142.25508	-1.0
142.25764	1.0
142.26685	-1.0
142.28651	-1.0
142.29932	1.0
142.30476	1.0
142.30852	-1.0
142.31989	-1.0
142.3236	-1.0
142.3346	-1.0
142.33728	1.0
142.34071	1.0
142.34396	-1.0
142.35132	-1.0
142.35472	-1.0
142.35728	-1.0
142.3668	1.0
142.36945	1.0
142.37224	-1.0
142.37816	-1.0
142.38435	1.0
142.3942	-1.0
142.40897	-1.0
142.41252	1.0
142.4186	-1.0
142.42188	1.0
142.42989	1.0
142.43623	-1.0
142.44176	-1.0
142.4484	-1.0
142.4512	-1.0
142.45863	-1.0
142.46329	-1.0
142.47067	-1.0
142.47964	-1.0
142.48816	-1.0
142.49448	-1.0
142.49828	-1.0
142.5076	-1.0
142.51633	-1.0
142.52292	-1.0
142.52808	-1.0
142.54036	-1.0
142.54623	-1.0
142.5548	-1.0
142.56276	-1.0
142.57188	-1.0
142.57812	-1.0
142.5892	-1.0
142.60275	-1.0
142.6096	-1.0
142.6228	-1.0
142.63116	-1.0
142.6604	-1.0
142.67944	-1.0
142.69556	-1.0
142.71223	-1.0
142.725	-1.0
142.7398	-1.0
142.75888	-1.0
142.77664	-1.0
142.79791	-1.0
142.80669	-1.0
142.84792	-1.0
142.86292	-1.0
142.88985	-1.0
142.93304	-1.0
142.97372	-1.0
142.9784	-1.0
143.00864	-1.0
143.04636	-1.0
143.0838	-1.0
143.11047	-1.0
143.14343	-1.0
143.21652	-1.0
143.33556	-1.0
143.38416	-1.0
152.48892	-1.0
152.5708	-1.0
152.59528	-1.0
152.61168	-1.0
152.64752	-1.0
152.66277	1.0
152.66812	-1.0
152.69943	-1.0
152.70688	-1.0
152.77328	-1.0
152.82164	-1.0
152.87128	-1.0
152.9168	-1.0
160.40115	-1.0
160.41396	-1.0
160.42096	-1.0
160.4252	-1.0
160.44003	-1.0
160.4532	-1.0
160.475	-1.0
160.49097	-1.0
160.5084	-1.0
160.53664	-1.0
160.55632	-1.0
160.57808	-1.0
160.6032	-1.0
162.0926	-1.0
165.95628	-1.0
165.99815	-1.0
166.02744	-1.0
166.07887	-1.0
166.10632	-1.0
166.1376	-1.0
166.16689	-1.0
166.224	-1.0
166.26236	-1.0
166.27168	-1.0
166.3012	-1.0
166.31873	-1.0
166.3302	-1.0
166.34024	-1.0
166.36745	-1.0
166.52592	-1.0
166.63667	-1.0
172.36543	-1.0
172.39412	-1.0
172.39792	1.0
172.40076	-1.0
172.40327	-1.0
172.40796	1.0
172.41072	-1.0
172.41664	-1.0
172.4198	-1.0
172.42368	1.0
172.43423	-1.0
172.43707	-1.0
172.44456	-1.0
172.455	-1.0
172.46492	-1.0
172.4694	-1.0
172.47516	-1.0
172.48848	-1.0
172.49995	-1.0
172.50249	-1.0
172.51051	-1.0
172.5176	-1.0
172.52536	1.0
172.52812	-1.0
172.5326	-1.0
172.5354	-1.0
172.53893	-1.0
172.54384	-1.0
172.54816	-1.0
172.5512	-1.0
172.5576	-1.0
172.5632	-1.0
172.56612	-1.0
172.57208	-1.0
172.58104	-1.0
172.5878	-1.0
172.59264	-1.0
172.59589	-1.0
172.60275	-1.0
172.60944	-1.0
172.61787	-1.0
172.62712	-1.0
172.63708	-1.0
172.65231	-1.0
172.65712	-1.0
172.66696	-1.0
172.6778	-1.0
172.69008	-1.0
172.6976	-1.0
172.70947	-1.0
172.71329	1.0
172.72768	-1.0
172.73895	-1.0
172.7558	-1.0
172.77232	-1.0
172.78624	-1.0
172.82487	-1.0
172.8364	-1.0
172.88596	-1.0
172.90236	-1.0
173.02492	-1.0
173.05672	-1.0
173.1026	-1.0
173.12048	-1.0
173.14668	-1.0
173.16112	-1.0
173.1738	-1.0
173.18993	-1.0
173.20744	-1.0
173.22427	-1.0
173.24847	-1.0
173.28851	-1.0
173.30844	-1.0
173.32996	-1.0
173.35596	-1.0
173.40295	-1.0
173.42567	-1.0
173.55232	-1.0
173.56416	-1.0
173.58528	-1.0
173.60156	-1.0
173.61952	-1.0
173.6468	-1.0
183.46892	-1.0
183.52924	-1.0
183.5578	-1.0
183.59209	-1.0
183.6168	-1.0
183.6508	-1.0
183.70052	-1.0
183.735	-1.0
187.89232	-1.0
193.1198	-1.0
193.1764	-1.0
193.20303	-1.0
193.2314	-1.0
202.13477	-1.0
203.79544	-1.0
203.8018	1.0
203.80711	-1.0
203.817	-1.0
203.8208	1.0
203.8244	-1.0
203.83092	-1.0
203.83588	1.0
203.8414	-1.0
203.84964	-1.0
203.85896	-1.0
203.86365	-1.0
203.86691	-1.0
203.87628	-1.0
203.87924	1.0
203.8818	1.0
203.8844	-1.0
203.89037	-1.0
203.89436	-1.0
203.90048	-1.0
203.90372	1.0
203.9096	-1.0
203.91373	-1.0
203.91972	-1.0
203.9254	1.0
203.93056	-1.0
203.93428	-1.0
203.94164	-1.0
203.94753	-1.0
203.95557	-1.0
203.95908	1.0
203.9624	1.0
203.96924	-1.0
203.97792	-1.0
203.984	-1.0
203.9922	-1.0
204.00092	-1.0
204.00427	-1.0
204.00716	-1.0
204.01633	-1.0
204.0248	-1.0
204.03493	-1.0
204.04344	-1.0
204.05284	-1.0
204.06007	-1.0
204.06892	-1.0
204.0896	-1.0
204.09532	-1.0
204.09828	-1.0
204.11131	-1.0
204.12068	-1.0
204.12772	-1.0
204.14204	-1.0
204.14597	-1.0
204.15875	-1.0
204.17128	-1.0
204.17976	-1.0
204.19156	-1.0
204.20424	-1.0
204.21317	-1.0
204.224	-1.0
204.24	-1.0
204.24768	-1.0
204.26315	-1.0
204.28175	-1.0
204.29675	-1.0
204.30763	-1.0
204.33311	-1.0
204.34756	-1.0
204.36124	-1.0
204.3896	-1.0
204.41364	-1.0
204.43568	-1.0
204.45224	-1.0
204.4696	-1.0
204.4844	-1.0
204.52336	-1.0
204.55356	-1.0
221.7946	-1.0
221.84357	-1.0
222.71712	-1.0
222.7512	-1.0
222.77164	-1.0
222.78387	-1.0
222.78888	-1.0
222.79552	-1.0
222.81236	-1.0
222.8512	-1.0
222.92276	-1.0
223.00592	1.0
223.01453	-1.0
223.0426	-1.0
223.0722	-1.0
223.09636	-1.0
223.10196	-1.0
223.1258	-1.0
223.1384	-1.0
223.14284	-1.0
223.1552	-1.0
223.18564	-1.0
223.19728	-1.0
223.22284	-1.0
223.25064	-1.0
223.26784	-1.0
223.30215	-1.0
223.30492	-1.0
223.341	-1.0
223.37125	-1.0
223.38548	-1.0
223.39204	-1.0
223.39693	-1.0
223.46356	-1.0
223.5074	1.0
223.51189	1.0
223.57132	-1.0
223.58904	-1.0
236.8504	-1.0
239.112	-1.0
239.1176	-1.0
239.12032	-1.0
239.12347	-1.0
239.12788	-1.0
239.13112	1.0
239.13412	-1.0
239.13931	-1.0
239.1452	-1.0
239.15144	-1.0
239.1574	1.0
239.16324	1.0
239.18192	-1.0
239.20372	-1.0
239.20663	-1.0
239.21477	-1.0
239.2258	-1.0
239.24815	-1.0
239.25084	-1.0
239.26648	-1.0
239.27795	-1.0
239.28812	-1.0
239.2942	1.0
239.29845	-1.0
239.30412	-1.0
239.31364	-1.0
239.32304	-1.0
239.32872	-1.0
239.33548	-1.0
239.34544	-1.0
239.3482	-1.0
239.356	-1.0
239.36368	-1.0
239.37337	-1.0
239.37737	-1.0
239.38708	-1.0
239.3986	-1.0
239.40764	-1.0
239.42032	-1.0
239.43736	-1.0
239.45357	-1.0
239.46504	-1.0
239.48132	-1.0
239.4862	-1.0
239.50449	-1.0
239.5194	-1.0
239.52664	-1.0
239.53812	-1.0
239.55948	-1.0
239.56557	-1.0
239.57672	-1.0
239.59756	-1.0
239.6064	-1.0
239.62192	-1.0
239.6428	-1.0
239.657	-1.0
239.71872	-1.0
239.72523	-1.0
239.74129	-1.0
239.76556	-1.0
239.78069	-1.0
239.8012	-1.0
239.81145	-1.0
239.8306	-1.0
239.84496	-1.0
239.88184	-1.0
239.90652	-1.0
239.92368	-1.0
239.9562	-1.0
239.99768	-1.0
240.02188	-1.0
240.21497	-1.0
240.6188	-1.0
251.62444	-1.0
251.64397	-1.0
251.6752	-1.0
251.7192	-1.0
251.74117	-1.0
251.75893	1.0
251.76527	-1.0
251.80528	-1.0
251.85065	-1.0
251.88516	-1.0
251.8898	1.0
251.90771	-1.0
251.92352	-1.0
251.95589	-1.0
251.9776	-1.0
252.0132	-1.0
252.02753	1.0
252.03632	-1.0
252.05524	-1.0
252.0754	-1.0
252.12128	-1.0
252.13931	-1.0
252.15848	-1.0
252.18428	-1.0
252.21117	-1.0
252.2434	-1.0
252.25328	-1.0
252.30424	-1.0
252.37204	-1.0
256.09125	-1.0
256.09988	-1.0
256.10895	-1.0
256.11227	-1.0
256.11752	-1.0
256.12335	-1.0
256.12616	1.0
256.1368	-1.0
256.14035	-1.0
256.14423	-1.0
256.155	-1.0
256.16504	1.0
256.16913	-1.0
256.1748	-1.0
256.18073	1.0
256.18588	-1.0
256.1888	-1.0
256.19232	-1.0
256.197	-1.0
256.19952	-1.0
256.20496	-1.0
256.21457	-1.0
256.22443	-1.0
256.22913	-1.0
256.23755	-1.0
256.2454	-1.0
256.25345	-1.0
256.2573	-1.0
256.26328	-1.0
256.27005	-1.0
256.27405	-1.0
256.27704	-1.0
256.28223	-1.0
256.28857	-1.0
256.2946	-1.0
256.3043	-1.0
256.31152	-1.0
256.32297	-1.0
256.327	1.0
256.33032	-1.0
256.33936	-1.0
256.34372	-1.0
256.3503	-1.0
256.35452	-1.0
256.35895	-1.0
256.3632	-1.0
256.37064	-1.0
256.37527	1.0
256.38455	-1.0
256.39548	-1.0
256.40723	-1.0
256.41827	-1.0
256.42365	-1.0
256.43228	-1.0
256.4486	-1.0
256.45923	-1.0
256.47583	-1.0
256.49176	-1.0
256.5041	-1.0
256.5186	-1.0
256.5375	-1.0
256.55176	-1.0
256.56653	-1.0
256.5969	-1.0
256.62823	-1.0
256.68723	-1.0
256.71225	-1.0
256.73813	-1.0
256.75552	-1.0
256.7856	-1.0
256.80255	-1.0
256.82507	-1.0
256.84467	-1.0
256.85272	-1.0
256.86255	-1.0
256.88293	-1.0
256.89523	-1.0
256.90265	-1.0
256.9261	-1.0
256.9382	-1.0
256.95584	-1.0
256.97336	-1.0
257.0048	-1.0
257.02936	-1.0
257.0876	-1.0
257.27515	-1.0
269.10428	-1.0
269.16873	-1.0
269.26733	-1.0
284.00977	-1.0
284.0126	-1.0
284.04413	-1.0
284.06143	-1.0
284.07703	-1.0
284.09076	-1.0
284.11475	-1.0
284.14835	-1.0
284.1652	-1.0
284.2046	-1.0
284.2194	-1.0
284.24512	-1.0
284.27448	-1.0
284.2804	-1.0
284.2961	-1.0
284.30612	-1.0
284.32663	-1.0
284.35355	-1.0
284.3668	-1.0
284.39987	-1.0
284.41452	-1.0
284.4342	-1.0
284.4466	-1.0
284.46198	-1.0
284.48697	-1.0
284.50464	-1.0
284.51657	-1.0
284.54245	-1.0
284.5826	-1.0
284.62695	-1.0
284.66916	-1.0
284.71307	-1.0
284.75912	-1.0
284.8383	-1.0
293.92493	-1.0
293.954	-1.0
293.95993	1.0
293.9632	1.0
293.96747	-1.0
293.97025	-1.0
293.97296	1.0
293.97696	-1.0
293.9807	1.0
293.99072	-1.0
294.00244	-1.0
294.016	-1.0
294.02576	-1.0
294.0302	-1.0
294.03287	1.0
294.0386	-1.0
294.04947	-1.0
294.05408	-1.0
294.05664	1.0
294.0687	-1.0
294.07172	-1.0
294.0798	-1.0
294.0826	-1.0
294.08572	-1.0
294.09485	-1.0
294.10092	-1.0
294.11133	-1.0
294.11804	-1.0
294.1286	-1.0
294.1325	1.0
294.13745	-1.0
294.1429	-1.0
294.15335	-1.0
294.1602	-1.0
294.16348	-1.0
294.17053	-1.0
294.18173	-1.0
294.19467	-1.0
294.20267	-1.0
294.20752	-1.0
294.21997	-1.0
294.22614	-1.0
294.23376	-1.0
294.24615	-1.0
294.2556	-1.0
294.2734	-1.0
294.28348	-1.0
294.29584	-1.0
294.31097	-1.0
294.3279	-1.0
294.33447	1.0
294.345	-1.0
294.35724	-1.0
294.37695	-1.0
294.39716	-1.0
294.4087	-1.0
294.45044	-1.0
294.4655	-1.0
294.481	-1.0
294.49796	-1.0
294.5771	-1.0
294.67667	-1.0
294.69125	-1.0
294.74203	-1.0
294.74976	-1.0
294.79556	-1.0
294.82132	-1.0
294.85583	-1.0
294.9083	-1.0
294.94763	-1.0
294.96503	-1.0
294.98108	-1.0
294.9948	-1.0
295.03827	-1.0
308.59543	-1.0
308.59818	-1.0
308.60068	-1.0
308.60345	-1.0
308.6061	-1.0
308.60944	-1.0
308.61523	-1.0
308.62073	-1.0
308.6251	-1.0
308.62805	-1.0
308.64236	-1.0
308.64795	-1.0
308.6516	-1.0
308.66068	-1.0
308.6661	-1.0
308.67007	-1.0
308.6824	-1.0
308.69235	-1.0
308.696	-1.0
308.705	-1.0
308.71365	-1.0
308.72113	-1.0
308.72845	-1.0
308.7353	-1.0
308.74576	-1.0
308.75217	-1.0
308.76	-1.0
308.77295	-1.0
308.78683	1.0
308.79785	1.0
308.80264	-1.0
308.80765	-1.0
308.82825	-1.0
308.8412	-1.0
308.8526	-1.0
308.86295	-1.0
308.8733	-1.0
308.88644	-1.0
308.89523	-1.0
308.9047	-1.0
308.91483	-1.0
308.92737	-1.0
308.93268	-1.0
308.94336	-1.0
308.95627	-1.0
308.9716	-1.0
308.9866	-1.0
308.99643	-1.0
309.00317	-1.0
309.01816	-1.0
309.0312	-1.0
309.04755	-1.0
309.066	-1.0
309.07108	-1.0
309.08536	-1.0
309.0976	-1.0
309.1092	-1.0
309.1253	-1.0
309.14343	-1.0
309.1693	-1.0
309.17987	-1.0
309.21945	-1.0
309.24277	-1.0
309.26553	-1.0
309.28683	-1.0
309.3343	-1.0
309.3772	-1.0
309.4122	-1.0
309.4504	-1.0
318.22885	-1.0
318.2416	-1.0
318.27853	-1.0
318.301	-1.0
318.46097	-1.0
318.49515	-1.0
318.51144	-1.0
318.54877	-1.0
318.56952	-1.0
318.59424	-1.0
318.6085	-1.0
318.67004	-1.0
318.6793	1.0
318.6826	-1.0
318.69904	-1.0
318.73184	-1.0
318.7492	-1.0
318.8199	-1.0
318.82867	-1.0
318.83405	-1.0
318.8445	-1.0
318.85928	-1.0
318.90515	-1.0
318.93533	-1.0
318.95676	-1.0
318.98517	-1.0
319.01727	-1.0
322.10132	-1.0
323.043	-1.0
323.07037	-1.0
323.1233	-1.0
323.12845	-1.0
323.1313	1.0
323.1341	-1.0
323.13757	-1.0
323.14584	-1.0
323.1504	-1.0
323.1572	-1.0
323.16412	-1.0
323.16684	-1.0
323.17044	-1.0
323.19128	-1.0
323.20657	-1.0
323.21512	-1.0
323.23563	-1.0
323.2388	-1.0
323.26343	-1.0
323.3014	-1.0
323.32196	-1.0
323.35367	-1.0
328.8883	-1.0
328.90997	-1.0
328.93356	-1.0
328.947	-1.0
328.97318	-1.0
329.00113	-1.0
329.0421	-1.0
329.08228	-1.0
329.13043	-1.0
329.2252	-1.0
329.494	-1.0
335.51047	-1.0
335.568	-1.0
336.10944	-1.0
336.16336	-1.0
336.1856	-1.0
336.21744	-1.0
336.26572	-1.0
336.27155	1.0
336.29263	-1.0
336.3268	-1.0
336.3418	-1.0
336.3713	-1.0
336.40012	-1.0
336.4196	-1.0
336.53235	-1.0
338.1251	-1.0
338.15408	-1.0
338.15677	-1.0
338.15945	-1.0
338.16293	-1.0
338.1663	-1.0
338.1714	-1.0
338.17465	-1.0
338.18015	-1.0
338.19153	-1.0
338.20105	-1.0
338.20383	1.0
338.2102	-1.0
338.21683	-1.0
338.23053	-1.0
338.24936	-1.0
338.26544	-1.0
338.28152	-1.0
338.289	-1.0
338.3018	-1.0
338.306	-1.0
338.31372	-1.0
338.31836	-1.0
338.3252	-1.0
338.32843	-1.0
338.33643	-1.0
338.3399	1.0
338.34305	-1.0
338.35135	-1.0
338.3566	-1.0
338.3593	-1.0
338.36325	-1.0
338.36993	-1.0
338.38016	-1.0
338.3861	-1.0
338.39603	-1.0
338.39877	-1.0
338.40323	-1.0
338.416	-1.0
338.4206	1.0
338.42404	-1.0
338.4332	-1.0
338.44412	-1.0
338.45483	-1.0
338.46045	1.0
338.466	-1.0
338.47693	-1.0
338.4984	-1.0
338.50168	1.0
338.51132	-1.0
338.51733	1.0
338.52808	-1.0
338.54584	-1.0
338.559	-1.0
338.56787	-1.0
338.58997	-1.0
338.61087	-1.0
338.66037	-1.0
338.71603	-1.0
338.73685	-1.0
338.75897	-1.0
338.813	-1.0
338.85715	-1.0
338.8637	-1.0
338.879	-1.0
338.91733	-1.0
338.93295	-1.0
338.9838	-1.0
338.99747	-1.0
339.0263	-1.0
339.06723	-1.0
339.1084	-1.0
354.4315	-1.0
354.57632	-1.0
354.609	-1.0
354.62308	-1.0
354.64713	-1.0
354.65085	-1.0
354.65536	-1.0
354.6589	-1.0
354.66547	-1.0
354.66876	-1.0
354.67352	-1.0
354.6773	-1.0
354.6926	-1.0
354.72037	-1.0
354.7404	-1.0
354.75113	-1.0
354.75668	-1.0
354.76605	-1.0
354.78043	-1.0
354.78564	-1.0
354.7929	-1.0
354.79895	-1.0
354.81567	-1.0
354.82343	-1.0
354.83057	-1.0
354.84085	-1.0
354.8492	-1.0
354.85175	-1.0
354.8549	-1.0
354.8574	-1.0
354.86285	-1.0
354.873	-1.0
354.87836	-1.0
354.88675	-1.0
354.8992	-1.0
354.9037	-1.0
354.91125	-1.0
354.91907	-1.0
354.92828	-1.0
354.9345	-1.0
354.9526	-1.0
354.9683	-1.0
354.97733	-1.0
354.98593	-1.0
355.0	-1.0
355.02252	-1.0
355.03653	-1.0
355.03955	1.0
355.05023	-1.0
355.06757	-1.0
355.08664	-1.0
355.1039	-1.0
355.17084	-1.0
355.23303	-1.0
355.28693	-1.0
355.2996	-1.0
355.32162	-1.0
355.35632	-1.0
355.38867	-1.0
356.20636	-1.0
362.4984	-1.0
362.54416	-1.0
362.5803	-1.0
362.60052	-1.0
362.64645	-1.0
368.1061	1.0
370.9952	-1.0
371.02765	-1.0
371.0432	-1.0
371.04883	-1.0
371.06775	-1.0
371.0895	-1.0
371.10233	-1.0
371.12396	-1.0
371.13303	-1.0
371.1493	-1.0
371.1636	-1.0
371.17624	-1.0
371.1919	-1.0
371.2141	-1.0
371.238	-1.0
371.25143	-1.0
371.28003	-1.0
371.30563	-1.0
371.36752	-1.0
371.40887	-1.0
371.4431	-1.0
371.47357	-1.0
371.4897	-1.0
371.56076	-1.0
371.7727	-1.0
372.0074	1.0
374.9038	-1.0
375.50507	-1.0
375.5426	-1.0
375.57895	-1.0
375.62088	-1.0
375.62384	-1.0
375.62845	-1.0
375.6323	-1.0
375.6397	-1.0
375.64392	-1.0
375.6472	-1.0
375.64993	-1.0
375.6562	-1.0
375.66104	-1.0
375.66516	-1.0
375.67175	-1.0
375.67783	-1.0
375.68384	-1.0
375.69	1.0
375.70316	-1.0
375.71368	-1.0
375.72433	-1.0
375.7326	-1.0
375.74237	1.0
375.74527	-1.0
375.75333	-1.0
375.7707	-1.0
375.7796	-1.0
375.78955	-1.0
375.79913	-1.0
375.81024	-1.0
375.81607	-1.0
375.82565	-1.0
375.83264	-1.0
375.8391	-1.0
375.85147	-1.0
375.86584	-1.0
375.87512	-1.0
375.8825	-1.0
375.89575	-1.0
375.90952	-1.0
375.91544	-1.0
375.9275	-1.0
375.9431	-1.0
375.97156	-1.0
375.98447	-1.0
375.99512	-1.0
376.01328	-1.0
376.0453	-1.0
376.06393	-1.0
376.07864	-1.0
376.12015	-1.0
376.16617	-1.0
376.20728	-1.0
376.223	1.0
376.23483	-1.0
376.25424	-1.0
376.3114	-1.0
383.44604	-1.0
383.45233	-1.0
383.46295	-1.0
383.46927	-1.0
383.47833	-1.0
383.50812	-1.0
383.51492	-1.0
383.52945	-1.0
383.5393	-1.0
383.5427	-1.0
383.54843	-1.0
383.56268	-1.0
383.60056	-1.0
383.62512	-1.0
383.6739	-1.0
392.3351	-1.0
393.46204	-1.0
393.4716	-1.0
393.526	-1.0
393.55972	-1.0
393.56488	1.0
393.57144	-1.0
393.57425	-1.0
393.5799	-1.0
393.58377	-1.0
393.59253	-1.0
393.60477	-1.0
393.61517	-1.0
393.6289	-1.0
393.63956	1.0
393.64523	-1.0
393.65677	-1.0
393.6699	-1.0
393.67297	1.0
393.70068	-1.0
393.71515	-1.0
393.72504	-1.0
393.74612	-1.0
393.75983	-1.0
393.77115	-1.0
393.7759	-1.0
393.79312	-1.0
393.80008	-1.0
393.8106	-1.0
393.8283	-1.0
393.87192	-1.0
393.88028	-1.0
393.89865	-1.0
393.96664	-1.0
394.0215	-1.0
403.4724	-1.0
403.49127	-1.0
403.50787	-1.0
403.53284	-1.0
403.5521	-1.0
403.5748	-1.0
403.59933	-1.0
403.6349	-1.0
403.6877	-1.0
403.71964	-1.0
403.73633	-1.0
403.752	-1.0
403.77097	-1.0
403.77792	-1.0
403.79312	1.0
403.81628	-1.0
403.83875	-1.0
403.87668	-1.0
403.9214	-1.0
403.94357	-1.0
403.96368	-1.0
403.99844	-1.0
404.02835	-1.0
404.0442	-1.0
404.091	-1.0
404.1206	-1.0
404.1412	-1.0
404.23688	-1.0
404.282	-1.0
404.3092	-1.0
404.35132	-1.0
404.3628	-1.0
404.5207	-1.0
409.7495	-1.0
409.76535	-1.0
409.851	-1.0
409.90137	-1.0
409.92792	-1.0
409.9394	-1.0
409.94995	-1.0
409.97473	-1.0
409.9775	-1.0
409.98087	1.0
409.9997	-1.0
410.0201	-1.0
410.04556	-1.0
410.06497	-1.0
410.0702	-1.0
410.09528	-1.0
410.14044	-1.0
410.1599	-1.0
410.17657	-1.0
410.20175	-1.0
410.23676	-1.0
410.28845	-1.0
410.31332	-1.0
410.32953	-1.0
410.3968	-1.0
410.53036	-1.0
417.553	1.0
417.56067	-1.0
417.588	-1.0
417.59824	-1.0
417.60077	-1.0
417.60413	-1.0
417.60703	-1.0
417.61008	-1.0
417.61572	-1.0
417.61868	-1.0
417.62497	-1.0
417.6416	-1.0
417.66565	-1.0
417.68542	1.0
417.68893	-1.0
417.75693	-1.0
417.78052	-1.0
417.8044	-1.0
417.81937	-1.0
417.82928	-1.0
417.83545	-1.0
417.8503	-1.0
417.86755	-1.0
417.88364	-1.0
417.89737	-1.0
417.90967	-1.0
417.9225	-1.0
417.95483	-1.0
417.95905	-1.0
417.97876	-1.0
417.9944	-1.0
418.00153	-1.0
418.02057	-1.0
418.03787	-1.0
418.068	1.0
418.0764	-1.0
418.10373	-1.0
418.12244	-1.0
418.13803	-1.0
418.16104	-1.0
418.1751	-1.0
418.19788	-1.0
418.22464	-1.0
418.24075	-1.0
418.25208	-1.0
418.2628	-1.0
418.27515	-1.0
418.3153	-1.0
418.33743	-1.0
418.3626	-1.0
418.3796	-1.0
418.42148	-1.0
418.4352	-1.0
418.50616	-1.0
418.56137	-1.0
423.1801	-1.0
423.27094	-1.0
438.24927	-1.0
438.2611	-1.0
438.2719	-1.0
438.28876	-1.0
438.29916	-1.0
438.30212	1.0
438.31628	-1.0
438.3336	-1.0
438.3589	-1.0
444.3781	-1.0
444.38947	-1.0
444.41785	-1.0
444.4331	-1.0
444.4717	-1.0
444.5089	-1.0
444.5161	-1.0
444.51895	1.0
444.5216	-1.0
444.52536	-1.0
444.5281	-1.0
444.53323	-1.0
444.5384	-1.0
444.54135	1.0
444.5452	-1.0
444.55145	-1.0
444.556	1.0
444.56595	-1.0
444.57288	-1.0
444.5761	-1.0
444.58667	-1.0
444.59204	1.0
444.60312	-1.0
444.60663	-1.0
444.61557	-1.0
444.61948	-1.0
444.62204	-1.0
444.6305	-1.0
444.637	-1.0
444.6451	-1.0
444.64944	1.0
444.6526	1.0
444.65857	-1.0
444.6636	-1.0
444.67145	-1.0
444.67883	-1.0
444.68332	-1.0
444.68924	-1.0
444.69324	-1.0
444.69836	-1.0
444.7094	-1.0
444.7188	-1.0
444.7333	-1.0
444.73883	-1.0
444.74893	-1.0
444.75464	-1.0
444.76343	-1.0
444.7783	-1.0
444.78696	-1.0
444.79648	-1.0
444.80823	-1.0
444.81717	-1.0
444.82892	-1.0
444.83765	-1.0
444.8512	-1.0
444.86963	-1.0
444.87567	-1.0
444.88297	-1.0
444.90143	-1.0
444.916	-1.0
444.93756	-1.0
444.94977	-1.0
444.9549	-1.0
445.0164	-1.0
445.0412	-1.0
445.06296	-1.0
445.08093	-1.0
445.1085	-1.0
445.1253	-1.0
445.261	-1.0
445.32175	-1.0
457.54813	-1.0
457.59897	-1.0
457.6796	-1.0
457.72876	-1.0
457.7652	1.0
457.76974	-1.0
457.78577	-1.0
457.8065	-1.0
457.81076	-1.0
457.8158	1.0
457.8308	-1.0
457.8458	-1.0
457.8531	-1.0
457.87595	-1.0
457.89404	-1.0
457.9029	-1.0
457.9104	-1.0
457.92004	-1.0
457.9235	-1.0
457.93137	-1.0
457.9418	-1.0
457.9534	-1.0
457.97495	-1.0
458.01974	-1.0
458.0457	-1.0
468.20004	-1.0
468.226	-1.0
468.24905	-1.0
468.2764	-1.0
468.28308	-1.0
468.30252	-1.0
471.64404	-1.0
471.70752	-1.0
471.72763	-1.0
471.75735	-1.0
471.77615	-1.0
471.78525	-1.0
471.80432	-1.0
471.8247	-1.0
471.838	-1.0
471.8546	-1.0
471.87036	-1.0
471.93176	-1.0
471.93817	-1.0
471.97528	-1.0
472.01544	-1.0
472.04495	-1.0
472.06836	-1.0
472.08957	-1.0
472.11353	-1.0
472.13745	-1.0
472.1541	-1.0
472.16656	-1.0
472.18048	-1.0
472.2038	-1.0
472.23663	-1.0
472.24432	1.0
472.2514	-1.0
472.2729	-1.0
472.28897	-1.0
472.30008	-1.0
472.3247	-1.0
472.36484	-1.0
472.42352	-1.0
472.45096	-1.0
472.4947	-1.0
472.52048	-1.0
472.535	-1.0
476.17407	-1.0
476.18207	-1.0
476.18753	-1.0
476.1906	-1.0
476.19412	-1.0
476.1974	-1.0
476.20673	-1.0
476.2149	-1.0
476.22052	-1.0
476.2369	-1.0
476.24283	-1.0
476.25287	-1.0
476.25623	-1.0
476.2604	-1.0
476.26636	-1.0
476.2707	1.0
476.2732	1.0
476.27753	-1.0
476.28268	-1.0
476.28845	-1.0
476.29193	-1.0
476.2947	-1.0
476.3033	-1.0
476.30725	-1.0
476.31912	-1.0
476.32648	-1.0
476.33688	-1.0
476.34448	-1.0
476.35272	-1.0
476.36133	-1.0
476.36713	-1.0
476.36975	-1.0
476.37732	-1.0
476.386	-1.0
476.3914	-1.0
476.3996	-1.0
476.4104	-1.0
476.41788	-1.0
476.42703	-1.0
476.4322	-1.0
476.44333	-1.0
476.4466	-1.0
476.46164	-1.0
476.47168	-1.0
476.48004	-1.0
476.49088	-1.0
476.4994	-1.0
476.50583	-1.0
476.52264	-1.0
476.52728	-1.0
476.538	-1.0
476.55365	-1.0
476.56848	-1.0
476.582	-1.0
476.5923	-1.0
476.6081	-1.0
476.62524	-1.0
476.6497	-1.0
476.66663	-1.0
476.68567	-1.0
476.7089	-1.0
476.75015	-1.0
476.76904	-1.0
476.8257	-1.0
476.84286	-1.0
476.88733	-1.0
476.91727	-1.0
476.94037	-1.0
476.99854	-1.0
477.015	-1.0
477.0341	-1.0
477.06247	-1.0
477.07663	-1.0
477.09888	-1.0
477.129	-1.0
477.15472	-1.0
477.1713	-1.0
477.18692	-1.0
477.216	-1.0
485.44788	-1.0
485.48056	-1.0
485.4892	1.0
485.5084	-1.0
485.52383	1.0
485.5264	1.0
485.5305	-1.0
485.5341	-1.0
485.5398	1.0
485.54233	-1.0
485.54825	-1.0
485.55255	-1.0
485.5596	-1.0
485.56375	-1.0
485.57162	-1.0
485.5746	-1.0
485.58453	-1.0
485.5972	-1.0
485.60608	1.0
485.60995	-1.0
485.61536	-1.0
485.6241	-1.0
485.63367	-1.0
485.6412	-1.0
485.64743	-1.0
485.65405	-1.0
485.6578	-1.0
485.665	-1.0
485.67212	-1.0
485.6779	-1.0
485.68887	-1.0
485.69467	-1.0
485.69867	-1.0
485.7012	-1.0
485.7086	-1.0
485.71725	-1.0
485.72095	1.0
485.72403	-1.0
485.7289	1.0
485.73508	-1.0
485.7456	-1.0
485.75253	-1.0
485.76205	-1.0
485.76596	1.0
485.77057	-1.0
485.77728	-1.0
485.78485	-1.0
485.79037	-1.0
485.79584	-1.0
485.80588	1.0
485.8128	-1.0
485.82608	-1.0
485.833	-1.0
485.84048	-1.0
485.85104	-1.0
485.86276	-1.0
485.8824	-1.0
485.89072	-1.0
485.90057	-1.0
485.91003	-1.0
485.92044	-1.0
485.92987	-1.0
485.9471	-1.0
485.9633	-1.0
485.9865	-1.0
486.00244	-1.0
486.013	-1.0
486.03867	-1.0
486.05472	-1.0
486.07764	-1.0
486.11752	-1.0
486.12692	-1.0
486.14594	-1.0
486.18097	-1.0
486.19513	-1.0
486.2132	-1.0
486.23648	-1.0
486.25943	-1.0
486.2766	-1.0
486.29852	-1.0
486.31967	-1.0
486.35263	-1.0
486.3575	-1.0
486.3772	-1.0
486.39252	-1.0
486.4038	-1.0
486.41473	-1.0
486.44937	-1.0
486.47104	-1.0
486.50137	-1.0
486.51315	-1.0
486.5345	-1.0
486.55923	-1.0
486.57236	-1.0
486.58963	-1.0
486.6158	-1.0
486.65375	-1.0
486.69617	-1.0
500.7396	-1.0
500.7646	-1.0
500.79343	-1.0
500.823	-1.0
500.83713	-1.0
500.87695	-1.0
512.1881	-1.0
512.1918	-1.0
512.1985	-1.0
512.20215	1.0
512.2055	-1.0
512.21454	-1.0
512.2171	1.0
512.22754	-1.0
512.2387	-1.0
512.2618	-1.0
512.2706	-1.0
512.2858	-1.0
512.29614	-1.0
512.3101	-1.0
512.32074	-1.0
512.3306	-1.0
512.33905	-1.0
512.34827	-1.0
512.35925	-1.0
512.3681	-1.0
512.3757	-1.0
512.38556	-1.0
512.3965	-1.0
512.40405	-1.0
512.411	-1.0
512.4242	-1.0
512.43274	-1.0
512.4433	-1.0
512.45325	-1.0
512.45807	-1.0
512.4652	-1.0
512.47845	-1.0
512.4873	-1.0
512.4904	-1.0
512.50256	-1.0
512.5203	-1.0
512.54034	-1.0
512.5572	-1.0
512.56836	-1.0
512.5812	-1.0
512.5948	-1.0
512.61206	-1.0
512.642	-1.0
512.64526	-1.0
512.6759	-1.0
512.69604	-1.0
512.704	-1.0
512.72705	-1.0
512.74365	-1.0
512.77625	-1.0
512.7832	-1.0
512.80536	-1.0
512.82166	-1.0
512.84485	-1.0
512.8842	-1.0
512.9368	-1.0
512.952	-1.0
512.9772	-1.0
512.99713	-1.0
513.02527	-1.0
513.0607	-1.0
513.1001	-1.0
513.1526	-1.0
521.84576	-1.0
521.8861	-1.0
521.9125	-1.0
521.92615	-1.0
521.9516	-1.0
521.96216	1.0
521.9751	-1.0
521.9976	-1.0
522.0233	-1.0
522.0372	-1.0
522.05664	-1.0
522.3959	-1.0
522.41394	-1.0
523.4534	-1.0
526.2065	-1.0
526.2557	-1.0
526.2658	-1.0
526.274	-1.0
526.2823	-1.0
526.286	-1.0
526.29517	-1.0
526.3028	-1.0
526.3053	-1.0
526.3132	-1.0
526.3204	-1.0
526.3265	1.0
526.3363	-1.0
526.3388	1.0
526.35345	-1.0
526.36145	1.0
526.3734	-1.0
526.38	-1.0
526.39233	-1.0
526.40045	-1.0
526.4078	-1.0
526.4143	-1.0
526.4168	-1.0
526.4286	-1.0
526.43964	-1.0
526.4423	-1.0
526.4548	-1.0
526.4657	-1.0
526.4808	-1.0
526.4912	-1.0
526.5023	-1.0
526.51746	-1.0
526.5286	-1.0
526.53625	-1.0
526.5518	-1.0
526.5701	-1.0
526.5844	-1.0
526.5945	-1.0
526.60876	-1.0
526.6256	-1.0
526.6445	-1.0
526.6648	-1.0
526.67847	-1.0
526.6932	-1.0
526.72266	-1.0
526.75415	-1.0
526.7683	-1.0
526.795	-1.0
526.80927	-1.0
526.84064	-1.0
526.8586	-1.0
527.0611	-1.0
529.6405	-1.0
552.2582	-1.0
552.2858	-1.0
552.2919	-1.0
552.29834	-1.0
552.3009	1.0
552.3048	1.0
552.31213	-1.0
552.316	1.0
552.31934	-1.0
552.3322	-1.0
552.3396	1.0
552.34766	-1.0
552.3529	-1.0
552.3591	-1.0
552.3618	-1.0
552.36505	-1.0
552.36884	-1.0
552.3715	-1.0
552.3749	-1.0
552.3825	-1.0
552.38556	-1.0
552.3931	-1.0
552.39777	-1.0
552.40674	-1.0
552.4123	-1.0
552.4149	-1.0
552.4207	-1.0
552.42975	-1.0
552.4335	-1.0
552.4368	-1.0
552.4447	-1.0
552.4489	-1.0
552.45795	-1.0
552.4651	-1.0
552.4684	1.0
552.47504	-1.0
552.4842	1.0
552.48694	-1.0
552.4989	-1.0
552.5024	-1.0
552.50806	-1.0
552.51794	-1.0
552.52313	-1.0
552.53265	-1.0
552.54065	-1.0
552.5547	-1.0
552.56757	-1.0
552.57526	-1.0
552.58057	-1.0
552.59204	-1.0
552.60645	-1.0
552.6173	-1.0
552.6308	-1.0
552.643	-1.0
552.6586	-1.0
552.67773	-1.0
552.68475	-1.0
552.7023	-1.0
552.7144	-1.0
552.7295	-1.0
552.7439	-1.0
552.7569	-1.0
552.7599	-1.0
552.7703	-1.0
552.78937	-1.0
552.7988	-1.0
552.8206	-1.0
552.83673	-1.0
552.87225	-1.0
552.8914	-1.0
552.91943	-1.0
552.92194	1.0
552.93665	-1.0
552.9503	-1.0
552.9726	-1.0
552.992	-1.0
553.01514	-1.0
553.0328	-1.0
553.0739	-1.0
553.0774	-1.0
553.12524	-1.0
553.17566	-1.0
553.2098	-1.0
553.23425	-1.0
553.27826	-1.0
564.0302	-1.0
564.0468	-1.0
564.0728	-1.0
564.0813	-1.0
564.0892	-1.0
564.10034	-1.0
564.11615	-1.0
564.13916	-1.0
564.1674	-1.0
564.1839	-1.0
564.3053	-1.0
574.4503	-1.0
574.4722	-1.0
574.496	-1.0
574.5092	-1.0
574.5213	-1.0
574.52386	1.0
574.52734	-1.0
574.53125	-1.0
574.5344	1.0
574.53784	-1.0
574.5416	1.0
574.54443	-1.0
574.55096	-1.0
574.5555	-1.0
574.5607	-1.0
574.5666	-1.0
574.5748	1.0
574.5776	-1.0
574.5816	-1.0
574.5853	1.0
574.5894	-1.0
574.5956	-1.0
574.5988	-1.0
574.6028	1.0
574.6069	-1.0
574.6142	1.0
574.6231	-1.0
574.62805	-1.0
574.63586	-1.0
574.6436	-1.0
574.64734	-1.0
574.65826	-1.0
574.66406	-1.0
574.6673	-1.0
574.6704	-1.0
574.6759	-1.0
574.68274	-1.0
574.6854	1.0
574.69525	-1.0
574.70306	-1.0
574.70953	-1.0
574.71515	-1.0
574.7221	-1.0
574.7293	-1.0
574.7423	-1.0
574.74524	-1.0
574.7525	-1.0
574.7613	-1.0
574.773	-1.0
574.78625	-1.0
574.79297	-1.0
574.7966	-1.0
574.8068	-1.0
574.816	-1.0
574.82745	-1.0
574.8435	-1.0
574.8548	-1.0
574.87085	-1.0
574.90405	-1.0
574.98267	-1.0
575.00433	-1.0
575.0464	-1.0
575.0652	-1.0
575.07465	-1.0
575.1146	-1.0
575.1244	-1.0
575.22485	-1.0
575.23926	-1.0
575.267	-1.0
575.2973	-1.0
575.31494	-1.0
575.3299	-1.0
575.37195	-1.0
575.3955	-1.0
575.42804	-1.0
575.45087	-1.0
575.4909	-1.0
575.51434	-1.0
575.5412	-1.0
575.57605	-1.0
575.599	-1.0
575.6292	-1.0
575.65875	-1.0
584.85126	-1.0
584.8689	-1.0
584.8931	1.0
584.91254	-1.0
584.92236	-1.0
584.9363	-1.0
584.94556	-1.0
584.9623	-1.0
584.9954	-1.0
585.04407	-1.0
585.0766	-1.0
585.1048	-1.0
585.1402	-1.0
585.1607	-1.0
585.1712	-1.0
585.17993	-1.0
585.20245	-1.0
585.20844	1.0
585.2323	-1.0
585.2521	-1.0
585.28125	-1.0
585.3038	-1.0
585.3355	-1.0
585.347	1.0
585.40466	-1.0
585.42303	-1.0
585.4344	-1.0
585.4576	-1.0
585.483	-1.0
585.5104	1.0
585.5272	-1.0
585.54193	-1.0
585.5683	-1.0
585.6117	-1.0
585.6499	-1.0
585.7323	-1.0
585.80194	-1.0
