0.54188	-1.0
0.57192	-1.0
0.57832	-1.0
0.58892	-1.0
0.60052	1.0
0.61368	-1.0
0.61692	-1.0
0.62132	-1.0
0.62636	-1.0
0.63136	-1.0
0.64104	1.0
0.6438	1.0
0.64652	-1.0
0.65832	1.0
0.66392	-1.0
0.67304	-1.0
0.67648	-1.0
0.68136	-1.0
0.68388	1.0
0.68768	-1.0
0.69284	-1.0
0.69552	-1.0
0.701	-1.0
0.7036	-1.0
0.70612	-1.0
0.71112	-1.0
0.71368	-1.0
0.71632	-1.0
0.71888	-1.0
0.72216	-1.0
0.73036	1.0
0.7338	1.0
0.7366	-1.0
0.74748	1.0
0.75	1.0
0.75552	-1.0
0.75812	-1.0
0.76548	-1.0
0.76952	-1.0
0.7744	-1.0
0.7804	-1.0
0.78324	-1.0
0.78748	-1.0
0.7904	1.0
0.79312	-1.0
0.80616	-1.0
0.80912	-1.0
0.81896	-1.0
0.82148	-1.0
0.82872	-1.0
0.83276	-1.0
0.83596	-1.0
0.8418	1.0
0.84516	-1.0
0.858	1.0
0.86052	1.0
0.86664	-1.0
0.87548	-1.0
0.878	-1.0
0.89216	-1.0
0.89532	-1.0
0.89872	-1.0
0.90364	-1.0
0.90712	-1.0
0.90984	1.0
0.92036	-1.0
0.9304	-1.0
0.93844	-1.0
0.94396	-1.0
0.95188	-1.0
0.96224	-1.0
0.97176	-1.0
0.97504	-1.0
0.98644	-1.0
1.00216	-1.0
1.00796	-1.0
1.03856	-1.0
1.07112	-1.0
1.07408	-1.0
1.094	-1.0
1.0968	-1.0
1.14988	-1.0
1.19584	-1.0
1.24748	-1.0
1.25024	1.0
1.2752	-1.0
1.2926	-1.0
1.3222	-1.0
1.32804	-1.0
1.34016	-1.0
1.39584	-1.0
1.44424	-1.0
1.46164	-1.0
1.48592	-1.0
21.67768	-1.0
21.6844	-1.0
21.69164	-1.0
21.69508	-1.0
21.71196	-1.0
21.72264	-1.0
21.72844	-1.0
21.733	-1.0
21.74268	-1.0
21.7454	-1.0
21.76512	-1.0
21.77052	-1.0
21.78256	-1.0
21.80756	-1.0
21.8144	-1.0
21.83008	-1.0
21.84732	-1.0
21.89452	-1.0
22.06908	-1.0
22.1082	-1.0
22.1332	-1.0
22.15448	-1.0
22.27196	-1.0
34.41036	-1.0
34.41568	-1.0
34.42272	-1.0
34.42628	-1.0
34.43088	-1.0
34.43828	1.0
34.4462	-1.0
34.44972	-1.0
34.455	-1.0
34.45768	-1.0
34.46324	-1.0
34.46776	-1.0
34.47144	-1.0
34.48196	1.0
34.48672	-1.0
34.49	-1.0
34.49708	-1.0
34.49964	-1.0
34.50496	-1.0
34.51088	-1.0
34.51904	-1.0
34.5226	-1.0
34.52844	1.0
34.53096	1.0
34.53628	-1.0
34.5422	-1.0
34.54516	1.0
34.55008	-1.0
34.56148	-1.0
34.56436	1.0
34.57352	1.0
34.58108	-1.0
34.5844	-1.0
34.59064	-1.0
34.5944	-1.0
34.61448	-1.0
34.62992	-1.0
34.63592	-1.0
34.64284	-1.0
34.64888	-1.0
34.65172	1.0
34.66808	-1.0
34.67684	-1.0
34.67952	-1.0
34.68248	-1.0
34.69372	-1.0
34.7028	-1.0
34.71244	-1.0
34.71804	-1.0
34.72268	-1.0
34.73488	-1.0
34.7416	-1.0
34.74608	1.0
34.75592	-1.0
34.7594	-1.0
34.7788	-1.0
34.7928	-1.0
34.8062	-1.0
34.80872	-1.0
34.81548	-1.0
34.8184	-1.0
34.83312	-1.0
34.83824	-1.0
34.85544	-1.0
34.86492	-1.0
34.86748	-1.0
34.87928	-1.0
34.8956	-1.0
34.92404	-1.0
34.95764	1.0
34.9806	-1.0
35.00868	-1.0
35.03612	-1.0
35.08348	-1.0
35.10776	-1.0
35.13368	-1.0
35.14732	-1.0
35.25856	-1.0
43.08152	-1.0
43.21196	1.0
43.23404	-1.0
43.24464	-1.0
43.25088	-1.0
43.33176	-1.0
43.3436	-1.0
43.37428	-1.0
43.42452	-1.0
43.45264	-1.0
43.4814	-1.0
43.4842	-1.0
43.60584	-1.0
43.62864	-1.0
43.67028	-1.0
43.6738	-1.0
43.68236	-1.0
43.68576	1.0
43.69048	-1.0
43.69332	-1.0
43.70016	-1.0
43.70724	-1.0
43.71336	-1.0
43.71832	-1.0
43.72232	-1.0
43.73544	-1.0
43.73976	1.0
43.74264	1.0
43.75148	-1.0
43.754	1.0
43.76032	-1.0
43.76852	-1.0
43.77196	-1.0
43.77472	1.0
43.78752	-1.0
43.79448	1.0
43.80404	-1.0
43.82004	-1.0
43.82256	-1.0
43.826	-1.0
43.8356	-1.0
43.83888	-1.0
43.84692	-1.0
43.8558	-1.0
43.85912	-1.0
43.86164	1.0
43.88064	-1.0
43.88504	-1.0
43.88892	-1.0
43.89392	-1.0
43.90396	-1.0
43.90836	-1.0
43.91804	-1.0
43.921	-1.0
43.9414	-1.0
43.94448	-1.0
43.95064	-1.0
43.96072	-1.0
43.97552	-1.0
43.9822	-1.0
43.9852	-1.0
44.00144	1.0
44.0236	-1.0
44.0456	-1.0
44.0632	-1.0
44.0778	-1.0
44.10148	1.0
44.10504	-1.0
44.12188	-1.0
44.12984	-1.0
44.14844	-1.0
44.15596	-1.0
44.16976	-1.0
44.199	-1.0
44.20224	-1.0
44.22516	1.0
44.23288	-1.0
44.26972	1.0
44.41748	-1.0
51.63164	-1.0
51.65712	-1.0
51.67376	-1.0
51.71032	-1.0
51.82368	-1.0
51.82768	-1.0
51.85944	-1.0
52.07088	-1.0
55.98332	-1.0
56.06616	-1.0
56.15948	-1.0
56.40328	-1.0
56.4282	-1.0
56.50876	-1.0
67.5544	-1.0
67.55808	-1.0
67.56928	-1.0
67.58168	-1.0
67.58664	-1.0
67.5916	-1.0
67.59524	-1.0
67.60744	-1.0
67.61004	-1.0
67.61392	-1.0
67.61996	-1.0
67.6232	1.0
67.62624	1.0
67.63328	-1.0
67.63948	-1.0
67.6446	-1.0
67.6518	1.0
67.65432	-1.0
67.65712	-1.0
67.66044	-1.0
67.66708	-1.0
67.67116	-1.0
67.674	1.0
67.68548	-1.0
67.689	-1.0
67.69264	-1.0
67.69616	-1.0
67.70056	-1.0
67.704	-1.0
67.70752	1.0
67.71388	-1.0
67.717	-1.0
67.72024	-1.0
67.72904	-1.0
67.732	1.0
67.73456	-1.0
67.7444	-1.0
67.74896	-1.0
67.75376	-1.0
67.7582	1.0
67.7642	-1.0
67.77384	-1.0
67.77788	-1.0
67.78312	-1.0
67.78724	-1.0
67.79616	-1.0
67.80236	-1.0
67.81488	-1.0
67.81776	1.0
67.82544	1.0
67.8356	-1.0
67.839	1.0
67.84152	-1.0
67.8522	-1.0
67.86168	-1.0
67.8696	-1.0
67.87384	-1.0
67.89304	-1.0
67.89604	1.0
67.90568	1.0
67.91472	-1.0
67.93676	-1.0
67.94532	-1.0
67.94816	-1.0
67.96944	-1.0
67.98916	-1.0
67.99712	-1.0
68.00728	-1.0
68.01908	-1.0
68.02992	-1.0
68.062	-1.0
68.07628	1.0
68.09196	-1.0
68.10724	-1.0
68.12356	-1.0
68.1468	-1.0
68.15928	-1.0
68.16244	-1.0
68.19068	-1.0
68.22816	-1.0
68.24888	-1.0
68.28664	-1.0
68.30472	-1.0
68.35816	-1.0
80.557	-1.0
80.56152	-1.0
80.58108	-1.0
80.59624	-1.0
80.5992	-1.0
80.61972	-1.0
80.62548	-1.0
80.6322	1.0
80.6444	-1.0
80.64888	1.0
80.7048	-1.0
80.82696	-1.0
80.87796	-1.0
80.91316	1.0
80.92492	-1.0
80.93732	-1.0
80.9776	1.0
81.10744	-1.0
81.21044	-1.0
92.6396	-1.0
92.64332	-1.0
92.64928	-1.0
92.65412	-1.0
92.65704	1.0
92.66396	-1.0
92.67288	-1.0
92.67576	1.0
92.68416	-1.0
92.6872	-1.0
92.68996	-1.0
92.70096	1.0
92.70356	1.0
92.70608	1.0
92.71444	-1.0
92.72516	-1.0
92.7354	-1.0
92.73896	-1.0
92.74148	-1.0
92.75244	-1.0
92.75612	-1.0
92.75932	-1.0
92.76212	-1.0
92.7736	-1.0
92.77748	-1.0
92.78944	1.0
92.79872	-1.0
92.80712	-1.0
92.80996	-1.0
92.81496	-1.0
92.81828	-1.0
92.8208	-1.0
92.82608	-1.0
92.83092	-1.0
92.83876	-1.0
92.84164	-1.0
92.84416	-1.0
92.8494	-1.0
92.852	-1.0
92.86132	-1.0
92.86956	-1.0
92.8762	-1.0
92.8806	1.0
92.89468	-1.0
92.89752	-1.0
92.90592	-1.0
92.90984	1.0
92.91236	1.0
92.91752	-1.0
92.924	-1.0
92.92652	1.0
92.9302	-1.0
92.94004	-1.0
92.94272	-1.0
92.94556	-1.0
92.96196	-1.0
92.97228	-1.0
92.97696	-1.0
92.98816	-1.0
92.99144	-1.0
93.00332	-1.0
93.01996	-1.0
93.02424	-1.0
93.04028	1.0
93.05556	-1.0
93.1206	-1.0
93.15288	-1.0
93.17424	-1.0
93.19012	-1.0
93.23272	-1.0
93.27756	-1.0
93.31932	-1.0
93.3656	-1.0
93.39208	-1.0
93.418	-1.0
93.44456	-1.0
93.49764	-1.0
111.566	-1.0
111.569	-1.0
111.57152	-1.0
111.5764	-1.0
111.57892	-1.0
111.58808	-1.0
111.59156	-1.0
111.59488	-1.0
111.60072	-1.0
111.60912	-1.0
111.61204	-1.0
111.61856	-1.0
111.62652	-1.0
111.62992	-1.0
111.64668	-1.0
111.65092	-1.0
111.67012	-1.0
111.6728	-1.0
111.68368	1.0
111.68824	1.0
111.70564	-1.0
111.712	1.0
111.72868	-1.0
111.7312	-1.0
111.73828	-1.0
111.75024	-1.0
111.76148	-1.0
111.79004	-1.0
111.81624	-1.0
111.83216	-1.0
111.86632	-1.0
111.9326	-1.0
111.96128	-1.0
112.005	-1.0
112.03264	1.0
112.05852	-1.0
112.07748	-1.0
112.12976	-1.0
122.16428	-1.0
122.1668	-1.0
122.2104	1.0
122.2144	-1.0
122.22028	-1.0
122.23148	-1.0
122.28684	-1.0
134.48796	-1.0
134.50089	1.0
134.53397	1.0
134.5394	-1.0
134.54263	-1.0
134.54588	-1.0
134.55048	-1.0
134.55605	-1.0
134.59885	-1.0
134.63531	-1.0
134.64844	-1.0
134.65791	-1.0
134.67616	-1.0
134.68132	-1.0
134.68896	-1.0
134.6936	-1.0
134.71928	-1.0
134.72876	-1.0
134.74948	-1.0
134.79904	-1.0
134.87492	-1.0
134.95364	-1.0
135.0012	-1.0
135.0316	-1.0
135.04749	-1.0
135.07117	-1.0
135.0862	-1.0
135.11836	-1.0
135.1554	-1.0
135.15904	-1.0
135.18243	-1.0
135.19888	-1.0
135.20796	-1.0
135.263	1.0
135.28244	-1.0
135.3356	-1.0
135.39284	-1.0
135.441	-1.0
141.82516	-1.0
142.23116	-1.0
142.23463	-1.0
142.23865	1.0
142.24287	-1.0
142.24684	-1.0
142.2564	-1.0
142.26125	-1.0
142.2696	1.0
142.27225	1.0
142.28188	-1.0
142.28688	-1.0
142.29272	1.0
142.29527	1.0
142.29884	-1.0
142.30136	1.0
142.30652	-1.0
142.30952	-1.0
142.31216	-1.0
142.31496	-1.0
142.31844	-1.0
142.32152	-1.0
142.3242	1.0
142.3322	-1.0
142.3348	1.0
142.34476	-1.0
142.34796	-1.0
142.35085	-1.0
142.35376	1.0
142.35628	-1.0
142.3626	-1.0
142.36632	-1.0
142.3776	-1.0
142.38013	-1.0
142.3848	-1.0
142.39084	-1.0
142.3948	-1.0
142.39755	-1.0
142.40495	-1.0
142.40749	-1.0
142.4112	-1.0
142.41428	-1.0
142.42616	-1.0
142.42888	-1.0
142.43855	-1.0
142.44237	1.0
142.4454	1.0
142.44972	-1.0
142.45428	-1.0
142.46112	-1.0
142.46732	-1.0
142.46983	-1.0
142.48576	-1.0
142.48936	-1.0
142.49277	-1.0
142.4974	-1.0
142.50713	-1.0
142.51096	-1.0
142.52592	-1.0
142.53024	-1.0
142.53276	-1.0
142.54655	-1.0
142.5524	-1.0
142.5678	-1.0
142.57336	-1.0
142.57655	-1.0
142.57983	-1.0
142.58617	-1.0
142.5904	-1.0
142.605	1.0
142.61412	-1.0
142.62384	-1.0
142.62749	1.0
142.63911	1.0
142.64809	-1.0
142.65556	-1.0
142.65976	-1.0
142.672	-1.0
142.68852	-1.0
142.69276	-1.0
142.7048	-1.0
142.70732	-1.0
142.72227	-1.0
142.7352	-1.0
142.76073	-1.0
142.78716	-1.0
142.80457	-1.0
142.8074	-1.0
142.81656	-1.0
142.82484	-1.0
142.84431	-1.0
142.89133	-1.0
142.90532	-1.0
142.92848	-1.0
143.03424	-1.0
143.0816	-1.0
143.10687	-1.0
143.15872	-1.0
152.58923	-1.0
152.592	-1.0
152.6162	-1.0
152.62852	-1.0
152.6528	-1.0
152.67715	-1.0
152.68648	-1.0
152.72311	-1.0
152.81848	-1.0
160.37376	-1.0
160.37872	-1.0
160.38152	-1.0
160.39192	-1.0
160.39787	-1.0
160.40463	-1.0
160.41188	-1.0
160.42017	-1.0
160.42276	1.0
160.4344	1.0
160.43771	-1.0
160.4418	-1.0
160.44728	-1.0
160.45209	-1.0
160.45868	-1.0
160.46223	-1.0
160.48584	-1.0
160.5022	-1.0
160.53716	-1.0
160.54016	-1.0
160.55928	1.0
160.57544	-1.0
160.61116	-1.0
166.07764	-1.0
166.11844	-1.0
166.15971	-1.0
166.16472	-1.0
166.23248	-1.0
166.2364	-1.0
166.26537	-1.0
166.283	1.0
166.29556	-1.0
166.32928	1.0
166.3594	-1.0
166.42308	-1.0
172.39328	-1.0
172.39597	-1.0
172.40248	1.0
172.41428	-1.0
172.426	-1.0
172.43092	1.0
172.43396	-1.0
172.43697	-1.0
172.4396	1.0
172.4468	-1.0
172.45372	1.0
172.45772	-1.0
172.46608	-1.0
172.46889	-1.0
172.47264	-1.0
172.48367	-1.0
172.48653	-1.0
172.49008	-1.0
172.49272	1.0
172.50616	-1.0
172.50868	-1.0
172.52785	1.0
172.53185	-1.0
172.5444	-1.0
172.54932	-1.0
172.55351	-1.0
172.56104	-1.0
172.56476	1.0
172.56992	-1.0
172.57388	-1.0
172.58984	-1.0
172.59572	-1.0
172.60652	-1.0
172.61069	-1.0
172.61784	-1.0
172.62524	-1.0
172.63657	1.0
172.64168	-1.0
172.65152	-1.0
172.67567	1.0
172.679	1.0
172.68588	-1.0
172.69244	-1.0
172.7024	-1.0
172.71016	-1.0
172.72548	-1.0
172.761	-1.0
172.76352	-1.0
172.77628	1.0
172.78188	-1.0
172.7984	-1.0
172.80807	1.0
172.83624	-1.0
172.84712	-1.0
172.87212	-1.0
172.87808	-1.0
172.9004	-1.0
172.90944	-1.0
172.97588	-1.0
172.98177	-1.0
172.99464	-1.0
173.02847	-1.0
173.0624	-1.0
173.11348	-1.0
173.23051	-1.0
173.267	-1.0
173.3034	-1.0
183.63304	-1.0
183.63652	-1.0
183.64648	-1.0
183.65324	-1.0
183.6806	1.0
183.72372	-1.0
203.80928	-1.0
203.8118	-1.0
203.82413	-1.0
203.83311	-1.0
203.83952	-1.0
203.8496	-1.0
203.853	1.0
203.86284	-1.0
203.86632	1.0
203.87088	-1.0
203.88084	-1.0
203.8838	1.0
203.88884	-1.0
203.89156	-1.0
203.89725	1.0
203.90216	1.0
203.90536	-1.0
203.90904	-1.0
203.9144	1.0
203.91692	-1.0
203.92012	-1.0
203.92332	-1.0
203.92664	-1.0
203.9352	-1.0
203.93968	-1.0
203.94464	-1.0
203.94743	-1.0
203.9552	-1.0
203.96288	-1.0
203.96825	1.0
203.9814	-1.0
203.984	-1.0
203.98653	1.0
203.99728	-1.0
203.99985	-1.0
204.0134	-1.0
204.01772	-1.0
204.0266	-1.0
204.0304	-1.0
204.03535	-1.0
204.0426	-1.0
204.04929	-1.0
204.05212	-1.0
204.05556	-1.0
204.05812	1.0
204.06532	-1.0
204.07011	-1.0
204.07632	-1.0
204.08676	-1.0
204.09308	1.0
204.0956	1.0
204.102	-1.0
204.10983	-1.0
204.1252	-1.0
204.1314	-1.0
204.13968	-1.0
204.14597	-1.0
204.14957	-1.0
204.1554	1.0
204.17488	-1.0
204.18796	-1.0
204.20113	-1.0
204.20483	-1.0
204.20752	1.0
204.21088	-1.0
204.21544	-1.0
204.21889	-1.0
204.2306	-1.0
204.23991	-1.0
204.25516	-1.0
204.26152	-1.0
204.2696	-1.0
204.2818	-1.0
204.29216	-1.0
204.29988	-1.0
204.30304	-1.0
204.31503	-1.0
204.31992	-1.0
204.3346	-1.0
204.34012	-1.0
204.35011	-1.0
204.35356	-1.0
204.37416	-1.0
204.37727	-1.0
204.40448	-1.0
204.41023	-1.0
204.434	-1.0
204.44987	-1.0
204.45663	-1.0
204.47247	-1.0
204.48865	-1.0
204.52171	-1.0
204.53488	-1.0
204.54312	-1.0
204.59116	-1.0
204.63689	-1.0
213.33849	-1.0
214.35988	-1.0
222.75284	-1.0
222.76436	-1.0
222.76692	-1.0
222.77773	-1.0
222.79152	-1.0
222.81252	-1.0
222.889	-1.0
222.92104	-1.0
222.96132	-1.0
222.96428	-1.0
223.00044	-1.0
223.00308	-1.0
223.01872	-1.0
223.03876	-1.0
223.06464	-1.0
223.06725	-1.0
223.08215	-1.0
223.1008	1.0
223.11584	-1.0
223.13124	-1.0
223.15276	-1.0
223.16373	-1.0
223.16956	-1.0
223.18507	-1.0
223.21304	-1.0
223.22424	-1.0
223.23409	-1.0
223.24792	-1.0
223.2754	-1.0
223.28908	-1.0
223.29285	1.0
223.309	-1.0
223.32384	-1.0
223.34644	-1.0
223.36723	1.0
223.37228	-1.0
223.40004	-1.0
223.4416	-1.0
223.50777	-1.0
223.5478	-1.0
239.0652	-1.0
239.08372	-1.0
239.11871	-1.0
239.12216	-1.0
239.12732	-1.0
239.13351	-1.0
239.13689	-1.0
239.14471	-1.0
239.14735	1.0
239.15364	-1.0
239.158	-1.0
239.1608	-1.0
239.1712	-1.0
239.17944	-1.0
239.18416	-1.0
239.18867	-1.0
239.1934	-1.0
239.19604	-1.0
239.199	-1.0
239.205	-1.0
239.21603	1.0
239.22188	-1.0
239.22733	-1.0
239.23135	-1.0
239.236	-1.0
239.2396	-1.0
239.2422	-1.0
239.24692	-1.0
239.26436	1.0
239.27055	-1.0
239.275	-1.0
239.28397	-1.0
239.29088	-1.0
239.3014	-1.0
239.30392	-1.0
239.31592	-1.0
239.32016	-1.0
239.32288	-1.0
239.32848	-1.0
239.33476	-1.0
239.3458	-1.0
239.3632	-1.0
239.36852	-1.0
239.37732	-1.0
239.38712	-1.0
239.39188	-1.0
239.40524	-1.0
239.40808	-1.0
239.41072	1.0
239.4348	-1.0
239.4474	-1.0
239.45168	-1.0
239.4874	-1.0
239.49268	-1.0
239.511	-1.0
239.52097	-1.0
239.52953	-1.0
239.54872	-1.0
239.5596	-1.0
239.57396	-1.0
239.64037	-1.0
239.65964	-1.0
239.693	-1.0
239.71564	-1.0
239.71936	-1.0
239.75436	-1.0
239.792	-1.0
239.81404	-1.0
239.85	-1.0
239.8556	-1.0
239.9388	-1.0
240.01172	-1.0
240.13036	-1.0
240.17688	-1.0
251.68369	1.0
251.70752	-1.0
251.71004	-1.0
251.77016	-1.0
251.80013	-1.0
251.80496	1.0
251.81276	-1.0
251.82176	-1.0
251.84348	1.0
251.95972	-1.0
252.03345	-1.0
252.05132	-1.0
252.05775	-1.0
252.16225	-1.0
252.22163	1.0
252.225	-1.0
252.2276	-1.0
252.30664	-1.0
252.34416	1.0
252.35788	-1.0
252.45148	-1.0
256.1253	-1.0
256.128	-1.0
256.13907	-1.0
256.14355	-1.0
256.14728	-1.0
256.16037	-1.0
256.16287	1.0
256.17236	-1.0
256.1755	-1.0
256.1792	-1.0
256.18228	-1.0
256.1852	-1.0
256.18964	-1.0
256.19717	-1.0
256.19968	-1.0
256.20615	-1.0
256.20892	-1.0
256.2122	1.0
256.21783	-1.0
256.2259	1.0
256.2284	-1.0
256.23175	-1.0
256.23672	-1.0
256.25043	1.0
256.25507	-1.0
256.26385	-1.0
256.27213	-1.0
256.27515	1.0
256.27808	-1.0
256.28305	-1.0
256.28787	-1.0
256.30136	-1.0
256.31055	-1.0
256.31473	-1.0
256.32336	-1.0
256.3275	-1.0
256.33023	1.0
256.33984	-1.0
256.34732	-1.0
256.34985	-1.0
256.3611	-1.0
256.3642	-1.0
256.3669	1.0
256.3702	-1.0
256.3834	-1.0
256.386	1.0
256.38852	-1.0
256.40036	-1.0
256.40408	1.0
256.40887	1.0
256.4124	-1.0
256.41992	1.0
256.42972	-1.0
256.4394	-1.0
256.44727	-1.0
256.45572	-1.0
256.4607	-1.0
256.47733	-1.0
256.48004	1.0
256.4954	-1.0
256.49792	-1.0
256.51096	-1.0
256.5135	1.0
256.5268	-1.0
256.54285	-1.0
256.5579	-1.0
256.56723	-1.0
256.57425	-1.0
256.58603	-1.0
256.58865	-1.0
256.5918	-1.0
256.61523	-1.0
256.6262	-1.0
256.62967	-1.0
256.647	-1.0
256.66873	-1.0
256.67123	-1.0
256.686	1.0
256.69275	-1.0
256.7129	-1.0
256.72525	-1.0
256.73947	-1.0
256.7459	-1.0
256.76843	-1.0
256.77237	-1.0
256.8236	-1.0
256.8995	-1.0
256.92297	-1.0
256.94913	-1.0
256.99072	-1.0
284.03284	-1.0
284.0414	-1.0
284.05508	1.0
284.06393	-1.0
284.06793	-1.0
284.07132	-1.0
284.09332	-1.0
284.11203	-1.0
284.1437	-1.0
284.15933	1.0
284.17233	-1.0
284.17603	-1.0
284.1859	-1.0
284.1918	-1.0
284.21368	-1.0
284.22797	1.0
284.24728	-1.0
284.26443	1.0
284.28	-1.0
284.29147	-1.0
284.29416	-1.0
284.2972	-1.0
284.3136	-1.0
284.32172	-1.0
284.3366	-1.0
284.3602	-1.0
284.38284	-1.0
284.39087	-1.0
284.39816	-1.0
284.4153	1.0
284.42645	-1.0
284.42987	-1.0
284.44513	-1.0
284.4482	-1.0
284.47	-1.0
284.47305	-1.0
284.48584	-1.0
284.49585	-1.0
284.50473	-1.0
284.51593	-1.0
284.55487	-1.0
284.7216	-1.0
284.76288	-1.0
284.78653	-1.0
284.89267	-1.0
293.9712	-1.0
293.97412	-1.0
293.97668	1.0
293.97952	-1.0
293.9851	-1.0
293.99365	-1.0
293.99615	-1.0
294.00195	-1.0
294.00668	-1.0
294.01117	-1.0
294.01395	1.0
294.01843	-1.0
294.02216	-1.0
294.026	-1.0
294.02853	1.0
294.03232	1.0
294.03616	1.0
294.04947	-1.0
294.0526	1.0
294.06357	1.0
294.0714	-1.0
294.074	1.0
294.07764	-1.0
294.08643	-1.0
294.09027	-1.0
294.0977	-1.0
294.10352	-1.0
294.10715	1.0
294.11816	1.0
294.12076	1.0
294.1249	-1.0
294.1309	-1.0
294.1407	-1.0
294.14368	-1.0
294.14627	1.0
294.1515	-1.0
294.1628	-1.0
294.16577	-1.0
294.1724	-1.0
294.18155	-1.0
294.18976	-1.0
294.20044	-1.0
294.2044	-1.0
294.2069	-1.0
294.22052	-1.0
294.22748	-1.0
294.23026	-1.0
294.2333	-1.0
294.24088	-1.0
294.24445	-1.0
294.247	-1.0
294.25995	-1.0
294.2625	-1.0
294.27335	-1.0
294.276	-1.0
294.2812	-1.0
294.31268	-1.0
294.31525	-1.0
294.3281	1.0
294.34348	-1.0
294.34665	-1.0
294.35315	-1.0
294.36368	-1.0
294.36685	-1.0
294.37692	-1.0
294.38437	-1.0
294.41812	-1.0
294.42633	-1.0
294.437	-1.0
294.44885	-1.0
294.45343	-1.0
294.46753	-1.0
294.484	-1.0
294.4955	-1.0
294.5108	-1.0
294.53152	-1.0
294.5366	-1.0
294.54337	-1.0
294.55875	-1.0
294.56973	-1.0
294.58423	-1.0
294.5953	-1.0
294.6137	-1.0
294.65723	-1.0
294.6714	-1.0
294.67987	-1.0
294.7004	-1.0
294.75095	-1.0
294.7742	-1.0
294.81793	-1.0
294.82065	-1.0
308.60043	-1.0
308.603	1.0
308.6097	-1.0
308.61835	-1.0
308.6213	-1.0
308.62473	1.0
308.63315	-1.0
308.636	-1.0
308.64072	-1.0
308.64572	-1.0
308.6547	-1.0
308.65924	-1.0
308.6618	-1.0
308.6645	1.0
308.6737	1.0
308.67752	1.0
308.692	1.0
308.69464	1.0
308.7064	1.0
308.7111	-1.0
308.7141	-1.0
308.72	-1.0
308.72275	-1.0
308.7256	-1.0
308.72836	-1.0
308.73175	-1.0
308.74207	1.0
308.75595	-1.0
308.75974	-1.0
308.76523	1.0
308.76843	1.0
308.77304	-1.0
308.7763	1.0
308.77936	1.0
308.80008	-1.0
308.80972	-1.0
308.81497	-1.0
308.8184	-1.0
308.82184	-1.0
308.8285	-1.0
308.8395	-1.0
308.85483	-1.0
308.8574	1.0
308.86655	-1.0
308.8704	-1.0
308.87476	-1.0
308.88705	-1.0
308.8908	-1.0
308.93185	-1.0
308.9354	-1.0
308.94553	-1.0
308.94827	-1.0
308.95773	-1.0
308.96088	-1.0
308.9663	1.0
308.96988	-1.0
308.97983	1.0
308.98465	-1.0
308.9952	-1.0
309.03253	-1.0
309.0357	-1.0
309.0554	-1.0
309.071	1.0
309.10236	-1.0
309.11484	-1.0
309.13315	-1.0
309.16293	-1.0
309.19476	-1.0
309.22217	-1.0
309.2316	-1.0
309.25156	-1.0
309.27756	-1.0
309.29904	-1.0
309.3061	-1.0
309.32373	-1.0
309.37048	-1.0
309.3976	-1.0
318.27505	-1.0
318.29044	-1.0
318.42865	-1.0
318.47025	-1.0
318.48547	-1.0
318.5082	-1.0
318.55463	-1.0
318.5581	-1.0
318.58823	-1.0
318.67407	-1.0
318.70947	-1.0
318.71823	-1.0
318.72873	-1.0
318.7384	1.0
318.8034	1.0
318.8446	-1.0
318.85553	-1.0
318.85907	-1.0
318.95288	-1.0
318.95547	-1.0
318.9695	-1.0
319.0032	-1.0
319.0093	1.0
323.1246	-1.0
323.1282	-1.0
323.13165	-1.0
323.14407	-1.0
323.14865	1.0
323.15213	-1.0
323.15533	-1.0
323.1602	-1.0
323.17184	-1.0
323.17703	-1.0
323.17996	-1.0
323.1918	-1.0
323.20557	-1.0
323.20807	-1.0
323.21075	-1.0
323.21585	-1.0
323.21875	-1.0
323.22235	-1.0
323.24457	-1.0
323.2494	-1.0
323.26028	-1.0
323.30264	1.0
323.3065	-1.0
323.32043	-1.0
328.88516	-1.0
328.90973	-1.0
328.91623	-1.0
328.9219	-1.0
328.9627	-1.0
328.97775	-1.0
328.98056	-1.0
328.9831	-1.0
329.0167	-1.0
329.04556	-1.0
329.06467	1.0
329.1148	1.0
329.16644	-1.0
329.28168	-1.0
336.12964	-1.0
336.1886	-1.0
336.2181	-1.0
336.25085	-1.0
336.2572	-1.0
336.27353	-1.0
336.2764	-1.0
336.2968	-1.0
336.3055	1.0
336.30896	-1.0
336.34055	1.0
336.35776	-1.0
336.3803	-1.0
336.40167	-1.0
336.4533	-1.0
336.45892	1.0
336.54584	-1.0
338.1624	-1.0
338.1659	1.0
338.17053	-1.0
338.1788	-1.0
338.18152	-1.0
338.19116	-1.0
338.19485	-1.0
338.20132	1.0
338.20496	-1.0
338.20844	-1.0
338.21933	1.0
338.22205	-1.0
338.2333	-1.0
338.24185	-1.0
338.25616	-1.0
338.2911	-1.0
338.3091	-1.0
338.31183	-1.0
338.3279	-1.0
338.34836	-1.0
338.35345	-1.0
338.3586	-1.0
338.36163	-1.0
338.37173	1.0
338.375	-1.0
338.37952	-1.0
338.38245	-1.0
338.3934	-1.0
338.41068	1.0
338.41507	-1.0
338.4311	-1.0
338.4342	-1.0
338.45105	-1.0
338.4915	-1.0
338.5174	-1.0
338.5371	-1.0
338.56677	-1.0
338.5848	-1.0
338.61835	-1.0
338.69543	-1.0
338.8656	-1.0
338.93085	-1.0
338.95532	-1.0
339.0085	-1.0
339.05655	-1.0
339.14032	-1.0
354.59695	-1.0
354.6206	-1.0
354.64276	-1.0
354.64923	-1.0
354.65317	-1.0
354.6631	-1.0
354.6662	-1.0
354.6756	-1.0
354.68536	-1.0
354.68787	-1.0
354.7461	-1.0
354.75323	-1.0
354.76572	-1.0
354.8004	-1.0
354.8228	-1.0
354.85815	-1.0
354.87573	-1.0
354.89307	-1.0
354.9212	-1.0
354.9352	-1.0
354.95728	-1.0
355.01697	1.0
355.04083	-1.0
355.08896	-1.0
355.1228	-1.0
355.1679	-1.0
355.22195	-1.0
355.3057	-1.0
355.35355	-1.0
362.572	-1.0
362.57477	-1.0
362.63623	-1.0
371.04605	-1.0
371.05136	-1.0
371.0555	-1.0
371.05847	-1.0
371.0686	-1.0
371.07233	-1.0
371.0796	-1.0
371.08408	1.0
371.08664	1.0
371.1006	-1.0
371.1036	-1.0
371.1108	-1.0
371.12292	1.0
371.13324	-1.0
371.141	-1.0
371.144	-1.0
371.14764	-1.0
371.15543	-1.0
371.1631	-1.0
371.1695	-1.0
371.17612	-1.0
371.19363	-1.0
371.1971	-1.0
371.22263	-1.0
371.2498	-1.0
371.2849	-1.0
371.289	1.0
371.3494	1.0
371.42023	-1.0
371.4516	-1.0
375.5444	-1.0
375.62103	-1.0
375.62555	-1.0
375.6357	-1.0
375.63828	-1.0
375.6456	-1.0
375.64917	-1.0
375.65213	-1.0
375.65588	1.0
375.65875	-1.0
375.67645	1.0
375.73767	-1.0
375.74927	-1.0
375.76703	-1.0
375.79077	-1.0
375.7936	-1.0
375.81805	-1.0
375.8455	-1.0
375.8612	-1.0
375.88788	-1.0
375.90714	-1.0
375.91617	-1.0
375.92395	-1.0
375.9296	-1.0
375.93323	-1.0
375.94888	-1.0
376.0005	1.0
376.0078	-1.0
376.01215	-1.0
376.076	-1.0
376.11157	-1.0
383.4474	-1.0
383.45996	-1.0
383.47556	-1.0
383.484	1.0
383.51196	-1.0
383.539	-1.0
383.57135	-1.0
383.57465	-1.0
383.61176	-1.0
393.55643	1.0
393.56876	1.0
393.57224	-1.0
393.57837	-1.0
393.58563	-1.0
393.58975	-1.0
393.5923	-1.0
393.59543	-1.0
393.59988	-1.0
393.60437	-1.0
393.6169	-1.0
393.62097	-1.0
393.6308	-1.0
393.6363	-1.0
393.63913	1.0
393.64987	-1.0
393.65268	1.0
393.66525	-1.0
393.66843	-1.0
393.6711	-1.0
393.68085	-1.0
393.68417	-1.0
393.70023	-1.0
393.7031	1.0
393.709	-1.0
393.7127	-1.0
393.7182	-1.0
393.72247	1.0
393.73203	-1.0
393.74423	-1.0
393.76373	-1.0
393.77536	1.0
393.78195	-1.0
393.79037	-1.0
393.79404	-1.0
393.80225	-1.0
393.80588	1.0
393.83847	-1.0
393.84357	-1.0
393.85916	-1.0
393.87076	-1.0
393.88443	-1.0
393.9175	1.0
403.46906	-1.0
403.49448	-1.0
403.50995	-1.0
403.52515	-1.0
403.5345	-1.0
403.54276	-1.0
403.54636	-1.0
403.55847	1.0
403.56357	-1.0
403.56827	-1.0
403.58356	1.0
403.61487	-1.0
403.62128	-1.0
403.62735	-1.0
403.6374	1.0
403.65564	-1.0
403.7122	-1.0
403.74323	-1.0
403.77823	-1.0
403.8001	-1.0
403.81296	-1.0
403.8158	-1.0
403.8287	-1.0
403.8321	-1.0
403.8638	-1.0
403.90588	-1.0
403.90985	-1.0
403.93317	-1.0
403.9425	1.0
403.9612	-1.0
403.9829	-1.0
404.01227	1.0
404.02396	-1.0
404.06317	-1.0
404.09613	-1.0
404.1308	-1.0
404.1791	1.0
404.2338	-1.0
404.25668	-1.0
404.33728	-1.0
404.36313	-1.0
409.91968	1.0
409.92743	-1.0
409.93005	1.0
409.94733	1.0
409.9584	1.0
409.96255	-1.0
409.97775	-1.0
409.9978	-1.0
410.0126	-1.0
410.02228	-1.0
410.03024	-1.0
410.05612	1.0
410.07108	-1.0
410.07373	1.0
410.0948	-1.0
410.13428	1.0
410.14395	-1.0
410.2026	-1.0
410.24432	-1.0
410.2644	-1.0
410.26865	-1.0
410.39764	-1.0
410.4551	-1.0
417.59528	1.0
417.599	-1.0
417.60263	1.0
417.60608	-1.0
417.60873	-1.0
417.61972	1.0
417.631	-1.0
417.6335	-1.0
417.64325	-1.0
417.6465	1.0
417.6598	-1.0
417.66537	-1.0
417.67325	1.0
417.67596	-1.0
417.68985	-1.0
417.69763	-1.0
417.70428	-1.0
417.70923	1.0
417.72	-1.0
417.74353	1.0
417.752	-1.0
417.77963	-1.0
417.8191	-1.0
417.85745	-1.0
417.86084	1.0
417.92233	-1.0
417.9533	-1.0
417.96463	-1.0
417.9942	-1.0
417.99948	-1.0
418.0142	-1.0
418.02097	-1.0
418.0474	-1.0
418.06528	-1.0
418.07172	-1.0
418.0901	-1.0
418.09528	-1.0
418.10284	-1.0
418.10544	-1.0
418.13525	-1.0
418.14487	-1.0
418.18457	-1.0
418.19937	1.0
418.24756	1.0
418.26364	-1.0
418.2675	-1.0
418.29623	-1.0
418.32687	-1.0
418.35593	-1.0
418.3772	-1.0
418.4517	-1.0
418.4944	-1.0
418.55344	-1.0
438.254	-1.0
438.27344	-1.0
438.29816	-1.0
438.3037	-1.0
438.31445	-1.0
438.33813	-1.0
444.42563	-1.0
444.44336	-1.0
444.50107	-1.0
444.51175	-1.0
444.5148	-1.0
444.518	-1.0
444.52133	-1.0
444.526	-1.0
444.52853	-1.0
444.53104	-1.0
444.53433	-1.0
444.53992	-1.0
444.55136	-1.0
444.55548	-1.0
444.56042	-1.0
444.56537	-1.0
444.56903	-1.0
444.5717	-1.0
444.5779	-1.0
444.5806	-1.0
444.59027	1.0
444.59363	-1.0
444.60205	1.0
444.61008	-1.0
444.61325	-1.0
444.62384	-1.0
444.6317	-1.0
444.63464	-1.0
444.63895	1.0
444.64148	1.0
444.6498	-1.0
444.65967	-1.0
444.66376	-1.0
444.66797	-1.0
444.67453	-1.0
444.6775	1.0
444.6837	-1.0
444.6958	-1.0
444.703	-1.0
444.7064	1.0
444.7118	-1.0
444.71545	-1.0
444.72318	-1.0
444.72693	-1.0
444.73804	-1.0
444.7406	1.0
444.744	-1.0
444.75223	-1.0
444.7585	-1.0
444.76627	-1.0
444.77652	-1.0
444.77927	-1.0
444.79108	-1.0
444.79636	-1.0
444.80063	-1.0
444.80316	-1.0
444.8082	-1.0
444.8134	-1.0
444.81775	-1.0
444.82764	-1.0
444.83847	-1.0
444.8454	-1.0
444.85135	-1.0
444.86646	-1.0
444.8734	-1.0
444.88248	-1.0
444.8935	-1.0
444.90237	-1.0
444.90823	-1.0
444.92313	-1.0
444.92987	-1.0
444.93417	1.0
444.94727	-1.0
444.95273	-1.0
444.98276	-1.0
445.00055	-1.0
445.01648	-1.0
445.05133	-1.0
445.0792	-1.0
445.09406	-1.0
445.10107	-1.0
445.1161	-1.0
445.1339	-1.0
445.15863	-1.0
445.19693	-1.0
445.20773	-1.0
445.23477	-1.0
445.2852	-1.0
445.3326	-1.0
457.68933	-1.0
457.75146	-1.0
457.75616	-1.0
457.7703	1.0
457.85373	-1.0
457.8564	-1.0
457.86032	-1.0
457.87952	-1.0
457.88312	-1.0
457.90073	-1.0
457.9067	-1.0
457.9108	-1.0
457.91336	-1.0
457.92264	-1.0
457.92593	1.0
457.92853	1.0
457.93335	-1.0
457.94775	-1.0
457.95767	-1.0
457.96243	-1.0
457.96503	-1.0
457.9851	-1.0
458.0093	1.0
458.03345	-1.0
458.0367	-1.0
458.05923	-1.0
458.09427	-1.0
468.2196	-1.0
468.2419	-1.0
468.25595	-1.0
468.27924	-1.0
471.78473	-1.0
471.81024	-1.0
471.81845	-1.0
471.82135	-1.0
471.8448	-1.0
471.86267	-1.0
471.8718	-1.0
471.95312	1.0
471.979	-1.0
471.99115	-1.0
472.00003	-1.0
472.00513	-1.0
472.0161	-1.0
472.03967	-1.0
472.07367	-1.0
472.0892	-1.0
472.13013	-1.0
472.1541	-1.0
472.1831	-1.0
472.20383	-1.0
472.26984	-1.0
472.2894	-1.0
472.32468	-1.0
472.3543	-1.0
472.41302	-1.0
472.47348	-1.0
472.54587	-1.0
476.1868	-1.0
476.19052	1.0
476.19684	-1.0
476.20615	-1.0
476.2123	-1.0
476.22052	-1.0
476.22885	-1.0
476.2317	-1.0
476.23633	-1.0
476.24005	1.0
476.24387	-1.0
476.24677	1.0
476.25012	-1.0
476.25528	-1.0
476.2585	-1.0
476.26797	1.0
476.27048	-1.0
476.27728	-1.0
476.2838	-1.0
476.28793	-1.0
476.29785	-1.0
476.30493	-1.0
476.3082	1.0
476.31473	-1.0
476.31848	-1.0
476.3234	-1.0
476.32635	-1.0
476.33792	-1.0
476.34045	-1.0
476.34818	-1.0
476.35135	-1.0
476.36108	-1.0
476.3643	-1.0
476.37335	-1.0
476.3759	1.0
476.3878	-1.0
476.39893	-1.0
476.40305	-1.0
476.4138	-1.0
476.41714	-1.0
476.4272	-1.0
476.4305	1.0
476.4445	1.0
476.44736	-1.0
476.45816	-1.0
476.46075	-1.0
476.4637	-1.0
476.46964	-1.0
476.4727	-1.0
476.48465	-1.0
476.49048	-1.0
476.49673	-1.0
476.50027	-1.0
476.50507	-1.0
476.516	-1.0
476.5226	-1.0
476.52667	-1.0
476.54257	-1.0
476.5466	-1.0
476.5506	-1.0
476.5534	-1.0
476.55597	-1.0
476.56256	-1.0
476.57547	-1.0
476.5782	-1.0
476.59027	-1.0
476.60352	-1.0
476.60727	-1.0
476.62213	-1.0
476.627	-1.0
476.6488	-1.0
476.66913	-1.0
476.7074	-1.0
476.7284	-1.0
476.7335	-1.0
476.7402	-1.0
476.74527	-1.0
476.7722	-1.0
476.7751	1.0
476.86465	-1.0
476.88354	-1.0
476.93872	-1.0
476.98132	-1.0
477.00443	-1.0
477.03488	-1.0
485.52664	-1.0
485.5434	-1.0
485.54596	-1.0
485.55612	-1.0
485.56827	-1.0
485.5708	-1.0
485.576	-1.0
485.57864	-1.0
485.5878	-1.0
485.59085	-1.0
485.59763	-1.0
485.6067	-1.0
485.61127	-1.0
485.61517	-1.0
485.61768	-1.0
485.62708	-1.0
485.631	-1.0
485.63724	1.0
485.64905	-1.0
485.65463	-1.0
485.66104	-1.0
485.6636	1.0
485.6717	-1.0
485.67953	1.0
485.68683	-1.0
485.69788	-1.0
485.70132	-1.0
485.70728	-1.0
485.71024	-1.0
485.7227	-1.0
485.7362	-1.0
485.7494	-1.0
485.75345	1.0
485.7616	-1.0
485.76505	-1.0
485.76825	-1.0
485.783	-1.0
485.7859	1.0
485.78864	-1.0
485.79544	-1.0
485.7988	-1.0
485.8014	-1.0
485.81677	-1.0
485.82388	-1.0
485.83136	-1.0
485.83423	-1.0
485.8507	-1.0
485.85406	-1.0
485.86536	-1.0
485.87265	-1.0
485.88315	-1.0
485.89062	-1.0
485.89615	-1.0
485.9013	-1.0
485.91165	-1.0
485.9312	1.0
485.94095	-1.0
485.94485	-1.0
485.94772	-1.0
485.9843	-1.0
485.99124	-1.0
486.00266	-1.0
486.0196	-1.0
486.02225	-1.0
486.04083	-1.0
486.06464	-1.0
486.06973	-1.0
486.09207	-1.0
486.13104	-1.0
486.15707	-1.0
486.1923	-1.0
486.19516	-1.0
486.2102	-1.0
486.23383	-1.0
486.2495	-1.0
486.26385	-1.0
486.3026	-1.0
486.34125	-1.0
486.35385	-1.0
486.35776	-1.0
486.3611	-1.0
486.39667	-1.0
486.40128	-1.0
486.42383	-1.0
486.54504	1.0
486.54755	-1.0
486.5936	-1.0
486.62964	1.0
486.65967	-1.0
500.76752	-1.0
500.7893	-1.0
500.81152	-1.0
500.82285	-1.0
512.18713	-1.0
512.18994	1.0
512.1932	-1.0
512.19794	-1.0
512.2012	-1.0
512.2083	-1.0
512.21423	-1.0
512.21686	-1.0
512.21954	-1.0
512.22266	1.0
512.2252	-1.0
512.2295	-1.0
512.237	-1.0
512.2408	1.0
512.2583	-1.0
512.27185	-1.0
512.2745	-1.0
512.2832	-1.0
512.2893	1.0
512.2918	1.0
512.30096	-1.0
512.30884	-1.0
512.31903	-1.0
512.3221	-1.0
512.32776	-1.0
512.33246	-1.0
512.335	1.0
512.34644	-1.0
512.35144	-1.0
512.3542	-1.0
512.36847	-1.0
512.37274	1.0
512.3757	-1.0
512.3782	1.0
512.3878	1.0
512.3909	1.0
512.3958	-1.0
512.40894	-1.0
512.41174	1.0
512.4284	-1.0
512.4396	-1.0
512.4438	-1.0
512.4496	-1.0
512.45215	1.0
512.4664	-1.0
512.47253	-1.0
512.4773	-1.0
512.481	-1.0
512.4847	-1.0
512.49194	-1.0
512.5054	-1.0
512.5235	-1.0
512.5266	-1.0
512.5342	-1.0
512.5604	-1.0
512.5642	-1.0
512.58923	-1.0
512.6074	-1.0
512.61945	-1.0
512.62506	-1.0
512.64453	-1.0
512.6646	1.0
512.6709	-1.0
512.6843	-1.0
512.7157	-1.0
512.7328	-1.0
512.7534	-1.0
512.77734	-1.0
512.81586	-1.0
512.82166	-1.0
512.83875	-1.0
512.88495	-1.0
521.88116	-1.0
521.885	-1.0
521.95074	-1.0
521.955	-1.0
521.9822	-1.0
522.0036	-1.0
522.0162	-1.0
522.031	-1.0
526.28687	-1.0
526.2915	-1.0
526.2956	-1.0
526.3064	-1.0
526.3094	-1.0
526.31573	1.0
526.3286	1.0
526.3363	-1.0
526.3681	-1.0
526.40234	-1.0
526.41986	-1.0
526.42285	-1.0
526.4402	-1.0
526.48615	-1.0
526.4916	-1.0
526.5189	-1.0
526.5395	-1.0
526.5422	-1.0
526.57336	-1.0
526.59515	-1.0
526.65955	-1.0
526.66376	-1.0
526.7043	-1.0
526.7549	-1.0
526.8013	-1.0
526.8311	-1.0
526.86035	-1.0
526.92126	-1.0
527.01196	-1.0
552.3017	-1.0
552.3085	-1.0
552.31775	-1.0
552.3284	-1.0
552.333	-1.0
552.34814	-1.0
552.35406	-1.0
552.3606	-1.0
552.36615	1.0
552.36865	1.0
552.3726	-1.0
552.38165	-1.0
552.3864	-1.0
552.3922	-1.0
552.3955	-1.0
552.3984	-1.0
552.4011	-1.0
552.4079	-1.0
552.4137	-1.0
552.4182	1.0
552.4251	-1.0
552.434	-1.0
552.4365	-1.0
552.4434	-1.0
552.446	-1.0
552.4494	-1.0
552.4524	-1.0
552.4636	-1.0
552.47614	1.0
552.4787	1.0
552.4835	-1.0
552.4887	1.0
552.49567	-1.0
552.50195	-1.0
552.51025	-1.0
552.51294	-1.0
552.5195	-1.0
552.523	-1.0
552.5266	-1.0
552.5334	-1.0
552.54175	-1.0
552.5552	-1.0
552.5577	-1.0
552.5607	-1.0
552.5714	1.0
552.5743	1.0
552.5784	-1.0
552.5851	-1.0
552.5921	-1.0
552.6006	-1.0
552.6109	-1.0
552.61865	-1.0
552.6264	-1.0
552.64105	-1.0
552.65045	-1.0
552.6622	1.0
552.6654	-1.0
552.67	-1.0
552.6759	-1.0
552.6845	-1.0
552.68787	-1.0
552.69165	-1.0
552.6948	-1.0
552.7062	-1.0
552.7237	1.0
552.7324	-1.0
552.7361	-1.0
552.75354	-1.0
552.7717	1.0
552.7757	-1.0
552.8	-1.0
552.80756	-1.0
552.8207	-1.0
552.8232	-1.0
552.8387	1.0
552.85315	1.0
552.8806	-1.0
552.8896	-1.0
552.9347	-1.0
552.95306	-1.0
552.96967	-1.0
552.9903	1.0
553.0059	-1.0
553.01965	-1.0
553.02673	-1.0
553.1388	-1.0
564.04846	-1.0
564.0591	-1.0
564.0647	-1.0
564.0777	-1.0
564.0855	-1.0
564.08875	1.0
564.0997	-1.0
564.12006	-1.0
564.1338	1.0
564.1372	-1.0
564.1466	-1.0
564.2493	1.0
574.4737	-1.0
574.5276	-1.0
574.5316	-1.0
574.53784	1.0
574.54175	-1.0
574.5459	1.0
574.55475	-1.0
574.5585	-1.0
574.561	-1.0
574.5639	-1.0
574.57404	-1.0
574.5775	1.0
574.58026	-1.0
574.5849	-1.0
574.5918	-1.0
574.597	-1.0
574.6024	-1.0
574.6105	-1.0
574.613	-1.0
574.6172	-1.0
574.62067	-1.0
574.62445	-1.0
574.627	-1.0
574.64044	-1.0
574.64294	1.0
574.651	-1.0
574.65375	-1.0
574.6647	-1.0
574.6681	-1.0
574.67065	-1.0
574.684	-1.0
574.7027	-1.0
574.7055	1.0
574.71545	-1.0
574.7202	-1.0
574.7411	-1.0
574.7447	-1.0
574.7582	-1.0
574.76575	1.0
574.7733	-1.0
574.7843	-1.0
574.79803	-1.0
574.80554	-1.0
574.832	-1.0
574.8449	-1.0
574.8568	-1.0
574.8594	-1.0
574.8678	1.0
574.88007	-1.0
574.88727	-1.0
574.89514	-1.0
574.9139	-1.0
574.9174	-1.0
574.93646	1.0
574.94556	-1.0
574.9567	-1.0
574.9619	-1.0
574.97925	-1.0
574.9955	-1.0
575.025	-1.0
575.04	-1.0
575.07587	-1.0
575.0918	-1.0
575.1108	-1.0
575.13434	-1.0
575.1536	-1.0
575.1595	-1.0
575.174	-1.0
575.19006	-1.0
575.242	-1.0
575.2628	-1.0
575.2871	-1.0
575.31506	1.0
575.3668	-1.0
575.53625	-1.0
575.5626	-1.0
575.61566	-1.0
575.6753	-1.0
581.178	-1.0
584.88074	-1.0
584.8857	-1.0
584.8882	-1.0
584.89746	-1.0
584.9	-1.0
584.9045	1.0
584.9071	1.0
584.90967	-1.0
584.92053	-1.0
584.92865	-1.0
584.93195	-1.0
584.94135	-1.0
584.9608	-1.0
584.9822	-1.0
585.03156	-1.0
585.0613	-1.0
585.0918	-1.0
585.116	-1.0
585.1288	-1.0
585.14746	-1.0
585.19867	1.0
585.21735	-1.0
585.2355	-1.0
585.2477	-1.0
585.2753	1.0
585.2836	-1.0
585.29877	-1.0
585.3168	-1.0
585.3734	-1.0
585.3902	-1.0
585.40027	-1.0
585.41364	-1.0
585.4353	-1.0
585.4541	1.0
585.503	1.0
585.5142	-1.0
585.5456	-1.0
585.5666	-1.0
585.67926	-1.0
