0.49224	-1.0
0.5038	-1.0
0.5278	-1.0
0.57332	1.0
0.57716	-1.0
0.58552	1.0
0.60124	1.0
0.60452	-1.0
0.6264	1.0
0.64356	-1.0
0.66584	-1.0
0.67156	1.0
0.6846	-1.0
0.688	-1.0
0.70584	-1.0
0.71108	-1.0
0.71948	-1.0
0.72756	-1.0
0.73972	-1.0
0.74656	-1.0
0.75472	-1.0
0.75728	1.0
0.78652	1.0
0.78928	-1.0
0.80004	-1.0
0.805	1.0
0.80964	-1.0
0.82452	-1.0
0.82844	-1.0
0.8406	-1.0
0.84328	1.0
0.85248	-1.0
0.8638	-1.0
0.87756	-1.0
0.88772	-1.0
0.8966	-1.0
0.90376	-1.0
0.91132	-1.0
0.91408	-1.0
0.91792	-1.0
0.93416	-1.0
0.94076	-1.0
0.95524	-1.0
0.97	-1.0
0.97676	-1.0
0.98372	-1.0
0.99608	-1.0
1.00688	-1.0
1.01116	-1.0
1.0162	-1.0
1.0228	-1.0
1.04076	-1.0
1.052	-1.0
1.05772	-1.0
1.06156	-1.0
1.07528	-1.0
1.07864	-1.0
1.09076	-1.0
1.09444	-1.0
1.10168	-1.0
1.1094	-1.0
1.11604	-1.0
1.12732	-1.0
1.13352	-1.0
1.13676	-1.0
1.14764	-1.0
1.156	-1.0
1.16472	-1.0
1.17436	-1.0
1.19436	-1.0
1.2104	-1.0
1.218	-1.0
1.22248	-1.0
1.24172	-1.0
1.24748	-1.0
1.2664	-1.0
1.28344	-1.0
1.29364	-1.0
1.30208	-1.0
1.32104	-1.0
1.34628	-1.0
1.38104	-1.0
1.38472	-1.0
1.39456	-1.0
1.42856	-1.0
1.47704	-1.0
1.52332	-1.0
1.56952	-1.0
1.65152	-1.0
1.66232	-1.0
2.7806	-1.0
3.71552	-1.0
4.02536	-1.0
4.8604	-1.0
4.94904	-1.0
5.49352	-1.0
5.93952	-1.0
6.05708	-1.0
6.38404	-1.0
6.6046	-1.0
7.11284	-1.0
7.21668	-1.0
7.38716	-1.0
7.8652	-1.0
8.3088	-1.0
8.33636	-1.0
8.84932	-1.0
9.22064	-1.0
10.01152	-1.0
10.5292	-1.0
11.18368	-1.0
11.55304	-1.0
11.64828	-1.0
12.27956	-1.0
12.6438	-1.0
12.719	-1.0
13.15336	-1.0
13.90684	-1.0
13.94696	-1.0
14.48744	-1.0
15.16528	-1.0
15.62488	-1.0
16.14072	-1.0
16.28504	-1.0
16.8506	-1.0
17.62312	-1.0
17.825	-1.0
18.18636	-1.0
20.64432	-1.0
20.79864	-1.0
21.08464	-1.0
21.64272	-1.0
21.6646	-1.0
21.69332	-1.0
21.73484	-1.0
21.74696	-1.0
21.82668	-1.0
21.91644	-1.0
21.92168	-1.0
21.96192	-1.0
21.98332	-1.0
22.02056	-1.0
22.0686	-1.0
22.08624	-1.0
22.1608	-1.0
22.266	-1.0
22.2976	-1.0
22.39364	-1.0
23.27304	-1.0
24.10876	-1.0
24.75016	-1.0
25.25628	-1.0
25.74188	-1.0
26.15164	-1.0
26.61132	-1.0
27.46608	-1.0
27.51	-1.0
27.9978	-1.0
28.61564	-1.0
29.4222	-1.0
30.06116	-1.0
30.67628	-1.0
31.48396	-1.0
32.01292	-1.0
32.86184	-1.0
33.298	-1.0
34.4056	-1.0
34.4082	1.0
34.41292	1.0
34.41684	-1.0
34.44592	-1.0
34.47152	-1.0
34.51404	1.0
34.51668	-1.0
34.53184	-1.0
34.54752	-1.0
34.565	-1.0
34.621	-1.0
34.63528	-1.0
34.65428	-1.0
34.66124	-1.0
34.6704	-1.0
34.70216	-1.0
34.70824	-1.0
34.73284	1.0
34.7632	-1.0
34.79664	-1.0
34.82868	-1.0
34.8374	-1.0
34.85884	-1.0
34.87064	-1.0
34.87656	-1.0
34.9048	-1.0
34.91856	-1.0
34.92724	-1.0
34.95612	-1.0
34.9794	-1.0
35.02472	-1.0
35.07248	-1.0
35.084	-1.0
35.13676	-1.0
35.14332	-1.0
35.17708	-1.0
35.20216	-1.0
35.25912	-1.0
37.24012	-1.0
38.16144	-1.0
38.67692	-1.0
38.83848	-1.0
39.07364	-1.0
39.3676	-1.0
39.51292	-1.0
39.73464	-1.0
40.43496	-1.0
40.71888	-1.0
41.38388	-1.0
41.95812	-1.0
42.09156	-1.0
42.93328	-1.0
43.04516	-1.0
43.05396	-1.0
43.06604	-1.0
43.2818	-1.0
43.41044	-1.0
43.63188	-1.0
43.66872	1.0
43.67272	-1.0
43.67536	-1.0
43.68472	-1.0
43.68736	1.0
43.7216	1.0
43.72476	-1.0
43.73144	-1.0
43.74152	1.0
43.75644	-1.0
43.77224	-1.0
43.82808	1.0
43.8642	-1.0
43.90468	-1.0
43.90728	-1.0
43.95644	-1.0
44.00464	-1.0
44.04152	-1.0
44.04676	-1.0
44.08696	-1.0
44.15288	-1.0
44.20468	-1.0
44.25024	-1.0
44.28896	-1.0
44.318	-1.0
44.32888	-1.0
44.36208	-1.0
44.40884	-1.0
44.43988	-1.0
44.48536	-1.0
47.03364	-1.0
47.5504	-1.0
48.52732	-1.0
48.97848	-1.0
49.61772	-1.0
50.27328	-1.0
50.29876	-1.0
51.12268	-1.0
51.56292	-1.0
51.58092	-1.0
51.59432	-1.0
51.68496	-1.0
51.77504	-1.0
51.93756	-1.0
52.47608	-1.0
52.97364	-1.0
53.92624	-1.0
54.02884	-1.0
54.44916	-1.0
55.3626	-1.0
56.043	-1.0
56.39884	-1.0
56.40792	-1.0
56.42144	-1.0
56.84872	-1.0
57.43932	-1.0
58.84904	-1.0
60.1734	-1.0
60.71216	-1.0
61.23656	-1.0
61.91528	-1.0
62.42688	-1.0
63.08064	-1.0
63.74044	-1.0
64.88992	-1.0
65.35872	-1.0
65.86512	-1.0
67.28324	-1.0
67.5494	1.0
67.55556	-1.0
67.57736	1.0
67.59188	1.0
67.6068	-1.0
67.61632	1.0
67.61884	1.0
67.64376	-1.0
67.65864	1.0
67.6704	-1.0
67.69356	-1.0
67.71956	-1.0
67.74232	-1.0
67.75048	-1.0
67.75676	-1.0
67.78064	-1.0
67.79108	-1.0
67.80356	-1.0
67.83892	-1.0
67.85544	-1.0
67.8644	-1.0
67.87004	-1.0
67.879	-1.0
67.88676	-1.0
67.92296	-1.0
67.95084	-1.0
67.97196	-1.0
67.98792	-1.0
68.00924	-1.0
68.01672	-1.0
68.02908	-1.0
68.05812	-1.0
68.0728	-1.0
68.08844	-1.0
68.09748	-1.0
68.11828	-1.0
68.13976	-1.0
68.1434	-1.0
68.1674	-1.0
68.19816	-1.0
68.222	-1.0
68.23632	-1.0
68.25396	-1.0
68.29056	-1.0
68.29508	-1.0
68.30756	-1.0
68.32132	-1.0
68.32768	-1.0
68.33284	-1.0
68.4148	-1.0
68.4854	-1.0
70.09232	-1.0
71.09692	-1.0
71.3306	-1.0
71.75596	-1.0
72.79388	-1.0
72.79884	-1.0
73.14364	-1.0
73.19244	-1.0
73.67108	-1.0
74.09912	-1.0
74.41388	-1.0
75.19776	-1.0
75.93288	-1.0
75.9816	-1.0
76.6978	-1.0
76.79348	-1.0
77.84732	-1.0
78.8796	-1.0
80.00196	-1.0
80.03176	-1.0
80.605	-1.0
80.62968	-1.0
80.64804	-1.0
80.72524	-1.0
80.836	-1.0
81.09316	-1.0
81.18268	-1.0
81.18616	-1.0
81.63076	-1.0
82.14708	-1.0
82.78612	-1.0
83.33192	-1.0
84.1752	-1.0
84.94412	-1.0
85.87764	-1.0
86.88936	-1.0
87.23188	-1.0
87.89168	-1.0
88.94964	-1.0
89.44044	-1.0
90.28556	-1.0
90.78548	-1.0
91.41892	-1.0
91.86004	-1.0
92.64264	1.0
92.64896	1.0
92.67936	-1.0
92.69204	-1.0
92.70452	-1.0
92.76456	-1.0
92.79852	-1.0
92.82084	-1.0
92.82696	-1.0
92.84372	-1.0
92.84716	-1.0
92.86156	-1.0
92.87852	-1.0
92.89352	-1.0
92.90732	-1.0
92.92564	-1.0
92.92884	1.0
92.93212	-1.0
92.94156	-1.0
92.95572	-1.0
92.97284	-1.0
92.9756	-1.0
92.98316	-1.0
92.98836	-1.0
92.999	-1.0
93.01124	-1.0
93.01924	-1.0
93.02884	-1.0
93.04424	-1.0
93.0524	-1.0
93.06568	-1.0
93.07804	-1.0
93.08484	-1.0
93.1062	-1.0
93.11972	-1.0
93.1236	-1.0
93.13424	-1.0
93.148	-1.0
93.15192	-1.0
93.16792	-1.0
93.17184	-1.0
93.19388	-1.0
93.20524	-1.0
93.20792	-1.0
93.22548	-1.0
93.23552	-1.0
93.24532	-1.0
93.2696	-1.0
93.27692	-1.0
93.28836	-1.0
93.31232	-1.0
93.3164	-1.0
93.33936	-1.0
93.35744	-1.0
93.36336	-1.0
93.394	-1.0
93.40372	-1.0
93.44028	-1.0
93.45084	-1.0
93.47776	-1.0
93.49628	-1.0
93.52948	-1.0
93.53588	-1.0
93.62104	-1.0
93.79604	-1.0
95.1436	-1.0
96.2662	-1.0
96.77496	-1.0
96.99644	-1.0
97.67412	-1.0
98.05856	-1.0
98.0766	-1.0
98.25392	-1.0
98.29128	-1.0
98.90152	-1.0
99.06172	-1.0
99.62404	-1.0
99.8196	-1.0
100.68712	-1.0
101.29072	-1.0
101.31864	-1.0
101.87332	-1.0
102.56472	-1.0
102.88156	-1.0
103.22784	-1.0
103.58624	-1.0
104.17352	-1.0
104.22048	-1.0
104.52748	-1.0
105.54872	-1.0
105.95724	-1.0
106.72152	-1.0
107.14556	-1.0
107.59448	-1.0
108.09284	-1.0
108.64244	-1.0
109.4694	-1.0
109.66408	-1.0
109.80728	-1.0
110.61872	-1.0
111.0676	-1.0
111.44212	-1.0
111.56896	1.0
111.57188	-1.0
111.57816	-1.0
111.59568	-1.0
111.61408	-1.0
111.6172	-1.0
111.65248	1.0
111.65712	-1.0
111.6766	-1.0
111.71328	-1.0
111.75084	-1.0
111.77104	-1.0
111.78688	-1.0
111.8026	-1.0
111.8218	-1.0
111.83872	-1.0
111.8444	-1.0
111.86724	-1.0
111.89392	-1.0
111.9108	-1.0
111.92924	-1.0
111.95188	-1.0
111.99932	-1.0
112.01428	-1.0
112.03272	-1.0
112.059	-1.0
112.06844	-1.0
112.07932	-1.0
112.10836	-1.0
112.12952	-1.0
112.17708	-1.0
113.71968	-1.0
114.62184	-1.0
114.83076	-1.0
115.02368	-1.0
115.66184	-1.0
116.18004	-1.0
116.58232	-1.0
117.22628	-1.0
117.90452	-1.0
118.0746	-1.0
118.20688	-1.0
118.84456	-1.0
119.13772	-1.0
119.54608	-1.0
120.02424	-1.0
120.42404	-1.0
120.98368	-1.0
121.42412	-1.0
122.04724	-1.0
122.63656	-1.0
122.87668	-1.0
123.20964	-1.0
123.53784	-1.0
123.9668	-1.0
123.96952	-1.0
124.58892	-1.0
124.88348	-1.0
125.29472	-1.0
125.60448	-1.0
126.06908	-1.0
126.42212	-1.0
126.8894	-1.0
127.1762	-1.0
127.4426	-1.0
128.14133	-1.0
128.51524	-1.0
129.01744	-1.0
129.24815	-1.0
129.76804	-1.0
130.01695	-1.0
130.68327	-1.0
130.97992	-1.0
131.219	-1.0
131.48093	-1.0
131.70604	-1.0
131.97997	-1.0
132.5758	-1.0
132.77151	-1.0
132.98589	-1.0
133.26472	-1.0
133.52464	-1.0
133.8142	-1.0
134.03664	-1.0
134.52637	-1.0
134.5338	-1.0
134.55035	-1.0
134.59567	-1.0
134.6144	-1.0
134.64856	-1.0
134.71432	-1.0
134.85245	-1.0
134.87056	-1.0
134.88644	-1.0
134.8978	-1.0
134.91188	-1.0
134.94916	-1.0
134.98764	-1.0
135.00948	-1.0
135.049	-1.0
135.0722	-1.0
135.13689	-1.0
135.14444	-1.0
135.20493	-1.0
135.22923	-1.0
135.24664	-1.0
135.31113	-1.0
135.32968	-1.0
135.38045	-1.0
135.40916	-1.0
135.48631	-1.0
135.885	-1.0
136.575	-1.0
136.8606	-1.0
137.15288	-1.0
137.38716	-1.0
137.646	-1.0
137.90495	-1.0
138.19228	-1.0
138.41864	-1.0
138.91245	-1.0
139.09644	-1.0
139.33163	-1.0
139.61308	-1.0
139.86247	-1.0
140.43596	-1.0
140.60793	-1.0
140.81036	-1.0
141.00436	-1.0
141.23972	-1.0
141.46297	-1.0
141.68983	-1.0
142.22797	1.0
142.23436	1.0
142.23752	-1.0
142.28725	-1.0
142.3212	-1.0
142.32372	1.0
142.327	-1.0
142.34389	-1.0
142.35312	1.0
142.37044	-1.0
142.4102	1.0
142.43056	-1.0
142.44704	1.0
142.45924	-1.0
142.46808	-1.0
142.48145	-1.0
142.4888	-1.0
142.49384	1.0
142.509	-1.0
142.52184	-1.0
142.53148	1.0
142.55637	-1.0
142.56816	-1.0
142.58607	-1.0
142.59108	-1.0
142.60368	-1.0
142.60692	-1.0
142.61404	-1.0
142.62624	-1.0
142.6304	-1.0
142.63889	-1.0
142.6538	-1.0
142.66003	-1.0
142.66896	-1.0
142.68517	-1.0
142.70244	-1.0
142.72012	-1.0
142.73705	-1.0
142.75343	-1.0
142.76332	-1.0
142.77756	-1.0
142.79636	-1.0
142.80077	-1.0
142.80792	-1.0
142.81789	-1.0
142.83604	-1.0
142.8454	-1.0
142.84972	-1.0
142.86932	-1.0
142.879	-1.0
142.8884	-1.0
142.89304	-1.0
142.90176	-1.0
142.91956	-1.0
142.93211	-1.0
142.94524	-1.0
142.95276	-1.0
142.96364	-1.0
142.97572	-1.0
142.98273	-1.0
142.99304	-1.0
143.01305	-1.0
143.0636	-1.0
143.07677	-1.0
143.104	-1.0
143.13857	-1.0
144.46712	-1.0
144.91235	-1.0
145.64804	-1.0
145.67592	-1.0
145.87263	-1.0
146.42355	-1.0
146.61116	-1.0
146.85504	-1.0
146.92789	-1.0
147.15092	-1.0
147.3422	-1.0
147.58348	-1.0
147.69072	-1.0
147.86816	-1.0
148.16736	-1.0
148.45952	-1.0
148.4908	-1.0
148.78143	-1.0
149.3196	-1.0
149.60092	-1.0
149.7414	-1.0
149.915	-1.0
150.1802	-1.0
150.39153	-1.0
150.44965	-1.0
150.8776	-1.0
150.89064	-1.0
151.13968	-1.0
151.217	-1.0
151.41156	-1.0
152.38963	-1.0
152.58252	-1.0
152.61952	-1.0
152.67032	-1.0
152.70567	-1.0
153.0562	-1.0
153.81229	-1.0
153.8648	-1.0
154.15704	-1.0
154.4938	-1.0
154.99464	-1.0
155.34692	-1.0
156.05392	-1.0
156.75476	-1.0
157.04788	-1.0
157.35657	-1.0
157.79231	-1.0
158.10828	-1.0
158.5524	-1.0
158.83664	-1.0
159.08437	-1.0
159.37811	-1.0
159.73296	-1.0
160.0204	-1.0
160.30289	-1.0
160.39977	-1.0
160.4124	-1.0
160.42212	-1.0
160.44032	-1.0
160.4656	-1.0
160.57623	-1.0
160.6034	-1.0
160.73268	-1.0
161.14772	-1.0
161.502	-1.0
161.767	-1.0
162.12444	-1.0
162.41995	-1.0
162.78908	-1.0
163.18668	-1.0
163.68452	-1.0
163.95525	-1.0
164.32732	-1.0
164.74107	-1.0
165.29964	-1.0
165.59508	-1.0
165.82391	-1.0
166.14096	-1.0
166.1676	-1.0
166.19264	-1.0
166.23685	-1.0
166.32623	-1.0
166.59528	-1.0
167.03049	-1.0
167.7056	-1.0
168.07687	-1.0
168.67493	-1.0
169.44304	-1.0
169.7404	-1.0
170.02171	-1.0
170.40172	-1.0
171.0572	-1.0
171.5018	-1.0
171.8976	-1.0
172.2998	-1.0
172.36244	-1.0
172.39291	1.0
172.39624	-1.0
172.41208	1.0
172.4292	1.0
172.45024	1.0
172.45372	-1.0
172.47072	1.0
172.4912	1.0
172.50908	-1.0
172.52003	-1.0
172.53	1.0
172.5326	-1.0
172.5376	-1.0
172.55064	-1.0
172.56252	-1.0
172.5758	-1.0
172.58772	-1.0
172.59512	-1.0
172.607	-1.0
172.61644	-1.0
172.62836	1.0
172.63689	-1.0
172.63943	-1.0
172.649	-1.0
172.6568	-1.0
172.66444	1.0
172.66696	-1.0
172.675	-1.0
172.68684	1.0
172.69356	-1.0
172.70103	-1.0
172.70804	-1.0
172.71672	-1.0
172.7268	-1.0
172.743	-1.0
172.74837	-1.0
172.7532	-1.0
172.7588	-1.0
172.76695	-1.0
172.77573	-1.0
172.77896	-1.0
172.79332	-1.0
172.7966	-1.0
172.79948	-1.0
172.80795	-1.0
172.81937	-1.0
172.83272	-1.0
172.8732	-1.0
172.87848	-1.0
172.88568	-1.0
172.89444	-1.0
172.90048	-1.0
172.9106	-1.0
172.9306	1.0
172.9366	-1.0
172.94872	-1.0
172.95348	-1.0
172.9676	-1.0
172.97037	-1.0
172.98112	-1.0
172.99329	-1.0
173.006	-1.0
173.01044	-1.0
173.02168	-1.0
173.03932	-1.0
173.04253	-1.0
173.06456	-1.0
173.079	-1.0
173.08884	-1.0
173.09456	-1.0
173.10944	-1.0
173.11528	-1.0
173.13516	-1.0
173.14584	-1.0
173.17036	-1.0
173.19676	-1.0
173.2252	-1.0
173.2338	-1.0
173.26172	-1.0
173.30096	-1.0
173.41948	-1.0
173.65376	-1.0
176.36745	-1.0
177.30492	-1.0
177.56895	-1.0
177.7722	-1.0
178.47368	-1.0
178.76337	-1.0
179.05492	-1.0
179.3032	-1.0
179.47585	-1.0
179.81017	-1.0
180.47348	-1.0
180.72787	-1.0
181.03416	-1.0
181.33208	-1.0
182.28108	-1.0
182.66647	-1.0
182.96992	-1.0
183.18263	-1.0
183.31525	-1.0
183.39124	-1.0
183.98024	-1.0
184.21704	-1.0
184.5986	-1.0
184.9098	-1.0
185.17824	-1.0
185.7488	-1.0
185.99536	-1.0
186.25656	-1.0
186.8864	-1.0
187.22565	-1.0
187.9514	-1.0
188.2308	-1.0
188.95004	-1.0
189.66096	-1.0
190.37476	-1.0
190.88995	-1.0
191.61952	-1.0
192.61089	-1.0
193.24773	-1.0
193.492	-1.0
193.91212	-1.0
194.77568	-1.0
195.11044	-1.0
195.67451	-1.0
196.36143	-1.0
196.72284	-1.0
197.00624	-1.0
197.38393	-1.0
197.74132	-1.0
198.88783	-1.0
199.73389	-1.0
200.2798	-1.0
200.77364	-1.0
201.11652	-1.0
201.85252	-1.0
202.39856	-1.0
203.06288	-1.0
203.4078	-1.0
203.8052	1.0
203.81396	1.0
203.85023	1.0
203.85336	-1.0
203.86765	-1.0
203.88635	-1.0
203.89908	1.0
203.91136	-1.0
203.91985	-1.0
203.9238	-1.0
203.93633	-1.0
203.94936	-1.0
203.96889	-1.0
203.98209	1.0
204.001	-1.0
204.0288	-1.0
204.05965	-1.0
204.071	-1.0
204.10596	-1.0
204.14748	-1.0
204.17244	-1.0
204.18677	-1.0
204.1928	-1.0
204.20384	-1.0
204.20811	-1.0
204.23224	-1.0
204.25964	-1.0
204.27812	-1.0
204.29897	-1.0
204.30492	-1.0
204.33533	-1.0
204.3412	-1.0
204.34784	-1.0
204.35664	-1.0
204.38284	-1.0
204.41588	-1.0
204.43211	-1.0
204.4532	-1.0
204.46889	-1.0
204.4894	-1.0
204.49876	-1.0
204.5592	-1.0
204.59396	-1.0
204.61469	-1.0
204.62892	-1.0
204.64868	-1.0
204.68076	-1.0
206.32776	-1.0
207.31387	-1.0
207.37515	-1.0
207.744	-1.0
208.27	-1.0
208.57635	-1.0
209.03624	-1.0
209.38445	-1.0
209.8836	-1.0
210.19156	-1.0
210.4334	-1.0
210.59695	-1.0
211.05225	-1.0
211.09424	-1.0
211.30988	-1.0
211.72888	-1.0
211.78192	-1.0
212.46088	-1.0
212.553	-1.0
213.29724	-1.0
213.51056	-1.0
214.11404	-1.0
214.5984	-1.0
215.07356	-1.0
215.08012	-1.0
216.74168	-1.0
217.15611	-1.0
217.60497	-1.0
218.21356	-1.0
218.44252	-1.0
218.712	-1.0
219.058	-1.0
219.60744	-1.0
220.22116	-1.0
220.47368	-1.0
221.10692	-1.0
221.81148	-1.0
222.13309	-1.0
222.40984	-1.0
222.77255	-1.0
222.85112	-1.0
222.9952	-1.0
223.0204	-1.0
223.0412	-1.0
223.14848	-1.0
223.1688	-1.0
223.19812	-1.0
223.22131	-1.0
223.25496	-1.0
223.27489	-1.0
223.29204	-1.0
223.30972	-1.0
223.34224	-1.0
223.34885	-1.0
223.385	-1.0
223.40176	-1.0
223.44012	-1.0
223.46889	-1.0
223.58104	-1.0
224.643	-1.0
225.7842	-1.0
226.40952	-1.0
227.23177	-1.0
227.65356	-1.0
228.10815	-1.0
228.8136	-1.0
229.26448	-1.0
230.11292	-1.0
230.60687	-1.0
231.04512	-1.0
231.48232	-1.0
232.28932	-1.0
234.20744	-1.0
235.69797	-1.0
236.28185	-1.0
237.3312	-1.0
238.63084	-1.0
239.11252	-1.0
239.11807	1.0
239.12505	-1.0
239.1276	-1.0
239.15964	-1.0
239.18156	-1.0
239.19827	-1.0
239.21275	-1.0
239.2272	1.0
239.26431	-1.0
239.3002	-1.0
239.3266	-1.0
239.34068	-1.0
239.3446	-1.0
239.34744	-1.0
239.35912	-1.0
239.37152	-1.0
239.37448	-1.0
239.37791	-1.0
239.382	-1.0
239.38672	-1.0
239.39651	-1.0
239.4016	-1.0
239.40852	-1.0
239.42812	-1.0
239.44832	-1.0
239.45912	-1.0
239.48352	-1.0
239.49748	-1.0
239.50755	-1.0
239.5142	-1.0
239.52504	-1.0
239.528	-1.0
239.5432	-1.0
239.5474	-1.0
239.56076	-1.0
239.5652	-1.0
239.57751	-1.0
239.58775	-1.0
239.5918	-1.0
239.59596	-1.0
239.60504	-1.0
239.60912	-1.0
239.61424	-1.0
239.64812	-1.0
239.6534	-1.0
239.66904	-1.0
239.67252	-1.0
239.67996	-1.0
239.68443	-1.0
239.71144	-1.0
239.71507	-1.0
239.71877	-1.0
239.73569	-1.0
239.74136	-1.0
239.75548	-1.0
239.77097	-1.0
239.7856	-1.0
239.7928	-1.0
239.80943	-1.0
239.8362	-1.0
239.84944	-1.0
239.8846	-1.0
239.89017	-1.0
239.9264	-1.0
239.9614	-1.0
239.9826	-1.0
239.99464	-1.0
240.0988	-1.0
240.156	-1.0
240.22336	-1.0
242.2158	-1.0
242.92064	-1.0
243.60551	-1.0
244.41492	-1.0
244.59492	-1.0
245.22044	-1.0
245.37564	-1.0
247.22368	-1.0
247.22708	-1.0
247.73643	-1.0
247.84924	-1.0
248.55112	-1.0
249.10995	-1.0
250.0192	-1.0
250.411	-1.0
250.58368	-1.0
251.22928	-1.0
251.80612	-1.0
251.81853	-1.0
251.8954	-1.0
251.95917	-1.0
252.02824	-1.0
252.06029	-1.0
252.0886	-1.0
252.15788	-1.0
252.27664	-1.0
252.30856	-1.0
252.32584	-1.0
253.18672	-1.0
254.0708	-1.0
254.6782	-1.0
255.35477	-1.0
256.106	1.0
256.11124	1.0
256.11697	-1.0
256.12375	-1.0
256.12723	1.0
256.16028	1.0
256.16663	-1.0
256.17557	-1.0
256.18396	1.0
256.20853	1.0
256.21268	-1.0
256.23904	1.0
256.2549	1.0
256.27832	-1.0
256.29077	-1.0
256.3007	-1.0
256.3122	1.0
256.31485	-1.0
256.32736	1.0
256.342	-1.0
256.34488	1.0
256.3572	-1.0
256.3724	-1.0
256.38455	1.0
256.39645	-1.0
256.39996	1.0
256.41125	-1.0
256.42075	1.0
256.42505	-1.0
256.44336	-1.0
256.4467	1.0
256.4565	-1.0
256.46075	-1.0
256.4732	-1.0
256.48053	-1.0
256.49048	-1.0
256.5005	-1.0
256.50677	-1.0
256.52472	-1.0
256.52777	-1.0
256.537	-1.0
256.55283	-1.0
256.5631	-1.0
256.57578	-1.0
256.58783	-1.0
256.6038	-1.0
256.62576	-1.0
256.64175	-1.0
256.6721	-1.0
256.70453	-1.0
256.74487	-1.0
256.76416	-1.0
256.7934	-1.0
256.8185	-1.0
256.8431	-1.0
256.8562	-1.0
256.8662	-1.0
256.95135	-1.0
257.0886	-1.0
257.1818	-1.0
259.33325	-1.0
260.7383	-1.0
261.0366	-1.0
261.6805	-1.0
262.1952	-1.0
262.77545	-1.0
263.3297	-1.0
263.39716	-1.0
263.98087	-1.0
264.27396	-1.0
264.36288	-1.0
264.42496	-1.0
264.47757	-1.0
264.68332	-1.0
264.992	-1.0
265.70007	-1.0
265.88385	-1.0
266.97897	-1.0
267.48163	-1.0
267.56024	-1.0
268.10315	-1.0
268.93497	-1.0
269.09372	-1.0
269.70944	-1.0
270.27676	-1.0
270.73297	-1.0
272.32272	-1.0
272.52393	-1.0
273.7611	-1.0
274.3764	-1.0
275.9156	-1.0
276.72333	-1.0
277.22867	-1.0
278.098	-1.0
278.7166	-1.0
280.57877	-1.0
281.44797	-1.0
282.32928	-1.0
283.06348	-1.0
284.09064	-1.0
284.17947	-1.0
284.24207	-1.0
284.27344	-1.0
284.29532	-1.0
284.3384	-1.0
284.40485	-1.0
284.45956	-1.0
284.47247	-1.0
284.49655	-1.0
284.51028	-1.0
284.53592	-1.0
284.5566	-1.0
284.58347	-1.0
284.607	-1.0
284.6128	-1.0
284.64276	-1.0
284.67404	-1.0
284.69913	-1.0
284.72952	-1.0
284.76505	-1.0
284.7725	-1.0
284.8352	-1.0
284.83975	-1.0
284.90485	-1.0
286.27557	-1.0
287.59155	-1.0
289.68475	-1.0
290.39404	-1.0
291.25757	-1.0
292.2924	-1.0
293.47092	-1.0
293.96423	1.0
293.97275	1.0
294.01233	-1.0
294.02612	-1.0
294.0287	-1.0
294.04825	-1.0
294.10873	-1.0
294.1191	-1.0
294.12473	-1.0
294.14377	-1.0
294.1514	-1.0
294.18896	-1.0
294.2201	-1.0
294.23212	-1.0
294.24655	-1.0
294.2611	-1.0
294.2639	1.0
294.2816	-1.0
294.29895	-1.0
294.33124	-1.0
294.35452	-1.0
294.3835	-1.0
294.42123	-1.0
294.46405	-1.0
294.48932	-1.0
294.5398	-1.0
294.56647	-1.0
294.59818	-1.0
294.62912	-1.0
294.64053	-1.0
294.67352	-1.0
294.72256	-1.0
294.74997	-1.0
294.78464	-1.0
294.81305	-1.0
297.20187	-1.0
297.438	-1.0
297.5716	-1.0
297.9576	-1.0
298.56644	-1.0
298.61115	-1.0
299.4925	-1.0
299.70175	-1.0
300.33893	-1.0
300.37875	-1.0
301.12735	-1.0
301.2837	-1.0
301.4401	-1.0
302.48505	-1.0
303.07364	-1.0
303.51965	-1.0
303.82288	-1.0
304.1733	-1.0
304.96927	-1.0
305.42267	-1.0
305.68005	-1.0
306.45193	-1.0
307.0556	-1.0
307.80496	-1.0
308.59784	-1.0
308.60443	1.0
308.61823	1.0
308.65088	-1.0
308.67203	1.0
308.69836	-1.0
308.71747	-1.0
308.7289	-1.0
308.73227	-1.0
308.74844	-1.0
308.7582	-1.0
308.78488	-1.0
308.82587	-1.0
308.84	-1.0
308.8553	-1.0
308.86032	-1.0
308.86752	-1.0
308.87164	-1.0
308.8843	-1.0
308.9006	-1.0
308.9202	-1.0
308.95468	-1.0
308.97815	-1.0
309.0009	-1.0
309.022	-1.0
309.03784	-1.0
309.07715	-1.0
309.09116	-1.0
309.0937	-1.0
309.14725	-1.0
309.1641	-1.0
309.19693	-1.0
309.21555	-1.0
309.2376	-1.0
309.249	-1.0
309.26727	-1.0
309.27847	-1.0
309.3016	-1.0
309.3224	-1.0
309.37115	-1.0
309.4136	-1.0
309.41632	-1.0
309.47717	-1.0
311.32965	-1.0
312.7295	-1.0
313.0884	-1.0
314.5338	-1.0
314.56555	-1.0
315.88925	-1.0
315.89496	-1.0
317.02985	-1.0
317.59155	-1.0
318.0019	-1.0
318.0836	-1.0
318.21564	-1.0
318.28845	-1.0
318.5062	-1.0
318.51093	-1.0
318.55927	-1.0
318.59387	-1.0
318.79147	-1.0
318.827	-1.0
318.8592	-1.0
318.86975	-1.0
318.9024	-1.0
318.93124	-1.0
319.0078	-1.0
319.0449	-1.0
320.87372	-1.0
322.6728	-1.0
323.01843	-1.0
323.02533	1.0
323.06232	-1.0
323.1267	-1.0
323.13293	1.0
323.13663	-1.0
323.15793	1.0
323.18564	1.0
323.222	-1.0
323.25912	-1.0
323.2656	-1.0
323.3303	-1.0
323.38745	-1.0
326.30893	-1.0
328.0279	-1.0
328.92688	-1.0
328.98352	-1.0
329.0157	-1.0
329.1119	-1.0
329.6305	-1.0
330.2537	-1.0
331.70975	-1.0
332.7383	-1.0
333.74564	-1.0
333.99088	-1.0
335.08255	-1.0
335.48935	-1.0
335.498	-1.0
335.6137	-1.0
336.0615	-1.0
336.27588	-1.0
336.31204	-1.0
336.4494	-1.0
336.49704	-1.0
337.3995	-1.0
338.15924	1.0
338.16296	1.0
338.1715	1.0
338.1921	-1.0
338.19464	1.0
338.24103	-1.0
338.25827	1.0
338.27985	-1.0
338.30667	1.0
338.32272	-1.0
338.3294	1.0
338.33456	-1.0
338.33865	-1.0
338.3417	1.0
338.3492	-1.0
338.37363	1.0
338.3845	-1.0
338.39716	-1.0
338.40787	-1.0
338.4217	-1.0
338.42725	-1.0
338.43475	1.0
338.43808	-1.0
338.44876	-1.0
338.45984	-1.0
338.4714	-1.0
338.4826	-1.0
338.502	-1.0
338.5122	-1.0
338.52704	-1.0
338.5326	-1.0
338.53912	-1.0
338.54865	-1.0
338.554	-1.0
338.5638	-1.0
338.57675	-1.0
338.5801	-1.0
338.58792	-1.0
338.6002	-1.0
338.6173	-1.0
338.62936	-1.0
338.63483	-1.0
338.6475	-1.0
338.6538	-1.0
338.6621	-1.0
338.67175	-1.0
338.67767	-1.0
338.6882	-1.0
338.6948	-1.0
338.7084	-1.0
338.71497	-1.0
338.73047	-1.0
338.74536	-1.0
338.77707	-1.0
338.78143	-1.0
338.8072	-1.0
338.8253	-1.0
338.83743	-1.0
338.8604	-1.0
338.86377	-1.0
338.89383	-1.0
338.9046	-1.0
338.93036	-1.0
338.93457	-1.0
339.09653	-1.0
339.1403	-1.0
342.64136	-1.0
343.56375	-1.0
344.61432	-1.0
345.1094	-1.0
346.11313	-1.0
346.57388	-1.0
347.44977	-1.0
348.3637	-1.0
348.9854	-1.0
349.89587	-1.0
350.5475	-1.0
351.1689	-1.0
351.9789	-1.0
352.5856	-1.0
353.68735	-1.0
354.19965	-1.0
354.5959	-1.0
354.59848	-1.0
354.6164	-1.0
354.64444	-1.0
354.64697	-1.0
354.65076	1.0
354.66037	-1.0
354.6769	-1.0
354.69128	-1.0
354.74228	-1.0
354.74835	-1.0
354.75928	-1.0
354.78375	-1.0
354.8047	-1.0
354.84308	-1.0
354.85355	-1.0
354.87585	-1.0
354.8971	-1.0
354.91043	-1.0
354.9177	-1.0
354.93243	-1.0
354.95627	-1.0
354.97525	-1.0
355.0034	-1.0
355.022	-1.0
355.03027	-1.0
355.04	-1.0
355.10275	-1.0
355.1804	-1.0
355.2036	-1.0
359.04205	-1.0
360.4468	-1.0
361.50336	-1.0
362.48663	-1.0
362.4977	-1.0
362.92612	-1.0
363.80893	-1.0
364.76224	-1.0
365.6828	-1.0
366.89572	-1.0
369.25497	-1.0
369.9731	-1.0
370.3594	-1.0
371.05795	-1.0
371.104	-1.0
371.11047	-1.0
371.13715	-1.0
371.15576	-1.0
371.17755	-1.0
371.19772	-1.0
371.24356	-1.0
371.2521	-1.0
371.31085	-1.0
371.33508	-1.0
371.38855	-1.0
371.48257	-1.0
372.97647	-1.0
373.47363	-1.0
374.41736	-1.0
374.928	-1.0
375.49228	-1.0
375.4959	-1.0
375.50583	-1.0
375.51355	-1.0
375.5412	-1.0
375.6177	-1.0
375.63507	1.0
375.71957	-1.0
375.7288	-1.0
375.74365	-1.0
375.77863	-1.0
375.79236	-1.0
375.8048	-1.0
375.8075	-1.0
375.8263	-1.0
375.84445	-1.0
375.8607	-1.0
375.87476	-1.0
375.8933	-1.0
375.92633	-1.0
375.9481	-1.0
375.9676	-1.0
375.98248	-1.0
376.00092	-1.0
376.0096	-1.0
376.042	-1.0
376.06033	-1.0
376.07532	-1.0
376.09436	-1.0
376.15927	-1.0
376.19644	-1.0
376.2105	-1.0
376.3311	-1.0
379.60385	-1.0
380.5999	-1.0
381.41507	-1.0
382.34393	-1.0
383.44696	1.0
383.45285	1.0
383.47488	-1.0
383.48456	1.0
383.50125	-1.0
383.52856	-1.0
383.5578	-1.0
383.56708	-1.0
383.57657	-1.0
385.15143	-1.0
385.70197	-1.0
386.46497	-1.0
387.60468	-1.0
388.02527	-1.0
388.10065	-1.0
388.58875	-1.0
389.72275	-1.0
390.43307	-1.0
390.99292	-1.0
391.752	-1.0
392.18872	-1.0
392.20953	-1.0
392.86685	-1.0
393.37183	-1.0
393.56488	-1.0
393.56775	-1.0
393.57193	1.0
393.57465	-1.0
393.59372	-1.0
393.59995	-1.0
393.6323	-1.0
393.65073	-1.0
393.6667	-1.0
393.6758	-1.0
393.68808	-1.0
393.73523	-1.0
393.74545	-1.0
393.7651	-1.0
393.7744	-1.0
393.7873	-1.0
393.80936	-1.0
393.82175	-1.0
393.8411	-1.0
393.8738	-1.0
393.92776	-1.0
395.488	-1.0
396.58884	-1.0
397.42404	-1.0
398.13672	-1.0
398.94583	-1.0
399.27628	-1.0
400.13083	-1.0
400.49915	-1.0
400.86307	-1.0
401.5872	-1.0
402.4721	-1.0
403.2174	-1.0
403.5227	-1.0
403.5457	-1.0
403.56995	-1.0
403.62463	-1.0
403.67352	-1.0
403.7106	-1.0
403.74112	-1.0
403.7614	-1.0
403.77975	-1.0
403.78513	-1.0
403.80188	-1.0
403.847	-1.0
403.87485	-1.0
403.91547	-1.0
403.931	-1.0
403.95752	-1.0
404.00696	-1.0
404.04495	-1.0
404.07953	-1.0
404.1186	-1.0
404.1518	-1.0
404.17108	-1.0
404.30017	-1.0
404.34137	-1.0
404.3794	-1.0
404.40573	-1.0
404.4513	-1.0
405.26212	-1.0
405.9304	-1.0
407.21823	-1.0
407.73026	-1.0
408.14932	-1.0
409.0671	-1.0
409.61603	-1.0
409.93616	-1.0
409.94843	-1.0
409.96164	-1.0
409.96786	-1.0
410.04236	-1.0
410.08652	-1.0
410.11377	-1.0
410.12265	-1.0
410.21033	-1.0
410.26633	-1.0
410.2926	-1.0
410.3176	-1.0
410.32117	-1.0
411.19812	-1.0
411.601	-1.0
412.82248	-1.0
413.22876	-1.0
414.22717	-1.0
415.05853	-1.0
415.50092	-1.0
415.89023	-1.0
416.31647	-1.0
417.52817	-1.0
417.58868	-1.0
417.59488	-1.0
417.5974	1.0
417.60852	-1.0
417.6339	-1.0
417.65155	-1.0
417.69257	-1.0
417.7007	-1.0
417.82104	-1.0
417.8419	-1.0
417.85492	-1.0
417.87265	-1.0
417.89368	-1.0
417.919	-1.0
417.95264	-1.0
417.97287	-1.0
417.98712	-1.0
418.0256	-1.0
418.03488	-1.0
418.08755	-1.0
418.11472	-1.0
418.14285	-1.0
418.173	-1.0
418.20148	-1.0
418.24753	-1.0
418.29135	-1.0
418.32703	-1.0
418.35257	-1.0
418.36545	-1.0
418.41055	-1.0
418.45157	-1.0
418.47012	-1.0
420.8338	-1.0
421.2815	-1.0
422.22083	-1.0
422.64536	-1.0
423.09265	-1.0
423.1434	-1.0
423.14996	-1.0
423.80692	-1.0
424.72693	-1.0
425.0001	-1.0
426.13107	-1.0
426.6042	-1.0
427.36707	-1.0
427.67627	-1.0
428.273	-1.0
428.66763	-1.0
429.1854	-1.0
429.56656	-1.0
429.92197	-1.0
430.3491	-1.0
430.7719	-1.0
431.74072	-1.0
432.01248	-1.0
432.7354	-1.0
432.98703	-1.0
433.85928	-1.0
434.13364	-1.0
434.46655	-1.0
434.8173	-1.0
435.15503	-1.0
435.4597	-1.0
436.00607	-1.0
436.27805	-1.0
436.55292	-1.0
437.1492	-1.0
437.46683	-1.0
437.7666	-1.0
438.2213	-1.0
438.2303	-1.0
438.2388	-1.0
438.24753	-1.0
438.26453	-1.0
438.3058	-1.0
438.3193	-1.0
438.35504	-1.0
438.8359	-1.0
439.11255	-1.0
439.44345	-1.0
439.8254	-1.0
440.5216	-1.0
440.90515	-1.0
441.16983	-1.0
442.09885	-1.0
442.4438	-1.0
442.99063	-1.0
443.47543	-1.0
443.70483	-1.0
444.0337	-1.0
444.30157	-1.0
444.3392	-1.0
444.353	-1.0
444.363	-1.0
444.40292	-1.0
444.5091	1.0
444.51416	-1.0
444.51968	-1.0
444.5278	-1.0
444.53412	-1.0
444.54108	1.0
444.55768	1.0
444.57016	1.0
444.6066	-1.0
444.61487	1.0
444.62003	1.0
444.63425	-1.0
444.65567	-1.0
444.6625	1.0
444.6693	-1.0
444.67923	-1.0
444.6865	-1.0
444.68985	1.0
444.69284	-1.0
444.7075	-1.0
444.71713	-1.0
444.72223	-1.0
444.73364	-1.0
444.7488	-1.0
444.7521	-1.0
444.76672	-1.0
444.78897	-1.0
444.7925	-1.0
444.81635	-1.0
444.82288	-1.0
444.833	-1.0
444.8356	-1.0
444.8467	-1.0
444.84952	-1.0
444.86505	-1.0
444.87625	-1.0
444.89645	-1.0
444.90756	-1.0
444.91885	-1.0
444.92395	-1.0
444.9291	-1.0
444.946	-1.0
444.9554	-1.0
444.96396	-1.0
444.97116	-1.0
444.98	-1.0
444.98785	-1.0
444.99695	-1.0
445.0038	-1.0
445.0142	-1.0
445.02148	-1.0
445.03275	-1.0
445.03784	-1.0
445.04764	-1.0
445.06277	-1.0
445.0656	-1.0
445.0724	-1.0
445.07693	-1.0
445.08597	-1.0
445.09064	-1.0
445.11288	-1.0
445.13196	-1.0
445.13647	-1.0
445.15073	-1.0
445.16003	-1.0
445.17953	-1.0
445.18448	-1.0
445.2049	-1.0
445.215	-1.0
445.2292	-1.0
445.2621	-1.0
445.286	-1.0
445.3305	-1.0
445.371	-1.0
445.39072	-1.0
445.4033	-1.0
445.42587	-1.0
445.4596	-1.0
445.4719	-1.0
447.40787	-1.0
447.61685	-1.0
447.78665	-1.0
448.3247	-1.0
448.4254	-1.0
448.6309	-1.0
448.76648	-1.0
449.0088	-1.0
449.1898	-1.0
449.43396	-1.0
449.7653	-1.0
449.77817	-1.0
450.07153	-1.0
450.44165	-1.0
450.72525	-1.0
450.75192	-1.0
450.92548	-1.0
451.0706	-1.0
451.20605	-1.0
451.77133	-1.0
451.77927	-1.0
451.99417	-1.0
452.01996	-1.0
452.2415	-1.0
452.26407	-1.0
452.58527	-1.0
452.9992	-1.0
453.3167	-1.0
453.37128	-1.0
453.81387	-1.0
453.96216	-1.0
454.16943	-1.0
454.4802	-1.0
454.8579	-1.0
455.365	-1.0
455.68204	-1.0
456.3222	-1.0
456.56064	-1.0
456.5805	-1.0
456.8216	-1.0
456.88455	-1.0
457.30777	-1.0
457.48312	-1.0
457.60864	-1.0
457.76297	-1.0
457.80045	-1.0
457.86145	-1.0
457.88608	-1.0
457.91116	-1.0
457.92572	-1.0
457.93893	-1.0
457.98376	-1.0
458.12424	1.0
458.70447	-1.0
459.15216	-1.0
459.47717	-1.0
460.1644	-1.0
460.4703	-1.0
460.816	-1.0
461.1975	-1.0
461.5508	-1.0
462.28415	-1.0
462.57428	-1.0
462.87924	-1.0
463.51025	-1.0
463.84808	-1.0
464.2476	-1.0
464.58865	-1.0
464.9301	-1.0
465.3171	-1.0
465.76065	-1.0
466.44516	-1.0
467.16083	-1.0
467.84085	-1.0
468.01932	-1.0
468.18747	-1.0
468.19305	-1.0
468.20172	-1.0
468.25217	-1.0
468.2769	-1.0
468.73416	-1.0
469.28735	-1.0
469.54343	-1.0
469.8246	-1.0
470.13385	-1.0
470.63815	-1.0
470.8858	-1.0
471.51907	-1.0
471.71484	-1.0
471.74808	-1.0
471.80197	-1.0
471.82092	-1.0
471.84595	-1.0
471.8588	-1.0
471.87375	-1.0
472.004	-1.0
472.0224	-1.0
472.10092	-1.0
472.1157	-1.0
472.15695	-1.0
472.18503	-1.0
472.21677	-1.0
472.25037	-1.0
472.2716	-1.0
472.38187	-1.0
472.41467	-1.0
472.44485	-1.0
472.45508	-1.0
472.47913	-1.0
472.51425	-1.0
472.5319	-1.0
472.5555	-1.0
472.59543	-1.0
473.4753	-1.0
475.06424	-1.0
475.4742	-1.0
475.73053	-1.0
476.10605	-1.0
476.18707	1.0
476.1931	1.0
476.24167	1.0
476.2549	1.0
476.26468	-1.0
476.26913	1.0
476.2726	-1.0
476.30707	1.0
476.33316	-1.0
476.34137	1.0
476.35403	-1.0
476.40347	-1.0
476.4068	-1.0
476.4194	-1.0
476.42725	-1.0
476.44073	-1.0
476.45224	-1.0
476.45883	-1.0
476.48068	-1.0
476.50388	-1.0
476.51233	-1.0
476.5444	-1.0
476.56097	-1.0
476.578	-1.0
476.59207	-1.0
476.60815	-1.0
476.61096	-1.0
476.6292	-1.0
476.63705	-1.0
476.64993	-1.0
476.6529	-1.0
476.66913	-1.0
476.6866	-1.0
476.692	-1.0
476.70447	-1.0
476.72028	-1.0
476.72525	-1.0
476.74673	-1.0
476.75333	-1.0
476.77463	-1.0
476.7863	-1.0
476.79663	-1.0
476.8242	-1.0
476.83084	-1.0
476.84964	-1.0
476.87723	-1.0
476.8974	-1.0
476.99185	-1.0
477.00244	-1.0
479.30463	-1.0
480.4673	-1.0
480.56042	-1.0
480.82172	-1.0
480.93063	-1.0
481.29214	-1.0
481.31232	-1.0
481.6274	-1.0
482.21567	-1.0
482.6101	-1.0
482.9332	-1.0
483.255	-1.0
483.46756	-1.0
483.5752	-1.0
483.80313	-1.0
483.9116	-1.0
484.1102	-1.0
484.3077	-1.0
484.52512	-1.0
485.09207	-1.0
485.09967	-1.0
485.44073	-1.0
485.44788	-1.0
485.5219	-1.0
485.52536	1.0
485.53403	1.0
485.5453	-1.0
485.57132	1.0
485.61584	1.0
485.6229	-1.0
485.6323	-1.0
485.6486	-1.0
485.6555	1.0
485.66425	-1.0
485.672	-1.0
485.67987	1.0
485.69476	-1.0
485.70804	1.0
485.71085	1.0
485.72556	-1.0
485.73627	-1.0
485.74585	-1.0
485.7526	1.0
485.7578	-1.0
485.77307	1.0
485.78732	-1.0
485.7909	-1.0
485.79733	-1.0
485.81393	1.0
485.8169	1.0
485.8305	-1.0
485.84732	-1.0
485.86044	-1.0
485.86465	-1.0
485.8813	-1.0
485.92227	-1.0
485.93744	-1.0
485.9535	-1.0
485.97552	-1.0
485.99716	-1.0
486.01773	-1.0
486.02548	-1.0
486.0386	-1.0
486.0544	-1.0
486.0637	-1.0
486.09155	-1.0
486.11615	-1.0
486.13016	-1.0
486.17816	-1.0
486.20395	-1.0
486.22025	-1.0
486.23297	-1.0
486.23608	-1.0
486.28345	-1.0
486.3116	-1.0
486.32028	-1.0
486.34088	-1.0
486.36075	-1.0
486.37424	-1.0
486.39444	-1.0
486.4184	-1.0
486.42172	-1.0
486.4557	-1.0
486.47385	-1.0
486.5086	-1.0
486.53976	-1.0
486.58667	-1.0
486.62204	-1.0
486.6662	-1.0
486.6735	-1.0
486.71655	-1.0
488.87976	-1.0
488.92996	-1.0
489.9864	-1.0
490.3629	-1.0
490.5511	-1.0
491.272	-1.0
491.87793	-1.0
492.0518	-1.0
492.51212	-1.0
492.69867	-1.0
493.56924	-1.0
493.57724	-1.0
493.9594	-1.0
494.34607	-1.0
494.87564	-1.0
495.38803	-1.0
495.62964	-1.0
496.37357	-1.0
496.478	-1.0
497.41544	-1.0
497.46548	-1.0
497.92828	-1.0
497.99088	-1.0
498.44772	-1.0
498.56952	-1.0
499.20917	-1.0
499.52277	-1.0
499.90527	-1.0
500.32767	-1.0
500.72736	-1.0
500.73096	-1.0
500.73975	-1.0
501.23352	-1.0
501.58936	-1.0
501.85077	-1.0
501.96225	-1.0
502.51248	-1.0
502.90405	-1.0
503.2295	-1.0
503.54092	-1.0
503.88837	-1.0
504.33023	-1.0
505.06497	-1.0
506.84573	-1.0
507.1439	-1.0
507.44647	-1.0
508.20563	-1.0
508.45703	-1.0
509.022	-1.0
509.2927	-1.0
510.34323	-1.0
510.40988	-1.0
510.6342	-1.0
510.87747	-1.0
511.2938	-1.0
511.49637	-1.0
512.0639	-1.0
512.1876	1.0
512.19604	1.0
512.2092	-1.0
512.2197	1.0
512.232	-1.0
512.313	-1.0
512.3348	-1.0
512.3546	1.0
512.3712	-1.0
512.3738	-1.0
512.3963	-1.0
512.4018	-1.0
512.43555	-1.0
512.44885	-1.0
512.4584	-1.0
512.4616	-1.0
512.4652	-1.0
512.4917	-1.0
512.4958	-1.0
512.52234	-1.0
512.5385	-1.0
512.5441	-1.0
512.5483	-1.0
512.5516	1.0
512.55853	-1.0
512.56433	-1.0
512.5782	-1.0
512.5814	-1.0
512.6044	-1.0
512.6103	-1.0
512.6273	-1.0
512.6305	-1.0
512.6411	-1.0
512.6451	-1.0
512.6495	-1.0
512.6583	-1.0
512.6638	-1.0
512.67053	-1.0
512.6825	-1.0
512.7242	-1.0
512.7328	-1.0
512.749	-1.0
512.75226	-1.0
512.774	-1.0
512.7777	-1.0
512.8237	-1.0
512.8336	-1.0
512.9288	-1.0
512.94775	-1.0
513.00116	-1.0
514.71704	-1.0
515.7372	-1.0
516.10034	-1.0
516.4618	-1.0
516.8803	-1.0
517.26373	-1.0
517.4982	-1.0
517.8672	-1.0
518.1256	-1.0
518.4843	-1.0
518.82874	-1.0
519.1484	-1.0
519.7925	-1.0
520.45557	-1.0
520.48785	-1.0
521.0381	-1.0
521.5134	-1.0
521.8792	-1.0
522.0134	-1.0
522.03973	-1.0
522.38995	-1.0
522.3994	-1.0
522.41187	-1.0
522.8071	-1.0
523.1987	-1.0
523.56055	-1.0
523.6386	-1.0
524.15326	-1.0
524.5273	-1.0
524.9331	-1.0
525.312	-1.0
525.35913	-1.0
525.8117	-1.0
526.1912	-1.0
526.1948	-1.0
526.2072	-1.0
526.23334	-1.0
526.2727	-1.0
526.2799	1.0
526.28845	1.0
526.30273	1.0
526.31635	-1.0
526.3198	-1.0
526.3414	-1.0
526.3981	-1.0
526.4048	-1.0
526.41345	-1.0
526.4214	-1.0
526.4478	-1.0
526.4735	-1.0
526.50995	-1.0
526.5375	-1.0
526.5725	1.0
526.638	-1.0
526.69794	-1.0
526.7649	-1.0
529.1298	-1.0
529.4064	-1.0
530.85547	-1.0
531.4433	-1.0
532.07605	-1.0
532.5396	-1.0
533.1616	-1.0
533.7058	-1.0
534.1325	-1.0
534.78394	-1.0
535.1083	-1.0
535.3977	-1.0
535.4878	-1.0
535.9117	-1.0
536.27844	-1.0
536.6593	-1.0
537.0796	-1.0
537.99725	-1.0
538.646	-1.0
538.98	-1.0
540.0615	-1.0
540.76355	-1.0
542.1072	-1.0
542.3942	-1.0
542.8284	-1.0
543.52106	-1.0
543.79333	-1.0
544.13654	-1.0
544.4938	-1.0
544.83923	-1.0
545.59985	-1.0
546.1622	-1.0
546.6265	-1.0
547.0019	-1.0
547.4749	-1.0
548.2294	-1.0
548.8371	-1.0
549.06635	-1.0
549.6027	-1.0
550.1463	-1.0
551.1927	-1.0
551.7499	-1.0
552.0191	-1.0
552.09436	-1.0
552.2962	-1.0
552.301	1.0
552.3148	1.0
552.3468	-1.0
552.3619	-1.0
552.36597	1.0
552.3699	-1.0
552.38367	-1.0
552.3862	1.0
552.3976	1.0
552.41534	1.0
552.4312	-1.0
552.4519	-1.0
552.4813	-1.0
552.5259	-1.0
552.5412	-1.0
552.5442	-1.0
552.59143	-1.0
552.62616	-1.0
552.6309	-1.0
552.6354	-1.0
552.65753	-1.0
552.6946	-1.0
552.7072	-1.0
552.72314	-1.0
552.72626	-1.0
552.754	-1.0
552.7641	-1.0
552.7703	-1.0
552.79205	-1.0
552.7954	-1.0
552.8202	-1.0
552.8807	-1.0
552.9158	-1.0
552.9221	-1.0
552.9491	-1.0
552.95526	-1.0
552.9746	-1.0
553.09467	-1.0
553.13165	-1.0
553.1362	-1.0
553.22766	-1.0
553.3152	-1.0
553.39655	-1.0
554.63116	-1.0
555.376	-1.0
555.37897	-1.0
556.2944	-1.0
556.9391	-1.0
557.15094	-1.0
557.4982	-1.0
557.7805	-1.0
557.8912	-1.0
558.389	-1.0
558.8912	-1.0
559.3271	-1.0
559.8877	-1.0
559.9486	-1.0
560.29486	-1.0
560.49646	-1.0
560.6348	-1.0
560.8344	-1.0
561.79285	-1.0
562.69086	-1.0
562.78455	-1.0
563.02374	-1.0
563.0394	-1.0
563.3268	-1.0
563.5634	-1.0
564.0517	-1.0
564.088	-1.0
564.14526	-1.0
564.1613	-1.0
564.7873	-1.0
565.60913	-1.0
565.6502	-1.0
566.0461	-1.0
566.2873	-1.0
566.8248	-1.0
567.31836	-1.0
567.761	-1.0
567.7923	-1.0
568.2848	-1.0
568.7987	-1.0
569.3064	-1.0
569.53766	-1.0
569.649	-1.0
570.9185	-1.0
571.07526	-1.0
571.6817	-1.0
572.19476	-1.0
572.9258	-1.0
573.28894	-1.0
574.0991	-1.0
574.43274	-1.0
574.4416	-1.0
574.4795	-1.0
574.4911	-1.0
574.4971	1.0
574.5116	1.0
574.5284	1.0
574.5399	1.0
574.5584	-1.0
574.5612	1.0
574.5959	-1.0
574.6116	1.0
574.643	-1.0
574.6471	-1.0
574.6589	-1.0
574.68005	1.0
574.68945	-1.0
574.7017	-1.0
574.7104	-1.0
574.71704	1.0
574.7264	-1.0
574.7344	-1.0
574.7369	1.0
574.7476	-1.0
574.7552	-1.0
574.7588	-1.0
574.76465	-1.0
574.78546	-1.0
574.7962	-1.0
574.8061	1.0
574.81793	-1.0
574.8212	-1.0
574.8289	-1.0
574.83167	-1.0
574.83997	-1.0
574.85187	-1.0
574.85547	-1.0
574.8668	-1.0
574.8695	-1.0
574.87646	-1.0
574.88745	-1.0
574.90247	-1.0
574.90686	1.0
574.9298	-1.0
574.93787	-1.0
574.95233	-1.0
574.958	-1.0
574.9774	-1.0
574.9917	-1.0
574.998	-1.0
575.0056	-1.0
575.0199	-1.0
575.03546	-1.0
575.042	-1.0
575.054	-1.0
575.0632	-1.0
575.0667	-1.0
575.0874	-1.0
575.10254	-1.0
575.13074	-1.0
575.1363	-1.0
575.1523	-1.0
575.17206	-1.0
575.18774	-1.0
575.21155	-1.0
575.21454	-1.0
575.23456	-1.0
575.2671	-1.0
575.31415	-1.0
575.3254	-1.0
575.347	-1.0
575.4085	-1.0
575.4975	-1.0
576.54675	-1.0
579.02014	-1.0
579.5782	-1.0
579.8046	-1.0
580.762	-1.0
581.1883	-1.0
581.7225	-1.0
581.8603	-1.0
582.23755	-1.0
582.87646	-1.0
583.01227	-1.0
583.52734	-1.0
583.8793	-1.0
584.6912	-1.0
584.8963	-1.0
584.9104	-1.0
584.92725	-1.0
584.9423	-1.0
585.0127	-1.0
585.09393	-1.0
585.14685	-1.0
585.16595	-1.0
585.20667	-1.0
585.28046	-1.0
585.2913	-1.0
585.3	-1.0
585.3235	-1.0
585.3848	-1.0
585.4186	-1.0
585.4944	-1.0
585.51263	-1.0
585.54614	-1.0
585.571	-1.0
586.93353	-1.0
587.5337	-1.0
588.0121	-1.0
588.50726	-1.0
588.922	-1.0
589.8564	-1.0
590.2254	-1.0
591.0056	-1.0
591.97955	-1.0
592.18036	-1.0
592.45953	-1.0
592.8313	-1.0
593.52576	-1.0
593.91876	-1.0
595.16345	-1.0
595.59906	-1.0
596.0225	-1.0
596.3486	-1.0
597.45807	-1.0
597.85046	-1.0
598.5222	-1.0
598.80865	-1.0
598.86237	-1.0
599.9896	-1.0
