0.49208	-1.0
0.51244	-1.0
0.52248	1.0
0.53156	1.0
0.53836	1.0
0.54972	-1.0
0.55648	1.0
0.56256	-1.0
0.56724	-1.0
0.57068	-1.0
0.57384	-1.0
0.57676	1.0
0.58452	-1.0
0.58752	-1.0
0.59072	-1.0
0.59616	-1.0
0.59904	-1.0
0.60204	-1.0
0.60716	-1.0
0.63244	1.0
0.6406	1.0
0.64392	-1.0
0.648	1.0
0.66188	-1.0
0.66792	1.0
0.6748	1.0
0.67972	-1.0
0.68684	-1.0
0.69036	-1.0
0.70004	-1.0
0.70348	1.0
0.706	-1.0
0.71544	-1.0
0.72172	1.0
0.72484	-1.0
0.7336	1.0
0.73784	1.0
0.74124	-1.0
0.75084	1.0
0.75352	1.0
0.75652	-1.0
0.7592	-1.0
0.76848	-1.0
0.7758	-1.0
0.7824	-1.0
0.786	-1.0
0.7886	1.0
0.79384	1.0
0.80092	-1.0
0.81928	-1.0
0.82436	-1.0
0.82868	-1.0
0.84096	-1.0
0.8438	1.0
0.8472	-1.0
0.8528	1.0
0.8628	1.0
0.8654	1.0
0.876	-1.0
0.88112	-1.0
0.89236	-1.0
0.89524	1.0
0.91164	1.0
0.9194	1.0
0.92204	-1.0
0.93456	-1.0
0.94168	-1.0
0.95136	-1.0
0.95832	1.0
0.98628	1.0
0.99408	1.0
1.00268	-1.0
1.00804	-1.0
1.03856	-1.0
1.04168	-1.0
1.07468	-1.0
1.07728	-1.0
1.09528	-1.0
1.11996	-1.0
1.13768	-1.0
1.14364	-1.0
1.17564	1.0
1.23032	-1.0
1.27372	1.0
1.30128	-1.0
1.34324	-1.0
1.39392	-1.0
1.484	-1.0
7.8554	-1.0
8.33672	1.0
21.64344	-1.0
21.67632	-1.0
21.69272	-1.0
21.73488	-1.0
21.73768	-1.0
21.7626	-1.0
21.77044	-1.0
21.77296	-1.0
21.80716	-1.0
21.82816	-1.0
21.83404	-1.0
21.8552	-1.0
21.9822	-1.0
22.05708	1.0
22.08496	-1.0
22.08824	-1.0
22.13864	1.0
22.1468	-1.0
22.19144	1.0
22.9966	-1.0
27.504	-1.0
34.396	1.0
34.39992	1.0
34.40392	1.0
34.407	-1.0
34.41212	-1.0
34.41576	-1.0
34.41844	1.0
34.42272	-1.0
34.42776	-1.0
34.43072	-1.0
34.43844	1.0
34.44128	-1.0
34.44916	-1.0
34.4738	-1.0
34.4862	-1.0
34.49152	1.0
34.50544	1.0
34.51072	-1.0
34.52492	-1.0
34.53972	-1.0
34.55072	-1.0
34.59668	-1.0
34.61956	-1.0
34.64756	1.0
34.65304	-1.0
34.66864	-1.0
34.679	-1.0
34.68384	-1.0
34.68824	1.0
34.70208	-1.0
34.70508	-1.0
34.72504	1.0
34.73068	1.0
34.74388	-1.0
34.76312	1.0
34.76564	1.0
34.80676	-1.0
34.81456	1.0
34.83872	-1.0
34.86216	-1.0
34.87984	-1.0
34.88828	1.0
34.895	-1.0
34.9178	-1.0
34.93668	-1.0
35.01808	-1.0
35.02876	1.0
35.0382	-1.0
35.0844	-1.0
35.17028	-1.0
43.04412	-1.0
43.07204	1.0
43.0958	1.0
43.21484	-1.0
43.22812	-1.0
43.24716	-1.0
43.30612	-1.0
43.31052	-1.0
43.39952	-1.0
43.42088	-1.0
43.50216	-1.0
43.58048	1.0
43.61616	-1.0
43.654	1.0
43.65948	-1.0
43.6624	-1.0
43.66624	-1.0
43.66944	-1.0
43.6732	-1.0
43.67572	-1.0
43.68112	1.0
43.6854	1.0
43.68984	-1.0
43.69488	-1.0
43.7048	-1.0
43.71032	1.0
43.7142	-1.0
43.72188	-1.0
43.73388	-1.0
43.74068	-1.0
43.74332	1.0
43.74892	1.0
43.75252	-1.0
43.75528	1.0
43.77236	-1.0
43.78488	1.0
43.802	1.0
43.8054	-1.0
43.82108	1.0
43.82648	-1.0
43.83936	-1.0
43.84468	-1.0
43.86136	1.0
43.86452	1.0
43.89888	-1.0
43.90316	-1.0
43.9062	-1.0
43.91976	1.0
43.94876	-1.0
43.98116	-1.0
44.00088	-1.0
44.0044	-1.0
44.02232	1.0
44.04208	-1.0
44.04572	-1.0
44.09824	-1.0
44.10876	1.0
44.13044	-1.0
44.149	-1.0
44.15288	1.0
44.15564	1.0
44.22776	-1.0
44.23472	-1.0
44.28872	1.0
44.30872	-1.0
44.34192	-1.0
44.41204	-1.0
44.45516	1.0
44.47732	-1.0
44.52132	-1.0
44.55548	1.0
51.56068	-1.0
51.57528	-1.0
51.59128	-1.0
51.60164	-1.0
51.61908	1.0
51.82488	-1.0
55.92308	-1.0
55.98428	-1.0
56.0784	-1.0
56.1464	1.0
56.3954	-1.0
56.409	-1.0
56.44764	1.0
56.47704	-1.0
63.38036	-1.0
67.53492	1.0
67.53776	1.0
67.54136	1.0
67.54416	1.0
67.54736	-1.0
67.55292	-1.0
67.5564	-1.0
67.5688	-1.0
67.57644	-1.0
67.58688	1.0
67.58952	-1.0
67.59432	-1.0
67.607	1.0
67.61372	-1.0
67.61688	-1.0
67.6234	-1.0
67.62744	1.0
67.63072	1.0
67.63528	1.0
67.6418	1.0
67.64636	-1.0
67.65284	-1.0
67.65772	-1.0
67.67172	-1.0
67.69184	1.0
67.69436	-1.0
67.71428	1.0
67.76096	-1.0
67.7662	-1.0
67.78236	-1.0
67.79752	1.0
67.8108	-1.0
67.81588	-1.0
67.83904	1.0
67.85396	-1.0
67.86736	1.0
67.87436	-1.0
67.8792	-1.0
67.9072	1.0
67.9112	-1.0
67.92328	-1.0
67.94916	-1.0
67.96388	-1.0
67.97048	-1.0
67.98928	-1.0
67.99356	-1.0
68.01584	-1.0
68.0292	1.0
68.05232	-1.0
68.07916	1.0
68.09096	-1.0
68.13308	1.0
68.13816	-1.0
68.16232	-1.0
68.16668	1.0
68.2338	-1.0
68.2998	1.0
68.3124	-1.0
68.33532	-1.0
68.43704	1.0
68.54724	1.0
75.19808	1.0
80.00248	-1.0
80.05284	1.0
80.53128	-1.0
80.5512	1.0
80.57108	-1.0
80.58376	1.0
80.6034	1.0
80.62512	-1.0
80.63016	-1.0
80.70784	-1.0
80.76224	-1.0
80.77212	-1.0
80.78556	1.0
80.837	-1.0
80.91684	-1.0
80.95696	-1.0
81.20936	-1.0
92.60328	1.0
92.62772	1.0
92.63132	1.0
92.63572	-1.0
92.63848	-1.0
92.641	-1.0
92.6442	1.0
92.64716	-1.0
92.65008	-1.0
92.6526	-1.0
92.65992	-1.0
92.66456	-1.0
92.6734	-1.0
92.67684	-1.0
92.68472	1.0
92.70224	1.0
92.71296	-1.0
92.72536	-1.0
92.73776	-1.0
92.74064	1.0
92.75984	-1.0
92.76904	1.0
92.77652	-1.0
92.80004	1.0
92.80336	-1.0
92.81712	-1.0
92.8212	-1.0
92.82548	-1.0
92.82956	-1.0
92.83416	-1.0
92.84012	-1.0
92.84552	1.0
92.84928	-1.0
92.85392	-1.0
92.85712	-1.0
92.86216	-1.0
92.88088	-1.0
92.894	-1.0
92.89664	-1.0
92.90612	-1.0
92.92268	-1.0
92.92976	-1.0
92.93508	1.0
92.94528	-1.0
92.9484	-1.0
92.95908	1.0
92.97472	-1.0
92.97748	-1.0
92.98384	-1.0
92.989	1.0
93.02232	-1.0
93.02496	-1.0
93.02916	1.0
93.04016	-1.0
93.05768	-1.0
93.06224	1.0
93.0786	-1.0
93.10408	-1.0
93.117	1.0
93.12044	1.0
93.14828	1.0
93.17324	-1.0
93.18696	1.0
93.2092	1.0
93.23324	-1.0
93.23608	-1.0
93.28872	1.0
93.29472	1.0
93.32228	1.0
93.35572	-1.0
93.41444	-1.0
93.47536	1.0
93.47836	-1.0
98.05256	-1.0
100.63696	1.0
101.01096	-1.0
107.14588	1.0
111.49548	-1.0
111.55456	1.0
111.5608	1.0
111.56436	-1.0
111.56828	-1.0
111.57364	-1.0
111.5786	-1.0
111.58304	-1.0
111.5912	-1.0
111.59496	-1.0
111.638	-1.0
111.64432	-1.0
111.71276	-1.0
111.72428	1.0
111.7682	-1.0
111.78008	-1.0
111.8026	-1.0
111.818	-1.0
111.85648	1.0
111.88008	1.0
111.90992	-1.0
111.94396	-1.0
111.97728	-1.0
111.99432	-1.0
112.02904	-1.0
112.0984	-1.0
112.10896	-1.0
120.42436	1.0
122.131	1.0
122.13592	-1.0
122.16904	1.0
125.6048	1.0
134.53416	-1.0
134.5522	-1.0
134.58928	-1.0
134.59596	1.0
134.61124	-1.0
134.63152	-1.0
134.63988	-1.0
134.65137	-1.0
134.65956	-1.0
134.66776	1.0
134.67249	-1.0
134.75072	-1.0
134.96384	-1.0
134.98848	-1.0
134.99344	1.0
135.04616	-1.0
135.18517	-1.0
135.20525	1.0
135.22736	-1.0
135.34352	-1.0
135.4042	-1.0
141.68507	1.0
142.22168	1.0
142.22508	-1.0
142.22812	-1.0
142.23088	-1.0
142.23424	-1.0
142.23892	-1.0
142.24704	-1.0
142.25832	1.0
142.28651	-1.0
142.30052	1.0
142.3126	1.0
142.31544	-1.0
142.32144	-1.0
142.32976	-1.0
142.33464	-1.0
142.34007	1.0
142.34416	-1.0
142.3498	-1.0
142.35452	-1.0
142.35751	-1.0
142.36652	1.0
142.37004	1.0
142.37492	1.0
142.37927	1.0
142.38368	-1.0
142.39844	1.0
142.4062	1.0
142.41068	1.0
142.41504	-1.0
142.42636	-1.0
142.43976	1.0
142.45091	-1.0
142.45792	-1.0
142.46149	1.0
142.4652	-1.0
142.46912	-1.0
142.47437	1.0
142.48949	1.0
142.4928	1.0
142.50336	-1.0
142.51443	-1.0
142.5334	-1.0
142.54004	-1.0
142.5474	-1.0
142.55112	1.0
142.56113	1.0
142.57465	-1.0
142.58432	-1.0
142.59232	-1.0
142.60568	-1.0
142.60867	-1.0
142.6222	-1.0
142.6262	-1.0
142.646	-1.0
142.65784	-1.0
142.6788	-1.0
142.68588	1.0
142.70473	-1.0
142.72131	1.0
142.72385	1.0
142.74203	-1.0
142.75948	1.0
142.7622	1.0
142.78796	-1.0
142.80168	-1.0
142.80624	1.0
142.82248	-1.0
142.83923	-1.0
142.84187	-1.0
142.84804	1.0
142.8656	-1.0
142.8694	-1.0
142.87816	-1.0
142.88168	1.0
142.89436	-1.0
142.93867	1.0
142.95464	1.0
142.99736	-1.0
143.0516	-1.0
143.10744	-1.0
143.14432	-1.0
152.5716	-1.0
152.59644	1.0
152.6152	1.0
152.61772	1.0
152.6648	-1.0
152.67616	-1.0
152.72528	-1.0
152.80672	1.0
160.38904	-1.0
160.39548	1.0
160.41072	-1.0
160.41928	-1.0
160.42664	-1.0
160.4904	-1.0
160.60152	-1.0
165.97668	-1.0
166.0722	-1.0
166.09917	-1.0
166.16464	-1.0
166.1982	1.0
166.205	-1.0
166.22427	-1.0
166.22723	-1.0
166.288	-1.0
166.33112	1.0
166.33977	-1.0
166.3658	-1.0
166.41183	-1.0
172.35764	-1.0
172.37936	-1.0
172.38371	1.0
172.38815	-1.0
172.392	1.0
172.39545	1.0
172.39809	1.0
172.40312	1.0
172.4064	-1.0
172.40971	-1.0
172.41415	-1.0
172.41956	-1.0
172.42397	1.0
172.42732	-1.0
172.44576	1.0
172.45424	-1.0
172.46004	-1.0
172.46696	1.0
172.48932	-1.0
172.49344	-1.0
172.50536	1.0
172.51016	1.0
172.52228	-1.0
172.52876	1.0
172.5334	1.0
172.53592	-1.0
172.54524	-1.0
172.55148	-1.0
172.55956	-1.0
172.568	-1.0
172.57063	1.0
172.57704	-1.0
172.58168	1.0
172.58708	-1.0
172.5924	-1.0
172.5954	1.0
172.59808	1.0
172.6078	-1.0
172.6116	-1.0
172.61852	-1.0
172.6218	-1.0
172.63132	1.0
172.63412	-1.0
172.64224	-1.0
172.64915	1.0
172.65292	1.0
172.65692	-1.0
172.66376	1.0
172.66711	-1.0
172.67464	1.0
172.67767	-1.0
172.6854	-1.0
172.70271	-1.0
172.70863	-1.0
172.7182	1.0
172.72284	1.0
172.73468	-1.0
172.74004	-1.0
172.74783	-1.0
172.75076	1.0
172.75491	-1.0
172.76157	-1.0
172.76736	1.0
172.77716	-1.0
172.78076	-1.0
172.78429	-1.0
172.79892	-1.0
172.80652	-1.0
172.81592	1.0
172.82011	-1.0
172.82524	-1.0
172.82788	-1.0
172.84409	-1.0
172.84668	-1.0
172.85329	-1.0
172.86992	-1.0
172.88028	-1.0
172.88756	-1.0
172.89091	1.0
172.90096	-1.0
172.90628	-1.0
172.91	-1.0
172.92548	-1.0
172.92856	-1.0
172.93108	-1.0
172.94437	-1.0
172.94864	-1.0
172.96625	-1.0
172.96973	-1.0
172.98232	-1.0
172.99371	-1.0
173.00787	-1.0
173.01083	1.0
173.02324	-1.0
173.02664	-1.0
173.05716	-1.0
173.06544	-1.0
173.06836	-1.0
173.07968	1.0
173.08568	-1.0
173.1054	-1.0
173.11047	-1.0
173.11404	-1.0
173.11928	-1.0
173.13837	1.0
173.15633	-1.0
173.15924	1.0
173.16396	-1.0
173.18996	1.0
173.20036	-1.0
173.2062	-1.0
173.23167	-1.0
173.30392	-1.0
173.31032	-1.0
173.37164	-1.0
177.77255	1.0
179.01944	-1.0
182.80711	-1.0
183.3878	-1.0
183.64577	-1.0
183.65092	-1.0
183.69812	-1.0
183.70772	-1.0
185.17856	1.0
187.2246	-1.0
193.23184	-1.0
193.28291	-1.0
203.79356	1.0
203.79776	1.0
203.80077	1.0
203.80469	-1.0
203.80988	-1.0
203.81409	-1.0
203.81784	1.0
203.82228	-1.0
203.83183	1.0
203.84024	-1.0
203.84792	1.0
203.85088	-1.0
203.8628	1.0
203.86716	1.0
203.87364	1.0
203.88065	-1.0
203.8834	1.0
203.88911	-1.0
203.8932	-1.0
203.90868	-1.0
203.91124	1.0
203.92216	1.0
203.92732	1.0
203.93756	1.0
203.9524	-1.0
203.95612	-1.0
203.97037	-1.0
203.98416	1.0
203.98668	-1.0
204.00133	-1.0
204.02225	-1.0
204.03609	1.0
204.05788	-1.0
204.06776	-1.0
204.09496	-1.0
204.11037	-1.0
204.12576	-1.0
204.1352	-1.0
204.148	-1.0
204.151	-1.0
204.1606	-1.0
204.17905	-1.0
204.1918	-1.0
204.20428	-1.0
204.2206	-1.0
204.22972	-1.0
204.25044	-1.0
204.26653	-1.0
204.28804	-1.0
204.29268	-1.0
204.30087	-1.0
204.316	-1.0
204.3358	-1.0
204.35684	-1.0
204.36427	1.0
204.41312	-1.0
204.4434	1.0
204.45564	1.0
204.4582	1.0
204.4806	-1.0
204.55704	-1.0
211.05257	1.0
221.51208	-1.0
222.77013	-1.0
222.98216	-1.0
223.00027	-1.0
223.00323	1.0
223.01048	-1.0
223.05188	-1.0
223.07336	1.0
223.08852	-1.0
223.11116	1.0
223.11523	-1.0
223.14304	1.0
223.1576	1.0
223.19405	-1.0
223.21265	-1.0
223.2666	1.0
223.27924	-1.0
223.29112	-1.0
223.36232	-1.0
223.37836	-1.0
223.54964	-1.0
226.59789	-1.0
227.23236	-1.0
239.0642	-1.0
239.07436	1.0
239.09885	1.0
239.10783	-1.0
239.11385	1.0
239.1172	-1.0
239.11984	1.0
239.1226	1.0
239.12604	-1.0
239.1288	-1.0
239.13568	1.0
239.13908	1.0
239.14372	1.0
239.14935	1.0
239.16068	1.0
239.18484	-1.0
239.19788	-1.0
239.20676	-1.0
239.22516	1.0
239.23524	1.0
239.24995	-1.0
239.27676	1.0
239.28967	1.0
239.30348	-1.0
239.30664	-1.0
239.31552	1.0
239.32095	-1.0
239.33144	1.0
239.335	1.0
239.33752	1.0
239.34012	-1.0
239.34705	-1.0
239.3508	-1.0
239.3572	-1.0
239.3628	-1.0
239.36932	1.0
239.37288	-1.0
239.38412	1.0
239.39047	-1.0
239.39468	-1.0
239.40472	1.0
239.43448	1.0
239.44644	1.0
239.45071	-1.0
239.45451	1.0
239.45784	-1.0
239.47208	1.0
239.47656	-1.0
239.48796	-1.0
239.5256	-1.0
239.54924	-1.0
239.56876	-1.0
239.57285	1.0
239.57968	-1.0
239.64624	-1.0
239.64992	-1.0
239.67703	-1.0
239.71616	-1.0
239.71896	-1.0
239.7538	1.0
239.78444	1.0
239.78836	-1.0
239.82188	1.0
239.8554	-1.0
243.60583	1.0
251.637	-1.0
251.7036	-1.0
251.70992	1.0
251.7256	-1.0
251.78	-1.0
251.7994	1.0
251.80289	-1.0
251.81232	-1.0
251.81752	-1.0
251.82236	-1.0
251.9888	-1.0
252.06528	1.0
252.0682	1.0
252.25656	1.0
252.28333	1.0
252.3122	-1.0
256.09283	1.0
256.09692	1.0
256.10037	-1.0
256.10345	-1.0
256.1063	-1.0
256.10913	-1.0
256.1144	-1.0
256.1175	1.0
256.12244	1.0
256.12592	-1.0
256.1292	-1.0
256.13995	-1.0
256.1455	1.0
256.15387	-1.0
256.1573	-1.0
256.1598	-1.0
256.1625	1.0
256.16837	1.0
256.1736	-1.0
256.17923	1.0
256.18436	-1.0
256.18753	-1.0
256.19632	1.0
256.20117	1.0
256.2073	1.0
256.22852	-1.0
256.2352	-1.0
256.24985	-1.0
256.25403	-1.0
256.26596	-1.0
256.26892	1.0
256.27628	-1.0
256.2788	-1.0
256.2881	-1.0
256.3032	-1.0
256.31168	1.0
256.31555	-1.0
256.3216	-1.0
256.32504	-1.0
256.32996	-1.0
256.3453	-1.0
256.34805	1.0
256.35095	-1.0
256.36285	1.0
256.36536	-1.0
256.36835	-1.0
256.37103	-1.0
256.38425	-1.0
256.38696	1.0
256.39835	1.0
256.4037	1.0
256.4106	1.0
256.4193	-1.0
256.42807	-1.0
256.43585	-1.0
256.44	-1.0
256.4444	-1.0
256.44693	-1.0
256.45593	1.0
256.46133	-1.0
256.47327	-1.0
256.48	-1.0
256.48993	-1.0
256.49393	1.0
256.4979	-1.0
256.5082	-1.0
256.5142	-1.0
256.52588	1.0
256.5295	-1.0
256.53845	-1.0
256.54144	-1.0
256.55313	1.0
256.55768	1.0
256.5637	-1.0
256.56723	1.0
256.57584	-1.0
256.58163	-1.0
256.59232	-1.0
256.602	-1.0
256.606	-1.0
256.61908	-1.0
256.62527	1.0
256.64316	-1.0
256.64584	-1.0
256.65005	-1.0
256.6609	-1.0
256.68552	-1.0
256.68887	-1.0
256.70508	-1.0
256.7107	-1.0
256.7258	-1.0
256.74496	-1.0
256.75095	1.0
256.76593	-1.0
256.78796	1.0
256.7917	1.0
256.79922	-1.0
256.8235	-1.0
256.826	-1.0
256.8393	1.0
256.84665	-1.0
256.85284	-1.0
256.87524	-1.0
256.8867	-1.0
256.89728	-1.0
256.9008	-1.0
256.94177	-1.0
256.94733	-1.0
256.97992	-1.0
257.0086	-1.0
257.0411	-1.0
257.0841	-1.0
257.119	-1.0
269.08975	-1.0
274.3767	1.0
284.04388	-1.0
284.0584	1.0
284.0711	-1.0
284.1112	-1.0
284.11795	-1.0
284.24963	-1.0
284.283	1.0
284.29056	-1.0
284.31268	-1.0
284.40085	-1.0
284.4135	-1.0
284.41953	-1.0
284.44012	1.0
284.48773	-1.0
284.5052	-1.0
284.5104	-1.0
284.7581	-1.0
284.8592	-1.0
287.5919	1.0
293.93024	-1.0
293.95	1.0
293.95312	1.0
293.9569	1.0
293.9601	1.0
293.96283	-1.0
293.9667	-1.0
293.96936	-1.0
293.97543	-1.0
293.97906	1.0
293.98267	-1.0
293.98672	1.0
293.99045	1.0
293.99667	-1.0
294.0098	1.0
294.01532	1.0
294.0247	-1.0
294.0276	-1.0
294.03445	-1.0
294.04004	-1.0
294.0524	-1.0
294.07715	-1.0
294.08817	1.0
294.0998	-1.0
294.10913	-1.0
294.11896	-1.0
294.1309	-1.0
294.15125	-1.0
294.16632	-1.0
294.16888	-1.0
294.17422	-1.0
294.19016	1.0
294.20724	-1.0
294.2118	-1.0
294.22852	-1.0
294.23383	1.0
294.24533	1.0
294.26266	-1.0
294.28653	-1.0
294.29837	-1.0
294.30353	-1.0
294.31323	-1.0
294.31717	-1.0
294.33167	-1.0
294.34973	-1.0
294.35367	-1.0
294.37012	-1.0
294.37292	-1.0
294.38345	-1.0
294.38763	-1.0
294.40317	1.0
294.41193	-1.0
294.4278	-1.0
294.44635	-1.0
294.4651	1.0
294.48438	-1.0
294.48816	-1.0
294.5165	-1.0
294.53717	-1.0
294.5403	-1.0
294.55096	1.0
294.57147	-1.0
294.588	-1.0
294.62204	-1.0
294.63184	1.0
294.63876	-1.0
294.6671	-1.0
294.67557	-1.0
294.70255	-1.0
294.70605	-1.0
294.74677	-1.0
307.80524	1.0
308.59045	1.0
308.59357	-1.0
308.59668	-1.0
308.6009	-1.0
308.6035	1.0
308.60965	-1.0
308.61255	-1.0
308.6237	-1.0
308.62628	-1.0
308.63092	-1.0
308.63455	-1.0
308.6375	-1.0
308.6433	1.0
308.6546	1.0
308.66232	-1.0
308.66525	1.0
308.67407	-1.0
308.70807	-1.0
308.7267	-1.0
308.73007	-1.0
308.76437	-1.0
308.7784	1.0
308.7813	-1.0
308.79996	-1.0
308.8142	-1.0
308.8175	-1.0
308.83856	-1.0
308.85837	-1.0
308.86716	-1.0
308.8857	-1.0
308.89175	-1.0
308.89777	-1.0
308.93384	-1.0
309.00385	-1.0
309.00867	-1.0
309.0206	-1.0
309.03833	-1.0
309.05045	-1.0
309.0561	-1.0
309.0887	-1.0
309.09872	-1.0
309.1158	-1.0
309.12997	-1.0
309.1435	1.0
309.1818	-1.0
309.22272	-1.0
309.26044	-1.0
309.2768	1.0
309.3216	-1.0
309.4148	1.0
318.21524	-1.0
318.2609	1.0
318.27124	-1.0
318.27625	-1.0
318.28836	1.0
318.47653	1.0
318.5057	1.0
318.56277	-1.0
318.59277	-1.0
318.59607	-1.0
318.60016	-1.0
318.6129	1.0
318.6161	1.0
318.65723	-1.0
318.73117	-1.0
318.821	-1.0
318.83948	1.0
318.84293	-1.0
318.90024	-1.0
318.9552	1.0
323.01953	-1.0
323.04797	1.0
323.0543	-1.0
323.07776	1.0
323.11884	1.0
323.12308	-1.0
323.12668	1.0
323.12976	1.0
323.1325	1.0
323.1363	-1.0
323.14655	-1.0
323.15488	-1.0
323.15927	-1.0
323.17316	1.0
323.17853	-1.0
323.216	-1.0
328.86713	1.0
328.8865	-1.0
328.9195	1.0
328.94852	-1.0
328.9542	-1.0
328.9662	-1.0
328.98624	-1.0
329.20047	-1.0
329.21155	1.0
329.31445	-1.0
335.48633	-1.0
335.51837	1.0
336.1291	1.0
336.256	1.0
336.26065	-1.0
336.2679	-1.0
336.28647	-1.0
336.30835	1.0
336.39062	-1.0
338.1226	-1.0
338.1363	1.0
338.14615	1.0
338.15073	1.0
338.155	-1.0
338.15756	-1.0
338.16025	-1.0
338.16348	-1.0
338.16815	-1.0
338.1712	-1.0
338.17523	-1.0
338.17932	-1.0
338.18408	-1.0
338.18744	1.0
338.19196	1.0
338.1967	-1.0
338.22104	1.0
338.2534	1.0
338.2567	-1.0
338.27087	-1.0
338.27936	1.0
338.29205	-1.0
338.2989	-1.0
338.30255	-1.0
338.308	-1.0
338.3131	-1.0
338.3189	-1.0
338.32257	-1.0
338.3256	1.0
338.3304	1.0
338.335	-1.0
338.33923	-1.0
338.3426	-1.0
338.34705	-1.0
338.35635	-1.0
338.36093	-1.0
338.36517	-1.0
338.37067	-1.0
338.37433	-1.0
338.37683	-1.0
338.38116	-1.0
338.38412	-1.0
338.3897	-1.0
338.39243	-1.0
338.4048	-1.0
338.4084	-1.0
338.41092	-1.0
338.418	-1.0
338.42133	-1.0
338.43024	-1.0
338.43933	-1.0
338.44244	1.0
338.4481	-1.0
338.45532	-1.0
338.45786	-1.0
338.4615	-1.0
338.46405	1.0
338.47113	1.0
338.47696	-1.0
338.48315	-1.0
338.4858	-1.0
338.4919	-1.0
338.49503	-1.0
338.50052	1.0
338.50488	-1.0
338.515	-1.0
338.522	-1.0
338.5251	-1.0
338.53323	-1.0
338.53796	-1.0
338.55347	-1.0
338.56415	-1.0
338.5672	-1.0
338.57236	-1.0
338.57855	1.0
338.5822	-1.0
338.59625	-1.0
338.60797	1.0
338.614	-1.0
338.61807	-1.0
338.62152	1.0
338.6332	-1.0
338.6367	-1.0
338.64	-1.0
338.65063	-1.0
338.65735	1.0
338.66544	-1.0
338.6702	-1.0
338.6773	-1.0
338.68832	-1.0
338.69293	-1.0
338.70575	-1.0
338.7115	-1.0
338.71463	-1.0
338.72983	-1.0
338.73572	-1.0
338.73935	-1.0
338.74405	-1.0
338.74677	-1.0
338.75632	1.0
338.76196	-1.0
338.77725	-1.0
338.78043	-1.0
338.801	-1.0
338.804	-1.0
338.81415	-1.0
338.8354	-1.0
338.839	-1.0
338.8543	-1.0
338.86365	-1.0
338.8669	1.0
338.8769	-1.0
338.88547	1.0
338.9048	-1.0
338.9258	-1.0
338.95056	-1.0
338.98068	-1.0
339.00912	-1.0
339.0313	-1.0
345.0614	-1.0
346.11365	-1.0
348.60867	-1.0
350.5357	-1.0
353.66165	-1.0
354.5668	1.0
354.57504	-1.0
354.59406	-1.0
354.6176	-1.0
354.6367	-1.0
354.63968	1.0
354.64355	-1.0
354.6474	-1.0
354.6501	1.0
354.65277	-1.0
354.65616	-1.0
354.6613	-1.0
354.66714	-1.0
354.68585	-1.0
354.69177	1.0
354.72137	1.0
354.72913	1.0
354.7401	1.0
354.7548	-1.0
354.78012	-1.0
354.78745	1.0
354.79907	-1.0
354.80548	-1.0
354.8181	-1.0
354.82092	-1.0
354.82343	-1.0
354.83624	-1.0
354.83984	1.0
354.84305	-1.0
354.84772	-1.0
354.85272	1.0
354.8572	-1.0
354.86105	-1.0
354.86417	-1.0
354.86856	-1.0
354.87308	-1.0
354.87784	-1.0
354.88257	1.0
354.89133	-1.0
354.89496	1.0
354.9082	1.0
354.916	-1.0
354.91968	-1.0
354.9328	1.0
354.93637	-1.0
354.9395	-1.0
354.9529	-1.0
354.95807	1.0
354.96323	-1.0
354.96677	-1.0
354.97247	1.0
354.97556	1.0
354.9844	-1.0
354.98715	-1.0
354.99124	-1.0
354.99768	-1.0
355.00076	-1.0
355.00436	-1.0
355.00687	-1.0
355.02765	-1.0
355.03787	-1.0
355.0414	-1.0
355.04688	-1.0
355.05856	-1.0
355.06287	-1.0
355.0659	-1.0
355.07147	-1.0
355.08044	-1.0
355.084	1.0
355.09015	-1.0
355.10056	1.0
355.10815	-1.0
355.12372	-1.0
355.12628	-1.0
355.14297	1.0
355.147	-1.0
355.1506	-1.0
355.17645	1.0
355.17896	-1.0
355.1816	-1.0
355.18433	1.0
355.18976	-1.0
355.19876	-1.0
355.2331	-1.0
355.24643	-1.0
355.25177	1.0
355.27255	-1.0
355.2873	1.0
355.3099	-1.0
355.3153	1.0
361.2137	-1.0
362.48645	-1.0
362.52728	1.0
362.56073	-1.0
362.5818	1.0
362.58807	-1.0
371.0299	-1.0
371.0456	-1.0
371.05737	-1.0
371.06256	-1.0
371.10785	-1.0
371.12875	1.0
371.14157	-1.0
371.19736	1.0
371.2083	1.0
371.21167	-1.0
371.30588	1.0
371.34064	1.0
374.9283	1.0
375.49026	-1.0
375.51733	1.0
375.5274	1.0
375.53632	1.0
375.6066	1.0
375.61456	-1.0
375.61728	-1.0
375.6201	1.0
375.62277	-1.0
375.6266	-1.0
375.6304	-1.0
375.63535	-1.0
375.63843	-1.0
375.64185	-1.0
375.64536	-1.0
375.64844	-1.0
375.65683	-1.0
375.66296	1.0
375.68817	-1.0
375.69983	1.0
375.7122	1.0
375.72037	1.0
375.7407	-1.0
375.74472	-1.0
375.74734	-1.0
375.76266	1.0
375.7671	-1.0
375.77008	1.0
375.77386	-1.0
375.77832	-1.0
375.78192	-1.0
375.80017	-1.0
375.80365	-1.0
375.81027	-1.0
375.8152	-1.0
375.81885	-1.0
375.8225	-1.0
375.8378	-1.0
375.84427	-1.0
375.85324	-1.0
375.85904	-1.0
375.8621	-1.0
375.87653	-1.0
375.88925	-1.0
375.90387	-1.0
375.907	-1.0
375.93484	-1.0
375.94736	1.0
375.95044	1.0
375.96536	-1.0
375.96793	-1.0
375.9768	-1.0
375.9804	1.0
375.98325	-1.0
375.98627	-1.0
376.00204	1.0
376.02643	-1.0
376.0301	-1.0
376.0725	-1.0
376.07544	1.0
376.07855	-1.0
376.13965	-1.0
376.15945	-1.0
376.31375	-1.0
383.42944	1.0
383.43512	1.0
383.44193	-1.0
383.44443	-1.0
383.44812	-1.0
383.45123	1.0
383.45755	-1.0
383.467	-1.0
383.4717	1.0
383.47617	-1.0
383.48212	1.0
383.48572	-1.0
383.49365	1.0
383.50165	1.0
383.51132	-1.0
383.52136	1.0
383.54205	-1.0
383.5521	1.0
383.5677	-1.0
383.57687	1.0
388.58908	1.0
389.72305	1.0
390.43344	1.0
393.52957	-1.0
393.54913	1.0
393.56372	1.0
393.57117	-1.0
393.57407	-1.0
393.5808	-1.0
393.58493	1.0
393.58905	-1.0
393.5938	1.0
393.59912	1.0
393.60687	1.0
393.61224	-1.0
393.61807	1.0
393.63196	1.0
393.6345	-1.0
393.63837	-1.0
393.65363	-1.0
393.6728	-1.0
393.71213	-1.0
393.76404	1.0
393.80957	1.0
393.86823	-1.0
403.4818	1.0
403.52344	-1.0
403.53873	-1.0
403.54684	-1.0
403.58243	1.0
403.6335	1.0
403.6948	1.0
403.71008	-1.0
403.7206	-1.0
403.772	1.0
403.81024	-1.0
403.8518	-1.0
403.93176	-1.0
404.03445	-1.0
404.0808	-1.0
404.10004	1.0
404.12943	-1.0
404.14648	-1.0
404.2611	-1.0
404.44644	-1.0
409.77988	-1.0
409.91995	1.0
409.92264	-1.0
409.9304	-1.0
409.9592	-1.0
410.00208	-1.0
410.00836	-1.0
410.07083	-1.0
410.12207	1.0
410.17215	1.0
410.1747	1.0
410.27673	-1.0
410.28424	1.0
410.365	-1.0
411.19843	1.0
417.5263	-1.0
417.56024	1.0
417.59183	-1.0
417.595	1.0
417.59784	1.0
417.60037	-1.0
417.60416	-1.0
417.60773	-1.0
417.61392	1.0
417.61948	-1.0
417.6227	-1.0
417.6326	1.0
417.6982	-1.0
417.7832	1.0
417.78915	-1.0
417.83127	-1.0
417.8431	-1.0
417.85492	-1.0
417.96967	-1.0
418.0096	-1.0
418.0282	-1.0
418.1132	-1.0
418.1295	-1.0
418.17365	1.0
418.1998	-1.0
418.22647	-1.0
418.247	-1.0
418.26596	1.0
418.27695	-1.0
418.28656	1.0
418.3422	-1.0
418.37823	-1.0
418.488	1.0
423.14185	-1.0
438.22183	-1.0
438.23825	1.0
438.2414	1.0
438.25085	1.0
438.25803	1.0
438.28043	1.0
438.29257	1.0
438.30112	1.0
438.3158	-1.0
438.3366	-1.0
438.3391	-1.0
444.35245	-1.0
444.38077	-1.0
444.38623	1.0
444.4029	1.0
444.4215	1.0
444.44662	1.0
444.4853	-1.0
444.50192	1.0
444.50513	1.0
444.50797	1.0
444.51047	-1.0
444.51328	1.0
444.51733	-1.0
444.5211	-1.0
444.52383	-1.0
444.52756	-1.0
444.53024	-1.0
444.5348	-1.0
444.54163	-1.0
444.5444	-1.0
444.55353	-1.0
444.55603	-1.0
444.5717	-1.0
444.58105	1.0
444.5855	-1.0
444.58917	-1.0
444.61795	-1.0
444.62103	1.0
444.63083	-1.0
444.6359	1.0
444.64017	1.0
444.6453	-1.0
444.66168	1.0
444.66544	-1.0
444.67676	-1.0
444.67944	-1.0
444.68616	1.0
444.6988	-1.0
444.70267	1.0
444.7166	-1.0
444.7227	-1.0
444.7255	-1.0
444.7398	-1.0
444.7425	-1.0
444.74872	1.0
444.75143	1.0
444.75955	-1.0
444.76483	1.0
444.76996	-1.0
444.77252	1.0
444.78085	1.0
444.78848	1.0
444.79187	-1.0
444.8051	-1.0
444.80844	-1.0
444.8141	-1.0
444.82828	-1.0
444.834	-1.0
444.85016	-1.0
444.86713	-1.0
444.88147	-1.0
444.8876	-1.0
444.89435	1.0
444.90775	-1.0
444.9138	-1.0
444.95355	-1.0
444.96948	-1.0
444.97452	-1.0
444.99063	-1.0
445.00397	-1.0
445.0555	-1.0
445.06567	-1.0
445.1017	-1.0
445.11197	-1.0
445.1352	1.0
445.13837	-1.0
445.14252	-1.0
445.19012	-1.0
445.2025	-1.0
445.2226	-1.0
445.23117	-1.0
445.24792	-1.0
445.26456	-1.0
445.29208	-1.0
445.3015	-1.0
445.32025	-1.0
445.38412	-1.0
445.3916	-1.0
447.22952	-1.0
457.59204	-1.0
457.7516	-1.0
457.77316	1.0
457.83997	-1.0
457.8474	-1.0
457.85925	-1.0
457.86887	1.0
457.90265	1.0
457.92337	1.0
457.93073	-1.0
457.93344	-1.0
457.9404	-1.0
458.13513	1.0
459.47772	-1.0
461.98688	-1.0
468.18976	-1.0
468.2075	1.0
468.21237	1.0
468.22867	-1.0
468.24933	1.0
471.7424	-1.0
471.76636	1.0
471.78375	-1.0
471.7926	-1.0
471.84406	-1.0
471.8979	-1.0
471.93005	-1.0
471.94797	-1.0
471.96835	-1.0
471.97876	1.0
471.99155	-1.0
472.038	-1.0
472.05624	1.0
472.08893	-1.0
472.09183	-1.0
472.11768	-1.0
472.1527	-1.0
472.15756	-1.0
472.2091	-1.0
472.2575	-1.0
472.27164	-1.0
472.32767	-1.0
472.39456	-1.0
472.4185	-1.0
472.51825	-1.0
472.5534	-1.0
472.56433	1.0
476.1718	1.0
476.17523	1.0
476.17877	1.0
476.18216	-1.0
476.18503	-1.0
476.18893	-1.0
476.19293	-1.0
476.19547	-1.0
476.202	-1.0
476.2066	-1.0
476.21387	1.0
476.2231	-1.0
476.2262	-1.0
476.2302	-1.0
476.23325	1.0
476.23703	-1.0
476.243	-1.0
476.24823	-1.0
476.2517	-1.0
476.25552	1.0
476.25836	-1.0
476.2626	-1.0
476.26672	1.0
476.2698	-1.0
476.28812	1.0
476.29135	-1.0
476.3063	-1.0
476.32263	1.0
476.32687	-1.0
476.33755	1.0
476.34045	1.0
476.35248	-1.0
476.3751	-1.0
476.39035	-1.0
476.40152	-1.0
476.40863	1.0
476.41412	-1.0
476.43335	-1.0
476.44708	1.0
476.45145	-1.0
476.46033	1.0
476.48172	-1.0
476.49817	-1.0
476.50296	-1.0
476.50647	-1.0
476.53107	-1.0
476.5442	-1.0
476.55804	-1.0
476.56195	-1.0
476.5804	-1.0
476.59277	-1.0
476.6085	1.0
476.6172	-1.0
476.62488	-1.0
476.65253	-1.0
476.66968	-1.0
476.6873	-1.0
476.70273	-1.0
476.72696	-1.0
476.73676	-1.0
476.77673	-1.0
476.8092	-1.0
476.8246	-1.0
476.84912	-1.0
476.8527	1.0
476.9046	1.0
477.0675	1.0
477.08295	1.0
485.43777	-1.0
485.46667	1.0
485.4818	1.0
485.49564	-1.0
485.50854	1.0
485.51553	-1.0
485.5196	1.0
485.52267	-1.0
485.52628	-1.0
485.53	-1.0
485.53253	-1.0
485.53647	-1.0
485.54016	-1.0
485.54477	-1.0
485.54907	-1.0
485.5516	-1.0
485.55463	1.0
485.56393	1.0
485.5716	1.0
485.5775	-1.0
485.58945	1.0
485.5953	-1.0
485.6141	-1.0
485.621	-1.0
485.62372	-1.0
485.62646	-1.0
485.63153	-1.0
485.63812	-1.0
485.64096	1.0
485.64764	1.0
485.6562	1.0
485.66223	1.0
485.6653	1.0
485.66925	1.0
485.67368	-1.0
485.67905	-1.0
485.6856	-1.0
485.6896	-1.0
485.704	1.0
485.70786	-1.0
485.71313	-1.0
485.7259	1.0
485.7298	-1.0
485.7336	-1.0
485.73672	-1.0
485.74734	1.0
485.7516	-1.0
485.7643	1.0
485.76816	-1.0
485.7867	-1.0
485.79135	-1.0
485.7947	1.0
485.8038	-1.0
485.80893	1.0
485.8127	1.0
485.81744	-1.0
485.82193	-1.0
485.82568	-1.0
485.83005	1.0
485.84653	-1.0
485.85028	-1.0
485.8586	-1.0
485.8612	-1.0
485.86505	1.0
485.87244	-1.0
485.87692	-1.0
485.88684	-1.0
485.8902	-1.0
485.90335	-1.0
485.9059	1.0
485.9099	-1.0
485.9135	-1.0
485.92444	-1.0
485.9272	-1.0
485.9316	-1.0
485.94693	1.0
485.95227	-1.0
485.96097	-1.0
485.9706	-1.0
485.9818	1.0
485.99283	-1.0
485.99625	-1.0
485.99997	-1.0
486.0184	1.0
486.03802	-1.0
486.0451	-1.0
486.0604	-1.0
486.0645	-1.0
486.06744	-1.0
486.0848	-1.0
486.09277	-1.0
486.1108	-1.0
486.11597	1.0
486.1318	-1.0
486.17007	1.0
486.18857	1.0
486.19424	-1.0
486.19705	1.0
486.21567	1.0
486.23453	-1.0
486.2386	-1.0
486.25488	-1.0
486.27863	-1.0
486.301	-1.0
486.3119	1.0
486.31635	-1.0
486.337	-1.0
486.35812	1.0
486.36163	-1.0
486.38156	-1.0
486.38812	-1.0
486.41916	-1.0
486.43484	-1.0
486.4414	-1.0
486.4767	-1.0
486.48016	-1.0
486.51215	-1.0
486.51523	1.0
486.53937	-1.0
486.5714	-1.0
486.58197	-1.0
486.61447	-1.0
486.65936	1.0
500.7262	-1.0
500.7313	1.0
500.74796	-1.0
500.7674	1.0
500.84183	-1.0
512.177	1.0
512.1802	1.0
512.1833	-1.0
512.1858	-1.0
512.1886	-1.0
512.19244	-1.0
512.1965	-1.0
512.19934	-1.0
512.21545	1.0
512.2194	-1.0
512.23737	-1.0
512.24365	-1.0
512.2554	1.0
512.2766	-1.0
512.3065	-1.0
512.3125	-1.0
512.33014	1.0
512.334	-1.0
512.3371	-1.0
512.35187	-1.0
512.3562	-1.0
512.36707	-1.0
512.3741	-1.0
512.3767	-1.0
512.3895	1.0
512.40027	1.0
512.413	-1.0
512.417	-1.0
512.42126	-1.0
512.42993	-1.0
512.43396	-1.0
512.4478	-1.0
512.45245	-1.0
512.455	-1.0
512.46313	-1.0
512.4798	-1.0
512.4844	-1.0
512.49414	-1.0
512.506	-1.0
512.5106	-1.0
512.5212	-1.0
512.52466	-1.0
512.54553	-1.0
512.55054	-1.0
512.5662	-1.0
512.6062	-1.0
512.6116	-1.0
512.6275	-1.0
512.645	-1.0
512.6507	-1.0
512.6697	-1.0
512.6863	-1.0
512.7134	-1.0
512.7352	1.0
512.775	-1.0
512.8276	-1.0
512.8581	-1.0
512.93134	1.0
513.01306	-1.0
513.0529	1.0
513.0808	1.0
519.44037	-1.0
521.86194	-1.0
521.9246	1.0
521.955	-1.0
521.9668	-1.0
522.023	1.0
522.3837	-1.0
522.4617	-1.0
522.80743	1.0
526.1907	-1.0
526.2429	-1.0
526.25146	1.0
526.25836	1.0
526.2646	1.0
526.26746	-1.0
526.27203	-1.0
526.2757	-1.0
526.27844	-1.0
526.2827	-1.0
526.28625	1.0
526.2888	1.0
526.3003	1.0
526.3032	1.0
526.30725	1.0
526.31067	-1.0
526.31396	1.0
526.3184	-1.0
526.3216	1.0
526.3296	-1.0
526.35315	1.0
526.3565	1.0
526.3654	-1.0
526.3758	1.0
526.38025	-1.0
526.3832	-1.0
526.3865	-1.0
526.3992	1.0
526.40314	-1.0
526.4133	-1.0
526.42035	-1.0
526.42487	-1.0
526.43774	1.0
526.4413	-1.0
526.44464	-1.0
526.4619	-1.0
526.485	-1.0
526.49133	-1.0
526.4939	-1.0
526.4968	-1.0
526.50366	1.0
526.5078	-1.0
526.51074	-1.0
526.5185	1.0
526.5228	-1.0
526.5302	-1.0
526.5343	-1.0
526.54895	1.0
526.5523	-1.0
526.5551	1.0
526.55774	-1.0
526.5607	-1.0
526.5662	-1.0
526.58563	1.0
526.58997	-1.0
526.593	1.0
526.5971	-1.0
526.6016	1.0
526.60693	-1.0
526.61	-1.0
526.6125	-1.0
526.61755	-1.0
526.6317	-1.0
526.63464	-1.0
526.63873	-1.0
526.6596	-1.0
526.6645	-1.0
526.6711	-1.0
526.6854	-1.0
526.688	-1.0
526.6927	1.0
526.6983	1.0
526.70483	-1.0
526.7137	-1.0
526.71686	-1.0
526.7266	1.0
526.74567	1.0
526.7491	-1.0
526.7547	-1.0
526.795	-1.0
539.7086	1.0
542.8289	-1.0
543.79364	1.0
552.275	1.0
552.2869	1.0
552.29114	-1.0
552.2937	-1.0
552.2979	-1.0
552.3024	-1.0
552.3128	-1.0
552.31683	-1.0
552.32806	-1.0
552.33435	-1.0
552.345	1.0
552.3484	1.0
552.3602	-1.0
552.36316	1.0
552.3662	1.0
552.37006	1.0
552.37286	-1.0
552.38135	-1.0
552.3847	1.0
552.3881	-1.0
552.3927	-1.0
552.3971	1.0
552.408	-1.0
552.41626	-1.0
552.4209	1.0
552.4243	-1.0
552.4345	1.0
552.44934	-1.0
552.4662	1.0
552.4828	-1.0
552.48895	-1.0
552.5034	-1.0
552.5234	-1.0
552.5579	1.0
552.56067	-1.0
552.56506	-1.0
552.5899	-1.0
552.61145	-1.0
552.6204	1.0
552.6662	-1.0
552.69	-1.0
552.7186	-1.0
552.74567	1.0
552.7544	-1.0
552.7801	-1.0
552.78937	-1.0
552.8054	-1.0
552.82166	1.0
552.8296	1.0
552.85394	-1.0
552.8569	-1.0
552.87683	-1.0
552.89954	-1.0
552.90704	-1.0
553.012	1.0
553.0262	-1.0
553.1299	1.0
553.1352	1.0
553.171	-1.0
558.3893	1.0
564.03503	-1.0
564.0516	1.0
564.0773	1.0
564.08765	-1.0
564.1195	1.0
569.6507	-1.0
574.43304	-1.0
574.4546	-1.0
574.46466	1.0
574.472	1.0
574.4765	1.0
574.4901	1.0
574.4944	1.0
574.49725	-1.0
574.5007	1.0
574.5076	1.0
574.5104	-1.0
574.5138	1.0
574.5164	1.0
574.52014	1.0
574.52594	-1.0
574.5292	-1.0
574.534	-1.0
574.53656	-1.0
574.5414	-1.0
574.54565	1.0
574.54895	1.0
574.55255	-1.0
574.56134	-1.0
574.5773	1.0
574.5855	-1.0
574.596	1.0
574.61523	-1.0
574.6228	-1.0
574.64417	-1.0
574.65326	1.0
574.65686	1.0
574.66254	-1.0
574.6657	-1.0
574.67426	-1.0
574.6818	-1.0
574.6851	-1.0
574.6902	-1.0
574.69635	-1.0
574.7026	1.0
574.706	-1.0
574.71387	-1.0
574.71686	-1.0
574.7241	-1.0
574.7322	1.0
574.73474	-1.0
574.73846	-1.0
574.7416	-1.0
574.7449	-1.0
574.7517	-1.0
574.757	-1.0
574.76355	-1.0
574.7685	-1.0
574.7738	-1.0
574.7789	-1.0
574.7816	-1.0
574.78424	-1.0
574.7959	-1.0
574.79877	-1.0
574.8036	-1.0
574.80695	1.0
574.81635	-1.0
574.81946	-1.0
574.8233	1.0
574.8284	-1.0
574.83246	-1.0
574.8423	-1.0
574.8456	-1.0
574.85034	1.0
574.85333	-1.0
574.8599	-1.0
574.8659	-1.0
574.869	-1.0
574.8768	1.0
574.88074	-1.0
574.885	-1.0
574.89874	-1.0
574.9042	-1.0
574.9072	-1.0
574.9223	-1.0
574.9301	-1.0
574.9358	-1.0
574.9385	1.0
574.94165	-1.0
574.9464	-1.0
574.95667	-1.0
574.96045	1.0
574.9747	-1.0
574.9786	-1.0
574.98584	1.0
574.99054	1.0
574.99335	-1.0
574.996	-1.0
575.0053	-1.0
575.01166	-1.0
575.018	-1.0
575.0292	-1.0
575.0324	-1.0
575.042	-1.0
575.05206	-1.0
575.0725	-1.0
575.08154	-1.0
575.0905	-1.0
575.09717	-1.0
575.1036	-1.0
575.1114	-1.0
575.1201	-1.0
575.1254	1.0
575.12823	-1.0
575.1402	-1.0
575.14624	-1.0
575.15015	-1.0
575.1607	-1.0
575.1681	1.0
575.1715	-1.0
575.175	-1.0
575.1854	-1.0
575.20746	-1.0
575.21216	-1.0
575.23193	-1.0
575.2345	-1.0
575.2374	-1.0
575.2478	-1.0
575.2627	-1.0
575.2816	-1.0
575.2878	-1.0
575.29175	1.0
575.3083	-1.0
575.3114	1.0
575.326	-1.0
575.3334	-1.0
575.33936	-1.0
575.34314	-1.0
575.3477	1.0
575.36584	-1.0
575.37006	-1.0
575.3917	-1.0
575.4225	-1.0
575.47345	-1.0
575.5117	-1.0
575.6162	-1.0
575.6759	-1.0
582.53406	-1.0
584.6753	-1.0
584.8642	-1.0
584.9014	-1.0
584.9164	-1.0
584.93	1.0
584.9336	-1.0
584.9382	-1.0
585.1301	-1.0
585.1391	-1.0
585.165	-1.0
585.188	-1.0
585.2482	-1.0
585.2813	-1.0
585.3394	-1.0
585.3543	-1.0
585.4056	1.0
585.43304	-1.0
585.44794	1.0
585.45154	-1.0
585.493	1.0
585.5148	-1.0
585.51855	-1.0
585.5427	-1.0
585.548	-1.0
