0.02912	-1.0
0.05324	-1.0
0.05988	-1.0
0.11084	-1.0
0.162	-1.0
0.2534	-1.0
0.3044	-1.0
0.42428	-1.0
0.45188	-1.0
0.45552	-1.0
0.4752	-1.0
0.49912	-1.0
0.57472	-1.0
0.59676	-1.0
0.81788	-1.0
0.8492	-1.0
1.07144	-1.0
1.37448	-1.0
5.42612	-1.0
5.4406	-1.0
5.46712	-1.0
5.47152	1.0
5.4882	-1.0
5.49572	-1.0
5.50188	-1.0
5.51808	-1.0
5.54856	-1.0
5.55532	-1.0
5.585	-1.0
5.62572	-1.0
5.63092	-1.0
5.68628	-1.0
5.71824	-1.0
5.7298	-1.0
5.80776	-1.0
5.81652	-1.0
5.84984	-1.0
5.87676	-1.0
5.92372	-1.0
6.08256	-1.0
6.12064	-1.0
6.20904	-1.0
6.3094	-1.0
6.45532	-1.0
6.6008	-1.0
6.72676	-1.0
9.01	-1.0
9.05016	-1.0
9.08368	-1.0
9.0872	-1.0
9.1522	-1.0
9.16144	-1.0
9.2316	-1.0
9.2732	-1.0
9.31976	-1.0
9.37824	-1.0
9.4064	-1.0
9.46256	-1.0
9.57648	-1.0
9.64632	-1.0
9.76432	-1.0
9.85056	-1.0
9.9126	-1.0
10.04712	-1.0
10.25688	-1.0
11.81316	-1.0
11.86568	-1.0
11.9108	-1.0
11.97028	-1.0
12.035	-1.0
12.1656	-1.0
12.41836	-1.0
12.44128	-1.0
12.6024	-1.0
14.95384	-1.0
14.98468	-1.0
15.00264	-1.0
15.04084	-1.0
15.05668	-1.0
15.08724	-1.0
15.14528	-1.0
15.18788	-1.0
15.2238	-1.0
15.23432	-1.0
15.27564	-1.0
15.298	-1.0
15.34628	-1.0
15.57172	-1.0
15.66776	-1.0
15.72696	-1.0
15.78664	-1.0
15.88832	-1.0
15.995	-1.0
16.07948	-1.0
16.26492	-1.0
16.31468	-1.0
16.40692	-1.0
19.38836	-1.0
19.41884	-1.0
19.44996	-1.0
19.4632	-1.0
19.477	-1.0
19.50704	-1.0
19.51336	-1.0
19.5428	-1.0
19.57528	-1.0
19.5932	-1.0
19.62052	-1.0
19.66232	-1.0
19.7246	-1.0
19.7634	-1.0
19.8004	-1.0
19.85048	-1.0
19.92848	-1.0
19.9614	-1.0
20.02948	-1.0
20.0704	-1.0
20.2088	-1.0
20.31228	-1.0
20.41672	-1.0
20.45612	-1.0
20.57252	-1.0
20.65936	-1.0
20.73268	-1.0
20.7772	-1.0
20.83916	-1.0
20.9096	-1.0
21.00876	-1.0
21.14764	-1.0
24.8424	-1.0
24.8784	-1.0
24.91096	-1.0
24.91568	-1.0
24.941	-1.0
24.94364	-1.0
24.94688	-1.0
24.9846	-1.0
24.98736	-1.0
25.0226	-1.0
25.05716	-1.0
25.08336	-1.0
25.12228	-1.0
25.12508	-1.0
25.20104	-1.0
25.27704	-1.0
25.3222	-1.0
25.37788	-1.0
25.48216	-1.0
25.53892	-1.0
25.5872	-1.0
25.6262	-1.0
25.72636	-1.0
25.83156	-1.0
25.87948	-1.0
25.95396	-1.0
26.01752	-1.0
26.10248	-1.0
26.19644	-1.0
26.32792	-1.0
26.45856	-1.0
29.82636	-1.0
29.86964	-1.0
29.887	-1.0
29.88952	-1.0
29.90784	-1.0
29.91284	-1.0
29.91536	-1.0
29.9362	-1.0
29.93948	-1.0
29.97772	-1.0
30.05332	-1.0
30.09512	-1.0
30.12252	-1.0
30.15	-1.0
30.16184	1.0
30.20736	-1.0
30.26736	-1.0
30.30708	-1.0
30.36648	-1.0
30.40272	-1.0
30.44296	-1.0
30.48848	-1.0
30.53736	-1.0
30.64732	-1.0
30.67844	-1.0
30.73848	-1.0
30.80228	-1.0
30.85868	-1.0
30.93924	-1.0
31.01452	-1.0
31.07436	-1.0
31.14704	-1.0
31.197	-1.0
31.27656	-1.0
31.35844	-1.0
31.49552	-1.0
31.56984	-1.0
35.70004	-1.0
35.72148	-1.0
35.75152	-1.0
35.77324	-1.0
35.79592	-1.0
35.80668	-1.0
35.81032	-1.0
35.84684	-1.0
35.91216	-1.0
35.91656	-1.0
35.95196	-1.0
35.97236	-1.0
36.008	-1.0
36.03076	-1.0
36.06412	-1.0
36.09564	-1.0
36.19004	-1.0
36.25252	-1.0
36.28252	-1.0
36.34712	-1.0
36.40136	-1.0
36.43816	-1.0
36.48156	-1.0
36.52712	-1.0
36.56812	-1.0
36.63956	-1.0
36.7188	-1.0
36.87848	-1.0
36.92332	-1.0
37.0092	-1.0
37.06428	-1.0
37.12684	-1.0
37.18236	-1.0
37.26832	-1.0
37.34368	-1.0
37.9312	-1.0
38.0406	-1.0
40.45684	-1.0
40.4644	-1.0
40.48176	-1.0
40.52108	-1.0
40.53336	-1.0
40.54912	-1.0
40.56704	-1.0
40.5822	-1.0
40.612	-1.0
40.63704	-1.0
40.66864	-1.0
40.7164	-1.0
40.74468	-1.0
40.78088	-1.0
40.86556	-1.0
40.89608	-1.0
40.9546	-1.0
41.00336	-1.0
41.06024	-1.0
41.10296	-1.0
41.143	-1.0
41.1752	-1.0
41.23256	-1.0
41.2826	-1.0
41.35336	-1.0
41.4494	-1.0
41.50948	-1.0
41.56856	-1.0
41.61276	-1.0
41.65892	-1.0
41.723	-1.0
41.77464	-1.0
42.00432	-1.0
44.677	-1.0
44.69204	-1.0
44.73768	-1.0
44.7634	-1.0
44.79016	-1.0
44.82916	-1.0
44.8472	-1.0
44.8508	-1.0
44.88996	-1.0
44.93948	-1.0
44.9714	-1.0
45.00288	-1.0
45.05704	-1.0
45.12232	-1.0
45.15868	-1.0
45.21476	-1.0
45.26612	-1.0
45.31524	-1.0
45.3544	-1.0
45.43084	-1.0
45.48412	-1.0
45.56716	-1.0
45.63232	-1.0
45.694	-1.0
45.8104	-1.0
45.94724	-1.0
46.07028	-1.0
49.23816	-1.0
49.27032	-1.0
49.29464	-1.0
49.32996	-1.0
49.35216	-1.0
49.40712	-1.0
49.41104	-1.0
49.45884	-1.0
49.49684	-1.0
49.56192	-1.0
49.58664	-1.0
49.61524	-1.0
49.66468	-1.0
49.70616	-1.0
49.74232	-1.0
49.78912	-1.0
49.93584	-1.0
49.99136	-1.0
50.09892	-1.0
50.167	-1.0
50.2466	-1.0
50.3266	-1.0
50.57224	-1.0
54.4834	-1.0
54.51136	-1.0
54.53008	-1.0
54.55256	-1.0
54.56044	-1.0
54.59832	-1.0
54.6158	-1.0
54.63848	1.0
54.66528	1.0
54.7082	-1.0
54.73652	-1.0
54.76332	-1.0
54.8094	-1.0
54.88724	-1.0
54.9446	-1.0
55.05672	-1.0
55.097	-1.0
55.12948	-1.0
55.28108	-1.0
55.45268	-1.0
55.49652	-1.0
55.78516	-1.0
59.58664	-1.0
59.60784	-1.0
59.64732	-1.0
59.65108	-1.0
59.6754	-1.0
59.6804	-1.0
59.71928	-1.0
59.74152	-1.0
59.79628	-1.0
59.82536	-1.0
59.86124	-1.0
59.94744	-1.0
59.9698	-1.0
60.01188	-1.0
60.02732	1.0
60.06868	-1.0
60.14672	-1.0
60.2534	-1.0
60.3216	-1.0
60.37212	-1.0
60.52984	-1.0
60.65168	-1.0
63.84396	-1.0
63.85092	-1.0
63.87916	-1.0
63.91136	-1.0
63.94432	-1.0
63.97564	-1.0
64.00168	-1.0
64.04976	-1.0
64.07796	-1.0
64.12296	-1.0
64.15928	-1.0
64.1988	-1.0
64.2274	-1.0
64.2854	-1.0
64.33464	-1.0
64.44088	-1.0
64.469	-1.0
64.54124	-1.0
64.59852	-1.0
64.62792	-1.0
64.75476	-1.0
64.79724	-1.0
64.83144	-1.0
65.02552	-1.0
65.07736	-1.0
68.24916	-1.0
68.26884	-1.0
68.28976	-1.0
68.29304	-1.0
68.32916	-1.0
68.35316	-1.0
68.37828	-1.0
68.40512	-1.0
68.44064	-1.0
68.51636	-1.0
68.56132	-1.0
68.58524	-1.0
68.61268	-1.0
68.65676	-1.0
68.71696	-1.0
68.77196	-1.0
68.8188	-1.0
68.8246	-1.0
68.87684	-1.0
69.01972	-1.0
69.08464	-1.0
69.24864	-1.0
73.52412	-1.0
73.53192	-1.0
73.53488	-1.0
73.55644	-1.0
73.59032	-1.0
73.60528	-1.0
73.62484	-1.0
73.65484	-1.0
73.6854	-1.0
73.712	-1.0
73.77588	-1.0
73.81952	-1.0
73.89368	-1.0
73.96056	-1.0
74.01712	-1.0
74.06056	-1.0
74.15252	-1.0
74.18692	-1.0
74.27992	-1.0
74.34892	-1.0
74.4276	-1.0
74.489	-1.0
74.56564	-1.0
74.68468	-1.0
78.49788	-1.0
78.52736	-1.0
78.55312	-1.0
78.57056	-1.0
78.60408	-1.0
78.63216	-1.0
78.65476	-1.0
78.69008	-1.0
78.71344	-1.0
78.74256	-1.0
78.74508	-1.0
78.77436	-1.0
78.80304	-1.0
78.88624	-1.0
78.92056	-1.0
78.97864	-1.0
78.99212	-1.0
79.014	-1.0
79.08852	-1.0
79.17276	-1.0
79.23268	-1.0
79.27904	-1.0
79.441	-1.0
79.49188	-1.0
79.72224	-1.0
79.78148	-1.0
83.8758	-1.0
83.9036	-1.0
83.92756	-1.0
83.93164	-1.0
83.95052	-1.0
83.97636	-1.0
84.00964	-1.0
84.0324	-1.0
84.06272	-1.0
84.13208	-1.0
84.17004	-1.0
84.19844	-1.0
84.22216	-1.0
84.24828	-1.0
84.28392	-1.0
84.33512	-1.0
84.37396	-1.0
84.4106	-1.0
84.43648	-1.0
84.5362	-1.0
84.61612	-1.0
84.65784	-1.0
84.73796	-1.0
84.86424	-1.0
84.9464	-1.0
85.02148	-1.0
88.42144	-1.0
88.45124	-1.0
88.47808	-1.0
88.50944	-1.0
88.52976	-1.0
88.56312	-1.0
88.61184	-1.0
88.64424	-1.0
88.66564	-1.0
88.68888	-1.0
88.71984	-1.0
88.75144	-1.0
88.77964	-1.0
88.81888	-1.0
88.86212	-1.0
88.90888	-1.0
88.92728	-1.0
88.96464	-1.0
89.02388	-1.0
89.04808	-1.0
89.11088	-1.0
89.15628	-1.0
89.42664	-1.0
89.5826	-1.0
89.642	-1.0
93.22312	-1.0
93.2504	-1.0
93.2774	-1.0
93.3014	-1.0
93.36232	-1.0
93.37948	-1.0
93.40364	-1.0
93.45348	-1.0
93.49828	-1.0
93.54364	-1.0
93.57676	-1.0
93.62172	-1.0
93.64644	-1.0
93.70728	-1.0
93.73612	-1.0
93.77416	-1.0
93.8194	-1.0
93.8486	-1.0
93.99596	-1.0
94.06972	-1.0
94.07956	-1.0
94.189	-1.0
94.22704	-1.0
94.43824	-1.0
99.32356	-1.0
99.33168	-1.0
99.34012	1.0
99.35304	1.0
99.35576	-1.0
99.37708	-1.0
99.38572	-1.0
99.42532	-1.0
99.45664	-1.0
99.48436	-1.0
99.53864	-1.0
99.5792	-1.0
99.58192	-1.0
99.62724	-1.0
99.65808	-1.0
99.68628	-1.0
99.71384	-1.0
99.7712	-1.0
99.84096	-1.0
99.92996	-1.0
99.97532	-1.0
99.99768	-1.0
100.01896	-1.0
100.05552	-1.0
100.13032	-1.0
100.3188	-1.0
100.36208	-1.0
100.51512	-1.0
100.56232	-1.0
100.86276	-1.0
100.88392	-1.0
100.9396	-1.0
104.59796	-1.0
104.61244	-1.0
104.61496	-1.0
104.63792	-1.0
104.6518	-1.0
104.67908	-1.0
104.69396	-1.0
104.6978	-1.0
104.72192	-1.0
104.7448	-1.0
104.79456	-1.0
104.81428	-1.0
104.85332	-1.0
104.88112	-1.0
104.9178	-1.0
104.97532	-1.0
105.00212	-1.0
105.03092	-1.0
105.04584	-1.0
105.0882	-1.0
105.09652	-1.0
105.1238	-1.0
105.1572	-1.0
105.19312	-1.0
105.2782	-1.0
105.35284	-1.0
105.3852	-1.0
105.429	-1.0
105.47456	-1.0
105.5548	-1.0
105.66364	-1.0
105.69096	-1.0
105.69572	-1.0
105.75208	-1.0
106.07604	-1.0
109.71764	-1.0
109.74164	-1.0
109.8002	-1.0
109.82188	-1.0
109.85396	-1.0
109.87936	-1.0
109.8994	-1.0
109.93188	-1.0
110.01004	-1.0
110.0652	-1.0
110.0946	-1.0
110.19472	-1.0
110.2352	-1.0
110.27652	-1.0
110.34344	-1.0
110.40376	-1.0
110.50212	-1.0
110.56432	-1.0
110.67348	-1.0
110.76352	-1.0
110.82748	-1.0
111.14108	-1.0
114.83072	-1.0
114.83344	-1.0
114.83608	1.0
114.8654	-1.0
114.89604	-1.0
114.92412	-1.0
114.95468	-1.0
114.9612	-1.0
114.98004	-1.0
115.01064	-1.0
115.03072	-1.0
115.07836	-1.0
115.11496	-1.0
115.1598	-1.0
115.22164	-1.0
115.25972	-1.0
115.28748	-1.0
115.348	-1.0
115.38608	-1.0
115.42384	-1.0
115.49308	-1.0
115.55504	-1.0
115.62516	-1.0
115.67796	-1.0
115.72712	-1.0
115.91712	-1.0
115.9356	-1.0
119.78092	-1.0
119.80708	-1.0
119.8294	-1.0
119.85452	-1.0
119.89964	-1.0
119.94776	-1.0
119.97396	-1.0
120.00268	-1.0
120.0054	-1.0
120.02552	-1.0
120.05868	-1.0
120.10428	-1.0
120.13764	-1.0
120.22516	-1.0
120.29244	-1.0
120.39348	-1.0
120.4778	-1.0
120.5576	-1.0
120.56548	-1.0
120.73912	-1.0
120.76292	-1.0
120.8068	-1.0
121.01804	-1.0
121.06128	-1.0
121.19184	-1.0
124.87684	-1.0
124.90576	-1.0
124.92712	-1.0
124.9304	-1.0
124.94492	-1.0
124.96284	-1.0
124.98	-1.0
125.006	-1.0
125.03396	-1.0
125.05508	-1.0
125.09204	-1.0
125.1482	-1.0
125.16744	1.0
125.16996	1.0
125.25172	-1.0
125.26396	-1.0
125.29576	-1.0
125.32484	-1.0
125.33604	-1.0
125.39048	-1.0
125.422	-1.0
125.54756	-1.0
125.5502	-1.0
125.55316	-1.0
125.57624	-1.0
125.69988	-1.0
125.71756	-1.0
125.81356	-1.0
125.98104	-1.0
126.01684	-1.0
126.0654	-1.0
126.2334	-1.0
130.60815	-1.0
130.61816	-1.0
130.63371	-1.0
130.6632	-1.0
130.66812	-1.0
130.69424	-1.0
130.69908	-1.0
130.71815	-1.0
130.73804	-1.0
130.78375	-1.0
130.80331	-1.0
130.81056	-1.0
130.83508	-1.0
130.85588	-1.0
130.8586	-1.0
130.8852	-1.0
130.91544	-1.0
130.94849	-1.0
130.982	-1.0
131.0126	-1.0
131.06212	-1.0
131.11925	-1.0
131.1846	-1.0
131.21655	-1.0
131.32516	-1.0
131.34888	-1.0
131.36972	-1.0
131.43024	-1.0
131.5586	-1.0
131.7524	-1.0
131.76128	-1.0
131.97452	-1.0
132.06631	-1.0
136.49492	-1.0
136.50708	-1.0
136.51204	1.0
136.521	-1.0
136.52351	1.0
136.53996	1.0
136.55568	-1.0
136.57576	1.0
136.60593	-1.0
136.63104	-1.0
136.661	-1.0
136.68468	-1.0
136.70969	-1.0
136.7644	-1.0
136.78424	-1.0
136.7886	-1.0
136.79944	-1.0
136.85016	-1.0
136.88023	-1.0
136.91553	-1.0
136.91856	-1.0
136.94691	-1.0
137.01544	-1.0
137.01804	-1.0
137.17216	-1.0
137.17609	-1.0
137.33604	-1.0
137.36716	-1.0
137.3998	-1.0
137.43729	-1.0
137.60196	-1.0
137.76453	-1.0
137.8796	-1.0
137.8906	-1.0
142.45212	-1.0
142.45616	-1.0
142.47816	-1.0
142.5078	-1.0
142.53027	-1.0
142.56148	-1.0
142.58284	-1.0
142.61304	-1.0
142.63985	-1.0
142.6858	-1.0
142.75417	-1.0
142.77792	-1.0
142.81552	-1.0
142.82317	-1.0
142.89136	-1.0
142.8964	-1.0
142.96692	-1.0
143.01036	-1.0
143.03513	-1.0
143.08913	-1.0
143.09515	-1.0
143.13264	-1.0
143.28468	-1.0
143.34148	-1.0
143.3646	-1.0
143.4562	-1.0
143.5368	-1.0
143.60652	-1.0
143.71388	-1.0
143.7676	-1.0
143.93391	-1.0
148.69373	-1.0
148.7052	-1.0
148.73624	-1.0
148.7558	-1.0
148.79	-1.0
148.80296	-1.0
148.80563	-1.0
148.82928	1.0
148.85435	-1.0
148.87012	-1.0
148.89792	-1.0
148.9144	-1.0
148.92836	-1.0
148.95572	-1.0
148.98537	-1.0
149.00072	-1.0
149.01508	-1.0
149.0384	-1.0
149.04796	-1.0
149.09244	-1.0
149.09496	1.0
149.18687	-1.0
149.21188	1.0
149.22392	-1.0
149.29828	-1.0
149.3436	-1.0
149.41689	-1.0
149.42528	-1.0
149.5188	-1.0
149.52148	-1.0
149.593	-1.0
149.73305	-1.0
149.74384	-1.0
149.99356	-1.0
150.047	-1.0
150.10805	-1.0
153.72215	-1.0
153.75607	-1.0
153.78671	-1.0
153.80252	-1.0
153.81155	-1.0
153.84152	-1.0
153.84404	-1.0
153.86089	-1.0
153.86568	-1.0
153.876	-1.0
153.90475	-1.0
153.93263	-1.0
153.95715	-1.0
153.96988	-1.0
154.00432	-1.0
154.0478	-1.0
154.11168	-1.0
154.1142	-1.0
154.147	-1.0
154.20917	-1.0
154.29996	-1.0
154.33057	-1.0
154.35556	-1.0
154.36052	-1.0
154.5054	-1.0
154.52815	-1.0
154.55884	-1.0
154.56747	-1.0
154.62364	-1.0
154.68884	-1.0
155.12016	-1.0
159.97604	-1.0
159.98352	-1.0
159.98663	-1.0
160.03992	-1.0
160.05504	-1.0
160.10712	-1.0
160.12752	-1.0
160.13776	-1.0
160.1494	-1.0
160.1802	-1.0
160.19968	-1.0
160.21188	-1.0
160.25032	-1.0
160.27472	-1.0
160.30612	-1.0
160.33067	-1.0
160.35156	-1.0
160.415	-1.0
160.43884	-1.0
160.46548	-1.0
160.60889	-1.0
160.61407	-1.0
160.67592	-1.0
160.75392	-1.0
160.77364	-1.0
161.17076	-1.0
166.261	-1.0
166.26704	-1.0
166.27036	-1.0
166.29633	-1.0
166.30943	-1.0
166.33432	-1.0
166.36057	-1.0
166.36343	-1.0
166.38104	-1.0
166.41356	-1.0
166.41716	-1.0
166.44472	-1.0
166.44753	-1.0
166.473	-1.0
166.5002	-1.0
166.53735	-1.0
166.56367	-1.0
166.56673	-1.0
166.60423	-1.0
166.62367	-1.0
166.70123	-1.0
166.80212	-1.0
166.84251	1.0
166.95732	-1.0
166.95996	1.0
167.00787	-1.0
167.27415	-1.0
167.39328	-1.0
167.55696	-1.0
167.71228	-1.0
168.01212	-1.0
172.90532	-1.0
172.9086	-1.0
172.91844	-1.0
172.93504	1.0
172.94044	-1.0
172.9688	-1.0
172.9742	-1.0
172.9998	-1.0
173.02672	-1.0
173.04828	-1.0
173.06448	-1.0
173.06844	-1.0
173.09357	-1.0
173.11472	-1.0
173.12791	-1.0
173.17493	-1.0
173.2192	-1.0
173.24763	-1.0
173.27324	-1.0
173.3146	-1.0
173.31789	-1.0
173.33	1.0
173.34608	-1.0
173.3858	-1.0
173.42964	-1.0
173.53523	-1.0
173.55553	-1.0
173.72824	-1.0
173.75089	-1.0
173.90068	-1.0
174.04495	-1.0
179.05444	-1.0
179.06071	-1.0
179.06372	-1.0
179.08163	1.0
179.09451	-1.0
179.10551	-1.0
179.12315	-1.0
179.14545	-1.0
179.14908	-1.0
179.16856	-1.0
179.19228	-1.0
179.23135	-1.0
179.26164	-1.0
179.27528	-1.0
179.31004	-1.0
179.31816	-1.0
179.37991	-1.0
179.3826	-1.0
179.45937	-1.0
179.475	-1.0
179.55383	-1.0
179.5904	-1.0
179.59505	-1.0
179.62224	-1.0
179.64195	-1.0
179.64528	-1.0
179.74245	-1.0
179.78864	-1.0
179.82124	-1.0
179.90228	-1.0
179.95895	-1.0
180.03429	-1.0
180.11856	-1.0
180.33089	-1.0
180.45132	-1.0
184.84145	-1.0
184.8522	-1.0
184.8576	-1.0
184.86888	-1.0
184.90836	-1.0
184.92888	-1.0
184.95103	-1.0
184.97044	-1.0
184.97508	-1.0
184.98653	-1.0
184.9912	1.0
185.00896	-1.0
185.04688	-1.0
185.05472	-1.0
185.10011	-1.0
185.123	-1.0
185.17532	-1.0
185.20424	-1.0
185.22636	-1.0
185.23096	-1.0
185.2838	-1.0
185.33112	-1.0
185.34564	-1.0
185.38176	-1.0
185.41544	-1.0
185.41832	-1.0
185.4944	-1.0
185.50513	-1.0
185.54951	-1.0
185.587	-1.0
185.64536	-1.0
185.71793	-1.0
185.87616	-1.0
185.9792	-1.0
186.07652	-1.0
186.20969	-1.0
190.2192	-1.0
190.22784	-1.0
190.2488	-1.0
190.27472	-1.0
190.28064	-1.0
190.28352	-1.0
190.29208	1.0
190.34076	-1.0
190.36185	-1.0
190.3644	1.0
190.391	-1.0
190.3962	-1.0
190.43317	-1.0
190.43568	1.0
190.44536	-1.0
190.47089	-1.0
190.4862	-1.0
190.51843	-1.0
190.52267	-1.0
190.55396	-1.0
190.564	-1.0
190.58488	-1.0
190.58936	-1.0
190.60208	-1.0
190.63452	-1.0
190.66096	-1.0
190.70532	-1.0
190.70792	-1.0
190.76411	-1.0
190.85028	-1.0
190.91267	-1.0
190.96768	-1.0
190.98396	-1.0
191.045	-1.0
191.13531	-1.0
191.1696	-1.0
191.21948	-1.0
191.27856	-1.0
191.3458	-1.0
191.58955	-1.0
196.04971	-1.0
196.05452	-1.0
196.06712	-1.0
196.10329	-1.0
196.10583	1.0
196.13072	-1.0
196.15611	-1.0
196.15865	-1.0
196.1974	-1.0
196.2016	-1.0
196.205	-1.0
196.22472	-1.0
196.22987	1.0
196.23283	1.0
196.25252	-1.0
196.2714	-1.0
196.29884	-1.0
196.31947	-1.0
196.32268	-1.0
196.34811	-1.0
196.36925	-1.0
196.39832	-1.0
196.42703	-1.0
196.46317	-1.0
196.48816	-1.0
196.51656	-1.0
196.599	-1.0
196.63435	-1.0
196.68152	-1.0
196.68404	-1.0
196.71835	-1.0
196.79956	-1.0
196.81784	-1.0
196.93408	-1.0
196.96208	-1.0
197.00484	-1.0
197.0612	-1.0
197.2094	-1.0
197.37096	-1.0
201.95177	-1.0
201.95636	-1.0
201.97627	1.0
201.99371	-1.0
202.01727	-1.0
202.02425	-1.0
202.03656	-1.0
202.04865	-1.0
202.0522	-1.0
202.07112	-1.0
202.07388	1.0
202.10092	-1.0
202.10628	-1.0
202.1258	-1.0
202.16351	-1.0
202.18808	-1.0
202.21677	-1.0
202.23727	-1.0
202.26665	-1.0
202.2852	-1.0
202.30576	-1.0
202.30923	-1.0
202.35228	-1.0
202.39047	-1.0
202.42577	-1.0
202.48448	-1.0
202.50237	-1.0
202.54704	-1.0
202.57848	-1.0
202.66193	-1.0
202.77956	-1.0
202.85512	-1.0
202.92632	-1.0
203.41492	-1.0
203.44748	-1.0
207.84808	-1.0
207.85117	-1.0
207.871	-1.0
207.88943	-1.0
207.89468	-1.0
207.9252	-1.0
207.93904	-1.0
207.94237	-1.0
207.96228	-1.0
207.97404	-1.0
207.99452	-1.0
207.99844	-1.0
208.02368	-1.0
208.02664	-1.0
208.06424	-1.0
208.099	-1.0
208.12032	-1.0
208.13612	-1.0
208.1408	-1.0
208.1538	-1.0
208.1764	-1.0
208.21184	-1.0
208.23764	-1.0
208.25792	-1.0
208.26453	-1.0
208.30933	-1.0
208.32492	-1.0
208.36208	-1.0
208.38924	-1.0
208.43492	-1.0
208.4488	-1.0
208.4578	-1.0
208.5076	-1.0
208.52084	-1.0
208.57976	-1.0
208.61143	-1.0
208.66753	-1.0
208.6704	-1.0
208.67725	-1.0
208.75	-1.0
208.78185	-1.0
208.85628	-1.0
208.8604	-1.0
208.88647	-1.0
208.95016	-1.0
208.98727	-1.0
209.05627	-1.0
209.2344	-1.0
213.70927	-1.0
213.7152	-1.0
213.7212	-1.0
213.73428	-1.0
213.77116	-1.0
213.78204	-1.0
213.80864	-1.0
213.81192	-1.0
213.83163	-1.0
213.84912	-1.0
213.87584	-1.0
213.87971	-1.0
213.9018	-1.0
213.91464	-1.0
213.93677	-1.0
213.95024	-1.0
213.97644	-1.0
214.00616	-1.0
214.03049	-1.0
214.0338	1.0
214.06091	-1.0
214.09135	-1.0
214.10252	-1.0
214.111	-1.0
214.1378	-1.0
214.14032	-1.0
214.16368	-1.0
214.16908	-1.0
214.18488	-1.0
214.18796	-1.0
214.24847	-1.0
214.27596	-1.0
214.3024	-1.0
214.30563	-1.0
214.33516	-1.0
214.37036	-1.0
214.43028	-1.0
214.50111	-1.0
214.5048	-1.0
214.55592	-1.0
214.5726	-1.0
214.61792	-1.0
214.62212	-1.0
214.81352	-1.0
214.81808	-1.0
214.82951	-1.0
214.91148	-1.0
219.31444	-1.0
219.32169	-1.0
219.36528	-1.0
219.37695	-1.0
219.39204	-1.0
219.41953	-1.0
219.4434	-1.0
219.45076	-1.0
219.47131	-1.0
219.4862	-1.0
219.50328	-1.0
219.5224	-1.0
219.55	-1.0
219.574	-1.0
219.58792	-1.0
219.59348	-1.0
219.60349	-1.0
219.63948	-1.0
219.67812	-1.0
219.76727	-1.0
219.78809	-1.0
219.85677	-1.0
219.86047	-1.0
219.90584	-1.0
219.91072	-1.0
219.915	-1.0
219.96104	-1.0
220.04211	-1.0
220.04936	-1.0
220.07904	-1.0
220.11592	-1.0
220.13329	-1.0
220.1956	-1.0
220.23624	-1.0
220.32687	-1.0
220.4666	-1.0
220.55212	-1.0
225.27245	-1.0
225.2814	-1.0
225.2874	-1.0
225.3024	-1.0
225.32623	-1.0
225.33028	-1.0
225.34444	-1.0
225.34727	1.0
225.3662	-1.0
225.39165	-1.0
225.39607	-1.0
225.42024	-1.0
225.43704	-1.0
225.44188	-1.0
225.4462	-1.0
225.44888	-1.0
225.462	-1.0
225.46904	-1.0
225.4904	-1.0
225.50584	-1.0
225.51236	-1.0
225.53796	-1.0
225.55785	-1.0
225.59969	-1.0
225.61404	-1.0
225.63388	-1.0
225.64528	-1.0
225.64816	1.0
225.6712	-1.0
225.67548	-1.0
225.70064	-1.0
225.76256	-1.0
225.76656	-1.0
225.7972	-1.0
225.84508	-1.0
225.86205	-1.0
225.86469	-1.0
225.91032	-1.0
225.91316	-1.0
225.98392	-1.0
226.01172	-1.0
226.05511	-1.0
226.14752	-1.0
226.15068	-1.0
226.21904	-1.0
226.29865	-1.0
226.38724	-1.0
226.4196	-1.0
226.69968	-1.0
230.78952	-1.0
230.79248	-1.0
230.81032	-1.0
230.83363	-1.0
230.8362	1.0
230.87036	-1.0
230.88647	-1.0
230.90292	-1.0
230.91776	-1.0
230.92264	-1.0
230.94676	-1.0
230.96196	-1.0
230.99716	-1.0
231.00987	-1.0
231.013	-1.0
231.03111	-1.0
231.05144	-1.0
231.05432	-1.0
231.07983	-1.0
231.10487	-1.0
231.11977	-1.0
231.17552	-1.0
231.19524	-1.0
231.24403	-1.0
231.26888	-1.0
231.28868	-1.0
231.34464	-1.0
231.35023	-1.0
231.3842	-1.0
231.43896	-1.0
231.44205	-1.0
231.50668	-1.0
231.66225	-1.0
231.67064	-1.0
231.73096	-1.0
231.76492	-1.0
231.93816	-1.0
232.03192	-1.0
236.6226	-1.0
236.62611	-1.0
236.64545	-1.0
236.66264	-1.0
236.68549	-1.0
236.71384	-1.0
236.7174	-1.0
236.75388	-1.0
236.7578	-1.0
236.76508	-1.0
236.78365	-1.0
236.8208	-1.0
236.83464	-1.0
236.8592	-1.0
236.87927	-1.0
236.89597	-1.0
236.91756	-1.0
236.92072	-1.0
236.94788	-1.0
236.95192	-1.0
237.0136	-1.0
237.01688	-1.0
237.06468	-1.0
237.0676	-1.0
237.1096	-1.0
237.15964	-1.0
237.16891	-1.0
237.19556	-1.0
237.22472	-1.0
237.272	-1.0
237.27756	-1.0
237.3054	-1.0
237.60532	-1.0
237.60892	-1.0
237.79416	-1.0
237.96376	-1.0
238.04372	-1.0
242.1638	-1.0
242.16731	-1.0
242.18504	-1.0
242.20357	1.0
242.20876	-1.0
242.23048	-1.0
242.25575	-1.0
242.26144	-1.0
242.27489	-1.0
242.29788	-1.0
242.30057	1.0
242.32236	-1.0
242.34145	-1.0
242.36153	-1.0
242.36504	-1.0
242.38193	-1.0
242.40596	-1.0
242.4324	-1.0
242.443	-1.0
242.46652	-1.0
242.4984	-1.0
242.5038	-1.0
242.5084	-1.0
242.52287	-1.0
242.53555	-1.0
242.55716	-1.0
242.5598	-1.0
242.58511	-1.0
242.63911	-1.0
242.6418	-1.0
242.726	-1.0
242.77573	-1.0
242.8036	-1.0
242.82845	-1.0
242.86864	-1.0
242.8918	-1.0
242.95656	-1.0
243.001	-1.0
243.02516	-1.0
243.0566	-1.0
243.09293	-1.0
243.09764	-1.0
243.13336	-1.0
243.24013	-1.0
248.64816	-1.0
248.65125	-1.0
248.67155	-1.0
248.68275	-1.0
248.70468	-1.0
248.72624	-1.0
248.73024	-1.0
248.75056	-1.0
248.778	-1.0
248.78175	-1.0
248.80351	-1.0
248.80696	-1.0
248.8284	-1.0
248.8478	-1.0
248.85188	-1.0
248.87996	-1.0
248.88351	-1.0
248.91612	-1.0
248.95572	-1.0
248.97627	-1.0
248.99884	-1.0
249.027	-1.0
249.02953	-1.0
249.0522	-1.0
249.07164	-1.0
249.08748	-1.0
249.10732	-1.0
249.14868	-1.0
249.15288	-1.0
249.17268	-1.0
249.23737	-1.0
249.26685	-1.0
249.3032	-1.0
249.41576	-1.0
249.464	-1.0
249.46652	1.0
249.55711	-1.0
249.57632	-1.0
249.66637	-1.0
249.68616	-1.0
249.69688	-1.0
249.91968	-1.0
249.95557	-1.0
250.03693	1.0
255.01295	-1.0
255.0188	-1.0
255.02516	-1.0
255.02768	-1.0
255.03024	-1.0
255.05457	-1.0
255.06996	-1.0
255.07344	-1.0
255.10751	-1.0
255.11096	-1.0
255.13976	-1.0
255.16072	-1.0
255.16336	-1.0
255.1878	-1.0
255.20708	-1.0
255.20988	-1.0
255.22871	-1.0
255.23125	-1.0
255.2606	-1.0
255.26628	-1.0
255.28468	-1.0
255.31308	-1.0
255.3452	-1.0
255.36472	-1.0
255.4314	-1.0
255.45856	-1.0
255.47672	-1.0
255.49551	-1.0
255.51695	-1.0
255.5594	-1.0
255.57364	-1.0
255.612	-1.0
255.63896	-1.0
255.66324	-1.0
255.72871	-1.0
255.75928	-1.0
255.7624	-1.0
255.85924	-1.0
255.87663	-1.0
255.977	-1.0
256.03214	-1.0
256.10117	-1.0
256.37292	-1.0
256.39587	-1.0
260.25854	-1.0
260.271	-1.0
260.27353	1.0
260.30127	-1.0
260.31537	-1.0
260.3324	-1.0
260.3536	-1.0
260.35727	-1.0
260.36023	1.0
260.38153	-1.0
260.38428	1.0
260.40628	-1.0
260.4098	-1.0
260.43628	-1.0
260.4402	-1.0
260.46332	-1.0
260.4781	-1.0
260.50607	-1.0
260.50992	-1.0
260.5357	-1.0
260.53864	-1.0
260.594	-1.0
260.61475	-1.0
260.629	-1.0
260.65497	-1.0
260.68405	-1.0
260.7052	-1.0
260.73697	-1.0
260.7582	-1.0
260.8083	-1.0
260.85587	-1.0
260.90005	-1.0
260.933	-1.0
260.95303	-1.0
261.019	-1.0
261.11697	-1.0
261.1216	-1.0
261.1605	-1.0
261.197	-1.0
261.2126	-1.0
261.30304	-1.0
265.7477	-1.0
265.76532	-1.0
265.76843	-1.0
265.79547	-1.0
265.83276	-1.0
265.83575	-1.0
265.85147	-1.0
265.87668	-1.0
265.88004	-1.0
265.88263	1.0
265.92957	-1.0
265.94235	-1.0
265.94547	-1.0
265.952	-1.0
265.9674	-1.0
265.99863	-1.0
266.01367	-1.0
266.04575	-1.0
266.08017	-1.0
266.08273	-1.0
266.11288	-1.0
266.11548	-1.0
266.14877	-1.0
266.1949	-1.0
266.235	-1.0
266.26428	-1.0
266.2688	-1.0
266.3072	-1.0
266.31207	-1.0
266.3508	-1.0
266.3715	-1.0
266.3832	-1.0
266.39685	-1.0
266.39935	-1.0
266.47272	-1.0
266.49005	-1.0
266.51443	-1.0
266.57596	-1.0
266.76297	-1.0
266.79315	-1.0
266.9232	-1.0
271.2868	-1.0
271.2967	-1.0
271.3087	-1.0
271.3412	-1.0
271.34927	-1.0
271.3784	-1.0
271.38437	-1.0
271.4072	-1.0
271.41028	-1.0
271.4456	-1.0
271.46292	-1.0
271.489	-1.0
271.5149	-1.0
271.5186	-1.0
271.54105	-1.0
271.54367	1.0
271.5728	-1.0
271.61227	-1.0
271.62985	-1.0
271.7002	-1.0
271.72028	-1.0
271.7351	-1.0
271.7484	-1.0
271.7748	-1.0
271.80185	-1.0
271.80453	-1.0
271.84677	-1.0
271.9132	-1.0
271.92932	-1.0
271.97284	-1.0
272.03268	-1.0
272.04092	-1.0
272.19907	-1.0
272.20407	-1.0
272.26373	-1.0
274.87555	-1.0
274.89404	-1.0
274.93063	-1.0
274.94125	-1.0
274.956	-1.0
274.96893	-1.0
275.0063	-1.0
275.03653	-1.0
275.0404	-1.0
275.0763	-1.0
275.12927	-1.0
275.15427	-1.0
275.20587	-1.0
275.2356	-1.0
275.29013	-1.0
275.30353	-1.0
275.35983	-1.0
275.42572	-1.0
275.4402	-1.0
275.47845	-1.0
275.54132	-1.0
275.638	-1.0
275.66147	-1.0
275.74188	-1.0
275.7464	-1.0
275.7809	-1.0
275.95053	-1.0
276.00363	-1.0
281.38025	-1.0
281.38535	-1.0
281.38913	-1.0
281.41275	-1.0
281.43008	-1.0
281.44833	-1.0
281.4611	-1.0
281.48163	-1.0
281.4874	-1.0
281.50684	-1.0
281.52097	-1.0
281.5555	-1.0
281.5584	-1.0
281.57443	-1.0
281.59973	-1.0
281.60547	-1.0
281.6139	-1.0
281.6295	-1.0
281.6536	-1.0
281.67487	-1.0
281.6801	-1.0
281.71164	-1.0
281.7142	1.0
281.7728	-1.0
281.77573	1.0
281.80817	-1.0
281.85773	-1.0
281.91595	-1.0
281.9198	-1.0
282.04285	-1.0
282.04587	-1.0
282.06757	-1.0
282.12207	-1.0
282.15384	-1.0
282.2194	-1.0
282.26688	-1.0
282.29428	-1.0
282.31827	-1.0
282.4269	-1.0
282.43152	-1.0
282.46277	-1.0
286.48438	-1.0
286.5214	-1.0
286.52588	-1.0
286.537	-1.0
286.55316	-1.0
286.5652	-1.0
286.56772	-1.0
286.5928	-1.0
286.5959	-1.0
286.5984	1.0
286.62213	-1.0
286.64053	-1.0
286.64343	-1.0
286.67896	-1.0
286.71906	-1.0
286.74493	-1.0
286.7646	-1.0
286.7733	-1.0
286.7857	-1.0
286.81042	-1.0
286.86453	-1.0
286.86737	-1.0
286.92633	-1.0
286.99146	-1.0
287.00076	-1.0
287.00336	1.0
287.05008	-1.0
287.06616	-1.0
287.23236	-1.0
287.27124	-1.0
287.36185	-1.0
287.3792	-1.0
287.474	-1.0
287.56012	-1.0
287.5707	-1.0
290.0309	-1.0
290.05164	-1.0
290.07535	-1.0
290.1117	-1.0
290.12976	-1.0
290.13803	-1.0
290.1819	-1.0
290.20792	-1.0
290.2357	-1.0
290.23996	-1.0
290.2711	-1.0
290.3079	-1.0
290.4022	-1.0
290.43655	-1.0
290.45905	-1.0
290.48276	-1.0
290.5287	-1.0
290.60217	-1.0
290.65048	-1.0
290.654	-1.0
290.7564	-1.0
290.7935	-1.0
290.80536	-1.0
290.8728	-1.0
291.04868	-1.0
295.49277	-1.0
295.50513	-1.0
295.51993	-1.0
295.5288	-1.0
295.53912	-1.0
295.55948	-1.0
295.5761	-1.0
295.5851	-1.0
295.61343	-1.0
295.64188	-1.0
295.64777	-1.0
295.67807	-1.0
295.68768	-1.0
295.72064	-1.0
295.72836	-1.0
295.7669	-1.0
295.7817	-1.0
295.79984	-1.0
295.80276	-1.0
295.84277	-1.0
295.88855	-1.0
295.91876	-1.0
295.93707	-1.0
295.99304	-1.0
296.04416	-1.0
296.04727	1.0
296.1382	-1.0
296.1678	-1.0
296.17056	-1.0
296.22473	-1.0
296.3397	-1.0
296.35553	-1.0
296.37997	-1.0
296.4246	-1.0
296.4391	-1.0
300.41492	-1.0
300.45575	-1.0
300.4803	-1.0
300.48453	-1.0
300.50436	-1.0
300.5236	-1.0
300.5274	-1.0
300.55884	-1.0
300.57068	-1.0
300.6083	-1.0
300.62335	-1.0
300.67688	-1.0
300.69873	-1.0
300.7324	-1.0
300.73547	1.0
300.81064	-1.0
300.85248	-1.0
300.904	-1.0
300.9066	-1.0
300.92667	-1.0
300.96777	-1.0
300.98816	-1.0
301.02927	-1.0
301.10788	-1.0
301.13397	-1.0
301.13647	-1.0
301.20496	-1.0
301.21036	-1.0
301.25415	-1.0
301.31903	-1.0
301.39545	-1.0
305.50256	-1.0
305.54453	-1.0
305.5847	-1.0
305.58737	-1.0
305.60257	-1.0
305.63803	-1.0
305.64087	-1.0
305.6542	-1.0
305.6827	-1.0
305.70303	-1.0
305.73108	-1.0
305.74332	-1.0
305.77133	-1.0
305.80045	-1.0
305.83167	-1.0
305.8625	-1.0
305.90543	-1.0
305.9365	-1.0
306.00677	-1.0
306.02048	-1.0
306.05997	-1.0
306.10757	-1.0
306.16812	-1.0
306.22113	-1.0
306.25345	-1.0
306.28503	-1.0
306.41748	-1.0
310.28256	-1.0
310.31332	-1.0
310.32788	-1.0
310.3433	-1.0
310.3481	-1.0
310.3701	-1.0
310.37335	-1.0
310.39352	-1.0
310.42444	-1.0
310.46884	-1.0
310.50687	-1.0
310.5132	-1.0
310.53677	-1.0
310.5637	-1.0
310.5664	-1.0
310.61343	-1.0
310.65768	-1.0
310.67413	-1.0
310.736	-1.0
310.7394	-1.0
310.78568	-1.0
310.8133	-1.0
310.84796	-1.0
310.96036	-1.0
310.99265	-1.0
311.1183	-1.0
315.93472	-1.0
315.96243	-1.0
315.96597	-1.0
315.9875	-1.0
315.99985	1.0
316.05536	-1.0
316.0884	-1.0
316.0927	-1.0
316.09543	1.0
316.14627	-1.0
316.17004	-1.0
316.18643	-1.0
316.20197	-1.0
316.212	-1.0
316.25992	-1.0
316.29922	-1.0
316.40353	-1.0
316.45944	-1.0
316.4666	-1.0
316.5146	-1.0
316.5512	-1.0
316.55548	-1.0
316.6648	-1.0
316.7126	-1.0
316.7527	-1.0
316.85687	-1.0
316.9398	-1.0
321.00125	-1.0
321.0244	-1.0
321.05008	-1.0
321.07465	-1.0
321.0794	-1.0
321.11795	-1.0
321.12076	1.0
321.14523	-1.0
321.17224	-1.0
321.20197	-1.0
321.25232	-1.0
321.25485	-1.0
321.27835	-1.0
321.31528	-1.0
321.36948	-1.0
321.4286	-1.0
321.53912	-1.0
321.56192	-1.0
321.60406	-1.0
321.76447	-1.0
321.81223	-1.0
321.81476	1.0
321.9272	-1.0
321.95456	-1.0
322.12033	-1.0
325.9439	-1.0
325.9782	-1.0
326.0073	-1.0
326.05115	-1.0
326.07413	-1.0
326.10016	-1.0
326.122	-1.0
326.14047	-1.0
326.14404	-1.0
326.1563	-1.0
326.21664	-1.0
326.2779	-1.0
326.3008	-1.0
326.3512	-1.0
326.3925	-1.0
326.41428	-1.0
326.42944	-1.0
326.45032	-1.0
326.52924	-1.0
326.6024	-1.0
326.6359	-1.0
326.6408	-1.0
326.7037	-1.0
326.82144	-1.0
326.96005	-1.0
326.999	-1.0
327.12088	-1.0
331.83533	-1.0
331.84863	-1.0
331.8713	-1.0
331.87408	-1.0
331.90793	-1.0
331.93533	-1.0
331.96432	-1.0
331.97144	-1.0
331.99176	-1.0
332.0669	-1.0
332.07193	-1.0
332.1058	-1.0
332.12848	-1.0
332.162	-1.0
332.20212	-1.0
332.32312	-1.0
332.37952	-1.0
332.38235	1.0
332.43237	-1.0
332.4682	-1.0
332.47293	-1.0
332.48734	-1.0
332.508	-1.0
332.54007	-1.0
332.59375	-1.0
332.76297	-1.0
332.8184	-1.0
338.19907	-1.0
338.208	-1.0
338.22604	-1.0
338.24213	-1.0
338.26593	-1.0
338.26868	1.0
338.29697	-1.0
338.32007	-1.0
338.324	-1.0
338.3265	-1.0
338.37512	-1.0
338.40765	-1.0
338.49384	-1.0
338.54468	-1.0
338.66388	-1.0
338.71127	-1.0
338.77737	-1.0
338.92868	-1.0
338.93472	-1.0
338.96225	-1.0
339.02655	-1.0
343.23672	-1.0
343.24344	-1.0
343.24628	-1.0
343.3102	-1.0
343.38416	-1.0
343.4158	-1.0
343.41855	1.0
343.45264	-1.0
343.59213	-1.0
343.65356	-1.0
343.69952	-1.0
343.73563	-1.0
343.79953	-1.0
343.9708	-1.0
344.92896	-1.0
348.61276	-1.0
348.62903	-1.0
348.68552	-1.0
348.7554	-1.0
348.75876	-1.0
348.82376	-1.0
348.84695	-1.0
348.89807	-1.0
348.91196	-1.0
348.94635	-1.0
348.9495	-1.0
349.0393	-1.0
349.11533	-1.0
349.17236	-1.0
349.21808	-1.0
349.3054	-1.0
349.33356	-1.0
349.3422	-1.0
349.3991	-1.0
353.6075	-1.0
353.6466	-1.0
353.67487	-1.0
353.71545	-1.0
353.7564	-1.0
353.8016	-1.0
353.81985	-1.0
353.85587	-1.0
353.87112	-1.0
353.874	-1.0
353.91263	-1.0
353.97568	-1.0
354.0056	-1.0
354.07596	-1.0
354.19684	-1.0
354.29395	-1.0
354.3771	-1.0
354.44324	-1.0
354.54996	-1.0
354.67896	-1.0
358.37863	-1.0
358.38116	1.0
358.50583	-1.0
358.54633	-1.0
358.5692	-1.0
358.6005	-1.0
358.62027	-1.0
358.6948	-1.0
358.7037	-1.0
358.74533	-1.0
358.7537	-1.0
358.83936	-1.0
358.86365	-1.0
358.93073	-1.0
359.05777	-1.0
359.1995	-1.0
363.50833	-1.0
363.58856	-1.0
363.6348	-1.0
363.6393	-1.0
363.68256	-1.0
363.71753	-1.0
363.75516	-1.0
363.895	-1.0
363.91196	-1.0
363.94168	-1.0
363.94476	-1.0
363.94992	-1.0
364.1007	-1.0
364.1684	-1.0
364.36908	-1.0
368.44904	-1.0
368.47614	-1.0
368.5556	-1.0
368.55893	-1.0
368.56992	-1.0
368.644	-1.0
368.65753	-1.0
368.69608	-1.0
368.7968	-1.0
368.88464	-1.0
368.9814	-1.0
368.99796	-1.0
371.99976	1.0
373.1513	-1.0
373.2246	-1.0
373.22845	-1.0
373.2508	-1.0
373.28012	-1.0
373.28717	-1.0
373.29108	-1.0
373.3135	-1.0
373.3364	-1.0
373.3414	-1.0
373.37128	-1.0
373.3971	-1.0
373.4185	-1.0
373.46555	-1.0
373.4858	-1.0
373.52417	-1.0
373.5476	-1.0
373.6766	-1.0
373.71243	-1.0
373.7653	-1.0
373.8247	-1.0
374.01236	-1.0
378.1052	-1.0
378.1438	1.0
378.15704	-1.0
378.16492	-1.0
378.22247	-1.0
378.25272	-1.0
378.28293	-1.0
378.3844	-1.0
378.43567	-1.0
378.4703	-1.0
378.49164	-1.0
378.52386	-1.0
378.58667	-1.0
378.61697	-1.0
378.6714	-1.0
383.04233	-1.0
383.07825	-1.0
383.106	-1.0
383.11276	-1.0
383.12317	-1.0
383.13525	-1.0
383.1422	-1.0
383.1586	-1.0
383.16205	-1.0
383.18643	-1.0
383.25488	-1.0
383.30988	-1.0
383.3282	-1.0
383.3714	-1.0
383.39587	-1.0
383.4391	-1.0
383.57095	-1.0
383.7555	-1.0
383.8986	-1.0
388.13437	-1.0
388.15125	-1.0
388.1672	-1.0
388.17133	-1.0
388.18958	-1.0
388.19324	-1.0
388.2224	-1.0
388.29907	-1.0
388.36835	-1.0
388.39627	-1.0
388.48972	-1.0
388.57672	-1.0
388.64703	-1.0
388.79636	-1.0
388.84973	-1.0
388.8823	-1.0
389.0068	-1.0
392.8866	-1.0
392.9008	-1.0
392.90332	1.0
392.9167	-1.0
392.92123	-1.0
392.92496	-1.0
392.94415	-1.0
392.95172	-1.0
392.98383	-1.0
393.05255	-1.0
393.0586	-1.0
393.09784	-1.0
393.14185	-1.0
393.18195	-1.0
393.1877	-1.0
393.22916	-1.0
393.26627	-1.0
393.29907	-1.0
393.3448	-1.0
393.36316	-1.0
393.45093	-1.0
393.59167	-1.0
393.60632	-1.0
397.2694	-1.0
397.28644	-1.0
397.32904	-1.0
397.33643	-1.0
397.35352	-1.0
397.4311	-1.0
397.443	-1.0
397.57092	-1.0
397.66653	-1.0
397.6755	-1.0
397.72037	-1.0
397.97433	-1.0
402.1744	-1.0
402.19025	-1.0
402.2163	-1.0
402.22568	-1.0
402.24655	-1.0
402.2613	-1.0
402.2854	-1.0
402.31677	-1.0
402.38495	-1.0
402.48956	-1.0
402.64264	-1.0
402.71735	-1.0
402.80655	-1.0
407.48508	-1.0
407.4916	-1.0
407.49603	1.0
407.5142	-1.0
407.5333	-1.0
407.5454	-1.0
407.55695	-1.0
407.56067	-1.0
407.56793	-1.0
407.58713	-1.0
407.62253	-1.0
407.62656	-1.0
407.65015	-1.0
407.67953	-1.0
407.73447	-1.0
407.85327	-1.0
407.86588	-1.0
407.9296	-1.0
407.95667	-1.0
408.0651	-1.0
408.3153	-1.0
408.65167	1.0
411.81848	-1.0
411.8372	-1.0
411.84177	-1.0
411.8494	-1.0
411.85437	-1.0
411.86423	-1.0
411.93384	-1.0
411.9454	-1.0
412.03076	-1.0
412.0547	-1.0
412.0711	-1.0
412.07883	-1.0
412.1813	-1.0
412.2592	-1.0
412.29703	-1.0
412.30087	-1.0
412.35532	-1.0
412.39667	-1.0
416.6212	-1.0
416.64062	-1.0
416.65213	1.0
416.66452	-1.0
416.6869	-1.0
416.7011	-1.0
416.71323	-1.0
416.7332	-1.0
416.7418	-1.0
416.772	-1.0
416.80457	-1.0
416.83215	-1.0
416.88657	-1.0
416.88913	-1.0
416.96164	1.0
417.0196	-1.0
417.04367	-1.0
417.07364	-1.0
417.1411	-1.0
417.19205	-1.0
417.32352	-1.0
417.42477	-1.0
421.26044	-1.0
421.2776	-1.0
421.28125	-1.0
421.29733	-1.0
421.31323	-1.0
421.33377	-1.0
421.3374	-1.0
421.3508	-1.0
421.37115	-1.0
421.4049	-1.0
421.4531	-1.0
421.4983	-1.0
421.5022	-1.0
421.553	-1.0
421.56064	-1.0
421.63553	-1.0
421.7318	-1.0
421.80573	-1.0
421.87524	-1.0
421.9435	-1.0
422.00757	-1.0
422.0125	-1.0
425.71408	-1.0
425.73007	-1.0
425.74805	-1.0
425.75168	-1.0
425.78604	-1.0
425.8286	-1.0
425.836	-1.0
425.86255	-1.0
425.8885	-1.0
425.89545	-1.0
426.0048	-1.0
426.03577	-1.0
426.04495	-1.0
426.0901	-1.0
426.133	-1.0
426.18097	-1.0
426.28848	-1.0
426.50684	-1.0
429.6502	-1.0
429.66537	-1.0
429.67636	-1.0
429.67905	-1.0
429.6884	1.0
429.69327	-1.0
429.70792	-1.0
429.74457	-1.0
429.7792	-1.0
429.82883	-1.0
429.83408	-1.0
429.95132	-1.0
429.9955	-1.0
429.99884	-1.0
430.05273	-1.0
430.10187	-1.0
430.1695	-1.0
430.31772	-1.0
433.67233	-1.0
433.68463	-1.0
433.70236	-1.0
433.7114	-1.0
433.72318	-1.0
433.74146	-1.0
433.76266	-1.0
433.76596	-1.0
433.78537	-1.0
433.8284	-1.0
433.96945	-1.0
434.0551	-1.0
434.0581	-1.0
434.0872	-1.0
434.09103	-1.0
434.14273	-1.0
434.14755	-1.0
434.30188	-1.0
434.4486	-1.0
437.4909	-1.0
437.5084	-1.0
437.524	-1.0
437.53528	-1.0
437.5462	-1.0
437.55933	-1.0
437.58197	-1.0
437.5968	-1.0
437.6197	-1.0
437.62775	-1.0
437.64548	-1.0
437.65652	-1.0
437.75085	-1.0
437.7872	-1.0
437.9135	-1.0
437.98648	-1.0
437.99292	-1.0
438.0814	-1.0
438.12503	-1.0
442.4764	-1.0
442.4789	-1.0
442.49203	-1.0
442.4946	-1.0
442.50256	-1.0
442.50507	1.0
442.52884	-1.0
442.542	-1.0
442.54837	-1.0
442.5515	-1.0
442.57812	-1.0
442.58176	-1.0
442.59717	-1.0
442.6012	-1.0
442.61807	-1.0
442.64072	-1.0
442.67648	-1.0
442.69855	-1.0
442.79364	-1.0
442.81503	-1.0
442.86127	-1.0
442.91345	-1.0
442.9233	-1.0
442.98013	-1.0
446.35733	-1.0
446.37964	-1.0
446.38376	-1.0
446.39655	-1.0
446.42017	-1.0
446.44525	-1.0
446.44995	-1.0
446.46893	-1.0
446.47195	-1.0
446.50027	-1.0
446.52127	-1.0
446.5601	-1.0
446.63068	-1.0
446.67725	-1.0
446.7202	-1.0
446.7255	-1.0
446.76483	-1.0
446.79672	-1.0
446.7996	-1.0
446.88065	-1.0
446.90652	-1.0
446.96024	-1.0
450.38956	-1.0
450.40295	-1.0
450.4177	-1.0
450.43747	-1.0
450.45792	-1.0
450.47833	-1.0
450.49576	-1.0
450.5149	-1.0
450.5399	-1.0
450.58356	-1.0
450.62927	-1.0
450.72037	-1.0
450.75143	-1.0
450.75424	-1.0
450.82303	-1.0
450.8271	-1.0
450.83057	-1.0
453.93216	-1.0
453.94565	-1.0
453.9503	-1.0
453.9618	-1.0
453.9792	-1.0
453.98212	-1.0
453.997	-1.0
453.9996	1.0
454.0189	-1.0
454.0398	-1.0
454.04764	-1.0
454.09833	-1.0
454.161	-1.0
454.2039	-1.0
454.22336	-1.0
454.2463	-1.0
454.26248	-1.0
454.31213	-1.0
454.39673	-1.0
454.40445	-1.0
454.45532	-1.0
454.54297	-1.0
457.46063	-1.0
457.47653	-1.0
457.47955	-1.0
457.49072	-1.0
457.50485	-1.0
457.51028	-1.0
457.5266	-1.0
457.5381	-1.0
457.54276	-1.0
457.569	-1.0
457.5721	-1.0
457.59305	-1.0
457.63828	-1.0
457.67172	-1.0
457.71997	-1.0
457.72272	1.0
457.74265	-1.0
457.78207	-1.0
457.90308	-1.0
457.96655	-1.0
457.9849	-1.0
458.05005	-1.0
460.715	-1.0
460.7388	-1.0
460.77884	-1.0
460.79932	-1.0
460.8028	-1.0
460.81787	-1.0
460.8441	-1.0
460.92444	-1.0
460.93967	-1.0
460.9683	-1.0
461.0064	1.0
461.01956	-1.0
461.04376	-1.0
461.07376	-1.0
461.1381	-1.0
461.20364	-1.0
464.1833	-1.0
464.20224	-1.0
464.20587	-1.0
464.21005	-1.0
464.22083	-1.0
464.2375	-1.0
464.25668	-1.0
464.284	-1.0
464.28693	-1.0
464.29315	-1.0
464.30508	-1.0
464.33612	-1.0
464.3496	-1.0
464.379	-1.0
464.4352	-1.0
464.48026	-1.0
464.5055	-1.0
464.53784	-1.0
464.6312	-1.0
467.68008	-1.0
467.69556	-1.0
467.7151	-1.0
467.71887	-1.0
467.73425	1.0
467.75323	-1.0
467.76144	-1.0
467.7727	-1.0
467.83212	-1.0
467.86807	-1.0
467.90524	-1.0
467.94284	-1.0
467.95856	-1.0
468.06207	-1.0
468.20212	-1.0
470.9705	-1.0
470.98688	-1.0
471.00327	-1.0
471.0116	-1.0
471.02475	-1.0
471.03802	-1.0
471.0452	-1.0
471.0663	-1.0
471.07028	-1.0
471.09195	-1.0
471.15408	-1.0
471.19623	-1.0
471.2669	-1.0
471.2702	-1.0
471.3175	-1.0
471.41077	-1.0
471.4452	-1.0
471.48456	-1.0
471.52408	-1.0
471.58972	-1.0
473.91663	-1.0
473.93268	-1.0
473.95557	-1.0
473.97192	-1.0
473.98056	-1.0
473.9894	-1.0
473.99268	-1.0
474.00912	-1.0
474.01953	-1.0
474.04593	-1.0
474.08517	-1.0
474.1765	-1.0
474.17908	-1.0
474.25336	-1.0
474.29984	-1.0
474.45013	-1.0
476.91223	-1.0
476.92825	-1.0
476.94675	-1.0
476.9628	-1.0
476.96677	-1.0
476.97897	-1.0
477.003	-1.0
477.00668	-1.0
477.0226	-1.0
477.07397	-1.0
477.11557	-1.0
477.12253	-1.0
477.14636	-1.0
477.29883	-1.0
479.7028	-1.0
479.80435	-1.0
479.82285	-1.0
479.83725	-1.0
479.84024	-1.0
479.8665	-1.0
479.88593	-1.0
479.89325	-1.0
479.93253	-1.0
479.95224	-1.0
479.95575	-1.0
480.10037	-1.0
480.20563	-1.0
482.48987	-1.0
482.5166	-1.0
482.5299	-1.0
482.5547	-1.0
482.5765	-1.0
482.5988	-1.0
482.64813	-1.0
482.6886	-1.0
482.7502	-1.0
482.76987	-1.0
482.85065	-1.0
485.72693	-1.0
485.75375	-1.0
485.76895	-1.0
485.7734	-1.0
485.8138	-1.0
485.82227	1.0
485.8372	-1.0
485.8602	-1.0
485.8864	-1.0
485.98453	-1.0
486.06653	-1.0
486.07037	-1.0
486.18768	-1.0
489.0597	-1.0
489.07684	-1.0
489.0796	-1.0
489.0919	-1.0
489.10577	-1.0
489.12204	-1.0
489.1269	-1.0
489.14597	-1.0
489.17264	-1.0
489.21323	-1.0
489.25308	-1.0
489.287	-1.0
489.37543	-1.0
489.438	-1.0
492.68512	-1.0
492.69925	-1.0
492.721	-1.0
492.7385	-1.0
492.75684	-1.0
492.75995	-1.0
492.79327	-1.0
492.8162	-1.0
492.85715	-1.0
492.87988	-1.0
492.9084	-1.0
492.9122	-1.0
492.96405	-1.0
493.07883	-1.0
493.1524	-1.0
493.30267	-1.0
495.43292	-1.0
495.4568	-1.0
495.47177	-1.0
495.47607	-1.0
495.49075	-1.0
495.50476	-1.0
495.51196	-1.0
495.54013	-1.0
495.5476	-1.0
495.5794	-1.0
495.65784	-1.0
495.68936	-1.0
498.49463	-1.0
498.49747	-1.0
498.51453	-1.0
498.52692	1.0
498.52957	-1.0
498.538	-1.0
498.5597	-1.0
498.5712	-1.0
498.59952	-1.0
498.6326	1.0
498.71048	-1.0
498.74808	-1.0
498.77588	-1.0
498.80524	-1.0
500.79385	-1.0
503.91632	-1.0
503.9312	-1.0
503.94803	-1.0
503.96564	-1.0
503.9839	-1.0
503.9998	-1.0
504.0054	-1.0
504.021	-1.0
504.06332	-1.0
504.09195	-1.0
504.15628	-1.0
504.20892	-1.0
504.2514	-1.0
504.40363	-1.0
504.41293	-1.0
506.9145	-1.0
506.93695	-1.0
506.94324	-1.0
506.95892	-1.0
506.96176	-1.0
506.99768	-1.0
507.00848	-1.0
507.0691	-1.0
507.09015	-1.0
507.09976	-1.0
509.39886	-1.0
509.40283	-1.0
509.42325	-1.0
509.43948	-1.0
509.46555	-1.0
509.48996	-1.0
509.49548	-1.0
509.52744	-1.0
509.5398	-1.0
509.5689	-1.0
509.6782	-1.0
512.5821	-1.0
512.6068	-1.0
512.6395	-1.0
512.6582	-1.0
512.66095	1.0
512.68317	-1.0
512.7092	-1.0
512.76575	-1.0
512.772	-1.0
512.8584	-1.0
515.3407	-1.0
515.3728	-1.0
515.39136	-1.0
515.4076	-1.0
515.4447	-1.0
515.47485	-1.0
515.5058	-1.0
515.5659	-1.0
515.5917	-1.0
518.22534	-1.0
518.26807	-1.0
518.3072	-1.0
518.34216	-1.0
518.38293	-1.0
518.3999	-1.0
518.42194	-1.0
518.4436	-1.0
518.4788	-1.0
518.5611	-1.0
521.3922	-1.0
521.40515	-1.0
521.411	-1.0
521.4274	-1.0
521.4327	-1.0
521.4518	-1.0
521.4638	-1.0
521.4727	-1.0
521.4903	-1.0
521.52313	-1.0
521.54724	-1.0
521.6374	-1.0
524.173	-1.0
524.1821	-1.0
524.2028	-1.0
524.2215	-1.0
524.23755	-1.0
524.28357	-1.0
524.322	-1.0
524.3274	-1.0
524.34985	-1.0
524.41156	-1.0
524.41486	-1.0
524.4355	-1.0
526.7211	-1.0
526.75916	-1.0
526.791	-1.0
526.80035	-1.0
526.834	-1.0
526.8703	-1.0
526.9084	-1.0
526.9245	-1.0
530.07635	-1.0
530.0988	-1.0
530.11646	-1.0
530.13824	-1.0
530.1577	-1.0
530.18774	-1.0
530.2178	-1.0
532.857	-1.0
533.55725	-1.0
533.5993	-1.0
533.6018	-1.0
533.6353	-1.0
533.6624	-1.0
533.70795	-1.0
533.7532	-1.0
535.8856	-1.0
535.99585	-1.0
536.2771	-1.0
536.32904	-1.0
536.3719	-1.0
538.4232	-1.0
538.4433	-1.0
538.4743	-1.0
538.5159	-1.0
538.66986	-1.0
541.94147	-1.0
541.96155	-1.0
542.0052	-1.0
542.0452	-1.0
547.0416	-1.0
547.0598	-1.0
547.0631	-1.0
547.0843	-1.0
547.10834	-1.0
547.1578	-1.0
547.203	-1.0
547.3422	-1.0
551.803	-1.0
551.8364	-1.0
551.88226	-1.0
551.9086	-1.0
551.91656	-1.0
551.959	-1.0
551.97974	-1.0
552.0617	-1.0
556.03656	-1.0
556.0578	-1.0
556.0805	-1.0
556.1024	-1.0
556.1079	-1.0
556.13336	-1.0
556.17554	-1.0
559.76996	-1.0
559.82263	-1.0
559.85547	-1.0
559.87744	-1.0
559.89734	-1.0
559.92676	-1.0
559.9325	-1.0
562.8869	-1.0
562.92224	-1.0
562.9737	-1.0
562.9767	-1.0
563.0712	-1.0
567.0706	-1.0
567.1655	-1.0
567.21466	-1.0
567.2179	1.0
567.24	-1.0
574.8139	-1.0
574.8659	-1.0
574.89636	-1.0
574.9245	-1.0
574.9483	-1.0
574.97833	-1.0
578.4364	-1.0
578.5504	-1.0
578.58887	-1.0
578.63226	-1.0
578.72644	-1.0
581.89636	-1.0
581.95105	-1.0
581.97705	-1.0
582.01337	1.0
582.07074	-1.0
586.7926	-1.0
586.83746	-1.0
586.86475	-1.0
586.8691	-1.0
587.01746	-1.0
587.0701	-1.0
587.0844	-1.0
587.5347	-1.0
593.1975	-1.0
593.2136	-1.0
593.22144	-1.0
593.2436	-1.0
593.2767	-1.0
593.3241	-1.0
593.348	-1.0
593.36786	-1.0
593.3891	-1.0
597.0106	-1.0
597.17786	-1.0
597.1877	-1.0
597.2128	-1.0
597.22394	-1.0
597.23627	-1.0
597.2496	-1.0
597.27045	-1.0
597.3358	-1.0
