0.00368	-1.0
0.20856	-1.0
0.41356	-1.0
0.63736	-1.0
5.44412	-1.0
5.50996	-1.0
5.52876	-1.0
5.69196	-1.0
8.99224	-1.0
9.0938	-1.0
9.12916	-1.0
11.95808	-1.0
12.25956	-1.0
15.0292	-1.0
15.12408	-1.0
15.29484	-1.0
15.91624	-1.0
19.45888	-1.0
19.4626	-1.0
19.48312	-1.0
19.52064	-1.0
19.6304	-1.0
20.54572	-1.0
24.87296	-1.0
24.8796	-1.0
24.92364	-1.0
24.92844	-1.0
25.008	-1.0
25.18572	-1.0
25.52152	-1.0
25.71848	-1.0
29.84672	-1.0
29.871	-1.0
29.8832	-1.0
29.9218	-1.0
29.98916	-1.0
30.00632	-1.0
30.13408	-1.0
30.17616	-1.0
30.3278	-1.0
30.436	-1.0
35.743	-1.0
35.76868	-1.0
35.79552	-1.0
35.80312	-1.0
35.82532	-1.0
35.8544	-1.0
35.9306	-1.0
36.00296	-1.0
36.045	-1.0
36.07344	-1.0
36.08504	-1.0
36.16076	-1.0
36.31488	-1.0
40.45728	-1.0
40.48728	-1.0
40.51928	-1.0
40.54428	-1.0
40.56004	-1.0
40.61844	-1.0
40.77948	-1.0
41.57316	-1.0
44.41892	1.0
44.722	-1.0
44.75184	-1.0
44.75692	-1.0
44.77844	-1.0
44.81612	-1.0
44.96852	-1.0
45.03016	-1.0
45.50308	-1.0
49.28704	-1.0
49.31932	-1.0
49.36256	-1.0
49.3674	-1.0
49.39152	-1.0
49.40868	-1.0
49.46152	-1.0
49.66644	-1.0
49.82	-1.0
54.50188	-1.0
54.52628	-1.0
54.55616	-1.0
54.56076	-1.0
54.59824	-1.0
54.60612	-1.0
54.69036	-1.0
54.73088	-1.0
54.99276	-1.0
55.0682	-1.0
55.0844	-1.0
59.62388	-1.0
59.65304	-1.0
59.6662	-1.0
59.68264	-1.0
59.74808	-1.0
59.8038	-1.0
59.91188	-1.0
60.02124	-1.0
60.09512	-1.0
63.89276	-1.0
63.9386	-1.0
63.96588	-1.0
64.02528	-1.0
64.10808	-1.0
64.19996	-1.0
64.25364	-1.0
64.32296	-1.0
64.33568	-1.0
64.50696	-1.0
68.28748	-1.0
68.32176	-1.0
68.32452	-1.0
68.35164	-1.0
68.36472	-1.0
68.40484	-1.0
68.44188	-1.0
68.52932	-1.0
68.63784	-1.0
68.65528	-1.0
68.8226	-1.0
68.8404	-1.0
68.93336	-1.0
73.57576	-1.0
73.60212	-1.0
73.61492	-1.0
73.62356	-1.0
73.6626	-1.0
73.72056	-1.0
73.77452	-1.0
73.97252	-1.0
73.991	-1.0
78.53192	-1.0
78.56964	-1.0
78.61228	-1.0
78.65352	-1.0
78.68124	-1.0
78.77028	-1.0
78.83508	-1.0
78.91084	-1.0
79.07836	-1.0
79.16604	-1.0
79.3296	-1.0
79.3346	-1.0
83.88988	-1.0
83.90896	-1.0
83.94556	-1.0
83.98648	-1.0
84.023	-1.0
84.0586	-1.0
84.15876	-1.0
84.24924	-1.0
84.54992	-1.0
84.70448	-1.0
84.92728	-1.0
84.96592	-1.0
88.45576	-1.0
88.4846	-1.0
88.52096	-1.0
88.53548	-1.0
88.55916	-1.0
88.59168	-1.0
88.6952	-1.0
88.77144	-1.0
88.8194	-1.0
88.89368	-1.0
89.02508	-1.0
89.16444	-1.0
89.578	-1.0
93.28676	-1.0
93.31156	-1.0
93.36136	-1.0
93.41024	-1.0
93.47228	-1.0
93.59232	-1.0
93.81576	-1.0
93.97668	-1.0
99.3272	-1.0
99.3502	-1.0
99.3604	-1.0
99.39428	-1.0
99.4328	-1.0
99.47832	-1.0
99.54216	-1.0
99.59116	-1.0
99.70332	-1.0
99.77496	-1.0
99.9268	-1.0
100.40008	-1.0
104.62856	-1.0
104.63404	1.0
104.64972	-1.0
104.69796	-1.0
104.7556	-1.0
104.81668	-1.0
104.91784	-1.0
104.93552	-1.0
105.03856	-1.0
105.23928	-1.0
105.38128	-1.0
105.67784	-1.0
109.76096	-1.0
109.81112	-1.0
109.8526	-1.0
109.87564	-1.0
109.91112	-1.0
109.97376	-1.0
110.16788	-1.0
110.5566	-1.0
110.84888	-1.0
114.85292	-1.0
114.86932	-1.0
114.90388	-1.0
114.95648	-1.0
115.01652	-1.0
115.13064	-1.0
115.25568	-1.0
115.41484	-1.0
115.86684	-1.0
116.07428	-1.0
119.81584	-1.0
119.8212	-1.0
119.8568	-1.0
119.89484	-1.0
119.97012	-1.0
120.0924	-1.0
120.16132	-1.0
120.46632	-1.0
121.2066	-1.0
124.89228	-1.0
124.92184	-1.0
124.95692	-1.0
125.0808	-1.0
125.16396	-1.0
125.19652	-1.0
125.47372	1.0
125.55432	-1.0
125.7184	-1.0
125.91996	-1.0
130.62508	-1.0
130.66203	-1.0
130.82504	-1.0
130.88943	-1.0
130.949	-1.0
130.9806	-1.0
131.65823	-1.0
136.53972	-1.0
136.56168	-1.0
136.566	-1.0
136.59251	-1.0
136.64456	-1.0
136.78757	-1.0
137.2512	-1.0
142.47644	-1.0
142.51823	-1.0
142.5418	-1.0
142.57095	-1.0
142.77235	-1.0
142.90665	-1.0
143.24268	-1.0
148.72131	-1.0
148.8074	-1.0
148.94292	-1.0
149.00104	-1.0
149.2102	-1.0
149.59192	-1.0
149.63536	-1.0
150.04408	-1.0
153.7526	-1.0
153.80536	-1.0
153.80988	-1.0
153.87976	-1.0
153.97592	-1.0
154.51988	-1.0
154.54416	-1.0
155.17957	-1.0
160.0116	-1.0
160.1776	-1.0
160.25471	-1.0
160.5422	-1.0
160.65956	-1.0
160.92896	-1.0
161.13568	-1.0
166.27351	-1.0
166.2922	-1.0
166.46336	-1.0
166.65048	-1.0
167.67876	-1.0
172.94923	-1.0
173.3128	-1.0
173.39168	-1.0
173.81392	-1.0
174.46744	-1.0
179.12611	-1.0
179.78757	-1.0
179.84952	-1.0
180.26115	-1.0
184.89388	-1.0
185.0028	-1.0
185.0322	-1.0
185.29784	-1.0
185.66452	1.0
185.84364	-1.0
185.93744	-1.0
190.31668	-1.0
190.32036	-1.0
190.77504	-1.0
191.5248	-1.0
191.8682	-1.0
196.1204	-1.0
196.2198	-1.0
196.343	-1.0
196.38528	-1.0
197.06372	-1.0
197.46625	-1.0
201.99124	-1.0
202.1614	-1.0
202.21771	-1.0
202.62708	-1.0
203.03592	-1.0
207.93127	-1.0
207.95209	-1.0
208.63847	-1.0
213.7556	-1.0
214.04068	-1.0
214.44913	-1.0
215.03384	-1.0
219.36856	-1.0
219.5146	-1.0
219.5338	-1.0
220.05595	-1.0
225.52847	-1.0
225.74556	-1.0
225.89165	-1.0
230.8718	-1.0
231.03123	-1.0
231.84108	-1.0
232.03328	-1.0
236.75195	-1.0
237.0656	-1.0
237.79996	-1.0
237.92624	-1.0
242.26392	-1.0
242.5212	-1.0
242.6184	-1.0
248.70651	-1.0
248.89372	-1.0
255.08452	-1.0
260.38388	-1.0
260.74203	-1.0
265.87363	-1.0
265.97815	-1.0
266.29153	-1.0
271.44504	-1.0
271.45905	-1.0
275.0784	-1.0
281.45816	-1.0
290.37436	-1.0
290.90228	-1.0
295.64728	-1.0
295.92313	-1.0
296.31604	-1.0
300.52557	-1.0
300.57556	-1.0
305.63776	-1.0
306.07635	-1.0
310.4591	-1.0
310.7093	-1.0
326.0556	-1.0
348.77628	-1.0
353.78192	1.0
363.51712	-1.0
363.819	-1.0
364.48117	-1.0
368.67987	-1.0
373.28564	-1.0
378.08664	-1.0
383.04428	-1.0
383.1066	-1.0
388.17197	-1.0
392.87927	-1.0
402.17215	-1.0
402.19104	-1.0
407.49936	-1.0
411.8507	-1.0
433.69272	-1.0
437.51776	-1.0
437.5385	-1.0
442.50644	-1.0
442.63184	-1.0
443.0599	-1.0
450.42056	-1.0
450.4383	-1.0
453.97568	-1.0
460.75327	-1.0
460.828	-1.0
464.25668	-1.0
464.27396	-1.0
470.99768	-1.0
471.04648	-1.0
471.0586	-1.0
473.94537	-1.0
482.53204	-1.0
485.76688	-1.0
489.06287	-1.0
492.6858	-1.0
495.46063	-1.0
498.5111	-1.0
498.72803	1.0
503.96597	-1.0
506.97903	-1.0
509.43668	-1.0
512.61633	-1.0
521.46643	-1.0
524.2904	-1.0
526.8114	-1.0
530.09753	-1.0
536.2572	-1.0
538.4459	-1.0
538.49786	-1.0
559.9492	-1.0
562.81506	-1.0
574.8955	-1.0
574.9115	-1.0
593.205	-1.0
597.09534	-1.0
