0.01852	-1.0
0.0306	-1.0
0.05808	-1.0
0.069	-1.0
0.07384	-1.0
0.08576	-1.0
0.09656	-1.0
0.10444	-1.0
0.1608	-1.0
0.18328	-1.0
0.21884	-1.0
0.25356	-1.0
0.25684	-1.0
0.28744	-1.0
0.29292	-1.0
0.30972	-1.0
0.33724	-1.0
0.35604	-1.0
0.37352	-1.0
0.39644	-1.0
0.42592	-1.0
0.42944	-1.0
0.4454	-1.0
0.46452	-1.0
0.47092	-1.0
0.48012	-1.0
0.48812	-1.0
0.50836	-1.0
0.55404	-1.0
0.58732	-1.0
0.59588	-1.0
0.6166	-1.0
0.64516	-1.0
0.65968	-1.0
0.66444	-1.0
0.70048	-1.0
0.74048	-1.0
0.7796	-1.0
0.81556	-1.0
0.84408	-1.0
0.87784	-1.0
0.88648	-1.0
0.9872	-1.0
1.01176	-1.0
1.05316	-1.0
1.11464	-1.0
1.12396	-1.0
1.15784	-1.0
1.17944	-1.0
1.19088	-1.0
1.27748	-1.0
1.33452	-1.0
1.42628	-1.0
1.4732	-1.0
1.54596	-1.0
5.38816	-1.0
5.4198	-1.0
5.42352	1.0
5.42636	1.0
5.43304	-1.0
5.44232	-1.0
5.46092	-1.0
5.49796	-1.0
5.50652	-1.0
5.51128	-1.0
5.5538	-1.0
5.56024	-1.0
5.56796	1.0
5.58044	-1.0
5.59312	-1.0
5.61208	-1.0
5.61632	-1.0
5.63612	-1.0
5.6404	-1.0
5.65632	-1.0
5.69024	-1.0
5.71848	-1.0
5.75512	-1.0
5.76196	-1.0
5.78872	-1.0
5.83444	-1.0
5.83776	-1.0
5.91208	-1.0
5.91552	-1.0
5.94032	-1.0
5.98728	-1.0
6.03316	-1.0
6.04892	-1.0
6.0674	-1.0
6.07692	-1.0
6.0998	-1.0
6.11724	-1.0
6.12056	-1.0
6.13396	-1.0
6.15948	-1.0
6.18552	-1.0
6.21864	-1.0
6.33968	-1.0
6.36392	-1.0
6.39252	-1.0
6.4484	-1.0
6.50516	-1.0
6.53868	-1.0
6.64148	-1.0
6.64828	-1.0
6.70776	-1.0
6.73668	-1.0
6.77688	-1.0
6.77968	-1.0
6.82536	-1.0
6.93684	-1.0
7.05708	-1.0
8.94592	-1.0
8.96172	-1.0
8.97704	-1.0
8.99128	-1.0
8.99864	-1.0
9.00152	-1.0
9.0108	-1.0
9.01712	-1.0
9.04732	-1.0
9.05444	-1.0
9.0764	-1.0
9.0902	-1.0
9.09416	-1.0
9.11844	-1.0
9.13496	-1.0
9.1452	-1.0
9.1628	-1.0
9.2172	-1.0
9.22596	-1.0
9.23628	-1.0
9.25384	-1.0
9.28912	-1.0
9.3014	-1.0
9.30392	-1.0
9.31072	-1.0
9.35268	-1.0
9.37716	-1.0
9.40552	-1.0
9.44824	-1.0
9.4618	-1.0
9.4848	-1.0
9.54804	-1.0
9.56764	-1.0
9.57388	-1.0
9.58672	-1.0
9.6248	-1.0
9.68512	-1.0
9.76368	-1.0
9.80704	-1.0
9.86688	-1.0
9.88932	-1.0
9.91812	-1.0
9.93756	-1.0
10.01136	-1.0
10.06444	-1.0
10.09244	-1.0
10.1384	-1.0
10.1926	-1.0
10.20932	-1.0
10.30912	-1.0
10.90484	-1.0
10.97576	-1.0
11.16884	-1.0
11.25964	-1.0
11.71312	-1.0
11.84156	-1.0
11.86776	-1.0
11.87532	1.0
11.89016	-1.0
11.92428	-1.0
11.93052	-1.0
11.94748	-1.0
11.97116	-1.0
12.00532	-1.0
12.01816	-1.0
12.0448	-1.0
12.08156	-1.0
12.08416	-1.0
12.14036	-1.0
12.14476	-1.0
12.175	-1.0
12.20036	-1.0
12.26148	-1.0
12.34464	-1.0
12.3804	-1.0
12.40472	-1.0
12.4086	-1.0
12.4364	-1.0
12.49052	-1.0
12.52732	-1.0
12.5308	-1.0
12.6368	-1.0
12.74052	-1.0
12.76516	-1.0
14.95116	-1.0
14.9678	-1.0
14.9762	-1.0
14.98048	-1.0
15.01104	-1.0
15.02352	-1.0
15.03468	-1.0
15.03996	-1.0
15.04796	-1.0
15.06104	-1.0
15.09316	-1.0
15.10036	-1.0
15.1188	-1.0
15.12312	-1.0
15.14168	-1.0
15.14596	-1.0
15.1604	-1.0
15.18624	-1.0
15.21684	-1.0
15.23852	-1.0
15.24104	-1.0
15.29564	-1.0
15.3066	-1.0
15.326	1.0
15.34408	-1.0
15.39764	-1.0
15.42556	-1.0
15.43512	-1.0
15.45828	-1.0
15.49848	-1.0
15.52976	-1.0
15.53488	-1.0
15.55276	-1.0
15.60228	-1.0
15.6086	-1.0
15.65896	-1.0
15.68832	-1.0
15.70052	-1.0
15.79512	-1.0
15.81276	-1.0
15.8228	-1.0
15.8536	-1.0
15.89768	-1.0
16.02192	-1.0
16.11728	-1.0
16.15196	-1.0
16.4496	-1.0
19.37492	-1.0
19.39932	-1.0
19.41396	-1.0
19.429	-1.0
19.44396	-1.0
19.44824	1.0
19.45548	-1.0
19.46552	-1.0
19.4742	1.0
19.48308	-1.0
19.50372	-1.0
19.51236	-1.0
19.54172	-1.0
19.57352	-1.0
19.60944	-1.0
19.659	-1.0
19.6832	-1.0
19.68772	-1.0
19.70844	-1.0
19.72232	-1.0
19.73264	1.0
19.75012	-1.0
19.78944	-1.0
19.79792	-1.0
19.81772	-1.0
19.82104	-1.0
19.86532	-1.0
19.88784	-1.0
19.90612	-1.0
19.91172	-1.0
19.94764	-1.0
19.9786	-1.0
20.04108	-1.0
20.05364	-1.0
20.08016	-1.0
20.08684	-1.0
20.1032	-1.0
20.12652	-1.0
20.23652	-1.0
20.2636	-1.0
20.28428	-1.0
20.3372	-1.0
20.40468	-1.0
20.4252	-1.0
20.54688	-1.0
20.63492	-1.0
20.66152	-1.0
20.67928	-1.0
20.742	-1.0
20.80484	-1.0
20.9036	-1.0
24.81712	-1.0
24.83268	-1.0
24.85156	-1.0
24.89124	-1.0
24.90496	-1.0
24.91156	1.0
24.92776	-1.0
24.9318	-1.0
24.95604	-1.0
24.9592	-1.0
24.984	-1.0
25.08496	-1.0
25.1138	-1.0
25.12604	-1.0
25.13432	-1.0
25.16008	-1.0
25.18376	-1.0
25.20256	-1.0
25.20808	-1.0
25.2334	-1.0
25.2416	-1.0
25.26008	-1.0
25.27196	-1.0
25.29764	-1.0
25.31752	-1.0
25.32192	-1.0
25.37036	-1.0
25.40136	-1.0
25.41612	-1.0
25.44212	-1.0
25.49072	-1.0
25.50124	-1.0
25.52156	-1.0
25.53216	-1.0
25.54852	-1.0
25.56416	-1.0
25.63048	-1.0
25.63868	-1.0
25.66348	-1.0
25.6788	-1.0
25.69328	-1.0
25.77128	-1.0
25.79428	-1.0
25.8168	-1.0
25.84192	-1.0
25.85632	-1.0
25.92596	-1.0
25.94776	-1.0
25.97032	-1.0
26.01896	-1.0
26.02972	-1.0
26.18588	-1.0
26.2166	-1.0
29.83048	-1.0
29.83336	-1.0
29.84216	1.0
29.84648	-1.0
29.8552	-1.0
29.8688	-1.0
29.88016	-1.0
29.88324	-1.0
29.88688	1.0
29.89968	1.0
29.91404	-1.0
29.91872	-1.0
29.94136	-1.0
29.95544	-1.0
29.98432	-1.0
29.9892	-1.0
29.99628	-1.0
30.00636	1.0
30.0354	-1.0
30.0578	-1.0
30.10072	-1.0
30.13732	-1.0
30.15796	-1.0
30.16324	-1.0
30.18144	-1.0
30.19576	-1.0
30.20288	-1.0
30.24932	-1.0
30.295	-1.0
30.34748	-1.0
30.35572	-1.0
30.37988	-1.0
30.43356	-1.0
30.46984	-1.0
30.47304	-1.0
30.50272	-1.0
30.54864	-1.0
30.55336	-1.0
30.55864	-1.0
30.58288	-1.0
30.58836	1.0
30.59136	-1.0
30.61552	-1.0
30.67552	-1.0
30.70928	-1.0
30.74272	1.0
30.74712	-1.0
30.75652	-1.0
30.81932	-1.0
30.89692	-1.0
30.97412	-1.0
30.98808	-1.0
31.0018	-1.0
31.12896	-1.0
31.13984	-1.0
31.17964	-1.0
31.21292	-1.0
31.23404	-1.0
31.3112	-1.0
31.34312	-1.0
35.685	-1.0
35.71508	-1.0
35.71988	-1.0
35.73936	-1.0
35.76316	-1.0
35.76768	-1.0
35.78324	-1.0
35.78768	-1.0
35.79976	1.0
35.80484	-1.0
35.81	-1.0
35.82332	-1.0
35.82612	-1.0
35.84096	-1.0
35.85428	-1.0
35.90468	-1.0
35.90748	-1.0
35.94424	-1.0
35.9772	-1.0
35.98532	-1.0
35.99652	-1.0
36.0036	-1.0
36.03596	-1.0
36.05192	-1.0
36.06304	-1.0
36.07588	-1.0
36.10988	-1.0
36.13632	-1.0
36.15092	-1.0
36.15956	1.0
36.20488	-1.0
36.2092	-1.0
36.247	-1.0
36.28756	1.0
36.31	-1.0
36.31272	-1.0
36.40772	-1.0
36.42488	-1.0
36.4288	-1.0
36.43404	-1.0
36.45832	-1.0
36.48696	-1.0
36.50968	-1.0
36.52092	-1.0
36.56872	-1.0
36.58988	-1.0
36.59436	-1.0
36.6522	-1.0
36.67304	-1.0
36.74684	-1.0
36.77464	-1.0
36.78288	-1.0
36.84528	-1.0
36.88284	-1.0
36.95896	-1.0
37.69144	-1.0
37.8882	-1.0
37.89852	-1.0
37.93332	-1.0
37.9568	-1.0
37.96516	-1.0
38.0256	-1.0
40.4342	-1.0
40.4408	-1.0
40.4518	-1.0
40.45628	-1.0
40.46648	-1.0
40.47196	-1.0
40.48012	-1.0
40.4828	1.0
40.48884	-1.0
40.49228	-1.0
40.49944	-1.0
40.50672	-1.0
40.5192	-1.0
40.52376	1.0
40.5584	-1.0
40.58136	-1.0
40.61492	-1.0
40.65192	-1.0
40.66244	-1.0
40.67184	-1.0
40.6892	-1.0
40.71056	-1.0
40.72292	-1.0
40.7434	-1.0
40.74932	-1.0
40.76732	-1.0
40.77908	1.0
40.78532	-1.0
40.80696	1.0
40.83508	-1.0
40.85068	-1.0
40.86056	-1.0
40.88736	-1.0
40.90444	-1.0
40.95096	-1.0
41.01316	-1.0
41.02916	-1.0
41.0588	-1.0
41.06308	-1.0
41.066	-1.0
41.09036	-1.0
41.10744	-1.0
41.19436	-1.0
41.19904	-1.0
41.23524	-1.0
41.28264	-1.0
41.32516	-1.0
41.42884	-1.0
41.43228	-1.0
41.47348	-1.0
41.51072	-1.0
41.52916	-1.0
41.55288	-1.0
41.59772	-1.0
41.6228	-1.0
41.68024	-1.0
44.65956	-1.0
44.68432	1.0
44.69172	1.0
44.69424	-1.0
44.7128	-1.0
44.71592	-1.0
44.71892	-1.0
44.72812	-1.0
44.7426	-1.0
44.75752	-1.0
44.78756	-1.0
44.81344	-1.0
44.8166	-1.0
44.8588	-1.0
44.88368	-1.0
44.93516	-1.0
44.93828	-1.0
44.94188	-1.0
44.96724	-1.0
44.974	-1.0
44.9942	-1.0
45.0068	-1.0
45.00964	-1.0
45.02468	-1.0
45.05668	-1.0
45.0746	-1.0
45.0806	-1.0
45.09956	-1.0
45.13548	-1.0
45.13944	-1.0
45.15996	-1.0
45.26496	-1.0
45.30836	-1.0
45.34468	-1.0
45.36972	-1.0
45.39204	-1.0
45.40328	-1.0
45.51176	-1.0
45.5404	-1.0
45.57688	-1.0
45.6922	-1.0
45.7828	-1.0
45.7938	-1.0
45.82052	-1.0
45.92064	-1.0
46.0062	-1.0
49.25824	1.0
49.27936	-1.0
49.28244	-1.0
49.29144	1.0
49.30668	-1.0
49.3108	-1.0
49.34396	-1.0
49.36524	1.0
49.39176	-1.0
49.40932	-1.0
49.4144	-1.0
49.4314	-1.0
49.44744	-1.0
49.46628	-1.0
49.47024	-1.0
49.52064	-1.0
49.55652	-1.0
49.56016	-1.0
49.57328	-1.0
49.5868	-1.0
49.5932	-1.0
49.60044	-1.0
49.62368	-1.0
49.65296	-1.0
49.65732	-1.0
49.66984	-1.0
49.67444	-1.0
49.6804	-1.0
49.70644	-1.0
49.71352	-1.0
49.7766	-1.0
49.7814	-1.0
49.79024	-1.0
49.81708	-1.0
49.84356	-1.0
49.84664	-1.0
49.87584	1.0
49.88576	-1.0
49.91252	-1.0
49.92396	-1.0
49.9408	-1.0
49.97836	-1.0
50.01936	-1.0
50.05532	-1.0
50.06268	-1.0
50.15968	-1.0
50.1932	-1.0
50.19796	-1.0
50.20116	-1.0
50.2132	-1.0
50.284	-1.0
50.32028	-1.0
50.36248	-1.0
50.38568	-1.0
50.67832	-1.0
54.45892	-1.0
54.47904	-1.0
54.5034	-1.0
54.50848	1.0
54.52672	-1.0
54.53572	-1.0
54.55196	1.0
54.5608	-1.0
54.56624	-1.0
54.58244	-1.0
54.58788	-1.0
54.61076	-1.0
54.63196	-1.0
54.6352	-1.0
54.63896	-1.0
54.6634	-1.0
54.68552	-1.0
54.70744	-1.0
54.72828	-1.0
54.74676	1.0
54.75164	-1.0
54.79028	-1.0
54.82544	-1.0
54.84952	1.0
54.8916	-1.0
54.94708	-1.0
54.9542	-1.0
54.95988	-1.0
54.98996	-1.0
55.02884	-1.0
55.11344	-1.0
55.11996	-1.0
55.15812	-1.0
55.16464	-1.0
55.17948	-1.0
55.18436	-1.0
55.1984	1.0
55.20268	-1.0
55.28304	-1.0
55.38768	-1.0
55.42152	-1.0
55.42408	-1.0
55.4846	-1.0
55.50332	-1.0
55.7124	-1.0
59.57372	-1.0
59.57736	-1.0
59.5852	1.0
59.5922	1.0
59.59864	-1.0
59.61404	-1.0
59.62288	-1.0
59.6308	1.0
59.63372	1.0
59.65104	-1.0
59.66464	-1.0
59.67408	-1.0
59.683	-1.0
59.686	-1.0
59.70072	-1.0
59.72864	-1.0
59.73948	-1.0
59.75564	-1.0
59.77436	1.0
59.79548	-1.0
59.80848	-1.0
59.83464	-1.0
59.85296	-1.0
59.85848	-1.0
59.88304	-1.0
59.88684	-1.0
59.89004	-1.0
59.92876	-1.0
59.93904	-1.0
59.9658	-1.0
59.97132	-1.0
59.99	-1.0
60.01172	-1.0
60.02108	-1.0
60.05084	-1.0
60.0536	-1.0
60.09044	-1.0
60.11384	-1.0
60.14052	-1.0
60.1664	-1.0
60.24068	-1.0
60.26308	-1.0
60.33164	-1.0
60.36572	-1.0
60.41756	-1.0
60.42176	-1.0
60.51704	-1.0
60.52896	-1.0
60.58468	-1.0
60.59764	-1.0
60.60304	-1.0
60.6264	-1.0
60.64648	-1.0
60.95352	-1.0
63.82604	-1.0
63.84556	-1.0
63.8532	-1.0
63.86876	-1.0
63.87276	-1.0
63.88288	-1.0
63.89132	-1.0
63.91476	1.0
63.91812	-1.0
63.93532	1.0
63.94144	-1.0
63.9498	-1.0
63.98872	-1.0
64.02232	-1.0
64.0436	-1.0
64.07808	-1.0
64.0994	-1.0
64.1058	-1.0
64.12712	-1.0
64.14404	-1.0
64.1908	-1.0
64.2046	1.0
64.2388	-1.0
64.26776	-1.0
64.30876	-1.0
64.31264	-1.0
64.33196	-1.0
64.36464	-1.0
64.3978	-1.0
64.42632	-1.0
64.44224	-1.0
64.4674	-1.0
64.5028	-1.0
64.5068	-1.0
64.5154	-1.0
64.61016	-1.0
64.65288	-1.0
64.7018	1.0
64.71404	-1.0
64.74876	-1.0
64.76824	-1.0
64.8114	-1.0
64.85112	-1.0
64.95564	-1.0
64.9632	-1.0
65.05772	-1.0
65.17992	-1.0
68.27436	1.0
68.28088	-1.0
68.29344	-1.0
68.29884	-1.0
68.30312	-1.0
68.30572	-1.0
68.32264	-1.0
68.32592	-1.0
68.34264	-1.0
68.34528	-1.0
68.36548	-1.0
68.37152	1.0
68.404	-1.0
68.44272	-1.0
68.50712	-1.0
68.51196	-1.0
68.517	-1.0
68.55628	-1.0
68.56344	-1.0
68.6116	-1.0
68.63624	-1.0
68.65964	-1.0
68.7164	-1.0
68.71916	-1.0
68.75368	-1.0
68.7714	-1.0
68.79292	-1.0
68.8084	-1.0
68.84108	-1.0
68.86092	-1.0
68.86492	-1.0
68.8728	-1.0
68.88516	-1.0
68.91916	-1.0
68.92808	-1.0
68.93208	-1.0
68.93636	-1.0
68.95436	-1.0
68.9822	-1.0
69.00792	-1.0
69.04116	-1.0
69.08804	-1.0
69.1142	-1.0
69.13516	-1.0
69.1494	-1.0
69.19192	-1.0
69.24712	-1.0
69.38356	-1.0
73.51848	-1.0
73.5212	-1.0
73.53356	-1.0
73.5466	1.0
73.552	-1.0
73.55524	-1.0
73.57252	-1.0
73.58264	-1.0
73.5982	-1.0
73.60288	-1.0
73.61928	1.0
73.6226	-1.0
73.64084	-1.0
73.64912	-1.0
73.6628	-1.0
73.66576	-1.0
73.68176	-1.0
73.69064	-1.0
73.69552	-1.0
73.71164	-1.0
73.72228	-1.0
73.7344	-1.0
73.76536	-1.0
73.76864	-1.0
73.78776	-1.0
73.7962	-1.0
73.81668	-1.0
73.835	-1.0
73.86576	-1.0
73.87384	-1.0
73.8916	-1.0
73.92912	-1.0
73.97204	-1.0
73.9834	-1.0
73.99992	-1.0
74.06304	-1.0
74.0674	-1.0
74.1302	-1.0
74.16072	-1.0
74.18272	-1.0
74.19064	-1.0
74.21072	-1.0
74.24052	-1.0
74.34564	-1.0
74.37028	-1.0
74.43492	-1.0
74.47404	-1.0
74.53716	-1.0
74.54432	-1.0
74.6008	-1.0
74.69212	-1.0
78.4796	-1.0
78.49292	-1.0
78.51004	-1.0
78.51288	1.0
78.52668	-1.0
78.53208	-1.0
78.54304	1.0
78.557	-1.0
78.56708	-1.0
78.56976	-1.0
78.59076	-1.0
78.59344	1.0
78.61452	-1.0
78.62128	-1.0
78.63484	-1.0
78.6378	-1.0
78.66256	-1.0
78.70652	-1.0
78.70916	-1.0
78.747	-1.0
78.76752	-1.0
78.79304	-1.0
78.80016	-1.0
78.80268	1.0
78.82492	-1.0
78.83784	-1.0
78.87072	-1.0
78.91208	-1.0
78.95456	-1.0
78.977	-1.0
78.9918	1.0
79.02904	-1.0
79.0486	-1.0
79.05272	1.0
79.06944	-1.0
79.11544	-1.0
79.12192	-1.0
79.15252	-1.0
79.20216	-1.0
79.21908	1.0
79.22344	-1.0
79.24648	-1.0
79.26676	-1.0
79.28744	-1.0
79.40144	-1.0
79.45176	-1.0
79.53408	-1.0
79.61044	-1.0
79.77124	-1.0
79.78584	-1.0
83.86924	-1.0
83.87252	-1.0
83.87676	-1.0
83.89336	-1.0
83.89744	-1.0
83.90008	1.0
83.91364	1.0
83.91908	-1.0
83.9318	-1.0
83.9458	-1.0
83.9538	-1.0
83.95632	-1.0
83.96808	-1.0
83.98768	-1.0
84.01904	-1.0
84.0256	-1.0
84.05868	1.0
84.06132	1.0
84.0754	-1.0
84.10388	-1.0
84.17596	-1.0
84.19496	-1.0
84.19752	-1.0
84.20476	-1.0
84.22844	-1.0
84.23476	-1.0
84.2592	-1.0
84.2656	-1.0
84.26864	-1.0
84.30104	-1.0
84.30528	-1.0
84.38212	-1.0
84.40244	-1.0
84.41372	-1.0
84.4316	-1.0
84.46956	-1.0
84.50476	-1.0
84.53448	-1.0
84.565	-1.0
84.61536	-1.0
84.695	-1.0
84.73628	-1.0
84.7708	-1.0
84.7754	-1.0
84.88592	-1.0
84.90224	-1.0
84.9364	-1.0
85.0214	-1.0
85.0296	-1.0
85.06432	-1.0
88.37296	-1.0
88.39628	-1.0
88.41084	-1.0
88.41668	-1.0
88.42692	-1.0
88.4596	-1.0
88.48036	-1.0
88.48404	1.0
88.5076	1.0
88.53104	-1.0
88.53648	-1.0
88.5682	1.0
88.58728	1.0
88.61804	-1.0
88.66064	-1.0
88.67348	-1.0
88.69444	1.0
88.69956	-1.0
88.72452	-1.0
88.73336	-1.0
88.77316	-1.0
88.80528	-1.0
88.83996	-1.0
88.84928	-1.0
88.86984	-1.0
88.88136	-1.0
88.90536	1.0
88.91436	-1.0
88.94848	-1.0
88.95332	-1.0
88.98468	-1.0
88.99388	-1.0
89.01488	-1.0
89.04084	-1.0
89.09956	-1.0
89.11332	-1.0
89.1512	-1.0
89.1836	-1.0
89.242	-1.0
89.29184	1.0
89.29452	-1.0
89.33868	-1.0
89.46456	-1.0
89.5658	1.0
93.20416	-1.0
93.2124	-1.0
93.22644	-1.0
93.24404	1.0
93.24712	-1.0
93.26348	-1.0
93.2706	-1.0
93.29884	-1.0
93.316	-1.0
93.31904	-1.0
93.38476	-1.0
93.40932	-1.0
93.41344	-1.0
93.43636	-1.0
93.48728	-1.0
93.49032	-1.0
93.558	-1.0
93.59	1.0
93.6002	-1.0
93.64032	-1.0
93.6726	-1.0
93.70224	1.0
93.70592	-1.0
93.7596	-1.0
93.76448	1.0
93.76984	-1.0
93.82456	-1.0
93.8626	-1.0
93.94956	-1.0
93.9716	-1.0
94.03232	-1.0
94.11964	-1.0
94.22044	-1.0
94.278	-1.0
94.47732	-1.0
94.54804	-1.0
94.6196	-1.0
99.31436	-1.0
99.31784	-1.0
99.32232	1.0
99.33564	-1.0
99.34228	-1.0
99.3452	-1.0
99.35792	-1.0
99.37184	-1.0
99.37524	-1.0
99.38144	-1.0
99.39376	-1.0
99.39896	-1.0
99.41632	-1.0
99.41892	-1.0
99.45312	-1.0
99.48316	-1.0
99.48732	-1.0
99.54544	-1.0
99.5558	-1.0
99.56592	-1.0
99.58108	-1.0
99.5852	-1.0
99.60588	-1.0
99.62948	1.0
99.66052	-1.0
99.68952	-1.0
99.72012	-1.0
99.74396	1.0
99.74868	-1.0
99.7786	-1.0
99.83344	-1.0
99.92668	-1.0
99.94104	1.0
99.9922	-1.0
99.99688	1.0
100.02548	-1.0
100.05652	-1.0
100.14476	-1.0
100.22704	-1.0
100.31144	-1.0
100.37388	-1.0
100.4168	-1.0
100.44072	-1.0
100.53124	-1.0
100.62608	-1.0
100.65044	-1.0
100.66128	-1.0
100.71788	-1.0
100.85388	-1.0
100.94696	-1.0
101.05324	-1.0
104.5948	-1.0
104.6	-1.0
104.60556	-1.0
104.60892	-1.0
104.615	-1.0
104.6194	-1.0
104.62276	-1.0
104.63472	1.0
104.64488	-1.0
104.64848	-1.0
104.6522	-1.0
104.66208	-1.0
104.66792	-1.0
104.69224	-1.0
104.703	-1.0
104.7198	-1.0
104.75864	-1.0
104.76908	1.0
104.79556	-1.0
104.81888	1.0
104.82976	-1.0
104.86156	-1.0
104.87956	-1.0
104.93644	-1.0
104.9544	1.0
104.98604	-1.0
105.03684	-1.0
105.07056	-1.0
105.08968	-1.0
105.09228	-1.0
105.14468	-1.0
105.16316	-1.0
105.23784	-1.0
105.25792	-1.0
105.28904	-1.0
105.30692	1.0
105.3528	-1.0
105.41356	-1.0
105.51356	-1.0
105.54836	-1.0
105.56996	-1.0
105.57916	-1.0
105.62716	-1.0
105.69792	-1.0
105.737	-1.0
105.83544	-1.0
106.0446	-1.0
109.69664	1.0
109.7212	-1.0
109.72444	-1.0
109.7296	-1.0
109.74112	-1.0
109.76852	1.0
109.77416	-1.0
109.78604	-1.0
109.7968	-1.0
109.80192	-1.0
109.81144	1.0
109.83284	-1.0
109.87456	-1.0
109.9104	-1.0
109.91584	-1.0
109.92792	-1.0
109.98168	-1.0
110.01468	-1.0
110.01736	-1.0
110.044	-1.0
110.05176	-1.0
110.06064	-1.0
110.06612	-1.0
110.1112	-1.0
110.1224	-1.0
110.13372	-1.0
110.14912	-1.0
110.16652	-1.0
110.23056	-1.0
110.25164	-1.0
110.3846	-1.0
110.4336	-1.0
110.55508	1.0
110.612	-1.0
110.63396	-1.0
110.65912	-1.0
110.66784	-1.0
110.6754	-1.0
110.78392	-1.0
110.9978	-1.0
111.01524	-1.0
111.0814	-1.0
114.82684	-1.0
114.83548	-1.0
114.8458	1.0
114.8692	-1.0
114.881	1.0
114.88644	-1.0
114.90456	1.0
114.93152	-1.0
114.95392	-1.0
114.99432	-1.0
115.01668	-1.0
115.02292	-1.0
115.026	-1.0
115.02912	-1.0
115.0426	-1.0
115.0516	1.0
115.09088	-1.0
115.09504	-1.0
115.11184	-1.0
115.16996	-1.0
115.20924	-1.0
115.23884	-1.0
115.26412	-1.0
115.27084	-1.0
115.27348	-1.0
115.33168	-1.0
115.34368	-1.0
115.38516	-1.0
115.4276	-1.0
115.451	-1.0
115.4854	-1.0
115.52852	-1.0
115.57148	-1.0
115.64364	-1.0
115.6888	-1.0
115.77304	-1.0
115.85328	-1.0
115.86952	-1.0
115.95404	-1.0
115.97024	-1.0
116.01536	-1.0
116.10496	-1.0
116.39644	-1.0
116.47992	-1.0
116.51344	-1.0
119.74492	-1.0
119.7586	-1.0
119.76148	-1.0
119.764	-1.0
119.777	1.0
119.77992	-1.0
119.79556	-1.0
119.79908	-1.0
119.824	-1.0
119.8456	-1.0
119.87	-1.0
119.8884	-1.0
119.8918	-1.0
119.89604	-1.0
119.92712	-1.0
119.9748	-1.0
119.99272	-1.0
120.0408	-1.0
120.078	-1.0
120.08604	-1.0
120.0908	-1.0
120.10688	-1.0
120.14564	-1.0
120.1554	-1.0
120.1614	-1.0
120.18028	-1.0
120.25376	1.0
120.26144	-1.0
120.271	-1.0
120.28476	-1.0
120.35432	-1.0
120.4114	-1.0
120.44852	-1.0
120.53756	-1.0
120.55144	-1.0
120.58568	-1.0
120.63536	-1.0
120.64304	-1.0
120.68824	-1.0
120.71924	-1.0
120.7422	-1.0
121.083	-1.0
121.09608	-1.0
121.23764	-1.0
121.26032	-1.0
121.33788	-1.0
121.47568	-1.0
124.867	-1.0
124.87116	-1.0
124.87684	-1.0
124.88572	-1.0
124.90324	-1.0
124.90604	-1.0
124.92608	-1.0
124.92912	-1.0
124.94872	-1.0
125.03584	-1.0
125.05124	-1.0
125.07832	-1.0
125.1134	-1.0
125.13496	-1.0
125.1378	-1.0
125.16448	-1.0
125.21796	-1.0
125.22132	-1.0
125.26296	-1.0
125.286	-1.0
125.32436	1.0
125.32916	-1.0
125.39628	-1.0
125.4126	-1.0
125.43352	-1.0
125.49132	-1.0
125.51756	-1.0
125.54832	-1.0
125.58144	-1.0
125.66412	-1.0
125.9098	1.0
125.92004	-1.0
126.2566	-1.0
126.27784	-1.0
126.30568	-1.0
126.44456	-1.0
126.53348	-1.0
130.59631	-1.0
130.60132	1.0
130.60844	-1.0
130.61488	-1.0
130.62048	-1.0
130.62808	-1.0
130.63808	-1.0
130.65456	-1.0
130.66376	-1.0
130.67355	-1.0
130.69128	-1.0
130.69383	-1.0
130.69696	-1.0
130.70076	-1.0
130.72012	-1.0
130.72607	-1.0
130.75308	-1.0
130.77396	-1.0
130.77988	-1.0
130.85571	1.0
130.8644	-1.0
130.88068	-1.0
130.89516	-1.0
130.90327	-1.0
130.91624	-1.0
130.94765	-1.0
130.95303	-1.0
131.03712	-1.0
131.10004	1.0
131.1086	-1.0
131.11456	-1.0
131.11804	-1.0
131.15208	-1.0
131.1854	-1.0
131.21384	-1.0
131.24065	-1.0
131.24428	-1.0
131.25508	-1.0
131.25764	-1.0
131.32468	-1.0
131.3546	-1.0
131.35773	-1.0
131.40105	-1.0
131.43292	-1.0
131.50449	-1.0
131.57584	-1.0
131.64912	-1.0
131.65852	-1.0
131.72264	-1.0
131.82372	-1.0
131.97923	-1.0
132.0466	-1.0
136.48428	-1.0
136.50172	-1.0
136.51389	-1.0
136.52132	-1.0
136.52412	-1.0
136.52832	-1.0
136.5324	-1.0
136.53636	-1.0
136.55048	-1.0
136.57184	-1.0
136.57892	1.0
136.58656	-1.0
136.59204	-1.0
136.61584	-1.0
136.62192	-1.0
136.66556	-1.0
136.70544	-1.0
136.70796	-1.0
136.73273	-1.0
136.73727	1.0
136.78836	-1.0
136.791	-1.0
136.79768	-1.0
136.80052	-1.0
136.82712	-1.0
136.83652	-1.0
136.86096	-1.0
136.91328	-1.0
136.91615	-1.0
136.94672	-1.0
137.01505	-1.0
137.02003	-1.0
137.0328	-1.0
137.07413	-1.0
137.07864	-1.0
137.1066	-1.0
137.10968	-1.0
137.14244	-1.0
137.17056	-1.0
137.24316	-1.0
137.26176	-1.0
137.35468	-1.0
137.36407	-1.0
137.3784	-1.0
137.43988	-1.0
137.44884	-1.0
137.48589	1.0
137.51596	-1.0
137.63	-1.0
137.64607	-1.0
137.66716	-1.0
137.755	-1.0
137.83025	-1.0
138.11148	-1.0
138.2224	-1.0
142.44237	-1.0
142.45572	-1.0
142.4608	-1.0
142.46428	-1.0
142.46756	-1.0
142.4768	1.0
142.49963	-1.0
142.50388	-1.0
142.53088	-1.0
142.54083	-1.0
142.558	-1.0
142.6034	-1.0
142.61012	-1.0
142.62056	-1.0
142.62584	-1.0
142.63728	-1.0
142.67464	-1.0
142.70036	-1.0
142.70332	-1.0
142.70732	-1.0
142.71088	-1.0
142.73508	-1.0
142.74236	-1.0
142.80988	-1.0
142.81429	-1.0
142.83215	-1.0
142.841	1.0
142.8804	1.0
142.89584	-1.0
143.02696	-1.0
143.06152	-1.0
143.06416	-1.0
143.08788	-1.0
143.13647	-1.0
143.18068	-1.0
143.2064	-1.0
143.2908	-1.0
143.29892	-1.0
143.30836	-1.0
143.31116	-1.0
143.3366	-1.0
143.38731	-1.0
143.4152	-1.0
143.42256	-1.0
143.44208	-1.0
143.54988	-1.0
143.63635	-1.0
143.64032	-1.0
143.68169	-1.0
143.81372	-1.0
144.2182	-1.0
144.54356	-1.0
144.57976	-1.0
148.69876	-1.0
148.7132	1.0
148.72205	-1.0
148.74004	1.0
148.75656	-1.0
148.7606	-1.0
148.7632	-1.0
148.7804	-1.0
148.78352	-1.0
148.79996	-1.0
148.82088	-1.0
148.82388	-1.0
148.85188	-1.0
148.8788	-1.0
148.89172	-1.0
148.90273	-1.0
148.92513	-1.0
148.93748	1.0
148.94891	-1.0
148.99416	-1.0
148.9976	-1.0
149.06512	-1.0
149.07988	-1.0
149.09644	-1.0
149.12384	1.0
149.1494	-1.0
149.18497	-1.0
149.20576	-1.0
149.21016	-1.0
149.24425	-1.0
149.2874	-1.0
149.39684	-1.0
149.40845	-1.0
149.42027	-1.0
149.57744	-1.0
149.6068	-1.0
149.71317	-1.0
149.74487	1.0
149.74796	-1.0
149.75565	-1.0
149.83464	-1.0
149.93384	-1.0
149.98125	1.0
149.985	-1.0
150.10097	-1.0
150.10672	-1.0
150.14052	-1.0
150.32307	-1.0
153.71371	-1.0
153.72504	-1.0
153.7364	-1.0
153.7428	-1.0
153.75984	-1.0
153.76276	-1.0
153.78232	-1.0
153.80405	-1.0
153.80669	-1.0
153.83376	-1.0
153.85455	1.0
153.85748	1.0
153.875	1.0
153.8896	-1.0
153.89296	-1.0
153.91444	-1.0
154.02756	-1.0
154.06725	-1.0
154.07028	1.0
154.11412	-1.0
154.11676	1.0
154.1648	-1.0
154.20264	-1.0
154.22028	1.0
154.23737	-1.0
154.241	-1.0
154.28036	-1.0
154.29488	-1.0
154.2986	-1.0
154.32556	-1.0
154.38272	-1.0
154.4586	-1.0
154.4724	-1.0
154.51468	1.0
154.56683	-1.0
154.6202	-1.0
154.75356	-1.0
154.87656	-1.0
154.92007	-1.0
154.93648	-1.0
155.12544	-1.0
155.19856	-1.0
159.9732	-1.0
159.98636	-1.0
159.99036	-1.0
160.00768	-1.0
160.0176	-1.0
160.03864	-1.0
160.05753	-1.0
160.06116	-1.0
160.0782	1.0
160.0862	-1.0
160.0972	-1.0
160.10228	-1.0
160.11664	-1.0
160.13808	-1.0
160.1478	-1.0
160.18704	-1.0
160.2182	-1.0
160.23537	-1.0
160.28864	-1.0
160.30627	-1.0
160.32793	-1.0
160.33488	-1.0
160.35132	-1.0
160.35487	-1.0
160.37125	-1.0
160.40144	-1.0
160.43855	-1.0
160.45824	-1.0
160.50903	-1.0
160.52852	-1.0
160.59792	-1.0
160.60648	-1.0
160.64688	-1.0
160.65016	-1.0
160.65453	-1.0
160.67424	-1.0
160.6794	-1.0
160.69267	-1.0
160.7392	1.0
160.74704	-1.0
160.74956	-1.0
160.78908	-1.0
160.81064	-1.0
160.82632	-1.0
160.856	-1.0
160.86592	-1.0
160.8886	-1.0
160.91965	-1.0
160.92932	-1.0
160.93312	-1.0
160.99329	-1.0
161.02808	-1.0
161.037	-1.0
161.25668	-1.0
161.42809	-1.0
166.26808	-1.0
166.28271	-1.0
166.28572	-1.0
166.29433	-1.0
166.29749	-1.0
166.30124	-1.0
166.31725	-1.0
166.32068	-1.0
166.32472	-1.0
166.33183	1.0
166.35468	1.0
166.38287	-1.0
166.38664	-1.0
166.39696	-1.0
166.41692	-1.0
166.41972	-1.0
166.4548	-1.0
166.45824	-1.0
166.50024	-1.0
166.53992	-1.0
166.56252	-1.0
166.5712	-1.0
166.57848	1.0
166.60204	-1.0
166.62164	-1.0
166.66956	-1.0
166.69208	-1.0
166.69476	1.0
166.69748	-1.0
166.76332	-1.0
166.80428	-1.0
166.8068	-1.0
166.8426	-1.0
166.87288	-1.0
166.87668	-1.0
166.88615	-1.0
166.8928	-1.0
166.99603	-1.0
167.08089	-1.0
167.12996	-1.0
167.14005	-1.0
167.23068	-1.0
167.25208	-1.0
167.3112	1.0
167.3328	-1.0
167.3376	-1.0
167.4032	-1.0
167.5504	-1.0
167.6406	-1.0
167.89893	-1.0
168.1028	-1.0
172.9034	-1.0
172.91476	-1.0
172.92503	-1.0
172.93697	1.0
172.94128	-1.0
172.94872	-1.0
172.95912	1.0
172.97528	-1.0
172.98364	-1.0
172.99751	-1.0
173.02933	-1.0
173.03252	-1.0
173.05257	1.0
173.07272	-1.0
173.09335	1.0
173.10516	-1.0
173.13531	-1.0
173.14604	-1.0
173.17064	1.0
173.17328	-1.0
173.19928	-1.0
173.21635	-1.0
173.21948	-1.0
173.27156	-1.0
173.28893	1.0
173.29424	-1.0
173.3564	-1.0
173.36916	1.0
173.37344	-1.0
173.41116	-1.0
173.42532	1.0
173.44012	-1.0
173.51704	-1.0
173.52232	-1.0
173.57564	-1.0
173.63696	-1.0
173.77351	-1.0
173.80997	-1.0
173.92636	-1.0
173.95528	-1.0
174.03915	-1.0
174.20052	-1.0
174.24796	-1.0
174.28444	-1.0
174.34996	-1.0
179.0464	-1.0
179.05264	-1.0
179.05617	-1.0
179.05904	-1.0
179.06187	1.0
179.08124	-1.0
179.08432	-1.0
179.10292	-1.0
179.1066	-1.0
179.12	-1.0
179.1286	-1.0
179.14308	-1.0
179.15176	-1.0
179.1638	-1.0
179.17348	-1.0
179.18808	-1.0
179.2118	-1.0
179.21593	-1.0
179.22713	-1.0
179.23872	-1.0
179.2426	-1.0
179.2686	-1.0
179.27536	-1.0
179.2864	-1.0
179.292	-1.0
179.34668	-1.0
179.3894	-1.0
179.43944	-1.0
179.44289	-1.0
179.4722	-1.0
179.48473	1.0
179.51337	-1.0
179.5536	1.0
179.59076	-1.0
179.62811	-1.0
179.63448	1.0
179.63783	-1.0
179.66756	-1.0
179.6842	-1.0
179.71004	-1.0
179.71428	-1.0
179.72148	-1.0
179.74329	1.0
179.78313	-1.0
179.81404	-1.0
179.83652	-1.0
179.94257	-1.0
180.122	-1.0
180.15717	-1.0
180.2602	-1.0
180.26872	-1.0
180.44308	-1.0
180.5774	-1.0
180.67525	-1.0
184.8284	-1.0
184.84103	-1.0
184.85252	1.0
184.86336	-1.0
184.8664	-1.0
184.86935	-1.0
184.89244	-1.0
184.89572	-1.0
184.9138	-1.0
184.93285	1.0
184.9592	-1.0
184.9622	-1.0
184.98024	1.0
184.9878	-1.0
185.02252	-1.0
185.03656	-1.0
185.06937	-1.0
185.07591	-1.0
185.09396	-1.0
185.12167	-1.0
185.13544	-1.0
185.22536	-1.0
185.23557	-1.0
185.29507	-1.0
185.34251	-1.0
185.34769	-1.0
185.42172	-1.0
185.42476	-1.0
185.42896	-1.0
185.456	-1.0
185.52052	-1.0
185.6278	-1.0
185.6466	-1.0
185.70168	-1.0
185.70924	-1.0
185.76508	-1.0
185.78375	-1.0
185.7932	-1.0
185.90993	-1.0
185.95744	-1.0
186.09152	-1.0
186.233	-1.0
190.21065	-1.0
190.22144	-1.0
190.22649	-1.0
190.23051	-1.0
190.24652	-1.0
190.26707	-1.0
190.27684	-1.0
190.28116	-1.0
190.28471	-1.0
190.2992	-1.0
190.31123	-1.0
190.31944	-1.0
190.32497	-1.0
190.32932	-1.0
190.34409	-1.0
190.34843	-1.0
190.38072	-1.0
190.39484	-1.0
190.41924	-1.0
190.439	-1.0
190.46857	-1.0
190.47484	-1.0
190.47864	-1.0
190.51564	-1.0
190.51868	-1.0
190.53528	-1.0
190.54216	-1.0
190.55756	-1.0
190.5614	-1.0
190.58104	-1.0
190.60144	-1.0
190.67072	-1.0
190.68771	-1.0
190.705	1.0
190.73596	-1.0
190.77548	-1.0
190.79964	-1.0
190.81036	-1.0
190.87224	-1.0
190.87828	-1.0
190.91888	-1.0
190.93285	-1.0
190.9482	-1.0
190.98332	-1.0
191.02151	-1.0
191.06984	-1.0
191.15344	-1.0
191.31145	-1.0
191.33884	-1.0
191.40164	-1.0
191.53197	-1.0
191.64713	-1.0
196.0826	-1.0
196.09325	-1.0
196.10011	1.0
196.11925	-1.0
196.12177	-1.0
196.15492	-1.0
196.15788	-1.0
196.16872	-1.0
196.19952	-1.0
196.2278	-1.0
196.23604	-1.0
196.25252	-1.0
196.3168	-1.0
196.32352	1.0
196.32623	-1.0
196.34236	-1.0
196.34584	-1.0
196.36311	-1.0
196.37527	-1.0
196.40527	-1.0
196.41795	-1.0
196.47427	-1.0
196.47787	-1.0
196.55351	-1.0
196.57556	-1.0
196.6218	-1.0
196.62436	-1.0
196.65485	-1.0
196.71724	-1.0
196.73717	-1.0
196.83672	-1.0
196.84209	-1.0
196.85692	-1.0
196.88112	-1.0
196.90196	-1.0
196.90572	-1.0
196.92683	-1.0
196.94943	-1.0
197.0102	-1.0
197.14844	1.0
197.24284	-1.0
197.31052	-1.0
197.36237	-1.0
197.44652	-1.0
200.97476	-1.0
201.94096	-1.0
201.94688	-1.0
201.9566	-1.0
201.96507	-1.0
201.96776	-1.0
201.9858	-1.0
201.993	-1.0
202.01263	-1.0
202.01843	-1.0
202.05183	-1.0
202.05516	-1.0
202.0596	-1.0
202.08395	1.0
202.09685	-1.0
202.11649	-1.0
202.11992	1.0
202.15485	-1.0
202.16309	-1.0
202.16573	-1.0
202.18828	-1.0
202.19987	-1.0
202.26184	-1.0
202.2648	-1.0
202.28456	-1.0
202.28831	-1.0
202.29633	-1.0
202.3228	-1.0
202.34389	-1.0
202.38297	1.0
202.4242	-1.0
202.47896	-1.0
202.51517	-1.0
202.5334	-1.0
202.54688	-1.0
202.59389	-1.0
202.6538	-1.0
202.66711	-1.0
202.721	-1.0
202.73843	-1.0
202.75056	-1.0
202.83308	-1.0
202.90315	-1.0
202.95496	-1.0
202.99709	-1.0
203.03192	-1.0
203.17197	-1.0
203.31429	-1.0
207.83595	-1.0
207.84872	-1.0
207.85847	-1.0
207.86333	-1.0
207.87796	-1.0
207.88753	-1.0
207.90492	-1.0
207.90848	-1.0
207.92313	-1.0
207.92609	-1.0
207.9292	-1.0
207.94508	-1.0
207.9486	-1.0
207.95116	-1.0
207.97076	-1.0
207.97572	-1.0
207.99467	-1.0
208.03484	-1.0
208.0902	-1.0
208.0986	-1.0
208.147	-1.0
208.17348	-1.0
208.20024	-1.0
208.27292	-1.0
208.27963	-1.0
208.29604	-1.0
208.32124	-1.0
208.36528	-1.0
208.38445	-1.0
208.391	-1.0
208.54288	1.0
208.5456	-1.0
208.596	-1.0
208.6962	-1.0
208.757	-1.0
208.8182	-1.0
208.82152	-1.0
208.82404	-1.0
208.89476	-1.0
208.90428	-1.0
209.10828	-1.0
209.17128	-1.0
209.19913	-1.0
209.48448	-1.0
213.71436	-1.0
213.72676	-1.0
213.72952	-1.0
213.7456	-1.0
213.75192	-1.0
213.76828	-1.0
213.77228	1.0
213.77808	-1.0
213.78836	-1.0
213.80331	1.0
213.82448	-1.0
213.82712	-1.0
213.86736	-1.0
213.9452	-1.0
213.96075	-1.0
214.02328	-1.0
214.03052	-1.0
214.03696	-1.0
214.09769	-1.0
214.11752	-1.0
214.12083	-1.0
214.26505	-1.0
214.26968	-1.0
214.31464	-1.0
214.3202	-1.0
214.34312	-1.0
214.38464	-1.0
214.40744	-1.0
214.43536	-1.0
214.46004	-1.0
214.50536	-1.0
214.55968	-1.0
214.57072	-1.0
214.61024	-1.0
214.61807	-1.0
214.651	-1.0
214.65448	-1.0
214.70616	-1.0
214.7934	-1.0
214.8366	-1.0
214.84128	-1.0
214.95692	-1.0
214.991	-1.0
219.30376	1.0
219.31172	-1.0
219.31683	-1.0
219.32085	1.0
219.32808	1.0
219.34145	-1.0
219.34547	-1.0
219.34828	-1.0
219.36488	1.0
219.3674	-1.0
219.3708	-1.0
219.40009	-1.0
219.40436	-1.0
219.42772	-1.0
219.43884	-1.0
219.44205	-1.0
219.4678	-1.0
219.47903	-1.0
219.48376	-1.0
219.50792	-1.0
219.55383	-1.0
219.56947	-1.0
219.59184	-1.0
219.62357	-1.0
219.6314	-1.0
219.65456	-1.0
219.67552	-1.0
219.70367	-1.0
219.7216	-1.0
219.73848	-1.0
219.77104	-1.0
219.7822	-1.0
219.82248	1.0
219.8308	-1.0
219.86047	-1.0
219.86568	-1.0
219.89136	-1.0
219.91576	-1.0
219.94	-1.0
219.99112	-1.0
219.9948	-1.0
220.00124	-1.0
220.02776	-1.0
220.12152	-1.0
220.157	-1.0
220.23828	-1.0
220.36888	-1.0
220.42712	-1.0
220.45316	-1.0
220.56049	-1.0
220.71964	-1.0
220.80188	-1.0
225.26404	-1.0
225.28197	-1.0
225.2846	-1.0
225.30052	-1.0
225.30348	-1.0
225.32117	-1.0
225.32404	-1.0
225.34644	-1.0
225.35371	-1.0
225.3762	-1.0
225.38884	1.0
225.41277	-1.0
225.4254	-1.0
225.456	-1.0
225.49176	1.0
225.51892	-1.0
225.5564	-1.0
225.55972	-1.0
225.57677	-1.0
225.59271	-1.0
225.66772	-1.0
225.70888	-1.0
225.73788	-1.0
225.7408	-1.0
225.81248	-1.0
225.88948	-1.0
225.97772	-1.0
225.99844	-1.0
226.1226	-1.0
226.16316	-1.0
226.45848	-1.0
226.4956	-1.0
226.52608	-1.0
226.54936	-1.0
226.5938	-1.0
230.77844	-1.0
230.78856	1.0
230.7916	-1.0
230.81216	-1.0
230.8156	-1.0
230.8618	-1.0
230.8648	1.0
230.86955	-1.0
230.87411	-1.0
230.89468	-1.0
230.93292	-1.0
230.97395	-1.0
231.00772	-1.0
231.02512	-1.0
231.03076	-1.0
231.06712	-1.0
231.07912	-1.0
231.18576	-1.0
231.22536	-1.0
231.25732	-1.0
231.28328	-1.0
231.30728	-1.0
231.32169	-1.0
231.36444	-1.0
231.36804	-1.0
231.4068	-1.0
231.42928	-1.0
231.44427	-1.0
231.54152	-1.0
231.54556	-1.0
231.5668	-1.0
231.57845	-1.0
231.58128	-1.0
231.68144	-1.0
231.73944	-1.0
231.78192	-1.0
231.8166	-1.0
232.11469	-1.0
232.19765	-1.0
236.61069	-1.0
236.61424	-1.0
236.63477	-1.0
236.64767	-1.0
236.6604	-1.0
236.68372	1.0
236.69228	-1.0
236.69568	-1.0
236.6988	-1.0
236.7274	-1.0
236.73505	-1.0
236.74956	-1.0
236.77432	-1.0
236.77748	-1.0
236.78172	-1.0
236.79156	-1.0
236.80733	-1.0
236.82912	-1.0
236.85316	-1.0
236.87004	-1.0
236.88208	-1.0
236.8848	-1.0
236.92384	-1.0
236.94124	-1.0
236.98912	-1.0
237.00584	-1.0
237.02551	-1.0
237.06853	-1.0
237.09872	-1.0
237.11076	-1.0
237.13647	-1.0
237.1512	-1.0
237.21065	-1.0
237.21877	-1.0
237.24055	-1.0
237.25836	-1.0
237.28288	-1.0
237.3566	-1.0
237.36028	1.0
237.36296	-1.0
237.3992	-1.0
237.42683	-1.0
237.49704	-1.0
237.54495	-1.0
237.68716	-1.0
237.71176	-1.0
237.76196	1.0
237.79152	-1.0
237.92004	-1.0
238.02908	-1.0
242.17236	-1.0
242.21396	-1.0
242.22076	-1.0
242.22432	-1.0
242.26653	-1.0
242.28732	-1.0
242.29137	-1.0
242.30904	-1.0
242.31789	1.0
242.33511	-1.0
242.38512	-1.0
242.38924	-1.0
242.42072	-1.0
242.42905	-1.0
242.4362	-1.0
242.47977	-1.0
242.4836	-1.0
242.4952	-1.0
242.52393	-1.0
242.52916	-1.0
242.55476	-1.0
242.56	-1.0
242.5864	-1.0
242.5894	-1.0
242.62685	1.0
242.64908	-1.0
242.66953	-1.0
242.67207	-1.0
242.70204	-1.0
242.71992	-1.0
242.7424	-1.0
242.80664	-1.0
242.8332	1.0
242.86205	-1.0
242.87892	-1.0
242.9172	-1.0
242.97972	-1.0
243.00288	-1.0
243.06012	-1.0
243.18544	-1.0
243.26273	-1.0
243.2908	-1.0
243.55656	-1.0
248.63908	-1.0
248.6592	-1.0
248.67276	-1.0
248.6832	-1.0
248.69272	-1.0
248.69708	-1.0
248.71635	-1.0
248.74013	-1.0
248.75777	1.0
248.79324	-1.0
248.80235	-1.0
248.80637	-1.0
248.82516	1.0
248.84772	-1.0
248.87256	-1.0
248.89272	-1.0
248.91968	-1.0
248.98868	-1.0
248.99124	-1.0
249.065	-1.0
249.08252	-1.0
249.11163	-1.0
249.11644	-1.0
249.14449	-1.0
249.16368	-1.0
249.18253	-1.0
249.20036	-1.0
249.204	-1.0
249.26453	-1.0
249.26813	1.0
249.27792	-1.0
249.2876	-1.0
249.29688	-1.0
249.3086	-1.0
249.38696	-1.0
249.38992	-1.0
249.43887	-1.0
249.45984	-1.0
249.5586	-1.0
249.58405	-1.0
249.67732	-1.0
249.68832	-1.0
249.79092	-1.0
249.82396	-1.0
255.01544	-1.0
255.0234	-1.0
255.04752	-1.0
255.06024	-1.0
255.06483	-1.0
255.08109	-1.0
255.08775	-1.0
255.10788	-1.0
255.11436	-1.0
255.11832	-1.0
255.13805	-1.0
255.14133	-1.0
255.14632	-1.0
255.1636	1.0
255.16832	-1.0
255.2084	-1.0
255.21655	-1.0
255.23029	-1.0
255.23463	-1.0
255.2834	-1.0
255.44312	-1.0
255.44585	-1.0
255.45924	-1.0
255.54332	-1.0
255.56264	-1.0
255.58131	-1.0
255.5998	-1.0
255.62608	-1.0
255.66016	-1.0
255.6666	-1.0
255.67152	-1.0
255.69193	-1.0
255.70288	-1.0
255.80511	-1.0
255.8932	-1.0
256.0785	-1.0
256.1697	-1.0
260.23685	-1.0
260.2922	-1.0
260.3122	-1.0
260.31567	-1.0
260.334	-1.0
260.3875	-1.0
260.4049	-1.0
260.40848	1.0
260.46048	-1.0
260.49823	-1.0
260.5336	-1.0
260.57333	-1.0
260.59552	-1.0
260.60568	-1.0
260.63467	-1.0
260.67392	-1.0
260.68045	1.0
260.79532	1.0
260.81888	-1.0
260.9102	-1.0
260.96548	-1.0
260.99164	-1.0
261.02325	-1.0
261.28333	-1.0
261.49957	-1.0
265.71063	-1.0
265.71576	-1.0
265.774	-1.0
265.80563	-1.0
265.8354	-1.0
265.8586	1.0
265.87045	1.0
265.87296	1.0
265.88205	-1.0
265.90213	-1.0
265.9326	-1.0
265.94437	-1.0
265.94745	-1.0
266.02353	-1.0
266.05203	-1.0
266.0588	-1.0
266.10773	-1.0
266.1118	1.0
266.1285	-1.0
266.20956	-1.0
266.2234	-1.0
266.28876	-1.0
266.38297	-1.0
266.42795	-1.0
266.5953	-1.0
266.66943	-1.0
266.70804	-1.0
266.7854	-1.0
266.8302	-1.0
271.26608	-1.0
271.27063	-1.0
271.32947	-1.0
271.33963	-1.0
271.34247	-1.0
271.3741	-1.0
271.38437	-1.0
271.39627	-1.0
271.4009	-1.0
271.41003	-1.0
271.413	-1.0
271.44168	-1.0
271.49277	-1.0
271.5092	-1.0
271.5386	-1.0
271.54187	-1.0
271.63385	1.0
271.6386	-1.0
271.65448	-1.0
271.6841	-1.0
271.717	-1.0
271.74548	-1.0
271.76263	-1.0
271.815	-1.0
271.82727	-1.0
271.85092	-1.0
271.91425	-1.0
271.92813	-1.0
272.0768	-1.0
274.85217	-1.0
274.90805	1.0
274.94003	-1.0
275.01245	-1.0
275.031	-1.0
275.0376	-1.0
275.0525	-1.0
275.07172	-1.0
275.0942	-1.0
275.12817	-1.0
275.15225	-1.0
275.15567	-1.0
275.21936	-1.0
275.22803	-1.0
275.35843	1.0
275.42017	-1.0
275.4587	-1.0
275.48096	-1.0
275.57248	-1.0
275.61227	-1.0
275.65427	-1.0
275.6825	-1.0
275.73575	-1.0
275.7494	-1.0
275.7761	-1.0
281.37595	-1.0
281.39972	-1.0
281.4109	1.0
281.41452	-1.0
281.43536	-1.0
281.4624	-1.0
281.47217	-1.0
281.50235	-1.0
281.50644	-1.0
281.521	-1.0
281.5247	-1.0
281.52728	-1.0
281.59125	-1.0
281.65756	-1.0
281.66113	-1.0
281.72333	-1.0
281.75192	-1.0
281.9018	-1.0
281.90884	-1.0
281.93207	-1.0
281.9586	-1.0
281.96844	-1.0
282.0579	-1.0
282.11884	-1.0
282.34833	-1.0
282.4382	-1.0
282.45413	-1.0
282.52048	-1.0
282.60587	-1.0
286.42368	-1.0
286.45053	-1.0
286.55237	-1.0
286.56247	-1.0
286.5781	-1.0
286.63025	-1.0
286.67032	-1.0
286.6854	-1.0
286.73395	-1.0
286.96448	-1.0
286.99496	-1.0
287.05173	1.0
287.1027	-1.0
287.11145	-1.0
287.1335	-1.0
287.21323	-1.0
287.2609	-1.0
287.48587	-1.0
290.1253	-1.0
290.128	-1.0
290.1321	-1.0
290.14792	-1.0
290.1984	-1.0
290.3136	-1.0
290.34308	-1.0
290.36395	-1.0
290.42316	-1.0
290.54877	-1.0
290.63196	-1.0
290.6353	-1.0
290.63797	-1.0
290.73053	-1.0
290.77597	-1.0
290.79547	-1.0
291.09152	-1.0
291.13672	-1.0
295.47125	-1.0
295.49936	-1.0
295.5581	-1.0
295.5663	-1.0
295.5752	-1.0
295.57925	-1.0
295.59848	-1.0
295.6401	-1.0
295.64883	-1.0
295.66632	-1.0
295.70035	-1.0
295.7234	-1.0
295.7625	-1.0
295.79745	-1.0
295.8025	-1.0
295.8292	-1.0
295.9103	-1.0
295.92392	-1.0
296.00244	-1.0
296.03693	-1.0
296.05453	-1.0
296.1193	-1.0
296.1531	-1.0
296.16437	-1.0
296.2089	-1.0
296.2262	-1.0
296.3438	-1.0
296.34784	-1.0
300.43927	-1.0
300.49097	-1.0
300.5273	1.0
300.5563	-1.0
300.5614	-1.0
300.66888	-1.0
300.68887	-1.0
300.70547	-1.0
300.71912	-1.0
300.72437	-1.0
300.729	1.0
300.7526	-1.0
300.81277	-1.0
300.8417	-1.0
300.8459	-1.0
300.88696	-1.0
301.05432	-1.0
301.08713	-1.0
301.24023	-1.0
301.33087	-1.0
301.4346	-1.0
301.4526	-1.0
305.46045	-1.0
305.498	-1.0
305.58365	-1.0
305.58636	-1.0
305.61572	-1.0
305.65308	-1.0
305.7935	-1.0
305.8028	-1.0
305.93167	-1.0
306.02347	-1.0
306.06152	-1.0
306.1026	-1.0
306.16397	-1.0
306.2242	-1.0
310.2745	-1.0
310.2855	-1.0
310.30237	-1.0
310.34048	-1.0
310.3651	-1.0
310.38217	-1.0
310.42404	-1.0
310.4666	-1.0
310.48407	-1.0
310.5106	-1.0
310.51752	-1.0
310.5425	-1.0
310.61768	-1.0
310.76056	-1.0
310.83884	-1.0
310.9924	-1.0
311.02097	-1.0
311.073	-1.0
311.4014	-1.0
315.90433	-1.0
316.02057	-1.0
316.04492	-1.0
316.05927	-1.0
316.1202	-1.0
316.16605	-1.0
316.2184	-1.0
316.26065	-1.0
316.2679	-1.0
316.2819	-1.0
316.30637	-1.0
316.3286	-1.0
316.40485	-1.0
316.41913	-1.0
316.5532	-1.0
316.58612	-1.0
316.59555	-1.0
316.601	-1.0
316.61963	-1.0
316.66843	-1.0
316.762	-1.0
321.0233	-1.0
321.02795	-1.0
321.0578	-1.0
321.07428	-1.0
321.1318	-1.0
321.1737	-1.0
321.38205	-1.0
321.4226	-1.0
321.56955	-1.0
321.59012	-1.0
321.67477	-1.0
321.705	-1.0
321.7824	-1.0
321.82516	-1.0
325.94348	-1.0
325.96912	-1.0
325.98248	-1.0
326.08203	-1.0
326.09796	-1.0
326.107	-1.0
326.11847	-1.0
326.13007	-1.0
326.15512	-1.0
326.18396	-1.0
326.24628	-1.0
326.26007	-1.0
326.4016	-1.0
326.43433	-1.0
326.57864	-1.0
326.6038	-1.0
326.85312	-1.0
326.877	1.0
326.9584	-1.0
331.82233	-1.0
331.89273	-1.0
331.89655	1.0
331.93524	-1.0
332.07053	-1.0
332.0989	-1.0
332.1039	-1.0
332.12915	1.0
332.20728	-1.0
332.2112	-1.0
332.28647	-1.0
332.3486	-1.0
332.4684	-1.0
338.18872	-1.0
338.1963	-1.0
338.24103	-1.0
338.26053	1.0
338.28696	-1.0
338.3312	-1.0
338.3404	-1.0
338.356	-1.0
338.38803	-1.0
338.5096	-1.0
338.5518	-1.0
338.57	-1.0
338.61597	-1.0
338.71872	-1.0
338.72318	-1.0
338.7657	-1.0
338.76837	-1.0
338.92383	-1.0
338.92728	-1.0
338.9344	-1.0
339.1508	-1.0
339.36163	-1.0
343.2397	-1.0
343.32513	-1.0
343.4123	-1.0
343.44705	-1.0
343.5489	-1.0
343.78503	-1.0
343.8636	-1.0
343.87677	-1.0
343.9732	-1.0
343.9862	-1.0
348.61465	1.0
348.62192	-1.0
348.6327	-1.0
348.6471	-1.0
348.7427	-1.0
348.74863	-1.0
348.77713	-1.0
348.79483	-1.0
349.03516	-1.0
349.04407	-1.0
349.182	-1.0
349.24637	-1.0
349.33572	-1.0
349.39597	-1.0
349.4269	-1.0
353.59647	-1.0
353.64536	-1.0
353.6715	-1.0
353.69724	-1.0
353.72485	-1.0
353.74216	-1.0
353.81696	-1.0
353.84628	-1.0
353.85727	-1.0
354.01324	-1.0
354.09305	-1.0
354.10907	-1.0
354.14667	-1.0
354.40497	-1.0
354.41864	-1.0
354.44797	-1.0
354.50067	1.0
354.5443	-1.0
354.60043	1.0
354.60428	-1.0
354.64673	-1.0
354.67285	-1.0
354.84637	-1.0
358.39127	-1.0
358.41907	-1.0
358.44504	-1.0
358.47543	-1.0
358.51553	-1.0
358.54684	-1.0
358.58136	1.0
358.5844	1.0
358.6541	-1.0
358.66824	-1.0
358.70544	-1.0
358.77277	-1.0
358.84573	-1.0
358.85355	-1.0
358.98743	-1.0
358.99387	-1.0
359.0037	-1.0
359.01993	-1.0
359.05493	-1.0
359.05936	-1.0
363.4576	-1.0
363.508	-1.0
363.51712	-1.0
363.55273	-1.0
363.5765	-1.0
363.58847	-1.0
363.6232	-1.0
363.6281	-1.0
363.6869	1.0
363.7312	-1.0
363.82867	-1.0
363.91605	-1.0
363.91916	-1.0
363.92648	-1.0
363.94296	-1.0
363.95813	-1.0
364.25592	-1.0
364.84	-1.0
368.39984	-1.0
368.41867	-1.0
368.47787	-1.0
368.51596	-1.0
368.51917	-1.0
368.57257	-1.0
368.5793	-1.0
368.71124	-1.0
368.71835	-1.0
368.84424	-1.0
368.8896	-1.0
368.94528	-1.0
369.0082	-1.0
369.04517	-1.0
369.1711	-1.0
369.2089	-1.0
369.32608	-1.0
373.25055	-1.0
373.28864	-1.0
373.29736	-1.0
373.3492	-1.0
373.3715	-1.0
373.4933	-1.0
373.4963	-1.0
373.64948	-1.0
373.66205	-1.0
373.96136	-1.0
374.0237	-1.0
374.0699	-1.0
374.07352	-1.0
374.11496	-1.0
374.25336	-1.0
377.98972	-1.0
378.0186	-1.0
378.02423	-1.0
378.0594	1.0
378.08713	-1.0
378.0899	-1.0
378.14365	-1.0
378.15027	-1.0
378.1608	-1.0
378.2519	-1.0
378.27597	-1.0
378.3762	-1.0
378.42447	-1.0
378.4694	-1.0
378.47717	-1.0
378.51657	-1.0
378.53928	-1.0
378.57047	-1.0
378.57404	-1.0
378.5884	-1.0
378.59445	-1.0
378.73465	-1.0
378.7707	-1.0
378.91992	-1.0
383.0385	-1.0
383.07196	-1.0
383.07477	-1.0
383.1084	-1.0
383.13605	-1.0
383.13925	-1.0
383.22784	-1.0
383.2932	-1.0
383.32657	-1.0
383.36627	-1.0
383.4098	-1.0
383.46484	-1.0
383.46783	-1.0
383.54977	-1.0
383.58456	-1.0
383.8753	-1.0
383.93048	1.0
388.04007	-1.0
388.06516	-1.0
388.15704	-1.0
388.17325	-1.0
388.17575	-1.0
388.19577	-1.0
388.20117	-1.0
388.20923	-1.0
388.21408	-1.0
388.3772	-1.0
388.41132	-1.0
388.4404	-1.0
388.4892	-1.0
388.52493	-1.0
388.76953	-1.0
388.8823	-1.0
389.00653	-1.0
389.0334	-1.0
392.77972	-1.0
392.81616	-1.0
392.88248	-1.0
392.931	-1.0
392.93832	-1.0
392.96823	-1.0
392.97092	-1.0
392.99643	1.0
393.09183	-1.0
393.23016	-1.0
393.23267	-1.0
393.36105	-1.0
393.40393	-1.0
393.43024	-1.0
393.51373	-1.0
393.60648	-1.0
393.7817	-1.0
393.9806	1.0
397.18393	-1.0
397.26752	-1.0
397.2769	-1.0
397.27972	-1.0
397.2896	-1.0
397.297	-1.0
397.34628	-1.0
397.36032	-1.0
397.41537	-1.0
397.43597	-1.0
397.5726	-1.0
397.64896	1.0
397.78976	-1.0
397.9313	-1.0
397.98535	-1.0
402.1079	-1.0
402.1133	-1.0
402.15604	-1.0
402.16272	-1.0
402.17053	-1.0
402.1901	-1.0
402.19983	-1.0
402.2092	-1.0
402.21875	-1.0
402.2342	-1.0
402.25208	-1.0
402.34424	-1.0
402.36652	-1.0
402.42496	-1.0
402.45084	-1.0
402.45337	-1.0
402.5226	-1.0
402.55637	-1.0
402.63068	-1.0
402.6718	-1.0
402.67712	-1.0
402.73264	-1.0
402.8615	-1.0
402.8936	-1.0
407.4233	-1.0
407.4647	-1.0
407.48563	-1.0
407.49445	-1.0
407.50885	-1.0
407.51147	1.0
407.52197	-1.0
407.54044	-1.0
407.58136	-1.0
407.62476	-1.0
407.6771	-1.0
407.67996	1.0
407.68283	-1.0
407.72812	-1.0
407.82843	-1.0
407.86945	-1.0
407.9011	-1.0
407.9085	-1.0
408.01303	-1.0
408.3122	-1.0
408.39413	-1.0
411.7634	-1.0
411.79855	-1.0
411.82053	-1.0
411.84464	-1.0
411.85068	-1.0
411.8554	-1.0
411.86816	-1.0
411.88028	-1.0
411.94675	-1.0
412.00415	-1.0
412.06064	-1.0
412.0669	-1.0
412.07764	-1.0
412.12207	-1.0
412.13943	-1.0
412.19345	-1.0
412.21292	-1.0
412.2378	-1.0
412.31876	-1.0
412.3369	-1.0
412.3456	1.0
412.42892	-1.0
412.50336	-1.0
416.6152	-1.0
416.63467	-1.0
416.6496	-1.0
416.65683	-1.0
416.66995	-1.0
416.6838	-1.0
416.68692	-1.0
416.74432	-1.0
416.75854	-1.0
416.81577	-1.0
416.86136	-1.0
416.883	-1.0
416.89352	-1.0
416.91824	-1.0
416.92545	-1.0
416.93555	-1.0
416.96484	-1.0
417.0184	-1.0
417.0494	-1.0
417.10736	-1.0
417.22736	-1.0
417.24347	-1.0
417.34744	-1.0
417.4554	-1.0
421.252	-1.0
421.2698	-1.0
421.28275	-1.0
421.2984	-1.0
421.31555	-1.0
421.31903	-1.0
421.33307	-1.0
421.34723	-1.0
421.36108	-1.0
421.4076	-1.0
421.46283	-1.0
421.48633	-1.0
421.5301	-1.0
421.54807	-1.0
421.5941	-1.0
421.59747	-1.0
421.6316	-1.0
421.6362	-1.0
421.67865	-1.0
421.733	-1.0
421.78723	-1.0
421.8	-1.0
421.8033	-1.0
421.84143	-1.0
425.6733	-1.0
425.67987	-1.0
425.69373	-1.0
425.70755	-1.0
425.72253	-1.0
425.748	-1.0
425.75272	-1.0
425.75677	-1.0
425.77267	-1.0
425.77963	-1.0
425.81137	-1.0
425.82016	-1.0
425.84528	-1.0
425.89175	-1.0
425.93744	-1.0
425.95767	-1.0
426.12677	-1.0
426.2886	-1.0
426.366	-1.0
426.4766	-1.0
426.59543	-1.0
429.6168	-1.0
429.67307	-1.0
429.67825	-1.0
429.69	-1.0
429.70447	-1.0
429.70877	-1.0
429.74753	-1.0
429.78976	-1.0
429.80295	-1.0
429.8078	-1.0
429.82516	-1.0
429.86435	-1.0
429.87405	-1.0
429.90277	-1.0
429.95883	1.0
430.06696	-1.0
430.06973	-1.0
430.0974	-1.0
430.11545	-1.0
430.15677	-1.0
430.34723	-1.0
430.3754	-1.0
430.431	-1.0
433.62283	-1.0
433.63312	-1.0
433.67947	-1.0
433.6838	1.0
433.69025	1.0
433.70023	1.0
433.70724	-1.0
433.73248	-1.0
433.74387	-1.0
433.75363	-1.0
433.81577	1.0
433.8198	-1.0
433.82263	-1.0
433.85095	-1.0
433.86615	-1.0
433.929	-1.0
434.01953	-1.0
434.03513	-1.0
434.1213	-1.0
434.1389	-1.0
434.15247	-1.0
434.2964	-1.0
437.41553	-1.0
437.4385	-1.0
437.4472	-1.0
437.46957	-1.0
437.51096	-1.0
437.5315	-1.0
437.5357	-1.0
437.54688	-1.0
437.55408	-1.0
437.56845	-1.0
437.5714	-1.0
437.67136	-1.0
437.717	-1.0
437.7759	-1.0
437.86127	-1.0
437.87064	-1.0
437.87384	-1.0
437.9181	-1.0
438.0564	-1.0
438.09512	-1.0
438.12396	-1.0
438.1374	-1.0
442.4358	-1.0
442.44595	-1.0
442.45078	-1.0
442.47247	-1.0
442.48035	-1.0
442.49908	-1.0
442.5132	-1.0
442.51624	-1.0
442.5211	-1.0
442.53604	-1.0
442.5785	-1.0
442.64587	-1.0
442.66147	-1.0
442.67297	-1.0
442.77512	-1.0
442.82532	-1.0
442.8992	-1.0
442.9029	-1.0
442.9452	-1.0
443.007	-1.0
443.07556	-1.0
443.15424	-1.0
446.28757	-1.0
446.35413	-1.0
446.37646	-1.0
446.39056	-1.0
446.4042	-1.0
446.4077	-1.0
446.42233	-1.0
446.4398	-1.0
446.4974	-1.0
446.54214	-1.0
446.5573	-1.0
446.58432	-1.0
446.6567	-1.0
446.7011	-1.0
446.777	-1.0
446.78012	-1.0
446.8095	-1.0
446.85776	-1.0
446.88248	-1.0
446.8935	-1.0
450.35568	-1.0
450.3664	-1.0
450.40714	-1.0
450.41415	-1.0
450.42007	-1.0
450.43713	-1.0
450.441	-1.0
450.45627	-1.0
450.45932	-1.0
450.4663	-1.0
450.47037	-1.0
450.48276	-1.0
450.49704	-1.0
450.52963	-1.0
450.59116	-1.0
450.6313	-1.0
450.65524	-1.0
450.68	-1.0
450.71805	-1.0
450.79733	-1.0
450.8713	-1.0
450.89435	-1.0
450.91293	-1.0
450.93817	-1.0
450.98367	-1.0
453.86856	-1.0
453.94147	-1.0
453.9535	-1.0
453.9701	-1.0
454.0004	-1.0
454.00436	-1.0
454.0147	-1.0
454.09207	-1.0
454.17297	-1.0
454.22256	-1.0
454.25204	-1.0
454.30576	-1.0
454.34103	-1.0
454.3571	-1.0
454.41644	-1.0
454.51227	-1.0
457.42163	-1.0
457.4597	-1.0
457.48117	-1.0
457.48425	-1.0
457.4896	-1.0
457.50076	-1.0
457.51773	-1.0
457.5229	-1.0
457.52805	-1.0
457.55164	-1.0
457.5613	1.0
457.59177	-1.0
457.62903	-1.0
457.6544	-1.0
457.67496	-1.0
457.73596	-1.0
457.7616	-1.0
457.81583	-1.0
457.92792	-1.0
458.00864	-1.0
460.65723	-1.0
460.67557	-1.0
460.6805	-1.0
460.70847	-1.0
460.7201	-1.0
460.74475	-1.0
460.76227	-1.0
460.768	-1.0
460.78625	-1.0
460.78992	-1.0
460.80756	-1.0
460.81796	-1.0
460.82117	-1.0
460.84216	-1.0
460.87872	-1.0
460.89368	-1.0
460.90112	-1.0
460.94156	-1.0
460.9963	-1.0
461.00116	-1.0
461.10287	-1.0
461.12253	-1.0
461.24228	-1.0
464.14108	-1.0
464.15152	-1.0
464.1872	-1.0
464.1901	-1.0
464.199	-1.0
464.20197	-1.0
464.2129	-1.0
464.21973	-1.0
464.22473	1.0
464.2466	-1.0
464.27747	-1.0
464.28653	-1.0
464.32315	-1.0
464.35135	-1.0
464.37552	-1.0
464.38956	-1.0
464.39307	-1.0
464.46164	-1.0
464.5228	-1.0
464.53812	-1.0
464.60315	-1.0
464.64813	-1.0
464.6663	-1.0
467.59464	-1.0
467.64432	-1.0
467.6764	-1.0
467.6956	-1.0
467.70132	-1.0
467.716	-1.0
467.71857	-1.0
467.73087	1.0
467.74323	-1.0
467.74896	-1.0
467.76736	-1.0
467.77148	1.0
467.78296	-1.0
467.80267	-1.0
467.8116	-1.0
467.8372	-1.0
467.85196	-1.0
467.92383	-1.0
467.93008	1.0
467.95975	-1.0
468.06128	-1.0
468.13623	-1.0
468.15787	-1.0
468.20096	-1.0
470.9324	-1.0
470.95712	-1.0
470.968	-1.0
470.98248	1.0
470.98553	-1.0
470.99817	-1.0
471.0052	-1.0
471.01468	-1.0
471.03064	-1.0
471.04816	-1.0
471.05508	-1.0
471.0786	-1.0
471.09967	-1.0
471.13373	-1.0
471.1736	-1.0
471.19485	-1.0
471.19916	-1.0
471.20648	-1.0
471.2643	-1.0
471.2722	-1.0
471.2877	-1.0
471.29944	-1.0
471.31805	-1.0
471.3314	-1.0
471.37637	-1.0
471.4516	-1.0
473.8513	-1.0
473.8638	-1.0
473.90207	-1.0
473.92715	-1.0
473.94647	-1.0
473.95456	-1.0
473.9664	1.0
473.97424	-1.0
473.97897	-1.0
474.00284	-1.0
474.00604	-1.0
474.0184	-1.0
474.02435	-1.0
474.04437	-1.0
474.07004	-1.0
474.10175	-1.0
474.10593	-1.0
474.1438	-1.0
474.17648	-1.0
474.1928	-1.0
474.20367	-1.0
474.22516	-1.0
474.23828	1.0
474.2816	-1.0
474.3558	-1.0
474.38748	-1.0
474.40677	-1.0
474.427	-1.0
474.5005	-1.0
476.79892	-1.0
476.86472	-1.0
476.88596	-1.0
476.91568	-1.0
476.91956	-1.0
476.9374	-1.0
476.9533	-1.0
476.97128	-1.0
476.97925	-1.0
476.99152	-1.0
477.01492	-1.0
477.03827	-1.0
477.04083	-1.0
477.07108	-1.0
477.0999	-1.0
477.12827	-1.0
477.13873	-1.0
477.16403	-1.0
477.1952	-1.0
477.21472	-1.0
477.22745	-1.0
477.3004	-1.0
477.31247	1.0
477.31824	-1.0
477.36212	-1.0
479.7994	-1.0
479.81805	-1.0
479.8283	-1.0
479.84372	-1.0
479.85364	-1.0
479.85883	-1.0
479.86533	-1.0
479.8724	-1.0
479.8916	-1.0
479.90152	-1.0
479.9162	-1.0
479.927	-1.0
479.93063	-1.0
479.94916	-1.0
479.96112	-1.0
479.97696	-1.0
479.9979	-1.0
480.02887	-1.0
480.055	-1.0
480.06113	-1.0
480.09033	-1.0
480.095	-1.0
480.10455	-1.0
480.15332	-1.0
480.332	-1.0
482.38937	-1.0
482.50113	-1.0
482.51428	-1.0
482.53485	-1.0
482.5447	-1.0
482.55313	1.0
482.56052	-1.0
482.57825	-1.0
482.596	-1.0
482.61176	-1.0
482.6302	-1.0
482.65356	-1.0
482.6762	1.0
482.70383	-1.0
482.71985	-1.0
482.88605	-1.0
482.9995	-1.0
485.6846	-1.0
485.73688	-1.0
485.741	1.0
485.75345	-1.0
485.75772	-1.0
485.77185	-1.0
485.78543	-1.0
485.79236	-1.0
485.79553	-1.0
485.79932	1.0
485.80984	-1.0
485.82217	-1.0
485.83557	-1.0
485.83997	-1.0
485.85873	-1.0
485.87076	-1.0
485.90637	-1.0
485.95517	-1.0
485.99432	-1.0
486.069	-1.0
486.08948	-1.0
486.09747	1.0
486.12036	-1.0
486.15048	-1.0
486.1984	-1.0
486.2348	-1.0
486.30084	-1.0
488.9849	-1.0
489.02167	-1.0
489.06116	-1.0
489.07684	-1.0
489.10083	-1.0
489.11404	-1.0
489.134	-1.0
489.15012	-1.0
489.15295	-1.0
489.17017	-1.0
489.17496	-1.0
489.19705	-1.0
489.20908	-1.0
489.23312	-1.0
489.28235	-1.0
489.28717	-1.0
489.30328	-1.0
489.3141	-1.0
489.36517	-1.0
489.38895	-1.0
489.43137	-1.0
489.479	-1.0
489.5151	-1.0
489.53952	-1.0
492.63007	-1.0
492.64908	-1.0
492.67328	-1.0
492.68597	-1.0
492.69244	-1.0
492.69955	-1.0
492.70987	-1.0
492.72885	-1.0
492.7352	-1.0
492.7571	-1.0
492.762	1.0
492.78012	-1.0
492.78967	-1.0
492.82495	-1.0
492.83768	-1.0
492.84964	-1.0
492.89572	-1.0
492.9399	-1.0
493.01108	-1.0
493.0497	-1.0
493.0577	-1.0
493.07373	-1.0
493.12167	-1.0
493.16125	-1.0
493.21	-1.0
493.2446	-1.0
493.28055	-1.0
495.41675	-1.0
495.4367	-1.0
495.458	-1.0
495.47775	-1.0
495.49356	-1.0
495.52292	-1.0
495.5313	-1.0
495.5418	1.0
495.55072	-1.0
495.5673	-1.0
495.58276	-1.0
495.62308	-1.0
495.6536	-1.0
495.68976	-1.0
495.6938	1.0
498.4511	-1.0
498.46487	-1.0
498.4945	-1.0
498.51028	-1.0
498.5245	-1.0
498.54056	-1.0
498.54465	-1.0
498.55157	-1.0
498.5664	-1.0
498.572	-1.0
498.57608	-1.0
498.58188	-1.0
498.5852	-1.0
498.6034	-1.0
498.62665	-1.0
498.6308	-1.0
498.6434	-1.0
498.65967	-1.0
498.67816	-1.0
498.6818	-1.0
498.68457	-1.0
498.71655	-1.0
498.74033	-1.0
498.7591	-1.0
498.84943	-1.0
498.95703	-1.0
498.97025	-1.0
498.9772	-1.0
503.91443	-1.0
503.92523	-1.0
503.93423	-1.0
503.9381	-1.0
503.94656	-1.0
503.95425	-1.0
503.95676	-1.0
503.9826	-1.0
503.98615	-1.0
503.9955	-1.0
504.02716	-1.0
504.02972	-1.0
504.0464	-1.0
504.0532	-1.0
504.0685	-1.0
504.10727	-1.0
504.1352	-1.0
504.14496	-1.0
504.17404	-1.0
504.1938	-1.0
504.21243	-1.0
504.2238	-1.0
504.24493	-1.0
504.2746	-1.0
504.28796	-1.0
504.31293	-1.0
504.35797	-1.0
504.40363	-1.0
504.6096	-1.0
504.72137	-1.0
506.88507	-1.0
506.9081	-1.0
506.92133	-1.0
506.93103	-1.0
506.94675	-1.0
506.97113	-1.0
506.99533	-1.0
507.01053	1.0
507.03552	-1.0
507.07428	1.0
507.08725	-1.0
507.12964	-1.0
509.3405	-1.0
509.37833	-1.0
509.3918	-1.0
509.40707	-1.0
509.42905	-1.0
509.4531	-1.0
509.45596	-1.0
509.47693	-1.0
509.48135	-1.0
509.48944	-1.0
509.50732	-1.0
509.5157	-1.0
509.5247	-1.0
509.5348	-1.0
509.58017	-1.0
509.58624	-1.0
509.59216	-1.0
509.62112	-1.0
509.62488	-1.0
509.65784	-1.0
509.6787	-1.0
509.7071	-1.0
512.5147	-1.0
512.53174	-1.0
512.5595	-1.0
512.5841	-1.0
512.6008	-1.0
512.61707	-1.0
512.62933	-1.0
512.6333	-1.0
512.63763	-1.0
512.6441	-1.0
512.6606	-1.0
512.6816	-1.0
512.7032	-1.0
512.7559	-1.0
512.7588	-1.0
512.79205	-1.0
512.84625	-1.0
512.9107	-1.0
515.33636	-1.0
515.3479	-1.0
515.3504	-1.0
515.3704	-1.0
515.3771	-1.0
515.3803	-1.0
515.3892	-1.0
515.40607	-1.0
515.41766	-1.0
515.42694	-1.0
515.43915	-1.0
515.4598	-1.0
515.50226	-1.0
515.5102	-1.0
515.5256	-1.0
515.55896	-1.0
515.57825	-1.0
515.6206	-1.0
515.62714	-1.0
518.18726	-1.0
518.2112	-1.0
518.2308	1.0
518.25977	-1.0
518.2841	-1.0
518.3133	-1.0
518.3164	-1.0
518.3322	-1.0
518.34955	-1.0
518.3573	-1.0
518.38477	1.0
518.40765	-1.0
518.42865	-1.0
518.4828	-1.0
518.502	-1.0
518.5661	-1.0
518.6305	-1.0
518.7202	-1.0
519.72345	1.0
521.3683	-1.0
521.3949	-1.0
521.42474	-1.0
521.4437	-1.0
521.45056	-1.0
521.46204	-1.0
521.4739	-1.0
521.4773	-1.0
521.493	-1.0
521.5197	-1.0
521.53186	-1.0
521.5392	-1.0
521.5757	-1.0
521.58655	-1.0
521.60364	-1.0
521.6346	-1.0
521.65735	-1.0
521.7117	-1.0
524.07605	-1.0
524.19147	-1.0
524.2055	-1.0
524.2292	-1.0
524.23285	-1.0
524.2472	-1.0
524.2506	-1.0
524.2661	-1.0
524.27423	-1.0
524.28564	-1.0
524.2971	-1.0
524.35406	-1.0
524.35657	-1.0
524.3908	-1.0
524.4567	-1.0
526.69366	-1.0
526.7056	-1.0
526.7311	-1.0
526.7527	-1.0
526.77655	-1.0
526.8035	-1.0
526.8066	-1.0
526.8093	-1.0
526.82135	-1.0
526.83	-1.0
526.8356	1.0
526.8498	-1.0
526.8523	-1.0
526.8665	-1.0
526.92426	-1.0
526.95966	1.0
530.00806	-1.0
530.05365	-1.0
530.0907	-1.0
530.1059	-1.0
530.1284	-1.0
530.13495	-1.0
530.1427	-1.0
530.1493	-1.0
530.15247	-1.0
530.15686	-1.0
530.1601	-1.0
530.17523	-1.0
530.1809	-1.0
530.21576	-1.0
530.23065	-1.0
530.24243	-1.0
530.2641	-1.0
530.2794	-1.0
530.3684	-1.0
532.8328	-1.0
533.5111	-1.0
533.5168	-1.0
533.54803	-1.0
533.55554	-1.0
533.5735	-1.0
533.5952	-1.0
533.61127	-1.0
533.62915	-1.0
533.63574	-1.0
533.64624	-1.0
533.65704	-1.0
533.68494	-1.0
533.6968	-1.0
533.71765	-1.0
533.7776	-1.0
535.8645	-1.0
535.8965	-1.0
535.94293	-1.0
535.954	-1.0
536.0118	-1.0
536.0333	-1.0
536.2625	-1.0
536.29315	-1.0
536.3205	-1.0
536.33093	-1.0
536.33905	-1.0
536.3484	-1.0
536.3978	-1.0
536.40875	-1.0
536.42737	-1.0
536.43097	-1.0
536.4366	-1.0
536.46313	-1.0
538.4042	-1.0
538.4082	-1.0
538.41376	-1.0
538.43164	-1.0
538.45166	-1.0
538.49054	-1.0
538.4935	-1.0
538.4985	-1.0
538.5417	-1.0
538.5502	-1.0
538.57574	-1.0
538.5971	-1.0
538.61053	-1.0
541.85767	-1.0
541.87714	-1.0
541.89166	-1.0
541.9353	-1.0
541.9685	-1.0
541.98883	-1.0
541.99744	-1.0
542.00635	-1.0
542.02405	-1.0
542.0522	1.0
542.05743	-1.0
542.06415	-1.0
542.08887	-1.0
542.11926	-1.0
542.138	-1.0
544.52454	-1.0
546.977	-1.0
547.03503	-1.0
547.0476	-1.0
547.051	-1.0
547.0706	-1.0
547.07806	-1.0
547.09625	-1.0
547.1258	-1.0
547.13934	-1.0
547.17834	-1.0
547.2037	-1.0
547.2445	-1.0
547.289	-1.0
547.293	-1.0
551.77325	-1.0
551.7802	-1.0
551.8044	-1.0
551.82196	-1.0
551.8546	-1.0
551.8776	-1.0
551.8902	-1.0
551.9128	-1.0
551.9358	-1.0
551.9575	-1.0
551.9696	-1.0
552.0226	-1.0
552.0453	-1.0
552.1826	-1.0
556.00653	-1.0
556.0141	-1.0
556.0292	-1.0
556.0434	-1.0
556.04834	-1.0
556.0674	1.0
556.08746	-1.0
556.08997	-1.0
556.09607	-1.0
556.10626	-1.0
556.1181	-1.0
556.1758	-1.0
559.74164	-1.0
559.78174	-1.0
559.8083	-1.0
559.82874	-1.0
559.8337	-1.0
559.87415	-1.0
559.8837	-1.0
559.91406	-1.0
559.9499	1.0
559.98065	-1.0
560.0048	-1.0
562.8146	-1.0
562.83966	-1.0
562.89594	-1.0
562.90546	-1.0
562.92255	-1.0
562.9526	-1.0
562.9846	-1.0
563.0519	-1.0
567.09314	1.0
567.10583	-1.0
567.1167	-1.0
567.14734	-1.0
567.2132	-1.0
567.2209	-1.0
567.22424	-1.0
567.2496	-1.0
567.2524	-1.0
567.34015	-1.0
567.4372	-1.0
574.7771	-1.0
574.8202	-1.0
574.8265	-1.0
574.84	-1.0
574.8443	-1.0
574.85846	-1.0
574.87335	1.0
574.87646	-1.0
574.8796	-1.0
574.88806	-1.0
574.8966	-1.0
574.9327	-1.0
574.93866	-1.0
574.9506	-1.0
574.98785	-1.0
575.0603	-1.0
575.13745	-1.0
575.21155	-1.0
578.4818	-1.0
578.5351	-1.0
578.53815	-1.0
578.5516	-1.0
578.59985	-1.0
578.6095	-1.0
578.6391	-1.0
578.64166	-1.0
578.6584	-1.0
578.6991	-1.0
578.7142	-1.0
578.782	-1.0
581.691	-1.0
581.84534	-1.0
581.8755	-1.0
581.89154	-1.0
581.8946	-1.0
581.91174	-1.0
581.91785	-1.0
581.9341	-1.0
582.0351	1.0
582.13727	-1.0
586.81934	-1.0
586.8406	-1.0
586.8434	-1.0
586.85754	-1.0
586.8614	-1.0
586.8652	-1.0
586.9091	1.0
586.9251	-1.0
586.9552	-1.0
586.97754	-1.0
586.9877	-1.0
587.0004	-1.0
587.046	-1.0
587.0517	-1.0
587.42584	-1.0
587.45514	-1.0
587.4703	-1.0
587.4859	-1.0
587.491	-1.0
593.1513	-1.0
593.1669	-1.0
593.1918	-1.0
593.2071	-1.0
593.22095	-1.0
593.23334	-1.0
593.236	-1.0
593.2435	-1.0
593.25165	1.0
593.25854	-1.0
593.27496	-1.0
593.2997	-1.0
593.30334	-1.0
593.3066	-1.0
593.3549	-1.0
593.3596	-1.0
593.4905	-1.0
597.09766	-1.0
597.18353	-1.0
597.2063	-1.0
597.2161	-1.0
597.2561	-1.0
597.2724	-1.0
597.2956	-1.0
597.3986	-1.0
597.4743	-1.0
597.4869	-1.0
