0.02056	-1.0
0.069	-1.0
0.08272	-1.0
0.11048	-1.0
0.15608	-1.0
0.20168	-1.0
0.21192	-1.0
0.2236	-1.0
0.27488	-1.0
0.33376	-1.0
0.33644	-1.0
0.37952	-1.0
0.59596	-1.0
0.96592	-1.0
1.28428	-1.0
1.38572	-1.0
1.44992	-1.0
1.534	-1.0
5.41828	-1.0
5.45516	-1.0
5.47092	-1.0
5.4912	1.0
5.507	-1.0
5.5138	-1.0
5.51832	-1.0
5.58612	-1.0
5.59392	-1.0
5.6788	-1.0
5.75944	-1.0
5.81668	-1.0
5.82488	-1.0
5.83696	-1.0
5.9232	-1.0
6.00268	-1.0
6.07172	-1.0
6.08304	-1.0
6.10744	-1.0
6.4042	-1.0
6.50524	-1.0
6.5188	-1.0
6.68964	-1.0
6.74812	-1.0
6.80204	-1.0
6.90928	-1.0
6.98348	-1.0
9.02108	-1.0
9.04464	-1.0
9.05344	-1.0
9.0632	-1.0
9.08396	-1.0
9.0892	-1.0
9.12176	-1.0
9.18912	-1.0
9.25332	-1.0
9.26036	-1.0
9.28092	-1.0
9.34368	-1.0
9.4566	-1.0
9.462	-1.0
9.71592	-1.0
9.82964	-1.0
9.99652	-1.0
10.27536	-1.0
11.7982	-1.0
11.85404	-1.0
11.88936	-1.0
11.8992	-1.0
11.92688	-1.0
12.07584	-1.0
12.14492	-1.0
12.18188	-1.0
12.34184	-1.0
12.39312	-1.0
12.4368	-1.0
12.4894	-1.0
14.964	-1.0
14.97592	-1.0
15.00164	-1.0
15.01452	-1.0
15.01888	-1.0
15.06324	-1.0
15.089	-1.0
15.10384	-1.0
15.1158	-1.0
15.12528	-1.0
15.17304	-1.0
15.19952	-1.0
15.27812	-1.0
15.36772	-1.0
15.37028	-1.0
15.4664	-1.0
15.61408	-1.0
15.61756	-1.0
15.73032	-1.0
15.838	-1.0
15.841	-1.0
15.96076	-1.0
16.28964	1.0
19.3868	-1.0
19.39392	-1.0
19.42888	-1.0
19.46068	-1.0
19.4634	-1.0
19.48788	-1.0
19.49364	-1.0
19.51048	-1.0
19.52352	-1.0
19.53484	-1.0
19.58516	-1.0
19.62124	-1.0
19.65968	-1.0
19.74292	-1.0
19.8264	-1.0
19.83068	-1.0
19.84328	-1.0
19.90736	-1.0
20.0492	-1.0
20.21156	-1.0
20.54488	-1.0
20.72036	-1.0
20.8714	-1.0
24.86012	-1.0
24.864	-1.0
24.89752	-1.0
24.92696	-1.0
24.9438	-1.0
24.96368	-1.0
24.97372	-1.0
24.98988	-1.0
25.008	-1.0
25.02084	-1.0
25.06104	-1.0
25.07476	-1.0
25.14388	-1.0
25.23444	-1.0
25.27544	-1.0
25.2944	-1.0
25.35568	-1.0
25.43416	-1.0
25.61364	-1.0
25.65816	-1.0
25.6904	-1.0
25.77484	-1.0
25.9448	-1.0
26.15388	-1.0
29.86332	-1.0
29.87788	-1.0
29.88828	-1.0
29.89832	-1.0
29.90948	-1.0
29.92144	1.0
29.93968	-1.0
29.98316	-1.0
30.03648	-1.0
30.11032	-1.0
30.14788	-1.0
30.16124	-1.0
30.1886	-1.0
30.29552	-1.0
30.41952	-1.0
30.49144	-1.0
30.5772	-1.0
30.60188	-1.0
30.64436	-1.0
31.22576	-1.0
31.40732	-1.0
35.71492	-1.0
35.72724	-1.0
35.75044	-1.0
35.75972	-1.0
35.79448	-1.0
35.7978	-1.0
35.81044	-1.0
35.81416	-1.0
35.82532	-1.0
35.8366	-1.0
35.86052	-1.0
35.86336	-1.0
35.87736	-1.0
35.8882	-1.0
35.93728	-1.0
36.00968	-1.0
36.04708	-1.0
36.06684	-1.0
36.0888	-1.0
36.12832	-1.0
36.23104	-1.0
36.23512	-1.0
36.25388	-1.0
36.35036	-1.0
36.4006	-1.0
36.47392	-1.0
36.5158	-1.0
36.59276	-1.0
36.77828	-1.0
36.90276	-1.0
37.84208	-1.0
37.84544	-1.0
37.8728	-1.0
37.93816	-1.0
37.98136	-1.0
40.50452	-1.0
40.50704	-1.0
40.5432	-1.0
40.54572	1.0
40.58888	-1.0
40.62736	-1.0
40.63024	-1.0
40.66004	-1.0
40.67912	-1.0
40.689	-1.0
40.7772	-1.0
40.82404	-1.0
40.92988	-1.0
40.99772	-1.0
41.00528	-1.0
41.05556	-1.0
41.1188	-1.0
41.266	-1.0
41.27216	-1.0
41.30392	-1.0
41.33288	-1.0
41.47512	-1.0
41.63016	-1.0
44.68776	-1.0
44.7028	-1.0
44.74572	-1.0
44.7922	-1.0
44.8062	-1.0
44.80976	-1.0
44.82608	-1.0
44.85916	1.0
44.96952	-1.0
45.05232	-1.0
45.11204	-1.0
45.11816	-1.0
45.2138	-1.0
45.29768	-1.0
45.31924	-1.0
45.35524	-1.0
45.39232	-1.0
45.4174	-1.0
45.50244	-1.0
45.78876	-1.0
45.84172	-1.0
45.93632	-1.0
49.24668	-1.0
49.26512	-1.0
49.29464	-1.0
49.32928	-1.0
49.33304	-1.0
49.35188	-1.0
49.35956	-1.0
49.36872	-1.0
49.38432	-1.0
49.4354	-1.0
49.49616	-1.0
49.51224	-1.0
49.58396	-1.0
49.60384	-1.0
49.62236	-1.0
49.73916	-1.0
49.83136	-1.0
49.89012	-1.0
49.93456	1.0
50.0784	-1.0
50.43736	-1.0
50.82888	-1.0
50.92156	-1.0
54.48032	-1.0
54.5008	-1.0
54.51004	-1.0
54.51412	-1.0
54.54828	-1.0
54.55376	-1.0
54.57268	-1.0
54.58116	-1.0
54.59916	-1.0
54.61404	-1.0
54.64744	-1.0
54.73412	-1.0
54.8068	-1.0
54.93456	-1.0
54.97572	-1.0
54.98196	-1.0
55.05732	-1.0
55.1968	-1.0
55.44148	-1.0
59.58748	-1.0
59.60428	-1.0
59.62764	-1.0
59.63108	-1.0
59.65056	-1.0
59.65544	-1.0
59.66312	-1.0
59.67088	-1.0
59.67984	-1.0
59.70324	-1.0
59.74612	-1.0
59.75316	-1.0
59.80292	-1.0
59.86692	-1.0
59.94192	-1.0
59.94808	-1.0
60.00112	-1.0
60.06252	-1.0
60.20712	-1.0
60.25864	-1.0
60.3772	-1.0
60.43264	-1.0
60.47708	-1.0
60.55872	-1.0
60.65236	-1.0
63.84992	-1.0
63.85984	-1.0
63.8904	-1.0
63.89536	-1.0
63.93688	-1.0
64.00296	-1.0
64.03008	1.0
64.0712	-1.0
64.1262	-1.0
64.13396	-1.0
64.1882	-1.0
64.2294	-1.0
64.34924	-1.0
64.3978	-1.0
64.41916	-1.0
64.47104	-1.0
64.74512	-1.0
64.78756	-1.0
65.10112	-1.0
68.25828	-1.0
68.2684	1.0
68.27368	-1.0
68.2936	-1.0
68.31628	-1.0
68.33	-1.0
68.36348	-1.0
68.4146	-1.0
68.45684	-1.0
68.45952	-1.0
68.5356	-1.0
68.55552	1.0
68.60824	-1.0
68.61688	-1.0
68.68704	-1.0
68.74208	-1.0
68.8114	-1.0
68.86696	-1.0
68.93304	-1.0
69.09324	-1.0
69.22724	-1.0
69.46492	-1.0
73.53692	-1.0
73.55768	-1.0
73.58196	-1.0
73.591	-1.0
73.60152	-1.0
73.60536	1.0
73.608	-1.0
73.6364	-1.0
73.64412	-1.0
73.72196	-1.0
73.75704	-1.0
73.8168	-1.0
73.82092	-1.0
73.83736	-1.0
73.87516	-1.0
73.9378	-1.0
74.0328	-1.0
74.12824	-1.0
74.17044	-1.0
74.1786	-1.0
74.31276	-1.0
74.45492	1.0
74.52228	-1.0
74.68984	-1.0
78.50968	-1.0
78.51528	-1.0
78.54796	-1.0
78.57936	-1.0
78.60532	-1.0
78.65992	-1.0
78.6892	-1.0
78.70632	-1.0
78.7096	-1.0
78.7362	-1.0
78.766	-1.0
78.77364	-1.0
78.8282	-1.0
78.88816	-1.0
78.9424	-1.0
78.94692	-1.0
79.02008	-1.0
79.09004	-1.0
79.27992	-1.0
79.33128	-1.0
79.36516	-1.0
79.66404	-1.0
79.6786	-1.0
83.90184	-1.0
83.92968	-1.0
83.952	-1.0
83.95812	-1.0
83.97088	-1.0
84.00496	-1.0
84.00816	-1.0
84.01128	-1.0
84.03024	-1.0
84.0734	-1.0
84.0778	-1.0
84.13312	-1.0
84.15224	-1.0
84.16556	-1.0
84.2278	-1.0
84.24892	-1.0
84.2884	-1.0
84.36984	-1.0
84.39232	-1.0
84.44872	-1.0
84.45748	-1.0
84.461	-1.0
84.4672	-1.0
84.61916	-1.0
84.70448	-1.0
84.90012	-1.0
84.9496	-1.0
85.02236	-1.0
88.4142	-1.0
88.45732	-1.0
88.47676	-1.0
88.49472	-1.0
88.50784	-1.0
88.5464	-1.0
88.54892	-1.0
88.58696	-1.0
88.59364	-1.0
88.64984	-1.0
88.71976	-1.0
88.72228	1.0
88.75276	-1.0
88.79436	-1.0
88.79752	-1.0
88.85028	-1.0
88.91476	-1.0
88.93088	-1.0
88.98972	-1.0
89.07324	-1.0
89.13596	-1.0
89.24892	-1.0
89.44428	-1.0
89.51196	-1.0
89.61844	-1.0
93.23256	-1.0
93.26288	-1.0
93.27428	-1.0
93.27768	-1.0
93.29704	-1.0
93.29956	-1.0
93.31008	-1.0
93.3236	-1.0
93.37872	-1.0
93.38432	-1.0
93.40484	-1.0
93.41444	-1.0
93.4936	-1.0
93.52272	-1.0
93.5874	-1.0
93.59308	-1.0
93.70192	-1.0
93.75904	-1.0
93.76168	-1.0
93.93088	-1.0
94.1868	-1.0
94.20132	-1.0
94.23144	-1.0
94.30192	-1.0
94.46652	-1.0
94.55304	-1.0
99.35292	-1.0
99.35968	-1.0
99.36888	-1.0
99.38556	-1.0
99.39928	-1.0
99.43008	-1.0
99.44164	1.0
99.46368	-1.0
99.51344	-1.0
99.5192	1.0
99.5218	-1.0
99.53772	-1.0
99.57024	-1.0
99.62968	-1.0
99.63332	-1.0
99.67824	-1.0
99.69012	-1.0
99.74192	-1.0
99.75292	1.0
99.77456	-1.0
99.85592	-1.0
99.891	-1.0
99.91708	-1.0
99.997	1.0
100.04868	-1.0
100.19552	-1.0
100.20556	-1.0
100.25288	-1.0
100.31672	-1.0
100.39704	-1.0
100.60948	-1.0
100.8384	-1.0
100.92892	-1.0
101.00208	-1.0
101.07336	-1.0
101.15408	-1.0
104.60164	-1.0
104.61388	-1.0
104.62936	-1.0
104.66132	-1.0
104.69504	-1.0
104.70028	1.0
104.71032	-1.0
104.76136	-1.0
104.78328	-1.0
104.82124	-1.0
104.83684	-1.0
104.8912	-1.0
104.89472	-1.0
104.89968	-1.0
104.94264	-1.0
104.95024	-1.0
105.02176	-1.0
105.03876	-1.0
105.06404	-1.0
105.0726	-1.0
105.09624	-1.0
105.1226	-1.0
105.15784	-1.0
105.24328	-1.0
105.30596	-1.0
105.35092	-1.0
105.42352	-1.0
105.4758	-1.0
105.48424	-1.0
105.64216	1.0
105.95408	-1.0
105.979	-1.0
106.005	-1.0
106.05616	-1.0
106.06192	-1.0
109.74184	-1.0
109.75348	-1.0
109.79652	-1.0
109.82776	-1.0
109.83808	-1.0
109.87136	-1.0
109.88956	-1.0
109.93668	-1.0
109.95356	-1.0
109.97108	-1.0
109.99416	-1.0
110.00864	-1.0
110.0758	-1.0
110.0998	-1.0
110.1222	-1.0
110.17224	-1.0
110.1758	-1.0
110.30964	-1.0
110.45116	-1.0
110.46872	-1.0
110.546	-1.0
110.59168	-1.0
110.60864	-1.0
110.64416	-1.0
110.64672	-1.0
110.71116	-1.0
110.8174	-1.0
110.91692	-1.0
110.9564	-1.0
110.9916	-1.0
111.04296	-1.0
114.83708	-1.0
114.84564	-1.0
114.8482	-1.0
114.8522	-1.0
114.88232	-1.0
114.88668	-1.0
114.91228	-1.0
114.92816	-1.0
114.93272	-1.0
114.96244	-1.0
114.98112	-1.0
115.01112	-1.0
115.03472	-1.0
115.07684	-1.0
115.08224	-1.0
115.10396	-1.0
115.12	-1.0
115.14672	-1.0
115.18692	-1.0
115.20356	-1.0
115.27112	-1.0
115.30716	-1.0
115.36604	-1.0
115.47372	-1.0
115.47856	-1.0
115.5556	-1.0
115.8124	-1.0
115.92036	-1.0
116.01276	-1.0
116.05932	-1.0
116.13988	-1.0
116.32164	-1.0
116.369	-1.0
116.45804	-1.0
119.78776	-1.0
119.79416	-1.0
119.84092	-1.0
119.86772	-1.0
119.89608	-1.0
119.92324	-1.0
119.94472	-1.0
119.9954	-1.0
120.03988	-1.0
120.0648	-1.0
120.07836	-1.0
120.12752	-1.0
120.16292	-1.0
120.22276	-1.0
120.2496	-1.0
120.32132	-1.0
120.32984	-1.0
120.36132	-1.0
120.56792	-1.0
120.62232	-1.0
120.6718	-1.0
120.80148	-1.0
120.87664	-1.0
120.90192	-1.0
121.04424	-1.0
121.08892	-1.0
121.13396	-1.0
121.23776	-1.0
124.8738	-1.0
124.87784	-1.0
124.88944	-1.0
124.91216	-1.0
124.921	-1.0
124.94176	-1.0
124.97412	-1.0
124.97696	-1.0
125.03964	-1.0
125.061	-1.0
125.11416	-1.0
125.17948	-1.0
125.20716	1.0
125.23	-1.0
125.25052	-1.0
125.29244	-1.0
125.3024	-1.0
125.3756	-1.0
125.39264	-1.0
125.42432	-1.0
125.44944	-1.0
125.46388	-1.0
125.5002	-1.0
125.53112	-1.0
125.5544	-1.0
125.6164	-1.0
125.7016	-1.0
125.7752	-1.0
125.7926	-1.0
125.92592	-1.0
125.99436	-1.0
126.05696	-1.0
126.10452	-1.0
126.15456	-1.0
126.334	-1.0
126.52984	-1.0
130.61032	-1.0
130.61804	-1.0
130.627	-1.0
130.6394	-1.0
130.66096	-1.0
130.68596	-1.0
130.69415	-1.0
130.69807	-1.0
130.73692	-1.0
130.74208	-1.0
130.77573	-1.0
130.78175	-1.0
130.85576	-1.0
130.86044	-1.0
130.8966	-1.0
130.90549	-1.0
130.96068	-1.0
131.0224	-1.0
131.09293	-1.0
131.14804	-1.0
131.15813	-1.0
131.21687	-1.0
131.22388	-1.0
131.2552	-1.0
131.28172	-1.0
131.3378	-1.0
131.38812	-1.0
131.45656	-1.0
131.4598	-1.0
131.62823	-1.0
131.71825	-1.0
131.76248	-1.0
131.91368	1.0
131.96944	-1.0
132.06017	-1.0
132.06972	-1.0
136.5034	-1.0
136.52055	-1.0
136.5234	-1.0
136.5548	-1.0
136.55792	-1.0
136.58896	-1.0
136.59584	-1.0
136.62648	-1.0
136.64072	-1.0
136.64828	-1.0
136.68845	-1.0
136.6934	-1.0
136.73209	-1.0
136.75693	-1.0
136.7852	-1.0
136.80933	-1.0
136.83109	-1.0
136.84132	-1.0
136.88235	-1.0
136.88788	-1.0
136.89397	-1.0
136.94368	-1.0
136.95251	-1.0
137.02055	-1.0
137.02992	-1.0
137.06956	-1.0
137.07356	-1.0
137.20108	-1.0
137.21324	-1.0
137.31596	-1.0
137.3276	-1.0
137.4066	-1.0
137.43176	-1.0
137.54364	-1.0
137.64192	-1.0
137.65468	-1.0
137.69649	-1.0
137.88176	-1.0
138.0086	-1.0
142.4486	1.0
142.45325	-1.0
142.46835	-1.0
142.50044	-1.0
142.52592	-1.0
142.54796	-1.0
142.55492	-1.0
142.58743	-1.0
142.61256	-1.0
142.62532	-1.0
142.64153	-1.0
142.67175	-1.0
142.69672	-1.0
142.71976	-1.0
142.73409	-1.0
142.77287	-1.0
142.78064	-1.0
142.81044	-1.0
142.83488	-1.0
142.87251	-1.0
142.91492	-1.0
142.92072	-1.0
142.98431	-1.0
142.9886	-1.0
143.04248	-1.0
143.07036	-1.0
143.11913	-1.0
143.18556	1.0
143.1946	-1.0
143.25143	-1.0
143.29803	-1.0
143.34676	-1.0
143.41467	-1.0
143.54968	-1.0
143.61644	-1.0
143.71184	-1.0
143.8062	-1.0
144.13	-1.0
145.94308	-1.0
148.6958	-1.0
148.70656	-1.0
148.72208	-1.0
148.73476	-1.0
148.73727	-1.0
148.75069	-1.0
148.75404	-1.0
148.78072	-1.0
148.79088	-1.0
148.80324	1.0
148.8284	-1.0
148.83292	-1.0
148.88368	-1.0
148.922	-1.0
148.94151	-1.0
148.9614	-1.0
148.99152	-1.0
149.02988	-1.0
149.0476	-1.0
149.10172	-1.0
149.1464	-1.0
149.1524	-1.0
149.18124	-1.0
149.20552	-1.0
149.21268	-1.0
149.27267	-1.0
149.33824	-1.0
149.39404	-1.0
149.47916	-1.0
149.49396	-1.0
149.5432	-1.0
149.59404	-1.0
149.62769	-1.0
149.78644	-1.0
149.96529	-1.0
150.02985	-1.0
150.03732	-1.0
150.08124	-1.0
150.3292	-1.0
153.73843	-1.0
153.78032	-1.0
153.79768	-1.0
153.81644	-1.0
153.82036	-1.0
153.8652	-1.0
153.91637	-1.0
153.93085	-1.0
153.94891	-1.0
153.98167	-1.0
154.0368	-1.0
154.07327	-1.0
154.09473	-1.0
154.11656	-1.0
154.1222	-1.0
154.14848	-1.0
154.1866	-1.0
154.24536	-1.0
154.28888	-1.0
154.29224	-1.0
154.33871	-1.0
154.35484	-1.0
154.37912	-1.0
154.43552	-1.0
154.45944	-1.0
154.4932	-1.0
154.55511	-1.0
154.62431	-1.0
154.65704	-1.0
154.726	-1.0
154.82063	-1.0
154.87209	-1.0
154.87843	-1.0
154.92577	-1.0
155.03712	-1.0
155.082	-1.0
155.1244	-1.0
159.9786	-1.0
159.98976	-1.0
160.01524	-1.0
160.0186	-1.0
160.0368	-1.0
160.05444	-1.0
160.06313	-1.0
160.08208	-1.0
160.105	-1.0
160.10968	-1.0
160.1276	-1.0
160.1554	-1.0
160.15845	-1.0
160.2132	-1.0
160.23332	-1.0
160.26692	-1.0
160.27924	-1.0
160.32465	-1.0
160.33304	-1.0
160.36288	-1.0
160.40253	-1.0
160.40813	-1.0
160.48096	-1.0
160.54816	-1.0
160.56396	-1.0
160.65344	-1.0
160.72311	-1.0
160.77953	-1.0
160.87144	-1.0
160.95303	-1.0
161.02016	-1.0
161.06049	-1.0
161.18544	-1.0
161.23125	1.0
161.27773	-1.0
161.51665	-1.0
166.27068	-1.0
166.27692	-1.0
166.2884	-1.0
166.30016	-1.0
166.3328	-1.0
166.33565	-1.0
166.35043	-1.0
166.35312	-1.0
166.38013	-1.0
166.41689	-1.0
166.42184	-1.0
166.50005	-1.0
166.51712	-1.0
166.524	-1.0
166.55988	-1.0
166.5678	1.0
166.59508	-1.0
166.62296	-1.0
166.63196	-1.0
166.67676	-1.0
166.7276	-1.0
166.77077	-1.0
166.78256	-1.0
166.81084	-1.0
166.83884	-1.0
166.84456	-1.0
166.9986	-1.0
167.05344	-1.0
167.1396	-1.0
167.26036	-1.0
167.2744	-1.0
167.30772	-1.0
167.35384	-1.0
167.5542	-1.0
167.69824	-1.0
167.73228	-1.0
167.9536	-1.0
167.9732	-1.0
172.91516	-1.0
172.9222	-1.0
172.94913	-1.0
172.95216	-1.0
172.97852	-1.0
173.02435	-1.0
173.03133	-1.0
173.04697	-1.0
173.084	-1.0
173.14532	1.0
173.21544	-1.0
173.26736	-1.0
173.27731	-1.0
173.32188	-1.0
173.3708	-1.0
173.39284	-1.0
173.42064	-1.0
173.50829	-1.0
173.5568	-1.0
173.60748	-1.0
173.634	-1.0
173.68352	-1.0
173.68951	-1.0
173.712	-1.0
173.72508	-1.0
173.77356	-1.0
173.83669	-1.0
173.84108	-1.0
173.93085	-1.0
173.96512	-1.0
174.06024	1.0
174.31384	-1.0
174.31989	-1.0
179.06024	-1.0
179.0776	-1.0
179.10551	-1.0
179.11688	-1.0
179.13068	-1.0
179.145	-1.0
179.166	-1.0
179.16988	1.0
179.18884	-1.0
179.1918	-1.0
179.2284	-1.0
179.23236	-1.0
179.23492	1.0
179.24136	-1.0
179.3006	-1.0
179.32031	-1.0
179.35672	-1.0
179.38792	-1.0
179.41995	-1.0
179.43793	-1.0
179.50829	-1.0
179.51653	-1.0
179.59344	-1.0
179.59604	-1.0
179.69148	-1.0
179.6972	-1.0
179.73956	-1.0
179.81293	-1.0
179.81873	-1.0
179.93924	-1.0
180.02763	-1.0
180.11664	-1.0
180.25124	-1.0
184.8422	-1.0
184.8486	-1.0
184.86568	-1.0
184.87068	1.0
184.87828	-1.0
184.91428	-1.0
184.9558	1.0
184.95937	-1.0
185.00768	-1.0
185.0638	-1.0
185.10268	-1.0
185.10776	-1.0
185.13112	-1.0
185.17088	-1.0
185.17764	-1.0
185.248	-1.0
185.27467	-1.0
185.32736	-1.0
185.39607	-1.0
185.43568	-1.0
185.44444	-1.0
185.49864	-1.0
185.57672	-1.0
185.63245	-1.0
185.69785	-1.0
185.87784	-1.0
185.90916	1.0
186.00237	-1.0
186.4084	-1.0
186.51707	-1.0
190.23276	-1.0
190.24628	-1.0
190.26892	-1.0
190.27457	-1.0
190.27724	-1.0
190.30156	-1.0
190.32536	-1.0
190.33508	-1.0
190.35992	-1.0
190.36896	-1.0
190.45168	-1.0
190.45468	-1.0
190.52087	-1.0
190.57104	-1.0
190.60172	-1.0
190.6352	-1.0
190.67323	-1.0
190.6908	-1.0
190.69572	-1.0
190.70804	-1.0
190.77045	-1.0
190.79904	-1.0
190.84628	-1.0
190.85245	-1.0
190.91965	-1.0
190.94972	-1.0
191.00044	-1.0
191.0504	-1.0
191.28232	-1.0
191.423	-1.0
191.59532	-1.0
191.7688	-1.0
196.0724	-1.0
196.08636	-1.0
196.10356	-1.0
196.10793	1.0
196.1252	-1.0
196.132	-1.0
196.13824	-1.0
196.14244	1.0
196.15436	-1.0
196.15904	-1.0
196.16383	-1.0
196.20673	-1.0
196.22977	-1.0
196.25652	-1.0
196.28468	-1.0
196.3232	-1.0
196.3464	-1.0
196.40048	-1.0
196.435	-1.0
196.50108	-1.0
196.59048	-1.0
196.60368	-1.0
196.6122	-1.0
196.6802	-1.0
196.7158	-1.0
196.79816	-1.0
196.82828	-1.0
196.92577	-1.0
196.97092	-1.0
197.056	-1.0
197.25676	-1.0
197.28893	-1.0
197.36264	-1.0
201.9826	-1.0
201.98991	-1.0
202.0174	-1.0
202.05356	1.0
202.0678	-1.0
202.11996	-1.0
202.16748	-1.0
202.18532	-1.0
202.18816	-1.0
202.21492	-1.0
202.29936	-1.0
202.35667	-1.0
202.3664	-1.0
202.39012	-1.0
202.42668	-1.0
202.47264	-1.0
202.5284	-1.0
202.61893	-1.0
202.66193	-1.0
202.72392	-1.0
202.77632	-1.0
202.82768	-1.0
202.8846	-1.0
202.98904	-1.0
203.0342	-1.0
203.15796	-1.0
207.8668	-1.0
207.89024	-1.0
207.89587	-1.0
207.91827	-1.0
207.93204	-1.0
207.93529	-1.0
207.95476	-1.0
208.0016	-1.0
208.00471	-1.0
208.0664	-1.0
208.09389	-1.0
208.15376	-1.0
208.23552	-1.0
208.29929	-1.0
208.3298	-1.0
208.3552	-1.0
208.40016	-1.0
208.40456	-1.0
208.45944	-1.0
208.53493	-1.0
208.54675	-1.0
208.5938	-1.0
208.6176	-1.0
208.65253	-1.0
208.66528	-1.0
208.77408	-1.0
208.85544	-1.0
208.88528	1.0
213.7336	-1.0
213.76768	-1.0
213.78175	1.0
213.80264	-1.0
213.82904	-1.0
213.842	-1.0
213.90344	-1.0
213.93088	-1.0
213.94691	-1.0
214.0074	-1.0
214.02892	-1.0
214.0874	-1.0
214.1002	-1.0
214.18169	-1.0
214.28708	-1.0
214.51204	-1.0
214.59328	-1.0
214.64812	-1.0
214.76369	-1.0
214.9696	-1.0
215.05544	-1.0
215.14096	-1.0
219.32152	-1.0
219.34747	-1.0
219.3722	-1.0
219.4112	-1.0
219.42133	-1.0
219.4414	-1.0
219.44896	-1.0
219.4656	-1.0
219.48228	-1.0
219.52264	-1.0
219.55437	-1.0
219.57253	-1.0
219.6092	-1.0
219.67372	-1.0
219.721	-1.0
219.73972	-1.0
219.82184	-1.0
219.86156	-1.0
219.89296	-1.0
219.94104	-1.0
220.06947	-1.0
220.12828	-1.0
220.18884	-1.0
220.28503	-1.0
225.28384	-1.0
225.30032	-1.0
225.3348	-1.0
225.36992	-1.0
225.38795	-1.0
225.4212	-1.0
225.42488	-1.0
225.48596	-1.0
225.54253	-1.0
225.57968	-1.0
225.60963	-1.0
225.66109	-1.0
225.69987	-1.0
225.70367	-1.0
225.7694	-1.0
225.84268	-1.0
225.89336	1.0
226.01112	-1.0
226.08836	-1.0
226.13087	-1.0
226.20988	-1.0
226.29791	-1.0
226.34024	-1.0
230.811	-1.0
230.83492	-1.0
230.83987	-1.0
230.8944	-1.0
230.93677	-1.0
230.98224	1.0
231.01056	-1.0
231.09036	-1.0
231.09856	-1.0
231.1718	-1.0
231.236	-1.0
231.27892	-1.0
231.39648	-1.0
231.48396	-1.0
231.60815	-1.0
231.78172	-1.0
232.18996	-1.0
236.64104	-1.0
236.67024	-1.0
236.71156	-1.0
236.71793	1.0
236.74324	-1.0
236.80312	-1.0
236.83392	-1.0
236.83736	-1.0
236.86752	-1.0
236.93085	-1.0
236.94975	1.0
236.96912	-1.0
237.0334	-1.0
237.0622	-1.0
237.12112	-1.0
237.28676	-1.0
237.67072	-1.0
237.9074	-1.0
237.91891	-1.0
237.962	-1.0
238.057	-1.0
242.18253	-1.0
242.20784	-1.0
242.21964	-1.0
242.24516	-1.0
242.27284	-1.0
242.30025	-1.0
242.31212	-1.0
242.34917	-1.0
242.42651	-1.0
242.4968	-1.0
242.55844	-1.0
242.56876	-1.0
242.63348	-1.0
242.73032	-1.0
242.86656	-1.0
242.97395	-1.0
243.06155	-1.0
243.0738	-1.0
243.16936	-1.0
248.65887	-1.0
248.67236	-1.0
248.70996	-1.0
248.75224	-1.0
248.77316	-1.0
248.80396	-1.0
248.8302	-1.0
248.84628	-1.0
248.8528	-1.0
248.91672	-1.0
248.96613	-1.0
248.99396	-1.0
249.04613	-1.0
249.1098	-1.0
249.20312	-1.0
249.3	-1.0
249.3632	-1.0
249.38788	-1.0
249.42049	-1.0
249.51608	-1.0
249.55844	-1.0
250.06432	-1.0
255.0282	-1.0
255.03152	-1.0
255.06584	-1.0
255.09668	-1.0
255.09924	-1.0
255.15948	-1.0
255.16595	-1.0
255.20345	-1.0
255.20715	1.0
255.23473	-1.0
255.25407	-1.0
255.25792	-1.0
255.2922	-1.0
255.35117	-1.0
255.40172	-1.0
255.48048	-1.0
255.50424	-1.0
255.58417	-1.0
255.61523	-1.0
255.64133	-1.0
255.74428	-1.0
255.80644	-1.0
255.88129	-1.0
256.28436	-1.0
260.29343	-1.0
260.3043	-1.0
260.33508	-1.0
260.3574	1.0
260.38577	-1.0
260.40768	-1.0
260.44287	-1.0
260.44553	-1.0
260.49963	1.0
260.57483	-1.0
260.71704	-1.0
260.75772	-1.0
260.7987	-1.0
260.9102	-1.0
261.01016	-1.0
261.10437	-1.0
261.2062	1.0
265.77173	-1.0
265.80875	-1.0
265.83392	-1.0
265.84256	-1.0
265.879	-1.0
265.88403	-1.0
265.9464	-1.0
265.95865	-1.0
266.0442	-1.0
266.13843	-1.0
266.14285	-1.0
266.15	-1.0
266.1796	-1.0
266.30563	-1.0
266.3199	-1.0
266.3732	-1.0
266.45767	-1.0
266.51553	-1.0
266.65973	-1.0
266.78232	-1.0
271.28372	-1.0
271.29947	-1.0
271.31525	-1.0
271.3654	-1.0
271.40744	-1.0
271.4434	-1.0
271.45197	-1.0
271.52347	-1.0
271.57224	-1.0
271.58627	-1.0
271.62436	-1.0
271.66217	-1.0
271.69464	-1.0
271.92767	-1.0
271.93173	-1.0
271.97372	-1.0
274.92072	-1.0
274.94864	-1.0
274.97113	-1.0
275.02448	-1.0
275.03015	-1.0
275.05893	-1.0
275.10507	-1.0
275.13593	-1.0
275.19073	-1.0
275.1979	-1.0
275.28204	-1.0
275.38467	-1.0
275.4818	-1.0
275.60245	-1.0
275.73303	-1.0
276.05823	-1.0
276.07257	-1.0
281.3973	-1.0
281.4123	-1.0
281.45175	-1.0
281.49435	-1.0
281.54007	-1.0
281.56815	-1.0
281.598	-1.0
281.6582	-1.0
281.68625	-1.0
281.70023	-1.0
281.7132	-1.0
281.734	-1.0
281.74707	-1.0
281.8091	-1.0
281.85504	-1.0
281.9022	-1.0
281.94012	-1.0
281.9804	-1.0
282.0821	-1.0
282.1698	-1.0
282.2656	-1.0
282.3332	-1.0
282.63165	-1.0
286.46683	-1.0
286.47992	-1.0
286.5251	-1.0
286.56625	-1.0
286.57	-1.0
286.59863	-1.0
286.63193	-1.0
286.64673	-1.0
286.6797	-1.0
286.6914	-1.0
286.75253	-1.0
286.82947	-1.0
286.9161	-1.0
287.0058	-1.0
287.05365	-1.0
287.14084	-1.0
287.24277	-1.0
287.33725	-1.0
287.55508	-1.0
290.0511	-1.0
290.09073	-1.0
290.11325	-1.0
290.13745	-1.0
290.19247	-1.0
290.2429	-1.0
290.35867	-1.0
290.43668	-1.0
290.478	-1.0
290.57925	-1.0
290.6581	-1.0
290.7554	-1.0
290.8688	-1.0
290.90305	-1.0
295.52597	1.0
295.546	-1.0
295.56216	-1.0
295.5744	-1.0
295.61615	-1.0
295.64743	1.0
295.72763	-1.0
295.7832	-1.0
295.84308	-1.0
295.8997	-1.0
295.9162	1.0
296.00497	-1.0
296.1744	-1.0
296.30948	-1.0
300.4381	-1.0
300.45905	-1.0
300.46753	-1.0
300.49167	-1.0
300.50797	-1.0
300.5606	-1.0
300.63824	-1.0
300.72083	-1.0
300.72684	-1.0
300.7882	-1.0
300.83286	-1.0
300.85507	-1.0
300.9143	-1.0
300.9521	-1.0
300.9601	-1.0
301.06915	-1.0
301.0852	-1.0
305.52423	-1.0
305.53464	-1.0
305.5711	-1.0
305.58105	-1.0
305.61932	-1.0
305.6246	-1.0
305.69205	-1.0
305.70773	-1.0
305.74908	-1.0
305.82425	-1.0
305.8875	-1.0
305.9536	-1.0
306.01236	-1.0
306.0866	-1.0
306.2517	-1.0
306.3059	-1.0
306.35107	-1.0
306.45007	-1.0
310.29663	-1.0
310.3451	-1.0
310.34995	-1.0
310.39545	-1.0
310.4009	-1.0
310.46545	-1.0
310.53125	-1.0
310.56503	1.0
310.57635	-1.0
310.6475	-1.0
310.72092	-1.0
310.72897	-1.0
310.83655	-1.0
310.88672	-1.0
310.95547	-1.0
310.96924	-1.0
315.95016	-1.0
315.99493	-1.0
316.0139	-1.0
316.0292	-1.0
316.04224	-1.0
316.09085	-1.0
316.13443	-1.0
316.14236	-1.0
316.19772	-1.0
316.20468	-1.0
316.23672	-1.0
316.25372	-1.0
316.26233	-1.0
316.34113	-1.0
316.37384	-1.0
316.42816	-1.0
316.48007	-1.0
316.54193	-1.0
316.55923	-1.0
316.60532	-1.0
316.6269	-1.0
316.75412	-1.0
321.0292	-1.0
321.06857	-1.0
321.07715	-1.0
321.10828	-1.0
321.1542	-1.0
321.16016	-1.0
321.20428	-1.0
321.23004	-1.0
321.25296	-1.0
321.29153	-1.0
321.3019	-1.0
321.38327	-1.0
321.427	-1.0
321.44568	-1.0
321.50284	-1.0
321.63788	-1.0
321.6574	-1.0
321.75372	-1.0
321.93793	-1.0
325.9825	-1.0
326.0273	-1.0
326.06912	-1.0
326.09567	-1.0
326.16183	-1.0
326.21832	-1.0
326.26105	-1.0
326.2648	-1.0
326.27545	-1.0
326.34872	-1.0
326.443	-1.0
326.49033	-1.0
326.50964	-1.0
326.61615	-1.0
326.71167	-1.0
326.76752	-1.0
326.97412	-1.0
327.02637	-1.0
331.8583	-1.0
331.86835	-1.0
331.8754	-1.0
331.88992	-1.0
331.90408	-1.0
331.95392	-1.0
332.0146	-1.0
332.0234	-1.0
332.07407	-1.0
332.09967	-1.0
332.1372	-1.0
332.15076	-1.0
332.2212	-1.0
332.25452	-1.0
332.27664	-1.0
332.3415	-1.0
332.42087	-1.0
332.4546	-1.0
332.56247	-1.0
332.63055	-1.0
332.73245	-1.0
332.8448	-1.0
338.2098	-1.0
338.21353	-1.0
338.25104	-1.0
338.26193	-1.0
338.3054	-1.0
338.31943	1.0
338.362	-1.0
338.41568	-1.0
338.45352	-1.0
338.55124	-1.0
338.56387	-1.0
338.66507	-1.0
338.77585	-1.0
338.84787	-1.0
338.97635	-1.0
339.0995	-1.0
339.19733	-1.0
343.27396	-1.0
343.29053	-1.0
343.31012	-1.0
343.37607	-1.0
343.4109	-1.0
343.4203	-1.0
343.47507	-1.0
343.53723	-1.0
343.54025	-1.0
343.59232	-1.0
343.61453	-1.0
343.67453	-1.0
343.75888	-1.0
343.88583	-1.0
343.89716	-1.0
344.0093	-1.0
344.03964	-1.0
348.65292	-1.0
348.67923	-1.0
348.73303	-1.0
348.79007	1.0
348.84445	-1.0
348.8505	1.0
348.8983	-1.0
348.92804	-1.0
348.9472	-1.0
348.99332	-1.0
349.0272	-1.0
349.04303	-1.0
349.10156	-1.0
349.1188	-1.0
349.17023	-1.0
349.36288	-1.0
349.5215	-1.0
349.5623	-1.0
353.6234	-1.0
353.6362	-1.0
353.6465	-1.0
353.67392	-1.0
353.72412	-1.0
353.7841	-1.0
353.8453	-1.0
353.85608	-1.0
353.9006	-1.0
353.9609	-1.0
353.97937	-1.0
354.02383	-1.0
354.04376	-1.0
354.0649	-1.0
354.08807	-1.0
354.10135	-1.0
354.1098	-1.0
354.14655	-1.0
354.1704	-1.0
354.18115	-1.0
354.22263	-1.0
354.2394	-1.0
354.4212	-1.0
354.4283	-1.0
354.4922	-1.0
354.69528	-1.0
354.72144	-1.0
358.4258	-1.0
358.48032	-1.0
358.52408	-1.0
358.5462	-1.0
358.5686	-1.0
358.587	-1.0
358.6212	-1.0
358.69403	-1.0
358.7499	-1.0
358.76837	-1.0
358.792	-1.0
358.8481	-1.0
358.92572	-1.0
358.99872	-1.0
359.0935	-1.0
359.22153	-1.0
359.24115	-1.0
363.51443	-1.0
363.54416	-1.0
363.58932	-1.0
363.61185	-1.0
363.63876	1.0
363.64523	-1.0
363.6904	-1.0
363.72205	-1.0
363.7526	-1.0
363.83212	-1.0
363.83868	-1.0
363.89474	-1.0
363.91104	-1.0
363.9186	-1.0
363.92325	-1.0
363.94537	-1.0
363.95013	-1.0
363.9701	-1.0
363.99823	-1.0
364.0057	-1.0
364.04117	-1.0
364.0493	-1.0
364.12653	-1.0
364.13095	-1.0
364.20877	-1.0
364.21786	-1.0
364.2972	-1.0
364.3059	-1.0
364.4587	-1.0
364.5782	-1.0
364.58716	-1.0
368.45227	-1.0
368.49304	-1.0
368.53757	-1.0
368.55908	-1.0
368.57904	-1.0
368.63184	-1.0
368.64417	-1.0
368.69913	-1.0
368.77075	-1.0
368.79947	-1.0
368.88275	-1.0
368.89667	-1.0
368.96875	-1.0
368.9815	-1.0
369.0648	-1.0
369.1696	-1.0
373.17337	-1.0
373.2194	-1.0
373.2258	-1.0
373.25964	-1.0
373.2911	-1.0
373.29633	-1.0
373.30032	-1.0
373.30975	-1.0
373.31235	-1.0
373.3366	-1.0
373.3752	-1.0
373.42877	-1.0
373.43213	-1.0
373.44104	-1.0
373.4658	-1.0
373.47845	-1.0
373.49503	-1.0
373.50873	-1.0
373.51196	-1.0
373.52713	-1.0
373.57217	-1.0
373.58243	-1.0
373.6349	-1.0
373.64005	-1.0
373.69073	-1.0
373.78488	-1.0
373.78955	-1.0
373.79767	-1.0
373.87363	-1.0
373.92957	-1.0
373.9936	-1.0
374.06165	-1.0
378.02936	-1.0
378.09244	-1.0
378.12317	-1.0
378.13605	-1.0
378.143	-1.0
378.14615	-1.0
378.16095	-1.0
378.16516	-1.0
378.20053	-1.0
378.2221	-1.0
378.2264	-1.0
378.26453	-1.0
378.2683	-1.0
378.3137	-1.0
378.36447	-1.0
378.4186	-1.0
378.44315	-1.0
378.46228	-1.0
378.49228	-1.0
378.5485	-1.0
378.5613	-1.0
378.567	-1.0
378.6084	-1.0
378.62115	-1.0
378.66995	-1.0
378.68088	-1.0
383.07993	-1.0
383.11215	-1.0
383.11963	1.0
383.12485	-1.0
383.1341	-1.0
383.1418	-1.0
383.15353	-1.0
383.17355	-1.0
383.2046	-1.0
383.2183	-1.0
383.25507	-1.0
383.285	-1.0
383.3101	-1.0
383.3142	-1.0
383.3391	-1.0
383.3621	-1.0
383.37088	-1.0
383.41324	-1.0
383.4424	-1.0
383.46588	-1.0
383.48837	1.0
383.5044	-1.0
383.57095	-1.0
383.5744	-1.0
383.6038	-1.0
383.61377	-1.0
383.65735	-1.0
383.68176	-1.0
383.72333	-1.0
383.7572	-1.0
383.81708	-1.0
383.82632	-1.0
383.95364	-1.0
383.95667	-1.0
388.08337	-1.0
388.12903	-1.0
388.13257	1.0
388.1588	-1.0
388.17007	-1.0
388.18893	1.0
388.1998	-1.0
388.2308	-1.0
388.2788	-1.0
388.31088	-1.0
388.32468	-1.0
388.33664	-1.0
388.3583	-1.0
388.36484	-1.0
388.39563	-1.0
388.41367	-1.0
388.4174	-1.0
388.4246	-1.0
388.45657	-1.0
388.46057	-1.0
388.49448	-1.0
388.53357	-1.0
388.54144	-1.0
388.6066	-1.0
388.6144	1.0
388.64163	1.0
388.65057	-1.0
388.70004	-1.0
388.7026	-1.0
388.76117	-1.0
388.92828	-1.0
388.9365	-1.0
392.83505	-1.0
392.8592	-1.0
392.88492	-1.0
392.89273	-1.0
392.92145	-1.0
392.95203	-1.0
392.97183	-1.0
392.98407	-1.0
392.98727	-1.0
393.00763	-1.0
393.03665	-1.0
393.05283	-1.0
393.08484	-1.0
393.08765	-1.0
393.11523	-1.0
393.16528	-1.0
393.20743	-1.0
393.22012	-1.0
393.27307	-1.0
393.29935	-1.0
393.3149	-1.0
393.32132	-1.0
393.3745	-1.0
393.4571	-1.0
393.46695	-1.0
393.5905	-1.0
393.6454	-1.0
397.24197	-1.0
397.27692	-1.0
397.2856	-1.0
397.29807	-1.0
397.31128	-1.0
397.3187	-1.0
397.33603	-1.0
397.35004	-1.0
397.35837	-1.0
397.37973	-1.0
397.38788	-1.0
397.39236	-1.0
397.39572	-1.0
397.4212	-1.0
397.43137	-1.0
397.4486	-1.0
397.46716	-1.0
397.47876	-1.0
397.52	-1.0
397.5374	-1.0
397.5485	-1.0
397.578	-1.0
397.5833	-1.0
397.62027	-1.0
397.76743	-1.0
397.77597	-1.0
397.85147	-1.0
402.15375	-1.0
402.18185	-1.0
402.1954	-1.0
402.19995	-1.0
402.20248	-1.0
402.2147	-1.0
402.232	-1.0
402.24005	-1.0
402.25647	-1.0
402.2626	-1.0
402.28772	-1.0
402.29315	-1.0
402.33127	-1.0
402.35107	-1.0
402.3603	-1.0
402.3806	-1.0
402.38748	-1.0
402.42084	-1.0
402.44067	-1.0
402.44748	-1.0
402.45697	-1.0
402.4948	-1.0
402.51056	-1.0
402.5172	-1.0
402.55905	-1.0
402.5879	-1.0
402.61923	-1.0
402.65652	-1.0
402.69333	-1.0
402.7742	-1.0
402.786	-1.0
402.8127	-1.0
402.85883	-1.0
407.46576	-1.0
407.49176	-1.0
407.49768	-1.0
407.51077	-1.0
407.5147	-1.0
407.52368	-1.0
407.5319	-1.0
407.54453	-1.0
407.5497	-1.0
407.56097	-1.0
407.5652	-1.0
407.57327	-1.0
407.5937	-1.0
407.5974	-1.0
407.60297	-1.0
407.6418	-1.0
407.6454	-1.0
407.66168	-1.0
407.6873	-1.0
407.71347	-1.0
407.7419	-1.0
407.75928	-1.0
407.7711	-1.0
407.79703	-1.0
407.8099	-1.0
407.8319	-1.0
407.8647	-1.0
407.89612	-1.0
407.9068	-1.0
407.93265	-1.0
407.9686	-1.0
408.00983	-1.0
408.0468	-1.0
408.06973	-1.0
408.12967	-1.0
408.13245	-1.0
408.23923	-1.0
411.8046	-1.0
411.82953	-1.0
411.84204	-1.0
411.84756	1.0
411.8692	-1.0
411.89877	-1.0
411.9073	-1.0
411.91412	1.0
411.9443	-1.0
411.9727	-1.0
412.0034	-1.0
412.0326	-1.0
412.07248	-1.0
412.0784	-1.0
412.11145	-1.0
412.13672	-1.0
412.15964	-1.0
412.18848	-1.0
412.22556	-1.0
412.28445	-1.0
412.36072	-1.0
412.521	-1.0
416.6397	1.0
416.64627	1.0
416.6495	-1.0
416.65204	-1.0
416.66937	-1.0
416.68417	-1.0
416.6919	-1.0
416.71347	-1.0
416.7321	-1.0
416.7423	-1.0
416.74536	-1.0
416.7528	-1.0
416.77164	-1.0
416.77524	-1.0
416.79816	-1.0
416.80435	1.0
416.80777	-1.0
416.83728	-1.0
416.8427	-1.0
416.87195	-1.0
416.90045	-1.0
416.91956	-1.0
416.928	-1.0
416.95868	-1.0
416.9624	-1.0
416.99036	-1.0
417.0133	-1.0
417.0185	-1.0
417.05307	-1.0
417.0805	-1.0
417.09903	-1.0
417.12332	-1.0
417.16168	-1.0
417.18472	-1.0
417.1918	-1.0
417.2488	-1.0
417.31033	-1.0
417.34595	-1.0
417.44025	-1.0
421.28323	-1.0
421.30835	-1.0
421.32184	-1.0
421.3361	-1.0
421.3409	-1.0
421.36163	-1.0
421.3734	-1.0
421.3946	-1.0
421.40875	-1.0
421.43167	-1.0
421.4443	-1.0
421.45023	-1.0
421.4538	-1.0
421.4812	-1.0
421.50464	-1.0
421.53284	-1.0
421.552	-1.0
421.5646	-1.0
421.59628	-1.0
421.61356	-1.0
421.6546	-1.0
421.67728	-1.0
421.70047	-1.0
421.7325	-1.0
421.7631	-1.0
421.80884	-1.0
421.87192	-1.0
421.8763	-1.0
422.0255	-1.0
422.07312	-1.0
425.7219	-1.0
425.73026	-1.0
425.73947	-1.0
425.7556	-1.0
425.775	-1.0
425.80023	-1.0
425.81305	-1.0
425.8178	-1.0
425.8459	-1.0
425.84952	-1.0
425.87216	-1.0
425.89355	-1.0
425.9068	-1.0
425.91248	-1.0
425.9514	-1.0
425.97107	-1.0
425.99057	-1.0
426.01944	-1.0
426.04236	-1.0
426.06427	-1.0
426.09567	-1.0
426.15497	-1.0
426.19232	-1.0
426.24057	-1.0
426.30264	-1.0
426.37097	-1.0
426.52188	-1.0
429.6498	-1.0
429.6635	-1.0
429.6718	-1.0
429.67468	-1.0
429.69473	-1.0
429.7256	-1.0
429.74445	-1.0
429.74887	-1.0
429.7783	-1.0
429.80664	1.0
429.83612	-1.0
429.86212	-1.0
429.87048	-1.0
429.888	-1.0
429.91635	-1.0
429.92728	-1.0
429.97815	-1.0
429.9994	-1.0
430.0521	-1.0
430.10196	-1.0
430.13284	-1.0
430.16788	-1.0
430.1726	-1.0
430.20523	-1.0
430.2608	-1.0
430.37637	-1.0
433.6649	-1.0
433.68613	-1.0
433.7065	-1.0
433.7091	-1.0
433.72336	-1.0
433.7308	-1.0
433.74716	-1.0
433.7662	-1.0
433.79407	-1.0
433.80576	-1.0
433.82913	-1.0
433.85995	-1.0
433.8823	-1.0
433.9012	-1.0
433.90692	-1.0
433.9456	-1.0
433.9674	-1.0
434.00415	-1.0
434.01117	-1.0
434.04117	-1.0
434.05893	-1.0
434.08652	-1.0
434.0906	-1.0
434.14072	-1.0
434.1479	-1.0
434.18912	-1.0
434.23428	-1.0
434.29816	-1.0
434.30127	-1.0
434.4457	-1.0
437.5118	-1.0
437.52548	-1.0
437.53345	-1.0
437.53864	-1.0
437.55692	-1.0
437.55945	-1.0
437.58	-1.0
437.60114	-1.0
437.62808	-1.0
437.64844	-1.0
437.67355	-1.0
437.7093	-1.0
437.73856	-1.0
437.75037	-1.0
437.76407	-1.0
437.78513	-1.0
437.79877	-1.0
437.8178	-1.0
437.83685	-1.0
437.84607	-1.0
437.87445	-1.0
437.8939	-1.0
437.92093	-1.0
437.9605	-1.0
437.9871	-1.0
437.99777	-1.0
438.0554	-1.0
438.07327	-1.0
438.1232	-1.0
442.4775	-1.0
442.4854	-1.0
442.49216	-1.0
442.51483	-1.0
442.5185	-1.0
442.5221	-1.0
442.52863	-1.0
442.54236	-1.0
442.5802	-1.0
442.60117	-1.0
442.6238	-1.0
442.6263	-1.0
442.65332	-1.0
442.6607	-1.0
442.67532	-1.0
442.68585	-1.0
442.71857	-1.0
442.74854	-1.0
442.77304	-1.0
442.79425	-1.0
442.818	-1.0
442.8376	-1.0
442.84015	-1.0
442.86395	-1.0
442.88904	-1.0
442.91403	-1.0
442.94867	-1.0
442.98004	-1.0
442.98975	-1.0
443.0356	-1.0
443.0566	-1.0
443.0976	-1.0
443.1519	-1.0
443.17996	-1.0
443.25485	-1.0
443.28265	-1.0
445.90692	1.0
446.36975	-1.0
446.38232	-1.0
446.38687	-1.0
446.40277	1.0
446.40555	-1.0
446.42023	-1.0
446.4381	-1.0
446.4684	-1.0
446.48193	-1.0
446.4964	-1.0
446.51312	-1.0
446.54047	-1.0
446.56168	-1.0
446.58563	-1.0
446.60965	-1.0
446.6388	-1.0
446.65173	-1.0
446.66315	-1.0
446.70312	-1.0
446.73132	-1.0
446.76712	-1.0
446.79843	-1.0
446.8137	-1.0
446.84448	-1.0
446.9104	-1.0
446.96057	-1.0
446.9638	-1.0
447.0166	-1.0
450.40567	-1.0
450.42123	-1.0
450.43573	-1.0
450.4383	-1.0
450.4589	-1.0
450.47073	-1.0
450.4764	-1.0
450.49805	-1.0
450.52032	-1.0
450.53983	-1.0
450.56473	-1.0
450.62955	-1.0
450.65393	-1.0
450.67273	-1.0
450.70337	-1.0
450.72247	1.0
450.72647	-1.0
450.75012	-1.0
450.7545	-1.0
450.7722	-1.0
450.80444	-1.0
450.85345	-1.0
450.8911	-1.0
450.92316	-1.0
450.99643	-1.0
451.0476	-1.0
451.1172	-1.0
453.94873	-1.0
453.96005	-1.0
453.9746	-1.0
453.9807	-1.0
453.99728	-1.0
454.00247	-1.0
454.02164	-1.0
454.03885	-1.0
454.0431	-1.0
454.0696	-1.0
454.07727	-1.0
454.0879	-1.0
454.10663	-1.0
454.1328	-1.0
454.1636	-1.0
454.17276	-1.0
454.18817	-1.0
454.20367	-1.0
454.2237	-1.0
454.25336	-1.0
454.28333	-1.0
454.2866	-1.0
454.29095	-1.0
454.3112	-1.0
454.3145	1.0
454.33667	-1.0
454.3678	-1.0
454.3733	-1.0
454.41028	-1.0
454.44043	-1.0
454.46835	-1.0
454.4744	-1.0
454.5504	-1.0
455.12695	1.0
457.47876	-1.0
457.4912	-1.0
457.5063	-1.0
457.51105	-1.0
457.52487	-1.0
457.52945	-1.0
457.54657	-1.0
457.57153	-1.0
457.5955	-1.0
457.62683	-1.0
457.6488	-1.0
457.65204	-1.0
457.6789	-1.0
457.6976	1.0
457.71844	-1.0
457.7394	-1.0
457.74292	-1.0
457.7625	-1.0
457.78696	-1.0
457.81613	-1.0
457.85785	-1.0
457.88687	-1.0
457.9056	-1.0
457.93652	-1.0
457.9867	-1.0
458.02753	-1.0
458.09445	-1.0
460.73056	-1.0
460.7368	-1.0
460.74228	-1.0
460.7473	-1.0
460.76376	-1.0
460.78125	-1.0
460.80447	-1.0
460.82632	-1.0
460.8525	-1.0
460.8773	-1.0
460.9068	-1.0
460.93683	-1.0
460.98016	-1.0
461.00183	-1.0
461.00485	-1.0
461.02127	-1.0
461.0575	-1.0
461.07388	-1.0
461.07776	-1.0
461.11435	-1.0
461.14172	-1.0
461.1724	-1.0
461.20883	-1.0
461.28003	-1.0
461.3606	-1.0
464.1936	-1.0
464.203	-1.0
464.2082	-1.0
464.21198	1.0
464.22223	-1.0
464.23596	-1.0
464.24396	-1.0
464.26733	-1.0
464.28635	-1.0
464.29065	-1.0
464.3152	-1.0
464.3346	-1.0
464.35757	1.0
464.3832	-1.0
464.39404	-1.0
464.41467	-1.0
464.42032	-1.0
464.44104	-1.0
464.46072	-1.0
464.48117	-1.0
464.4842	-1.0
464.5125	-1.0
464.54135	-1.0
464.54584	-1.0
464.63727	-1.0
464.6706	-1.0
464.67667	-1.0
464.74847	-1.0
467.68607	-1.0
467.68985	-1.0
467.6999	-1.0
467.71887	-1.0
467.73856	1.0
467.7563	-1.0
467.7816	-1.0
467.79907	-1.0
467.8177	-1.0
467.8337	-1.0
467.8731	-1.0
467.8982	-1.0
467.92184	-1.0
467.94293	-1.0
467.94876	-1.0
467.9891	-1.0
468.01767	-1.0
468.06464	-1.0
468.107	-1.0
468.12497	-1.0
468.14075	-1.0
468.1771	-1.0
468.2163	-1.0
468.25555	-1.0
470.97876	-1.0
470.98648	-1.0
470.9954	-1.0
471.00443	-1.0
471.01547	-1.0
471.02872	-1.0
471.04904	-1.0
471.0602	-1.0
471.0698	-1.0
471.09628	-1.0
471.12433	-1.0
471.15836	-1.0
471.17188	-1.0
471.19296	-1.0
471.197	-1.0
471.22137	-1.0
471.23804	-1.0
471.24844	-1.0
471.2701	-1.0
471.296	-1.0
471.31705	-1.0
471.32367	-1.0
471.35077	-1.0
471.39215	-1.0
471.4342	-1.0
471.44553	-1.0
471.4961	-1.0
471.52548	-1.0
471.53564	-1.0
471.59308	-1.0
473.9328	-1.0
473.94077	-1.0
473.9468	-1.0
473.94968	-1.0
473.9564	-1.0
473.96268	-1.0
473.9771	-1.0
473.97992	-1.0
473.985	-1.0
473.99023	-1.0
474.0142	-1.0
474.0198	-1.0
474.02972	-1.0
474.04077	-1.0
474.0668	-1.0
474.09064	-1.0
474.109	-1.0
474.13037	-1.0
474.15613	-1.0
474.15915	-1.0
474.18967	-1.0
474.21957	-1.0
474.26135	-1.0
474.29352	-1.0
474.30453	-1.0
474.3404	-1.0
474.37735	-1.0
474.4528	-1.0
476.92743	-1.0
476.93195	-1.0
476.94244	-1.0
476.94543	-1.0
476.9488	-1.0
476.9614	-1.0
476.96616	-1.0
476.9825	-1.0
477.00656	-1.0
477.01617	1.0
477.0243	-1.0
477.04556	-1.0
477.07928	-1.0
477.1262	-1.0
477.1458	-1.0
477.15512	-1.0
477.1664	-1.0
477.19876	-1.0
477.23468	-1.0
477.2615	-1.0
477.26852	-1.0
477.33755	-1.0
477.37836	-1.0
479.81427	1.0
479.82544	-1.0
479.84073	-1.0
479.8516	-1.0
479.85687	-1.0
479.88065	-1.0
479.88568	-1.0
479.89435	-1.0
479.9046	-1.0
479.91397	-1.0
479.93527	-1.0
479.95593	-1.0
479.97693	-1.0
480.00128	1.0
480.02435	-1.0
480.05408	-1.0
480.0908	-1.0
480.11185	-1.0
480.14075	-1.0
480.14343	-1.0
480.17548	-1.0
480.2136	-1.0
480.26227	-1.0
480.31512	-1.0
480.35132	-1.0
482.50854	-1.0
482.52567	-1.0
482.52853	-1.0
482.5432	-1.0
482.55325	-1.0
482.56244	-1.0
482.57703	1.0
482.58868	-1.0
482.5969	-1.0
482.61707	-1.0
482.67664	-1.0
482.70935	-1.0
482.7316	-1.0
482.75308	-1.0
482.77072	-1.0
482.7978	-1.0
482.83145	-1.0
482.86096	-1.0
482.90625	-1.0
485.73904	-1.0
485.74393	-1.0
485.75656	-1.0
485.77008	-1.0
485.77304	-1.0
485.7916	-1.0
485.8178	-1.0
485.84305	-1.0
485.85812	-1.0
485.8639	-1.0
485.88547	-1.0
485.90817	-1.0
485.912	-1.0
485.93527	-1.0
485.96637	-1.0
485.98837	-1.0
486.00497	-1.0
486.03528	-1.0
486.0635	-1.0
486.06995	-1.0
486.11816	-1.0
486.15964	-1.0
486.18433	-1.0
486.21283	-1.0
486.2653	-1.0
489.07703	-1.0
489.09033	-1.0
489.10608	-1.0
489.11285	-1.0
489.1245	-1.0
489.12924	-1.0
489.14795	-1.0
489.1513	-1.0
489.17343	-1.0
489.18625	-1.0
489.19705	-1.0
489.2316	-1.0
489.25348	-1.0
489.2566	-1.0
489.28323	-1.0
489.28616	-1.0
489.31345	-1.0
489.31696	-1.0
489.33295	-1.0
489.37576	-1.0
489.3796	-1.0
489.41437	-1.0
489.46432	-1.0
489.5219	-1.0
492.70245	-1.0
492.7076	-1.0
492.71985	-1.0
492.73105	-1.0
492.73856	-1.0
492.7429	-1.0
492.75992	-1.0
492.77625	-1.0
492.78195	1.0
492.797	-1.0
492.81644	-1.0
492.8336	-1.0
492.84323	-1.0
492.85645	-1.0
492.8853	-1.0
492.9084	-1.0
492.93665	-1.0
492.98047	-1.0
493.008	-1.0
493.04095	-1.0
493.06003	-1.0
493.11523	-1.0
493.1215	-1.0
493.18307	-1.0
493.21677	-1.0
493.30896	-1.0
495.4477	-1.0
495.4546	-1.0
495.46295	-1.0
495.472	-1.0
495.47885	-1.0
495.4882	-1.0
495.4911	-1.0
495.50284	-1.0
495.5096	-1.0
495.5339	-1.0
495.55872	-1.0
495.58698	-1.0
495.6096	-1.0
495.6338	-1.0
495.6695	-1.0
495.68643	-1.0
495.75455	-1.0
498.50217	-1.0
498.51404	-1.0
498.5266	-1.0
498.52975	-1.0
498.54892	1.0
498.5709	-1.0
498.58975	-1.0
498.60855	-1.0
498.62823	-1.0
498.6415	1.0
498.6477	1.0
498.65652	-1.0
498.6729	-1.0
498.68155	-1.0
498.70312	-1.0
498.74844	-1.0
498.7564	-1.0
498.78357	-1.0
498.84668	-1.0
498.9284	-1.0
499.01193	-1.0
503.92276	-1.0
503.93796	-1.0
503.9417	-1.0
503.94513	1.0
503.95587	-1.0
503.9609	1.0
503.96863	-1.0
503.9714	-1.0
503.9856	-1.0
503.99908	-1.0
504.00507	-1.0
504.02313	-1.0
504.02597	-1.0
504.048	-1.0
504.07303	1.0
504.09027	-1.0
504.1085	-1.0
504.1156	-1.0
504.138	-1.0
504.15857	-1.0
504.17752	-1.0
504.21545	-1.0
504.2332	-1.0
504.2502	-1.0
504.2844	-1.0
504.32288	-1.0
504.33484	-1.0
504.3489	-1.0
504.35385	-1.0
504.3826	-1.0
504.40015	-1.0
504.41412	-1.0
504.45496	-1.0
504.4802	-1.0
504.50687	-1.0
504.6401	-1.0
506.9413	-1.0
506.95544	-1.0
506.97845	1.0
506.98428	-1.0
506.99643	-1.0
507.01068	-1.0
507.02063	-1.0
507.0331	-1.0
507.04977	-1.0
507.06873	-1.0
507.0992	-1.0
507.10272	-1.0
507.12732	-1.0
507.17368	-1.0
509.40656	-1.0
509.41428	-1.0
509.42725	-1.0
509.44653	-1.0
509.46365	-1.0
509.46793	-1.0
509.47116	-1.0
509.49573	-1.0
509.51913	-1.0
509.52765	-1.0
509.56775	-1.0
509.59647	-1.0
509.63797	-1.0
509.6923	-1.0
509.72256	-1.0
512.5906	-1.0
512.60175	-1.0
512.60876	-1.0
512.62067	-1.0
512.62573	-1.0
512.6433	-1.0
512.6879	-1.0
512.7099	-1.0
512.7147	-1.0
512.7398	-1.0
512.7722	-1.0
512.8283	-1.0
512.83685	-1.0
512.8587	-1.0
512.86456	1.0
512.89966	-1.0
512.9765	-1.0
515.35205	-1.0
515.35925	-1.0
515.3671	-1.0
515.37085	-1.0
515.38293	-1.0
515.3894	1.0
515.3962	-1.0
515.39905	-1.0
515.4086	-1.0
515.4114	-1.0
515.417	-1.0
515.42645	-1.0
515.43195	-1.0
515.45966	-1.0
515.4761	-1.0
515.5043	-1.0
515.51764	-1.0
515.52295	-1.0
515.54913	-1.0
515.57275	-1.0
515.5956	-1.0
515.62225	-1.0
515.66583	-1.0
518.21027	-1.0
518.24805	-1.0
518.2627	-1.0
518.2881	-1.0
518.3107	-1.0
518.3174	-1.0
518.33606	-1.0
518.3633	-1.0
518.37024	-1.0
518.3831	-1.0
518.40186	-1.0
518.4215	-1.0
518.4248	-1.0
518.45374	-1.0
518.4791	-1.0
518.486	-1.0
518.5157	-1.0
518.56213	-1.0
518.56537	-1.0
518.5683	-1.0
521.3822	-1.0
521.40625	-1.0
521.4141	-1.0
521.4275	-1.0
521.43207	-1.0
521.4732	-1.0
521.47675	-1.0
521.4803	-1.0
521.4929	-1.0
521.5094	-1.0
521.52435	-1.0
521.53174	-1.0
521.54755	-1.0
521.5682	-1.0
521.59564	-1.0
521.61523	-1.0
521.64435	-1.0
521.69244	-1.0
521.6992	-1.0
524.17395	-1.0
524.2019	-1.0
524.22076	1.0
524.2408	-1.0
524.24915	-1.0
524.2693	1.0
524.2737	-1.0
524.2814	-1.0
524.29846	-1.0
524.30145	-1.0
524.3334	-1.0
524.3626	-1.0
524.4156	-1.0
524.4357	-1.0
524.47174	-1.0
526.76324	-1.0
526.7838	-1.0
526.7912	-1.0
526.8082	-1.0
526.81256	1.0
526.8294	-1.0
526.85266	-1.0
526.85547	-1.0
526.8838	-1.0
526.90753	-1.0
526.938	-1.0
527.005	-1.0
530.0835	-1.0
530.09827	-1.0
530.10333	-1.0
530.11786	-1.0
530.1406	-1.0
530.1641	-1.0
530.19354	-1.0
530.19666	-1.0
530.2411	-1.0
530.2748	-1.0
530.27826	-1.0
530.3427	-1.0
530.3596	-1.0
530.40204	-1.0
532.8107	-1.0
533.58734	-1.0
533.59906	-1.0
533.6213	-1.0
533.63837	-1.0
533.64606	-1.0
533.6697	-1.0
533.68414	-1.0
533.69446	-1.0
533.7082	-1.0
533.71295	-1.0
533.7207	-1.0
533.7483	-1.0
533.75226	-1.0
533.8069	-1.0
535.7915	-1.0
535.955	-1.0
536.03345	-1.0
536.2782	-1.0
536.28687	-1.0
536.30927	-1.0
536.31256	-1.0
536.3247	-1.0
536.32935	-1.0
536.3495	-1.0
536.3726	-1.0
536.37787	-1.0
536.4057	-1.0
536.4431	-1.0
536.48474	-1.0
536.50165	-1.0
538.4488	-1.0
538.4545	-1.0
538.46027	-1.0
538.4762	-1.0
538.4976	-1.0
538.522	-1.0
538.5246	-1.0
538.5386	-1.0
538.55707	-1.0
538.5721	-1.0
538.5899	-1.0
538.6285	-1.0
541.91864	-1.0
541.93915	1.0
541.95215	-1.0
541.9584	-1.0
541.97406	-1.0
541.998	-1.0
542.0116	1.0
542.0258	-1.0
542.05835	-1.0
542.0768	-1.0
542.09607	-1.0
542.1168	-1.0
542.1424	-1.0
542.2324	-1.0
547.00433	-1.0
547.0442	-1.0
547.06604	-1.0
547.0839	-1.0
547.09106	-1.0
547.11475	-1.0
547.1398	-1.0
547.15027	-1.0
547.1586	-1.0
547.1723	-1.0
547.18066	-1.0
547.21234	-1.0
547.2767	-1.0
547.3161	-1.0
547.3498	-1.0
547.5041	-1.0
551.82227	-1.0
551.83875	-1.0
551.85187	-1.0
551.85736	-1.0
551.8689	-1.0
551.8739	1.0
551.89014	-1.0
551.89905	-1.0
551.9183	1.0
551.9547	-1.0
551.9629	-1.0
551.9894	-1.0
552.0278	-1.0
552.0465	-1.0
552.135	-1.0
556.03754	-1.0
556.0786	-1.0
556.0962	-1.0
556.0992	-1.0
556.1178	-1.0
556.1223	-1.0
556.1445	-1.0
556.1816	-1.0
556.19653	-1.0
556.24286	-1.0
556.2829	-1.0
559.773	1.0
559.7822	-1.0
559.82477	-1.0
559.8356	-1.0
559.8479	-1.0
559.8556	-1.0
559.8744	-1.0
559.8773	1.0
559.9085	-1.0
559.9371	-1.0
559.96765	-1.0
560.0007	-1.0
560.0602	-1.0
560.07654	-1.0
562.853	-1.0
562.9012	-1.0
562.92456	-1.0
562.9356	-1.0
562.9483	-1.0
562.9569	-1.0
562.97687	-1.0
562.9869	-1.0
563.01306	-1.0
563.0338	-1.0
563.0752	-1.0
567.128	-1.0
567.1622	-1.0
567.1816	-1.0
567.19714	-1.0
567.20105	-1.0
567.21515	1.0
567.2177	-1.0
567.22217	-1.0
567.25006	-1.0
567.26965	-1.0
567.27905	-1.0
567.326	-1.0
567.3397	-1.0
567.3829	-1.0
574.85187	-1.0
574.86566	-1.0
574.8784	-1.0
574.8812	-1.0
574.8963	1.0
574.91486	-1.0
574.9275	-1.0
574.9361	-1.0
574.9522	-1.0
574.95496	-1.0
574.985	-1.0
575.0155	-1.0
575.02625	-1.0
575.0597	-1.0
575.09015	-1.0
575.121	-1.0
575.1326	-1.0
578.5214	-1.0
578.5473	-1.0
578.56396	-1.0
578.58527	1.0
578.58905	-1.0
578.6175	-1.0
578.6498	-1.0
578.6847	-1.0
578.7287	-1.0
578.75214	-1.0
581.7112	-1.0
581.8716	-1.0
581.9043	1.0
581.9208	-1.0
581.95337	-1.0
581.97577	-1.0
582.02325	-1.0
582.03894	1.0
582.04846	-1.0
582.064	-1.0
582.1035	-1.0
582.1759	-1.0
586.8018	-1.0
586.8178	-1.0
586.8357	-1.0
586.84357	-1.0
586.8668	-1.0
586.88074	-1.0
586.9176	-1.0
586.92194	-1.0
586.95514	-1.0
587.0027	-1.0
587.01904	-1.0
587.0436	-1.0
587.5042	-1.0
593.1628	-1.0
593.2194	-1.0
593.23773	-1.0
593.2431	-1.0
593.26166	-1.0
593.2764	-1.0
593.2897	-1.0
593.3081	-1.0
593.33105	-1.0
593.3663	-1.0
593.37384	-1.0
593.45874	-1.0
597.0929	-1.0
597.1434	-1.0
597.20984	-1.0
597.2363	-1.0
597.2509	-1.0
597.2542	-1.0
597.25995	-1.0
597.26746	-1.0
597.28455	-1.0
597.3182	-1.0
597.33594	-1.0
597.34106	-1.0
597.36383	-1.0
597.3759	-1.0
597.37946	-1.0
597.4012	-1.0
