0.6528	-1.0
0.94712	-1.0
1.26584	-1.0
5.40368	-1.0
5.49988	-1.0
5.79172	1.0
9.37312	-1.0
9.62084	1.0
9.90608	-1.0
10.13884	1.0
12.16212	-1.0
15.18872	-1.0
15.35068	-1.0
15.57616	1.0
16.924	1.0
19.95404	-1.0
29.82568	-1.0
35.7024	-1.0
35.99804	-1.0
36.76864	-1.0
41.23964	-1.0
49.48268	-1.0
55.09716	1.0
59.80788	-1.0
60.52832	1.0
63.82124	-1.0
69.0562	-1.0
73.56912	-1.0
73.60508	-1.0
78.51084	-1.0
83.88696	-1.0
83.94396	-1.0
83.96412	-1.0
84.46616	-1.0
88.36132	-1.0
88.40268	-1.0
88.5126	-1.0
93.167	-1.0
93.19028	-1.0
93.27956	-1.0
93.32108	-1.0
93.48848	-1.0
99.34012	-1.0
99.36588	-1.0
99.40908	-1.0
99.42896	-1.0
100.41092	-1.0
100.62916	-1.0
104.58372	-1.0
104.59408	-1.0
104.663	-1.0
109.669	-1.0
109.68168	-1.0
109.70672	-1.0
109.74404	-1.0
109.90164	-1.0
110.81312	-1.0
114.85856	-1.0
114.87144	-1.0
114.87496	-1.0
114.8904	-1.0
114.94336	-1.0
114.95244	-1.0
114.96492	-1.0
115.01428	-1.0
115.07324	-1.0
115.53992	-1.0
115.74584	-1.0
119.72248	-1.0
119.77648	-1.0
119.87196	-1.0
119.99104	-1.0
120.04044	-1.0
124.91732	-1.0
124.9212	-1.0
124.94784	-1.0
124.95216	-1.0
124.98288	-1.0
125.02324	-1.0
125.05972	-1.0
125.11332	-1.0
125.31796	-1.0
125.40844	-1.0
125.46684	-1.0
125.54152	-1.0
125.6038	-1.0
125.72372	-1.0
125.93436	-1.0
125.9984	-1.0
130.66248	-1.0
130.68164	-1.0
130.68956	-1.0
130.73244	-1.0
130.76028	-1.0
130.8248	-1.0
130.93828	-1.0
131.08136	-1.0
131.09116	1.0
131.21452	-1.0
131.2804	-1.0
131.34648	-1.0
131.46684	-1.0
131.50903	-1.0
131.6282	-1.0
131.69232	-1.0
131.91164	-1.0
131.99635	-1.0
136.47385	-1.0
136.48508	-1.0
136.49716	-1.0
136.54877	-1.0
136.58624	-1.0
136.61244	-1.0
136.65337	-1.0
136.68964	-1.0
136.78735	-1.0
136.83432	-1.0
136.8986	-1.0
137.16824	-1.0
137.33565	-1.0
137.64748	-1.0
137.87796	-1.0
142.46556	-1.0
142.48251	-1.0
142.51764	-1.0
142.55824	-1.0
142.67767	-1.0
142.7468	-1.0
142.802	-1.0
142.84624	-1.0
142.87416	-1.0
143.07088	-1.0
143.12431	-1.0
143.1838	-1.0
143.26332	-1.0
143.5336	-1.0
143.71416	-1.0
143.88652	-1.0
148.70888	-1.0
148.72552	-1.0
148.72916	-1.0
148.74292	-1.0
148.77228	-1.0
148.79692	-1.0
148.82867	-1.0
148.85368	-1.0
148.89207	-1.0
148.96169	-1.0
149.00948	-1.0
149.09772	-1.0
149.17577	-1.0
149.22496	-1.0
149.25716	-1.0
149.35408	-1.0
149.72388	-1.0
149.81853	-1.0
149.95737	-1.0
153.66052	-1.0
153.67084	-1.0
153.69344	-1.0
153.7162	-1.0
153.76569	-1.0
153.79152	-1.0
153.80876	1.0
153.83528	-1.0
153.90125	-1.0
153.99445	-1.0
154.03952	-1.0
154.10928	-1.0
154.32668	-1.0
154.4474	-1.0
154.67123	-1.0
154.77524	-1.0
154.8722	-1.0
159.99088	-1.0
160.01196	-1.0
160.02563	-1.0
160.06316	-1.0
160.1346	-1.0
160.15616	-1.0
160.18828	-1.0
160.25212	-1.0
160.29736	-1.0
160.42668	-1.0
160.58151	-1.0
160.84352	-1.0
160.9616	-1.0
161.17928	-1.0
161.24625	-1.0
161.36824	-1.0
161.45483	-1.0
166.27676	-1.0
166.28444	-1.0
166.30405	-1.0
166.33595	-1.0
166.37912	-1.0
166.45032	-1.0
166.4708	1.0
166.52785	-1.0
166.61888	-1.0
166.82571	-1.0
167.10524	-1.0
167.40996	-1.0
167.52776	-1.0
167.6348	-1.0
167.68732	-1.0
172.92432	-1.0
172.94464	-1.0
172.96487	-1.0
173.14052	-1.0
173.19736	-1.0
173.60808	-1.0
173.85988	-1.0
174.46872	-1.0
179.05753	-1.0
179.0672	-1.0
179.0874	-1.0
179.14676	-1.0
179.281	-1.0
179.34164	-1.0
179.40024	-1.0
179.44304	-1.0
184.84944	-1.0
184.87512	-1.0
184.92409	-1.0
184.9804	-1.0
185.03404	-1.0
185.06056	-1.0
186.40697	-1.0
190.19432	-1.0
190.2396	-1.0
190.25816	-1.0
190.36148	-1.0
190.44585	-1.0
190.49312	-1.0
190.93855	-1.0
191.11427	-1.0
191.5136	-1.0
196.07124	-1.0
196.08913	-1.0
196.1126	-1.0
197.0678	-1.0
197.27936	-1.0
197.5298	-1.0
201.96492	-1.0
201.97536	1.0
201.98895	-1.0
202.16428	-1.0
203.34528	-1.0
207.86269	-1.0
207.89252	-1.0
207.91364	-1.0
207.94044	-1.0
208.19664	-1.0
208.85635	-1.0
209.42915	-1.0
213.72311	-1.0
213.73093	1.0
213.74403	-1.0
213.81064	-1.0
214.091	-1.0
214.4054	-1.0
214.4652	-1.0
214.54604	-1.0
214.58156	1.0
215.21216	-1.0
219.3266	-1.0
219.36392	1.0
219.39735	-1.0
219.6574	-1.0
220.641	-1.0
220.74107	-1.0
225.28523	-1.0
225.28864	-1.0
225.69684	1.0
225.8564	-1.0
226.7656	-1.0
230.79852	-1.0
231.24452	-1.0
231.9904	-1.0
236.638	-1.0
236.85435	-1.0
237.98769	-1.0
242.17969	-1.0
242.2464	-1.0
242.37	-1.0
242.42184	1.0
248.65524	-1.0
248.77556	-1.0
248.84964	-1.0
249.67429	-1.0
250.01749	1.0
250.15591	-1.0
255.02316	-1.0
255.058	1.0
255.0804	-1.0
255.09784	1.0
255.21176	-1.0
255.42052	-1.0
256.28696	-1.0
256.34583	-1.0
260.21573	1.0
260.2342	-1.0
260.34064	-1.0
260.8293	-1.0
261.5534	-1.0
265.68668	-1.0
265.70505	-1.0
265.90564	-1.0
271.23407	-1.0
271.2477	-1.0
271.3126	-1.0
271.36615	-1.0
271.43124	-1.0
271.5384	-1.0
271.65143	-1.0
272.4246	-1.0
274.81744	-1.0
274.84055	-1.0
274.85925	-1.0
274.879	-1.0
275.04095	-1.0
275.0645	-1.0
275.14	-1.0
275.28125	-1.0
275.8884	-1.0
281.38824	-1.0
281.39465	-1.0
281.44684	-1.0
281.46136	-1.0
281.49765	-1.0
281.58273	-1.0
281.80157	-1.0
282.68405	-1.0
286.40744	-1.0
286.43243	-1.0
286.4552	-1.0
286.48184	-1.0
286.53763	-1.0
286.62488	-1.0
286.6302	-1.0
286.66425	-1.0
289.90588	-1.0
289.93817	-1.0
289.99164	-1.0
290.01495	-1.0
290.1072	-1.0
290.3423	-1.0
290.4282	1.0
290.64087	-1.0
290.78104	-1.0
291.01425	-1.0
295.43552	-1.0
295.4537	-1.0
295.4688	-1.0
295.51224	-1.0
295.5351	-1.0
295.58243	-1.0
295.80267	-1.0
295.9482	-1.0
296.06445	-1.0
296.49707	-1.0
300.35693	-1.0
300.38675	-1.0
300.40717	-1.0
300.4326	-1.0
300.4593	-1.0
300.4892	-1.0
300.54175	-1.0
300.70078	-1.0
300.781	-1.0
300.82428	-1.0
301.205	-1.0
305.42468	-1.0
305.4384	-1.0
305.46832	-1.0
305.49817	-1.0
305.553	-1.0
305.59067	-1.0
305.6748	-1.0
305.7297	-1.0
305.7985	-1.0
310.2183	-1.0
310.24597	-1.0
310.27313	-1.0
310.28995	-1.0
310.3261	-1.0
310.39212	-1.0
310.77676	-1.0
315.84723	-1.0
315.8973	-1.0
315.94296	-1.0
315.96225	-1.0
316.0076	-1.0
316.0358	-1.0
316.10803	-1.0
316.3436	-1.0
316.4718	-1.0
316.63855	-1.0
316.82953	-1.0
321.0154	-1.0
321.02768	-1.0
321.0547	-1.0
321.0807	-1.0
321.1098	-1.0
321.1318	-1.0
321.16788	-1.0
321.19577	-1.0
321.33908	-1.0
321.46127	-1.0
321.79688	-1.0
325.94803	-1.0
325.96307	-1.0
325.97952	-1.0
326.00812	-1.0
326.02313	-1.0
326.07355	-1.0
326.10345	1.0
326.11548	-1.0
326.14456	-1.0
326.20108	-1.0
326.2643	-1.0
326.4638	-1.0
331.83505	-1.0
331.8527	-1.0
331.87857	-1.0
331.96344	-1.0
332.03284	-1.0
332.0743	-1.0
332.1061	-1.0
332.19516	-1.0
332.3086	-1.0
332.45328	-1.0
332.4866	-1.0
332.65652	-1.0
338.19296	-1.0
338.19815	-1.0
338.20923	-1.0
338.2279	-1.0
338.2633	-1.0
338.28604	-1.0
338.3402	-1.0
338.36487	-1.0
338.42007	-1.0
338.49728	-1.0
338.53537	-1.0
338.92273	-1.0
343.25168	-1.0
343.2654	-1.0
343.28577	-1.0
343.31476	-1.0
343.34988	-1.0
343.3529	-1.0
343.3782	-1.0
343.4369	-1.0
343.51437	-1.0
343.594	-1.0
348.62354	-1.0
348.6488	-1.0
348.68857	-1.0
348.7212	-1.0
348.75824	-1.0
348.8264	-1.0
348.9232	-1.0
349.229	-1.0
353.61133	-1.0
353.62717	-1.0
353.66724	-1.0
353.68027	-1.0
353.72064	-1.0
353.74655	-1.0
353.89648	-1.0
354.09164	-1.0
358.41714	-1.0
358.43915	-1.0
358.46848	-1.0
358.50003	-1.0
358.75507	-1.0
363.48557	-1.0
363.57904	-1.0
363.61356	-1.0
363.6582	-1.0
363.68344	-1.0
363.8235	-1.0
363.89243	-1.0
363.92456	1.0
364.00348	-1.0
368.55347	-1.0
368.56458	-1.0
369.16537	1.0
373.19824	-1.0
373.20764	-1.0
373.24088	1.0
373.26657	-1.0
373.33755	-1.0
373.37375	-1.0
373.5078	-1.0
377.9933	-1.0
378.1606	-1.0
378.6322	-1.0
383.0908	-1.0
383.1386	-1.0
383.21637	-1.0
383.35468	-1.0
388.19	-1.0
388.2079	-1.0
388.3228	-1.0
388.41263	-1.0
392.9336	-1.0
392.98196	-1.0
393.0595	-1.0
393.0753	1.0
393.262	-1.0
397.3321	-1.0
397.4666	-1.0
402.20847	-1.0
402.22906	-1.0
402.26697	-1.0
402.36108	-1.0
407.4678	1.0
407.5112	-1.0
407.51776	-1.0
407.52295	-1.0
407.54337	-1.0
407.5897	-1.0
407.6245	-1.0
407.67285	-1.0
407.90292	-1.0
411.84717	-1.0
411.8622	-1.0
411.89175	-1.0
411.95325	-1.0
412.03964	-1.0
412.07693	-1.0
412.09216	-1.0
416.6062	-1.0
416.62424	-1.0
416.66037	-1.0
416.6892	-1.0
416.75705	-1.0
416.8131	-1.0
421.326	-1.0
421.33777	-1.0
421.34128	-1.0
421.36353	-1.0
421.4103	-1.0
421.44955	-1.0
421.54214	-1.0
425.74292	-1.0
425.74896	-1.0
425.7674	1.0
425.84073	-1.0
425.86856	-1.0
425.8964	-1.0
425.89993	-1.0
425.9515	-1.0
426.11615	-1.0
429.68115	-1.0
429.7147	-1.0
429.7614	-1.0
429.824	-1.0
429.89023	-1.0
429.92645	1.0
433.68985	-1.0
433.7026	-1.0
433.73495	-1.0
433.77887	-1.0
433.81265	-1.0
433.84848	-1.0
437.53348	-1.0
437.55667	-1.0
437.58292	-1.0
437.69012	-1.0
437.9912	-1.0
442.5076	1.0
442.51257	-1.0
442.53345	-1.0
442.55353	-1.0
442.57913	-1.0
442.63617	-1.0
442.6934	-1.0
444.31583	-1.0
446.3787	-1.0
446.40677	-1.0
446.42743	-1.0
446.46173	-1.0
450.429	-1.0
450.4331	-1.0
450.44775	-1.0
450.47675	-1.0
450.5366	-1.0
450.6083	-1.0
450.65265	-1.0
450.74515	-1.0
452.0298	-1.0
453.9745	-1.0
453.99423	-1.0
454.13528	-1.0
457.45764	-1.0
457.50247	-1.0
457.53632	-1.0
457.5434	-1.0
457.56555	-1.0
457.67487	-1.0
460.7672	-1.0
460.79947	-1.0
460.832	-1.0
460.85245	-1.0
460.8564	-1.0
460.85953	-1.0
460.89655	-1.0
460.91452	-1.0
464.17316	1.0
464.21033	1.0
464.218	-1.0
464.24783	-1.0
464.27505	-1.0
464.31656	-1.0
467.71716	-1.0
467.72147	-1.0
467.7387	-1.0
467.75885	1.0
467.78708	-1.0
467.7904	-1.0
467.94836	1.0
471.0258	-1.0
471.0606	-1.0
471.06317	-1.0
471.1514	-1.0
471.40717	-1.0
473.97476	-1.0
473.97815	-1.0
474.00565	-1.0
476.95584	1.0
476.98737	-1.0
477.02777	-1.0
477.0335	-1.0
477.10632	-1.0
477.34396	-1.0
479.85193	-1.0
479.86075	-1.0
479.94193	-1.0
479.95633	1.0
480.07916	-1.0
482.55963	-1.0
482.59564	-1.0
485.78943	-1.0
485.83865	-1.0
485.936	-1.0
489.11523	-1.0
489.1417	-1.0
489.16428	1.0
489.1838	-1.0
489.20453	-1.0
492.73438	-1.0
492.75983	-1.0
492.7657	-1.0
492.79544	1.0
492.8386	1.0
495.49875	1.0
495.51892	-1.0
495.5458	-1.0
498.55765	-1.0
498.58945	-1.0
498.64325	-1.0
499.70273	-1.0
503.9362	-1.0
503.9629	-1.0
504.01895	-1.0
504.10938	-1.0
504.31815	-1.0
504.49963	-1.0
506.95963	-1.0
509.45596	-1.0
509.4589	-1.0
509.51132	-1.0
512.6452	-1.0
512.64966	-1.0
512.6529	-1.0
512.68225	-1.0
512.9066	-1.0
515.3697	-1.0
515.40765	-1.0
515.4568	-1.0
518.2655	1.0
518.3516	-1.0
521.48553	-1.0
524.26965	-1.0
524.3213	-1.0
526.7409	-1.0
526.86066	-1.0
530.1469	-1.0
533.53925	1.0
533.6788	-1.0
533.69714	1.0
536.06744	1.0
538.53986	-1.0
542.01685	-1.0
542.03754	-1.0
547.1693	-1.0
551.8743	-1.0
556.1014	1.0
556.1108	-1.0
559.85895	1.0
574.9761	-1.0
586.87964	-1.0
593.27954	-1.0
597.23474	-1.0
