0.0276	-1.0
0.0512	1.0
0.1516	-1.0
0.2756	-1.0
0.30744	-1.0
0.34756	-1.0
0.46216	-1.0
0.46932	-1.0
0.516	-1.0
0.60504	-1.0
0.68824	-1.0
0.72936	-1.0
0.7674	-1.0
0.884	-1.0
0.97536	-1.0
1.02696	-1.0
1.08268	-1.0
1.15608	-1.0
1.28984	-1.0
1.40168	-1.0
1.48284	-1.0
1.51492	-1.0
5.4224	-1.0
5.51444	-1.0
5.5726	-1.0
5.6194	1.0
5.67996	-1.0
5.70116	-1.0
5.77128	-1.0
5.79172	-1.0
5.83112	-1.0
5.85432	-1.0
5.8668	-1.0
5.91108	-1.0
5.92904	-1.0
5.96196	-1.0
6.04584	-1.0
6.10692	-1.0
6.11232	-1.0
6.24484	-1.0
6.28204	-1.0
6.30508	-1.0
6.34512	-1.0
6.44944	-1.0
6.47956	-1.0
6.5288	-1.0
6.53232	-1.0
6.6406	-1.0
6.73904	-1.0
6.8302	-1.0
6.93604	-1.0
8.97904	-1.0
8.9816	-1.0
9.0	-1.0
9.01756	-1.0
9.1142	-1.0
9.153	-1.0
9.2358	-1.0
9.2858	-1.0
9.34708	-1.0
9.38156	-1.0
9.42752	-1.0
9.47928	-1.0
9.4854	-1.0
9.56592	-1.0
9.66876	-1.0
9.68224	-1.0
9.78472	-1.0
9.80328	-1.0
9.87356	-1.0
9.88132	-1.0
9.92244	-1.0
9.9336	-1.0
9.99648	-1.0
10.06416	-1.0
10.10728	-1.0
10.25564	-1.0
10.26748	-1.0
11.71548	-1.0
11.80172	-1.0
11.8176	-1.0
11.84812	1.0
11.92072	-1.0
12.0064	-1.0
12.10072	-1.0
12.15328	-1.0
12.23336	-1.0
12.31732	1.0
12.35804	-1.0
12.37684	-1.0
12.3952	-1.0
12.47824	-1.0
12.5188	-1.0
12.61612	-1.0
12.69584	-1.0
12.69856	-1.0
14.96056	-1.0
14.9984	-1.0
15.029	-1.0
15.04456	-1.0
15.12408	-1.0
15.17392	-1.0
15.21592	-1.0
15.3	-1.0
15.31524	-1.0
15.32908	-1.0
15.33792	-1.0
15.38292	-1.0
15.4284	-1.0
15.44684	-1.0
15.462	-1.0
15.5084	-1.0
15.52696	1.0
15.53856	-1.0
15.60652	-1.0
15.61808	-1.0
15.65272	-1.0
15.6746	-1.0
15.69636	-1.0
15.7328	-1.0
15.77616	-1.0
15.79668	1.0
15.8006	-1.0
15.84216	-1.0
15.8496	-1.0
15.88332	-1.0
15.96536	-1.0
15.98164	-1.0
16.04228	-1.0
16.16516	-1.0
16.17924	-1.0
16.3012	-1.0
19.39588	-1.0
19.45552	1.0
19.50584	-1.0
19.51564	-1.0
19.5486	-1.0
19.59776	-1.0
19.6014	-1.0
19.64744	-1.0
19.73104	-1.0
19.74488	-1.0
19.76584	-1.0
19.84688	-1.0
19.8546	-1.0
19.8718	-1.0
19.88308	-1.0
19.90732	-1.0
19.9574	-1.0
19.98864	-1.0
20.00576	-1.0
20.0868	-1.0
20.1604	-1.0
20.27104	-1.0
20.36356	-1.0
20.37604	-1.0
20.40512	-1.0
20.41108	-1.0
20.49052	-1.0
20.53672	-1.0
20.65524	-1.0
20.6916	-1.0
20.72044	-1.0
20.79416	-1.0
20.85504	-1.0
20.8728	-1.0
24.86368	-1.0
24.87132	-1.0
24.89104	-1.0
24.90364	-1.0
24.91348	-1.0
24.94864	-1.0
24.95568	1.0
24.9582	1.0
24.99144	-1.0
25.00772	-1.0
25.0862	-1.0
25.13028	-1.0
25.13432	-1.0
25.18396	-1.0
25.18748	-1.0
25.24804	-1.0
25.29664	-1.0
25.31808	-1.0
25.34008	-1.0
25.36544	-1.0
25.39364	-1.0
25.42948	-1.0
25.44464	-1.0
25.45404	-1.0
25.49108	-1.0
25.516	-1.0
25.54368	-1.0
25.57864	-1.0
25.59016	-1.0
25.5944	-1.0
25.62236	-1.0
25.64164	-1.0
25.70176	-1.0
25.70864	-1.0
25.71204	-1.0
25.7518	-1.0
25.76744	1.0
25.77912	-1.0
25.78836	-1.0
25.8518	-1.0
25.8814	-1.0
25.95372	-1.0
25.98264	-1.0
25.99936	-1.0
26.14528	-1.0
26.15	-1.0
26.19356	-1.0
26.2906	-1.0
29.83136	-1.0
29.84712	-1.0
29.86704	-1.0
29.8706	-1.0
29.87844	-1.0
29.88256	-1.0
29.88948	-1.0
29.95916	-1.0
29.97504	-1.0
30.00748	-1.0
30.05296	-1.0
30.08688	-1.0
30.10496	-1.0
30.11164	-1.0
30.16292	-1.0
30.17172	-1.0
30.1774	-1.0
30.20304	-1.0
30.20908	-1.0
30.22676	-1.0
30.24788	-1.0
30.26056	-1.0
30.26412	-1.0
30.28932	-1.0
30.29704	1.0
30.30488	-1.0
30.35768	-1.0
30.364	-1.0
30.40668	-1.0
30.42964	-1.0
30.43668	-1.0
30.46716	-1.0
30.49572	-1.0
30.51104	-1.0
30.5472	-1.0
30.58092	-1.0
30.59524	-1.0
30.62112	-1.0
30.68168	-1.0
30.70316	-1.0
30.74252	-1.0
30.7624	-1.0
30.79892	-1.0
30.82356	-1.0
30.84116	-1.0
30.92128	-1.0
30.94676	-1.0
31.02432	-1.0
31.12768	-1.0
31.22576	-1.0
31.31276	-1.0
31.42916	-1.0
31.4398	-1.0
35.72844	-1.0
35.75268	-1.0
35.75664	-1.0
35.76036	-1.0
35.76348	-1.0
35.76976	-1.0
35.7726	-1.0
35.8188	-1.0
35.85632	-1.0
35.91244	-1.0
35.92808	-1.0
35.95576	-1.0
35.96156	-1.0
35.9836	-1.0
35.99904	1.0
36.01252	-1.0
36.01596	-1.0
36.0414	-1.0
36.0808	-1.0
36.09412	-1.0
36.11248	-1.0
36.13576	-1.0
36.16032	-1.0
36.19	-1.0
36.21692	-1.0
36.25272	-1.0
36.27992	-1.0
36.29428	-1.0
36.3886	-1.0
36.40696	-1.0
36.41792	-1.0
36.42756	-1.0
36.4586	-1.0
36.49716	-1.0
36.60744	-1.0
36.64076	-1.0
36.659	-1.0
36.67068	-1.0
36.67872	-1.0
36.70348	-1.0
36.74676	-1.0
36.7988	-1.0
36.87444	-1.0
36.9108	-1.0
36.93908	-1.0
36.99916	-1.0
37.12844	-1.0
37.14944	-1.0
37.8624	-1.0
37.95136	-1.0
37.95456	-1.0
40.44212	-1.0
40.46024	-1.0
40.47756	1.0
40.48084	-1.0
40.50324	-1.0
40.5068	-1.0
40.51056	-1.0
40.56508	-1.0
40.56776	1.0
40.58896	-1.0
40.6216	-1.0
40.69084	-1.0
40.69568	-1.0
40.74332	-1.0
40.75444	-1.0
40.7732	-1.0
40.7936	-1.0
40.80596	-1.0
40.82844	-1.0
40.86268	-1.0
40.88116	-1.0
40.8854	-1.0
40.89272	-1.0
40.92356	-1.0
40.9494	-1.0
40.98868	1.0
41.00852	-1.0
41.01108	-1.0
41.02572	-1.0
41.04236	-1.0
41.07736	-1.0
41.10312	-1.0
41.126	-1.0
41.12972	-1.0
41.13928	-1.0
41.26624	-1.0
41.34296	-1.0
41.40236	-1.0
41.41508	-1.0
41.43236	-1.0
41.47656	-1.0
41.48124	-1.0
41.56704	-1.0
41.68864	-1.0
41.78248	-1.0
44.68128	-1.0
44.68724	-1.0
44.7176	-1.0
44.72308	-1.0
44.73928	-1.0
44.74292	-1.0
44.75756	-1.0
44.8166	-1.0
44.81992	-1.0
44.83436	-1.0
44.83724	1.0
44.86028	-1.0
44.88488	-1.0
44.90936	-1.0
44.91188	-1.0
44.96092	-1.0
45.00912	-1.0
45.0136	-1.0
45.02328	-1.0
45.04564	1.0
45.10772	-1.0
45.12628	-1.0
45.1316	-1.0
45.18096	-1.0
45.28692	-1.0
45.3178	-1.0
45.37652	-1.0
45.42728	-1.0
45.4772	-1.0
45.47976	-1.0
45.5164	-1.0
45.54732	-1.0
45.57852	-1.0
45.5916	-1.0
45.60472	-1.0
45.64136	-1.0
46.1094	-1.0
49.26008	-1.0
49.27028	1.0
49.28024	-1.0
49.3072	-1.0
49.32336	-1.0
49.32636	-1.0
49.33228	-1.0
49.34564	1.0
49.34984	1.0
49.38572	-1.0
49.41168	-1.0
49.45472	-1.0
49.46212	-1.0
49.47356	-1.0
49.52772	-1.0
49.53756	-1.0
49.63364	-1.0
49.64332	1.0
49.66092	-1.0
49.66732	-1.0
49.7084	-1.0
49.71192	-1.0
49.73376	-1.0
49.8468	-1.0
49.90944	-1.0
49.94932	-1.0
49.95564	-1.0
50.01612	-1.0
50.06812	-1.0
50.18212	-1.0
50.32556	-1.0
50.36276	-1.0
50.47716	-1.0
50.79088	-1.0
54.4816	-1.0
54.48832	-1.0
54.49212	-1.0
54.50696	-1.0
54.51312	1.0
54.53052	-1.0
54.54496	-1.0
54.6114	-1.0
54.61656	-1.0
54.68992	-1.0
54.75056	-1.0
54.76448	-1.0
54.78524	-1.0
54.8256	-1.0
54.83132	-1.0
54.85644	1.0
54.86556	-1.0
54.9186	1.0
54.95028	-1.0
54.97344	-1.0
55.00788	-1.0
55.05296	1.0
55.0804	-1.0
55.11108	-1.0
55.14376	-1.0
55.20604	-1.0
55.23512	-1.0
55.32824	-1.0
55.3998	-1.0
55.41864	1.0
55.46452	-1.0
55.64308	-1.0
59.57756	-1.0
59.58064	-1.0
59.596	-1.0
59.60716	1.0
59.62704	-1.0
59.64932	-1.0
59.6546	1.0
59.65712	1.0
59.67404	-1.0
59.68424	-1.0
59.75948	-1.0
59.85784	-1.0
59.86052	-1.0
59.88608	-1.0
59.91232	-1.0
59.93688	-1.0
59.958	-1.0
59.98876	-1.0
60.01696	-1.0
60.03436	1.0
60.04656	-1.0
60.05464	-1.0
60.05904	-1.0
60.0994	-1.0
60.16992	-1.0
60.22668	-1.0
60.29432	-1.0
60.30132	-1.0
60.33416	-1.0
60.3528	-1.0
60.44004	-1.0
60.47812	-1.0
60.50648	-1.0
60.51356	-1.0
60.535	-1.0
60.58792	-1.0
63.86004	-1.0
63.86844	-1.0
63.88	-1.0
63.88528	-1.0
63.88856	-1.0
63.89108	1.0
63.90576	-1.0
63.944	-1.0
63.96136	-1.0
63.96456	-1.0
63.97728	-1.0
63.98944	-1.0
64.0222	1.0
64.02712	-1.0
64.05708	-1.0
64.08544	-1.0
64.1462	-1.0
64.21992	-1.0
64.22952	-1.0
64.23308	-1.0
64.24276	-1.0
64.26016	-1.0
64.267	-1.0
64.2808	-1.0
64.28332	-1.0
64.31384	-1.0
64.33752	-1.0
64.35744	-1.0
64.38236	-1.0
64.39452	-1.0
64.41944	-1.0
64.46792	-1.0
64.48064	-1.0
64.48952	-1.0
64.5102	-1.0
64.56124	-1.0
64.56404	-1.0
64.70248	-1.0
64.727	-1.0
64.73836	-1.0
64.80664	-1.0
64.83036	-1.0
64.87256	1.0
64.97656	-1.0
65.14752	-1.0
68.2462	-1.0
68.2544	-1.0
68.27012	-1.0
68.28336	-1.0
68.28644	1.0
68.3086	-1.0
68.34592	-1.0
68.35	-1.0
68.43032	1.0
68.4656	-1.0
68.51964	-1.0
68.56916	-1.0
68.60792	-1.0
68.65428	-1.0
68.69412	-1.0
68.72852	-1.0
68.76528	-1.0
68.77384	-1.0
68.77644	-1.0
68.81716	-1.0
68.84824	-1.0
68.91316	-1.0
68.9222	-1.0
68.95824	-1.0
68.97728	-1.0
68.98396	-1.0
69.0008	-1.0
69.08236	-1.0
69.11416	-1.0
69.23972	-1.0
69.26624	-1.0
69.39612	1.0
69.41736	-1.0
69.55152	-1.0
73.52636	-1.0
73.54612	-1.0
73.56296	-1.0
73.56776	-1.0
73.58276	1.0
73.58652	-1.0
73.60804	1.0
73.61064	1.0
73.6238	-1.0
73.6368	-1.0
73.65688	-1.0
73.66748	-1.0
73.739	-1.0
73.76944	-1.0
73.77292	-1.0
73.7806	-1.0
73.78908	-1.0
73.81456	1.0
73.82604	-1.0
73.83372	-1.0
73.88724	-1.0
73.9034	-1.0
73.93768	1.0
73.969	-1.0
73.9914	-1.0
73.9988	-1.0
74.01408	-1.0
74.03712	-1.0
74.07904	-1.0
74.12512	-1.0
74.17252	-1.0
74.1806	-1.0
74.2424	-1.0
74.27516	-1.0
74.34212	-1.0
74.34684	-1.0
74.37684	-1.0
74.39376	-1.0
74.43572	-1.0
74.48912	-1.0
74.55712	-1.0
74.565	-1.0
74.58944	-1.0
74.6722	-1.0
78.51124	-1.0
78.51376	-1.0
78.52008	-1.0
78.52792	1.0
78.54576	-1.0
78.56	-1.0
78.57132	-1.0
78.5814	1.0
78.58772	-1.0
78.61568	-1.0
78.6292	-1.0
78.63216	-1.0
78.7036	-1.0
78.7332	-1.0
78.77468	1.0
78.8066	-1.0
78.84608	-1.0
78.85452	-1.0
78.88312	-1.0
78.89016	1.0
78.99172	-1.0
79.01016	-1.0
79.0496	-1.0
79.08724	-1.0
79.12808	-1.0
79.18932	-1.0
79.21428	-1.0
79.37496	-1.0
79.54424	-1.0
83.8562	-1.0
83.86028	-1.0
83.8806	-1.0
83.8962	-1.0
83.91492	-1.0
83.93136	-1.0
83.98668	-1.0
84.00236	-1.0
84.05864	-1.0
84.09404	-1.0
84.1152	-1.0
84.15076	-1.0
84.173	-1.0
84.19996	-1.0
84.22308	-1.0
84.22648	-1.0
84.24288	-1.0
84.3264	-1.0
84.43852	-1.0
84.46544	-1.0
84.49844	-1.0
84.50308	1.0
84.55276	-1.0
84.61232	-1.0
84.68836	-1.0
84.77548	-1.0
84.84864	-1.0
84.91264	-1.0
84.9192	-1.0
84.94932	-1.0
85.0756	-1.0
88.38448	-1.0
88.41604	-1.0
88.42352	-1.0
88.43868	-1.0
88.45492	-1.0
88.47612	1.0
88.48148	-1.0
88.51084	-1.0
88.52788	1.0
88.56872	-1.0
88.591	-1.0
88.60708	-1.0
88.63584	-1.0
88.64956	-1.0
88.68192	-1.0
88.70732	-1.0
88.7626	-1.0
88.76512	-1.0
88.78772	-1.0
88.8304	-1.0
88.85492	-1.0
88.90212	-1.0
88.90772	-1.0
88.92116	-1.0
88.95508	-1.0
88.96096	-1.0
89.01024	-1.0
89.0264	-1.0
89.2046	-1.0
89.2256	-1.0
89.23176	-1.0
89.37144	-1.0
89.4038	-1.0
89.468	-1.0
89.55232	-1.0
89.57944	-1.0
89.59288	-1.0
89.6032	-1.0
93.24528	-1.0
93.27236	-1.0
93.29176	-1.0
93.29968	-1.0
93.31008	-1.0
93.31968	-1.0
93.38072	-1.0
93.3908	-1.0
93.43908	-1.0
93.47408	-1.0
93.5686	-1.0
93.59212	1.0
93.67452	-1.0
93.67712	1.0
93.75596	-1.0
93.76488	-1.0
93.82308	-1.0
93.85992	-1.0
93.86956	-1.0
93.91676	-1.0
93.96016	-1.0
93.96268	-1.0
93.96924	-1.0
94.0468	-1.0
94.15792	-1.0
94.19404	-1.0
94.29808	-1.0
94.34696	-1.0
94.43972	-1.0
99.31416	-1.0
99.32292	-1.0
99.32764	1.0
99.33076	-1.0
99.33364	-1.0
99.35336	-1.0
99.36016	-1.0
99.37096	-1.0
99.44	-1.0
99.44712	1.0
99.49104	-1.0
99.51484	-1.0
99.51744	1.0
99.59136	-1.0
99.63136	-1.0
99.6352	-1.0
99.689	-1.0
99.70888	-1.0
99.74376	-1.0
99.76428	-1.0
99.7896	-1.0
99.80592	-1.0
99.87804	-1.0
99.88496	-1.0
99.88928	-1.0
99.90052	1.0
99.92516	-1.0
99.9594	-1.0
100.0222	-1.0
100.04536	-1.0
100.05516	-1.0
100.08756	-1.0
100.10688	-1.0
100.12204	-1.0
100.13448	-1.0
100.14236	-1.0
100.15344	-1.0
100.21276	-1.0
100.3476	-1.0
100.35024	-1.0
100.37164	-1.0
100.43524	-1.0
100.44232	-1.0
100.63444	-1.0
100.64336	-1.0
100.65984	-1.0
100.73464	-1.0
100.74988	-1.0
100.84088	-1.0
100.9094	-1.0
100.91956	-1.0
100.96308	-1.0
101.08792	-1.0
104.5974	-1.0
104.61488	-1.0
104.62792	-1.0
104.6366	-1.0
104.64916	-1.0
104.65328	-1.0
104.67904	-1.0
104.68212	1.0
104.7132	-1.0
104.81872	-1.0
104.82184	-1.0
104.82748	-1.0
104.87156	-1.0
104.88112	-1.0
104.88396	-1.0
104.9224	1.0
104.95516	-1.0
104.98112	-1.0
105.0234	-1.0
105.03404	1.0
105.04016	1.0
105.05844	-1.0
105.18168	-1.0
105.19168	-1.0
105.21912	-1.0
105.23312	-1.0
105.27284	-1.0
105.27948	-1.0
105.3204	-1.0
105.3306	-1.0
105.34544	1.0
105.3988	-1.0
105.4168	-1.0
105.4572	-1.0
105.48128	-1.0
105.52248	-1.0
105.57036	-1.0
105.6606	-1.0
105.66788	-1.0
105.67044	-1.0
105.72112	-1.0
105.93776	-1.0
106.01908	-1.0
109.70512	-1.0
109.73148	-1.0
109.74852	-1.0
109.75276	-1.0
109.7554	-1.0
109.76228	1.0
109.77128	-1.0
109.7898	-1.0
109.80748	-1.0
109.81712	-1.0
109.83376	-1.0
109.87384	-1.0
109.90208	1.0
109.915	-1.0
109.94436	-1.0
110.00068	-1.0
110.07396	1.0
110.0772	-1.0
110.11256	-1.0
110.12636	-1.0
110.1464	-1.0
110.14892	-1.0
110.18008	-1.0
110.23768	-1.0
110.24064	1.0
110.26168	-1.0
110.30476	-1.0
110.30752	-1.0
110.35412	-1.0
110.39936	1.0
110.40372	-1.0
110.4618	-1.0
110.52012	-1.0
110.54964	-1.0
110.5844	-1.0
110.66668	-1.0
110.6756	-1.0
110.72908	-1.0
110.74492	-1.0
110.82892	-1.0
110.8452	-1.0
110.98504	-1.0
111.00044	-1.0
111.05884	-1.0
111.0626	-1.0
111.10524	1.0
114.82088	-1.0
114.8338	1.0
114.8456	-1.0
114.84824	-1.0
114.85364	-1.0
114.8848	-1.0
114.90076	1.0
114.90564	-1.0
114.92544	-1.0
114.92864	-1.0
114.97068	-1.0
115.02452	-1.0
115.0622	-1.0
115.08116	-1.0
115.08636	-1.0
115.13628	-1.0
115.1544	-1.0
115.15868	-1.0
115.17524	1.0
115.19748	1.0
115.20168	-1.0
115.20752	-1.0
115.2314	-1.0
115.24556	-1.0
115.2854	-1.0
115.348	-1.0
115.38436	-1.0
115.41052	-1.0
115.44676	-1.0
115.47144	-1.0
115.47796	1.0
115.55416	-1.0
115.59656	-1.0
115.62056	-1.0
115.67128	1.0
115.6968	-1.0
115.72828	-1.0
115.7434	-1.0
115.78024	-1.0
115.79052	1.0
115.7964	-1.0
115.79972	1.0
115.80308	-1.0
115.83792	-1.0
115.94268	-1.0
115.99912	-1.0
116.04416	-1.0
116.06988	-1.0
116.16468	-1.0
116.34048	-1.0
116.35332	-1.0
116.40036	-1.0
116.47104	-1.0
119.78464	-1.0
119.80352	-1.0
119.81268	-1.0
119.82816	-1.0
119.85724	-1.0
119.88984	-1.0
119.91044	-1.0
120.0022	-1.0
120.06404	-1.0
120.06828	-1.0
120.0782	-1.0
120.09316	-1.0
120.09916	-1.0
120.10264	-1.0
120.10792	-1.0
120.17276	-1.0
120.22208	-1.0
120.23796	-1.0
120.24952	-1.0
120.26072	-1.0
120.31004	-1.0
120.31884	-1.0
120.33696	-1.0
120.4022	-1.0
120.42148	-1.0
120.43652	-1.0
120.46988	-1.0
120.48272	-1.0
120.48532	-1.0
120.49256	-1.0
120.564	-1.0
120.632	-1.0
120.70652	-1.0
120.86416	-1.0
120.87196	-1.0
120.8924	-1.0
120.91176	-1.0
120.9764	-1.0
121.0762	-1.0
121.0972	-1.0
121.13036	-1.0
121.20088	-1.0
121.26236	-1.0
121.41024	-1.0
124.86432	-1.0
124.87644	-1.0
124.88412	-1.0
124.89292	-1.0
124.89776	1.0
124.90064	1.0
124.90608	-1.0
124.92632	-1.0
124.94112	-1.0
124.96664	-1.0
124.97048	-1.0
124.98204	-1.0
125.00844	-1.0
125.01284	-1.0
125.0198	-1.0
125.03092	-1.0
125.0626	-1.0
125.11244	-1.0
125.14828	1.0
125.2672	-1.0
125.29832	-1.0
125.34152	1.0
125.349	-1.0
125.42432	-1.0
125.46032	1.0
125.48208	-1.0
125.5094	-1.0
125.54224	-1.0
125.54596	-1.0
125.56784	-1.0
125.61496	-1.0
125.61824	-1.0
125.6356	-1.0
125.65324	-1.0
125.66276	-1.0
125.69588	-1.0
125.75408	-1.0
125.82808	-1.0
125.83152	-1.0
125.90272	-1.0
125.94336	-1.0
125.95652	-1.0
125.97572	-1.0
125.98976	-1.0
125.9976	-1.0
126.05568	1.0
126.07972	-1.0
126.0892	-1.0
126.11308	-1.0
126.12948	-1.0
126.25012	-1.0
126.27396	-1.0
126.27688	1.0
126.345	-1.0
126.35776	-1.0
126.50568	-1.0
130.584	-1.0
130.59177	-1.0
130.60413	-1.0
130.61708	-1.0
130.6352	1.0
130.63783	1.0
130.645	-1.0
130.65436	-1.0
130.66588	-1.0
130.69691	1.0
130.7212	-1.0
130.7452	-1.0
130.7814	-1.0
130.79643	-1.0
130.83607	-1.0
130.84676	-1.0
130.85191	1.0
130.86069	-1.0
130.87897	1.0
130.88156	1.0
130.89664	-1.0
130.99092	1.0
131.01337	-1.0
131.0396	1.0
131.04231	1.0
131.05864	-1.0
131.06776	-1.0
131.08836	-1.0
131.09412	1.0
131.10104	-1.0
131.11412	-1.0
131.14372	-1.0
131.14848	-1.0
131.15147	-1.0
131.17856	-1.0
131.18411	1.0
131.18687	1.0
131.21152	1.0
131.21445	-1.0
131.23811	-1.0
131.24788	-1.0
131.2856	-1.0
131.33612	-1.0
131.3432	-1.0
131.3692	-1.0
131.42136	-1.0
131.43233	-1.0
131.51608	-1.0
131.5344	-1.0
131.54791	-1.0
131.59264	-1.0
131.6088	-1.0
131.63425	-1.0
131.6448	-1.0
131.66956	-1.0
131.6782	1.0
131.68137	-1.0
131.68536	-1.0
131.74884	-1.0
131.81888	-1.0
131.86232	-1.0
131.90611	-1.0
131.9302	-1.0
131.93529	-1.0
131.99744	-1.0
132.07108	-1.0
132.09064	-1.0
136.49124	-1.0
136.5018	-1.0
136.51372	1.0
136.52563	-1.0
136.52911	-1.0
136.53348	1.0
136.54008	1.0
136.555	-1.0
136.57744	-1.0
136.59076	1.0
136.59332	-1.0
136.60632	1.0
136.6454	-1.0
136.6778	-1.0
136.69612	-1.0
136.71004	-1.0
136.76576	-1.0
136.7814	-1.0
136.85149	-1.0
136.86972	-1.0
136.87448	-1.0
136.88828	-1.0
136.91748	-1.0
136.9406	-1.0
136.99132	-1.0
137.00096	-1.0
137.01648	1.0
137.0226	-1.0
137.06456	-1.0
137.06844	-1.0
137.07144	-1.0
137.10188	-1.0
137.12608	-1.0
137.1728	1.0
137.17532	1.0
137.20747	-1.0
137.37367	-1.0
137.43292	-1.0
137.44405	-1.0
137.44975	-1.0
137.50047	-1.0
137.55267	-1.0
137.64276	-1.0
137.64984	-1.0
137.66924	-1.0
137.699	-1.0
137.70293	-1.0
137.7344	-1.0
137.76443	-1.0
137.86513	-1.0
137.88104	-1.0
137.92624	-1.0
137.9304	-1.0
137.93336	-1.0
138.01031	-1.0
142.42824	-1.0
142.43884	-1.0
142.4424	-1.0
142.45168	-1.0
142.46556	-1.0
142.47672	-1.0
142.47984	-1.0
142.50188	-1.0
142.52065	-1.0
142.525	1.0
142.53004	-1.0
142.54456	-1.0
142.55508	-1.0
142.55772	-1.0
142.5972	1.0
142.61072	-1.0
142.61691	-1.0
142.635	-1.0
142.6486	-1.0
142.67532	-1.0
142.7008	-1.0
142.7414	-1.0
142.78432	-1.0
142.78908	-1.0
142.8054	-1.0
142.82596	-1.0
142.84357	-1.0
142.9204	-1.0
142.96445	-1.0
142.9912	-1.0
143.02908	-1.0
143.08533	-1.0
143.09064	-1.0
143.116	-1.0
143.12708	-1.0
143.13492	-1.0
143.13844	-1.0
143.15208	-1.0
143.17772	-1.0
143.20705	-1.0
143.25784	-1.0
143.27573	-1.0
143.27908	-1.0
143.32112	-1.0
143.3444	-1.0
143.3866	-1.0
143.41405	-1.0
143.57396	-1.0
143.59544	-1.0
143.69237	-1.0
143.74352	-1.0
143.78188	-1.0
143.78671	-1.0
143.79416	-1.0
143.80836	-1.0
143.82909	-1.0
143.9764	-1.0
144.11903	-1.0
148.68073	-1.0
148.68396	-1.0
148.69585	-1.0
148.70444	1.0
148.7074	1.0
148.71877	-1.0
148.7362	-1.0
148.7424	-1.0
148.76512	-1.0
148.78484	-1.0
148.81836	-1.0
148.85149	-1.0
148.8754	-1.0
148.89989	-1.0
148.91228	-1.0
148.92969	-1.0
148.95229	-1.0
148.96216	-1.0
148.97676	1.0
148.9794	1.0
148.9948	1.0
149.02812	-1.0
149.03072	-1.0
149.06332	-1.0
149.08804	-1.0
149.12	-1.0
149.17735	-1.0
149.20288	-1.0
149.22676	-1.0
149.23367	1.0
149.2362	1.0
149.25116	-1.0
149.28564	-1.0
149.29253	-1.0
149.3204	-1.0
149.35632	1.0
149.35889	1.0
149.40157	-1.0
149.4286	-1.0
149.5056	1.0
149.54288	-1.0
149.5858	1.0
149.60136	-1.0
149.6732	1.0
149.71964	1.0
149.73532	-1.0
149.75015	-1.0
149.77452	-1.0
149.84991	-1.0
149.96512	1.0
149.96928	-1.0
149.97385	-1.0
150.06989	1.0
150.0724	1.0
150.1078	-1.0
150.23991	-1.0
150.35692	-1.0
150.38268	-1.0
153.71088	-1.0
153.7144	-1.0
153.73396	-1.0
153.73917	-1.0
153.75552	-1.0
153.78008	1.0
153.7874	-1.0
153.80028	-1.0
153.82028	-1.0
153.82788	-1.0
153.84032	-1.0
153.8562	-1.0
153.87073	-1.0
153.87492	-1.0
153.903	-1.0
153.9056	-1.0
153.94489	-1.0
153.95352	-1.0
153.96413	-1.0
153.97812	-1.0
154.01791	1.0
154.02048	1.0
154.02588	-1.0
154.0572	-1.0
154.09673	-1.0
154.10953	-1.0
154.11311	-1.0
154.18887	-1.0
154.2314	1.0
154.235	-1.0
154.32484	1.0
154.3502	-1.0
154.366	-1.0
154.44312	1.0
154.44832	-1.0
154.45187	-1.0
154.46825	-1.0
154.47212	-1.0
154.48843	1.0
154.54448	1.0
154.55884	-1.0
154.56471	-1.0
154.5886	-1.0
154.59236	-1.0
154.60652	-1.0
154.6392	-1.0
154.70476	-1.0
154.81216	-1.0
154.83136	1.0
154.86728	-1.0
154.95209	-1.0
155.11488	-1.0
155.13528	-1.0
155.19136	-1.0
155.22356	-1.0
159.95488	-1.0
159.96677	-1.0
159.97964	1.0
159.98367	-1.0
159.98636	1.0
159.9894	-1.0
160.00104	-1.0
160.004	-1.0
160.01552	-1.0
160.0196	1.0
160.05733	1.0
160.0618	-1.0
160.10728	-1.0
160.11787	-1.0
160.12108	-1.0
160.1246	1.0
160.13892	-1.0
160.14873	-1.0
160.18211	-1.0
160.20616	-1.0
160.21275	1.0
160.26665	-1.0
160.271	-1.0
160.301	-1.0
160.30952	-1.0
160.32628	-1.0
160.34464	1.0
160.37292	-1.0
160.37843	1.0
160.40552	-1.0
160.46104	-1.0
160.48	-1.0
160.51608	-1.0
160.53111	-1.0
160.56483	-1.0
160.626	-1.0
160.6698	-1.0
160.6736	-1.0
160.7012	-1.0
160.78336	1.0
160.78587	1.0
160.79189	-1.0
160.80013	-1.0
160.81972	-1.0
160.8762	-1.0
160.93016	-1.0
160.9608	1.0
161.05388	1.0
161.06651	-1.0
161.07603	-1.0
161.12752	-1.0
161.13396	-1.0
161.20924	-1.0
161.26105	-1.0
161.2644	-1.0
161.26868	-1.0
161.32697	-1.0
161.9554	-1.0
166.25604	-1.0
166.278	1.0
166.28572	-1.0
166.3044	-1.0
166.30804	-1.0
166.3172	-1.0
166.32768	-1.0
166.33136	-1.0
166.33476	-1.0
166.34624	-1.0
166.35509	-1.0
166.37103	-1.0
166.3796	-1.0
166.41573	1.0
166.4184	1.0
166.47896	-1.0
166.49008	-1.0
166.49973	-1.0
166.5024	-1.0
166.50804	-1.0
166.51688	-1.0
166.57396	1.0
166.58012	-1.0
166.5988	-1.0
166.6188	-1.0
166.622	-1.0
166.62485	-1.0
166.65004	-1.0
166.70377	-1.0
166.71223	-1.0
166.72163	1.0
166.76552	-1.0
166.77412	-1.0
166.81589	-1.0
166.83723	-1.0
166.84344	-1.0
166.84653	-1.0
166.92592	-1.0
166.92876	-1.0
166.998	-1.0
167.06503	-1.0
167.08395	-1.0
167.22812	-1.0
167.23083	-1.0
167.23528	-1.0
167.25768	1.0
167.26024	1.0
167.30548	-1.0
167.3234	-1.0
167.36256	-1.0
167.43024	-1.0
167.55795	-1.0
167.56155	-1.0
167.65076	-1.0
167.70956	-1.0
167.71243	-1.0
167.71616	1.0
167.77284	-1.0
167.79443	-1.0
167.86195	-1.0
167.8708	-1.0
167.87453	-1.0
167.89096	-1.0
167.95052	-1.0
167.97888	-1.0
167.9826	-1.0
168.0042	1.0
168.00671	1.0
168.0196	-1.0
172.90048	-1.0
172.9124	-1.0
172.91676	-1.0
172.92276	-1.0
172.92883	-1.0
172.93712	1.0
172.95049	1.0
172.96132	-1.0
172.97131	1.0
172.997	1.0
173.00809	-1.0
173.04993	1.0
173.06268	-1.0
173.13857	-1.0
173.14417	1.0
173.15164	-1.0
173.16563	-1.0
173.19876	-1.0
173.21112	-1.0
173.21835	-1.0
173.23409	-1.0
173.25684	-1.0
173.32028	-1.0
173.33212	1.0
173.33469	1.0
173.36008	-1.0
173.38528	1.0
173.46536	-1.0
173.469	-1.0
173.50945	-1.0
173.5144	-1.0
173.55072	-1.0
173.55383	-1.0
173.57455	-1.0
173.58376	-1.0
173.597	-1.0
173.61935	-1.0
173.63248	-1.0
173.646	-1.0
173.67824	-1.0
173.7926	-1.0
173.80252	1.0
173.8344	-1.0
173.90244	-1.0
173.92624	1.0
174.0224	-1.0
174.04189	-1.0
174.10371	-1.0
174.19572	-1.0
174.20412	-1.0
174.23064	-1.0
174.23569	1.0
174.23865	-1.0
174.38023	-1.0
174.385	-1.0
174.39568	-1.0
179.03688	-1.0
179.04796	-1.0
179.0506	-1.0
179.05373	-1.0
179.06503	-1.0
179.08208	1.0
179.08572	-1.0
179.1008	-1.0
179.10815	-1.0
179.14252	-1.0
179.164	-1.0
179.1668	-1.0
179.20668	-1.0
179.22945	-1.0
179.26932	-1.0
179.2908	1.0
179.29332	1.0
179.29665	-1.0
179.32948	-1.0
179.33289	-1.0
179.35608	1.0
179.39084	-1.0
179.40231	-1.0
179.4256	-1.0
179.47156	-1.0
179.48347	-1.0
179.52208	-1.0
179.52992	-1.0
179.54665	-1.0
179.58575	-1.0
179.59236	-1.0
179.63171	-1.0
179.6548	-1.0
179.661	-1.0
179.68848	-1.0
179.6914	-1.0
179.738	-1.0
179.75916	-1.0
179.76248	-1.0
179.7824	-1.0
179.81483	-1.0
179.83972	-1.0
179.84293	-1.0
179.90016	-1.0
179.90356	-1.0
179.96512	-1.0
180.00871	-1.0
180.03375	-1.0
180.06905	-1.0
180.09132	1.0
180.09392	1.0
180.11903	-1.0
180.15092	-1.0
180.15456	-1.0
180.20547	1.0
180.20932	-1.0
180.26364	-1.0
180.28148	-1.0
180.28716	-1.0
180.32516	1.0
180.38116	-1.0
180.41876	-1.0
180.44048	-1.0
184.81752	-1.0
184.8264	1.0
184.83331	-1.0
184.84024	-1.0
184.84384	-1.0
184.84924	-1.0
184.8518	-1.0
184.86629	-1.0
184.88692	-1.0
184.89328	-1.0
184.90152	1.0
184.91393	1.0
184.94373	-1.0
184.96364	-1.0
184.9674	-1.0
184.97032	1.0
185.0076	-1.0
185.02484	1.0
185.0276	1.0
185.06096	-1.0
185.07428	-1.0
185.12177	-1.0
185.12495	-1.0
185.16556	-1.0
185.1738	-1.0
185.22536	-1.0
185.22787	1.0
185.27235	-1.0
185.27795	-1.0
185.30568	-1.0
185.32808	1.0
185.38152	-1.0
185.39656	-1.0
185.41248	-1.0
185.43307	1.0
185.50072	-1.0
185.51463	1.0
185.51924	-1.0
185.55296	-1.0
185.6084	1.0
185.61092	1.0
185.6444	1.0
185.65256	-1.0
185.68951	-1.0
185.6926	-1.0
185.69624	-1.0
185.73396	-1.0
185.78185	-1.0
185.82616	-1.0
185.82892	-1.0
185.86476	-1.0
185.88084	-1.0
185.9042	-1.0
185.96625	-1.0
185.99477	-1.0
186.0048	-1.0
186.07156	-1.0
186.08424	-1.0
186.37283	-1.0
186.40028	-1.0
186.4164	-1.0
186.43088	-1.0
186.48029	-1.0
190.2154	-1.0
190.2358	-1.0
190.23907	-1.0
190.24576	-1.0
190.24889	-1.0
190.25496	-1.0
190.25812	-1.0
190.27492	1.0
190.291	-1.0
190.29396	-1.0
190.31296	-1.0
190.34283	-1.0
190.35732	-1.0
190.41405	-1.0
190.41956	-1.0
190.45276	-1.0
190.4656	-1.0
190.48029	-1.0
190.51073	-1.0
190.51337	-1.0
190.52911	-1.0
190.53284	-1.0
190.53757	-1.0
190.5408	-1.0
190.54504	-1.0
190.56256	-1.0
190.57973	-1.0
190.59068	-1.0
190.61385	-1.0
190.678	-1.0
190.68085	-1.0
190.6866	-1.0
190.7	-1.0
190.7308	-1.0
190.73737	1.0
190.74016	-1.0
190.76816	1.0
190.77184	-1.0
190.77563	1.0
190.8198	1.0
190.82268	1.0
190.85396	-1.0
190.8782	-1.0
190.91447	-1.0
191.0374	-1.0
191.0442	1.0
191.05035	-1.0
191.07404	-1.0
191.08015	-1.0
191.10509	-1.0
191.1486	-1.0
191.21024	-1.0
191.25868	-1.0
191.26347	-1.0
191.31483	1.0
191.38087	-1.0
191.39249	-1.0
191.3966	-1.0
191.41248	-1.0
191.43024	-1.0
191.52048	-1.0
191.58543	-1.0
191.60516	1.0
191.8206	-1.0
191.8608	-1.0
196.0348	-1.0
196.04337	-1.0
196.0532	-1.0
196.06303	-1.0
196.0676	-1.0
196.08688	-1.0
196.09648	-1.0
196.10172	-1.0
196.10815	-1.0
196.12152	-1.0
196.14204	-1.0
196.19237	-1.0
196.19604	-1.0
196.21672	-1.0
196.22092	1.0
196.22343	-1.0
196.24088	-1.0
196.27376	1.0
196.29184	-1.0
196.29736	1.0
196.29996	1.0
196.31152	-1.0
196.3158	-1.0
196.34328	-1.0
196.36256	-1.0
196.42291	1.0
196.4788	-1.0
196.48624	-1.0
196.502	-1.0
196.50604	-1.0
196.51295	-1.0
196.51675	-1.0
196.55045	-1.0
196.62396	-1.0
196.62732	-1.0
196.69585	-1.0
196.71132	-1.0
196.74016	1.0
196.80876	-1.0
196.84268	-1.0
196.8826	-1.0
196.92844	-1.0
196.96211	-1.0
197.00064	1.0
197.05148	1.0
197.15968	-1.0
197.20811	-1.0
197.25256	-1.0
197.26357	1.0
197.26744	-1.0
197.35788	1.0
197.3604	1.0
197.39972	-1.0
197.46413	-1.0
201.93712	-1.0
201.94415	-1.0
201.98811	-1.0
201.99084	-1.0
201.99356	-1.0
202.00784	-1.0
202.01236	-1.0
202.03831	-1.0
202.04384	-1.0
202.05284	-1.0
202.05605	-1.0
202.05911	-1.0
202.06752	-1.0
202.07576	-1.0
202.09544	-1.0
202.12068	-1.0
202.14932	-1.0
202.15944	1.0
202.16257	-1.0
202.23972	1.0
202.24223	1.0
202.25688	-1.0
202.28148	-1.0
202.30916	-1.0
202.35588	-1.0
202.37788	-1.0
202.39264	-1.0
202.41196	1.0
202.44208	-1.0
202.4778	-1.0
202.51048	-1.0
202.51732	-1.0
202.5496	-1.0
202.64397	-1.0
202.65796	1.0
202.70256	-1.0
202.7262	-1.0
202.72955	-1.0
202.7984	-1.0
202.82272	-1.0
202.85352	-1.0
202.90468	-1.0
202.9288	-1.0
202.9574	-1.0
202.97269	-1.0
202.98108	-1.0
203.01604	1.0
203.05605	-1.0
203.07845	-1.0
203.0816	-1.0
203.24487	-1.0
203.25056	-1.0
203.2788	-1.0
203.42969	-1.0
203.4458	-1.0
207.83372	-1.0
207.85645	-1.0
207.87029	-1.0
207.8788	-1.0
207.89832	-1.0
207.90108	-1.0
207.91257	-1.0
207.9162	-1.0
207.92328	1.0
207.92957	-1.0
207.96487	-1.0
207.97508	-1.0
207.9776	-1.0
207.981	-1.0
208.03577	-1.0
208.03828	-1.0
208.05756	-1.0
208.06056	-1.0
208.06732	-1.0
208.10004	-1.0
208.14964	-1.0
208.17113	-1.0
208.19183	-1.0
208.22173	-1.0
208.22491	-1.0
208.2346	-1.0
208.25168	-1.0
208.2814	-1.0
208.29556	1.0
208.3942	-1.0
208.40897	-1.0
208.42896	-1.0
208.43233	-1.0
208.45164	-1.0
208.47928	-1.0
208.51804	-1.0
208.55832	-1.0
208.57668	-1.0
208.60428	-1.0
208.61829	-1.0
208.661	-1.0
208.71107	-1.0
208.71445	-1.0
208.75217	-1.0
208.80992	1.0
208.82716	-1.0
208.89136	-1.0
208.94035	-1.0
208.95747	-1.0
208.99608	-1.0
209.01776	1.0
209.03656	-1.0
209.0782	1.0
209.13316	-1.0
209.17612	-1.0
209.23537	1.0
209.23984	-1.0
209.28767	-1.0
209.29068	-1.0
209.3466	-1.0
209.35435	-1.0
209.397	-1.0
213.6954	-1.0
213.7032	-1.0
213.71445	-1.0
213.71884	-1.0
213.723	-1.0
213.73996	-1.0
213.74297	-1.0
213.74615	-1.0
213.75284	-1.0
213.79276	-1.0
213.80724	-1.0
213.82756	-1.0
213.83131	-1.0
213.83417	1.0
213.852	1.0
213.85712	-1.0
213.89136	-1.0
213.89644	-1.0
213.89944	1.0
213.90608	-1.0
213.93648	-1.0
213.94225	-1.0
213.946	-1.0
213.97491	-1.0
213.9934	-1.0
214.00412	-1.0
214.02776	-1.0
214.03192	-1.0
214.03528	-1.0
214.06184	-1.0
214.06596	-1.0
214.1188	-1.0
214.13036	-1.0
214.14064	-1.0
214.15724	-1.0
214.17892	-1.0
214.18507	-1.0
214.20576	-1.0
214.2158	-1.0
214.25952	-1.0
214.29192	-1.0
214.3364	-1.0
214.34372	1.0
214.3938	-1.0
214.40176	-1.0
214.4052	-1.0
214.42725	-1.0
214.44368	-1.0
214.495	-1.0
214.50365	-1.0
214.51416	-1.0
214.53876	1.0
214.54189	-1.0
214.55748	-1.0
214.57632	-1.0
214.61128	-1.0
214.71272	-1.0
214.7516	-1.0
214.75836	-1.0
214.76228	-1.0
214.7662	-1.0
214.81824	1.0
214.82336	-1.0
214.8514	-1.0
214.86552	-1.0
214.9056	-1.0
214.9086	-1.0
214.91373	-1.0
215.02908	1.0
215.18475	-1.0
215.2174	-1.0
219.29517	-1.0
219.31316	-1.0
219.32872	1.0
219.33195	1.0
219.3456	-1.0
219.35936	1.0
219.36212	1.0
219.3864	-1.0
219.39587	-1.0
219.3988	-1.0
219.417	1.0
219.42004	-1.0
219.43808	-1.0
219.47185	-1.0
219.47656	-1.0
219.48051	-1.0
219.49292	-1.0
219.51936	-1.0
219.53716	-1.0
219.54832	-1.0
219.55176	-1.0
219.56429	-1.0
219.57095	-1.0
219.59344	-1.0
219.62776	-1.0
219.6386	-1.0
219.64227	-1.0
219.67123	-1.0
219.67992	-1.0
219.696	1.0
219.76976	-1.0
219.77837	-1.0
219.78804	-1.0
219.80856	-1.0
219.81616	-1.0
219.8846	-1.0
219.9132	-1.0
219.9424	-1.0
219.94588	-1.0
220.03049	-1.0
220.0672	-1.0
220.08548	-1.0
220.1014	-1.0
220.11844	-1.0
220.13596	-1.0
220.18356	1.0
220.20964	-1.0
220.22964	-1.0
220.2994	-1.0
220.303	-1.0
220.31808	-1.0
220.3288	-1.0
220.33807	1.0
220.3488	-1.0
220.3582	-1.0
220.40231	1.0
220.40556	-1.0
220.42651	-1.0
220.46976	-1.0
220.48492	-1.0
220.58084	1.0
220.58412	-1.0
220.6228	-1.0
220.63452	-1.0
220.71664	-1.0
220.73404	-1.0
220.76167	-1.0
225.25945	-1.0
225.26564	-1.0
225.28316	-1.0
225.28587	-1.0
225.2992	-1.0
225.3208	-1.0
225.32616	1.0
225.38647	-1.0
225.40929	-1.0
225.41284	-1.0
225.41936	1.0
225.422	1.0
225.43408	-1.0
225.47	1.0
225.4728	-1.0
225.48012	-1.0
225.515	1.0
225.51768	1.0
225.55956	-1.0
225.57664	1.0
225.57928	1.0
225.58244	-1.0
225.63104	-1.0
225.6546	-1.0
225.69257	-1.0
225.70705	1.0
225.70956	1.0
225.76125	-1.0
225.7828	-1.0
225.7858	-1.0
225.80864	-1.0
225.82076	-1.0
225.83688	-1.0
225.93108	-1.0
225.94595	-1.0
225.97504	-1.0
226.00703	-1.0
226.0108	-1.0
226.02077	-1.0
226.03725	-1.0
226.05516	-1.0
226.05896	-1.0
226.06244	-1.0
226.11296	-1.0
226.15648	-1.0
226.16985	-1.0
226.17651	-1.0
226.20113	1.0
226.25856	-1.0
226.29012	-1.0
226.33356	-1.0
226.36272	-1.0
226.3782	-1.0
226.39172	1.0
226.39896	-1.0
226.49152	-1.0
226.49896	-1.0
226.50276	-1.0
226.5062	-1.0
226.5408	1.0
226.7434	-1.0
226.85992	-1.0
226.86836	1.0
226.9314	-1.0
230.76492	-1.0
230.77928	-1.0
230.78796	-1.0
230.79352	-1.0
230.80176	1.0
230.80548	-1.0
230.80975	-1.0
230.81268	-1.0
230.82928	-1.0
230.83484	-1.0
230.85788	-1.0
230.86952	-1.0
230.89268	-1.0
230.91171	-1.0
230.91924	-1.0
230.92424	1.0
230.92676	1.0
230.95769	-1.0
230.96204	-1.0
230.9876	-1.0
231.001	1.0
231.00352	1.0
231.01324	-1.0
231.0566	-1.0
231.07152	-1.0
231.0998	-1.0
231.15433	-1.0
231.18623	-1.0
231.239	-1.0
231.24448	-1.0
231.26295	-1.0
231.27625	-1.0
231.29189	1.0
231.31133	-1.0
231.36484	-1.0
231.43095	-1.0
231.46243	-1.0
231.473	-1.0
231.4806	1.0
231.53648	-1.0
231.54083	-1.0
231.59192	-1.0
231.65063	-1.0
231.66891	-1.0
231.67628	-1.0
231.7332	-1.0
231.7426	-1.0
231.78624	-1.0
231.83644	-1.0
231.9118	-1.0
231.92989	-1.0
231.98737	-1.0
232.0276	-1.0
232.12036	-1.0
236.61111	1.0
236.6242	-1.0
236.63332	1.0
236.64656	-1.0
236.65352	-1.0
236.66536	-1.0
236.66965	-1.0
236.68411	-1.0
236.70535	-1.0
236.7198	-1.0
236.73332	-1.0
236.74773	-1.0
236.779	-1.0
236.7816	-1.0
236.78412	-1.0
236.80025	-1.0
236.84764	-1.0
236.8656	1.0
236.87048	-1.0
236.88904	-1.0
236.94057	-1.0
236.94472	-1.0
236.96228	1.0
236.993	-1.0
237.01376	-1.0
237.06177	-1.0
237.06927	-1.0
237.0724	-1.0
237.10625	-1.0
237.18813	-1.0
237.27708	-1.0
237.33076	-1.0
237.34831	-1.0
237.36348	-1.0
237.37088	-1.0
237.39607	1.0
237.55003	-1.0
237.59464	-1.0
237.64323	-1.0
237.64812	-1.0
237.74156	-1.0
237.79712	-1.0
237.8058	-1.0
237.87204	1.0
237.91763	-1.0
237.92548	-1.0
238.04144	-1.0
242.15115	-1.0
242.15752	-1.0
242.16647	-1.0
242.17964	-1.0
242.19736	-1.0
242.20325	-1.0
242.22089	-1.0
242.22876	-1.0
242.24995	-1.0
242.26167	-1.0
242.27008	-1.0
242.27328	1.0
242.30496	1.0
242.30748	1.0
242.36052	-1.0
242.38284	-1.0
242.38773	1.0
242.39185	-1.0
242.41309	-1.0
242.42848	-1.0
242.43823	1.0
242.55168	-1.0
242.55716	-1.0
242.5904	-1.0
242.64824	-1.0
242.67155	-1.0
242.69832	-1.0
242.70692	-1.0
242.75244	-1.0
242.76756	1.0
242.809	-1.0
242.82327	-1.0
242.89272	-1.0
242.90443	-1.0
242.9148	-1.0
242.95036	-1.0
242.95596	-1.0
242.97876	-1.0
243.01416	-1.0
243.03165	-1.0
243.05284	-1.0
243.09145	-1.0
243.10413	-1.0
243.14417	-1.0
243.16264	-1.0
243.20416	-1.0
243.25545	-1.0
243.25871	-1.0
243.32729	-1.0
243.4614	-1.0
243.50444	-1.0
243.54964	-1.0
243.61784	-1.0
248.63292	-1.0
248.64352	-1.0
248.65492	-1.0
248.66785	1.0
248.6778	-1.0
248.68192	-1.0
248.69205	-1.0
248.70268	1.0
248.72491	-1.0
248.74332	-1.0
248.74763	-1.0
248.75084	-1.0
248.75932	-1.0
248.76228	-1.0
248.78944	-1.0
248.79243	-1.0
248.80556	-1.0
248.82307	-1.0
248.82568	-1.0
248.83888	-1.0
248.87112	1.0
248.87367	1.0
248.8852	-1.0
248.89185	-1.0
248.92552	-1.0
248.95113	-1.0
248.98868	-1.0
248.99213	-1.0
249.00128	-1.0
249.04549	-1.0
249.081	-1.0
249.1104	-1.0
249.13608	-1.0
249.14304	-1.0
249.20772	1.0
249.21149	-1.0
249.24904	-1.0
249.25308	-1.0
249.28873	-1.0
249.31664	-1.0
249.38644	-1.0
249.39989	-1.0
249.45552	-1.0
249.5848	-1.0
249.60576	-1.0
249.62537	-1.0
249.63832	-1.0
249.67744	-1.0
249.72104	-1.0
249.81532	-1.0
249.86217	-1.0
249.87152	-1.0
249.89249	-1.0
249.94987	-1.0
250.02708	-1.0
250.0542	-1.0
250.06888	-1.0
250.15004	-1.0
254.99709	-1.0
255.00977	-1.0
255.0132	-1.0
255.0328	1.0
255.05048	-1.0
255.06557	-1.0
255.07912	-1.0
255.08353	-1.0
255.09856	-1.0
255.10191	-1.0
255.10783	-1.0
255.13696	-1.0
255.1424	-1.0
255.153	-1.0
255.23264	-1.0
255.2364	-1.0
255.26	1.0
255.2754	-1.0
255.29044	-1.0
255.31252	-1.0
255.323	-1.0
255.34389	-1.0
255.37675	-1.0
255.39084	-1.0
255.39812	-1.0
255.44077	-1.0
255.44836	-1.0
255.49004	-1.0
255.5324	-1.0
255.56323	-1.0
255.58057	-1.0
255.59668	-1.0
255.60349	1.0
255.6102	1.0
255.7152	-1.0
255.72176	-1.0
255.7428	-1.0
255.75504	-1.0
255.7688	-1.0
255.78123	-1.0
255.78676	-1.0
255.92096	-1.0
255.93327	-1.0
256.0124	-1.0
256.02524	-1.0
256.03488	-1.0
256.05856	-1.0
256.07236	-1.0
256.09525	-1.0
256.11984	-1.0
256.12424	-1.0
256.1927	-1.0
256.20087	-1.0
256.31747	-1.0
256.32532	-1.0
260.2532	-1.0
260.2784	-1.0
260.29688	-1.0
260.30316	-1.0
260.32196	-1.0
260.32687	-1.0
260.35703	-1.0
260.36215	-1.0
260.3752	-1.0
260.38284	-1.0
260.39505	-1.0
260.40784	-1.0
260.41104	-1.0
260.46573	-1.0
260.47318	-1.0
260.49988	-1.0
260.53723	-1.0
260.54456	-1.0
260.55795	-1.0
260.5708	1.0
260.57465	-1.0
260.5888	-1.0
260.59412	-1.0
260.60956	-1.0
260.6316	-1.0
260.7298	-1.0
260.7526	-1.0
260.76175	-1.0
260.8014	1.0
260.80392	1.0
260.83633	-1.0
260.849	-1.0
260.88696	-1.0
260.92664	-1.0
260.94785	-1.0
261.00812	-1.0
261.0223	-1.0
261.068	-1.0
261.13736	-1.0
261.14395	-1.0
261.15692	-1.0
261.1674	-1.0
261.24313	-1.0
261.26068	-1.0
261.39233	-1.0
261.47147	-1.0
261.62076	-1.0
265.74332	-1.0
265.7917	-1.0
265.82257	-1.0
265.8548	-1.0
265.87372	-1.0
265.90985	-1.0
265.9754	-1.0
266.00696	-1.0
266.013	-1.0
266.01907	1.0
266.02335	-1.0
266.02875	-1.0
266.03845	-1.0
266.13477	-1.0
266.15063	-1.0
266.18005	-1.0
266.18723	-1.0
266.2156	-1.0
266.23648	-1.0
266.26917	-1.0
266.28613	-1.0
266.31088	-1.0
266.31396	-1.0
266.37625	-1.0
266.382	-1.0
266.39117	-1.0
266.40933	-1.0
266.41644	-1.0
266.54004	-1.0
266.55417	-1.0
266.58908	-1.0
266.6981	-1.0
266.78143	-1.0
266.82437	-1.0
266.83923	-1.0
266.8893	-1.0
267.04367	-1.0
271.27924	-1.0
271.29172	-1.0
271.30444	-1.0
271.3102	1.0
271.33286	-1.0
271.34827	-1.0
271.3785	-1.0
271.38467	-1.0
271.3975	1.0
271.41324	-1.0
271.4161	-1.0
271.42917	-1.0
271.43936	-1.0
271.48596	-1.0
271.50812	-1.0
271.5161	-1.0
271.53693	-1.0
271.54257	-1.0
271.57483	-1.0
271.57907	1.0
271.58167	1.0
271.6025	-1.0
271.6094	-1.0
271.6267	-1.0
271.66187	-1.0
271.6927	-1.0
271.72653	-1.0
271.76508	-1.0
271.7768	-1.0
271.79565	-1.0
271.8434	-1.0
271.90347	-1.0
271.92465	-1.0
271.9418	-1.0
271.96216	-1.0
271.96704	-1.0
271.98026	-1.0
272.0427	-1.0
272.0471	-1.0
272.10617	-1.0
272.1587	-1.0
272.23257	-1.0
272.25488	-1.0
272.32605	-1.0
272.39087	-1.0
272.40372	1.0
272.48495	-1.0
272.56067	-1.0
274.86508	-1.0
274.87775	-1.0
274.88232	-1.0
274.95312	-1.0
274.95673	-1.0
274.97385	-1.0
274.98203	-1.0
275.0264	-1.0
275.0353	-1.0
275.05692	-1.0
275.0633	-1.0
275.07324	-1.0
275.0933	-1.0
275.0995	1.0
275.12277	-1.0
275.18997	-1.0
275.19812	-1.0
275.20786	-1.0
275.2187	-1.0
275.24188	-1.0
275.2444	-1.0
275.30228	-1.0
275.3401	-1.0
275.35413	-1.0
275.38232	-1.0
275.3849	-1.0
275.4131	-1.0
275.4511	-1.0
275.47913	-1.0
275.51492	-1.0
275.59967	-1.0
275.61084	-1.0
275.6454	-1.0
275.7125	-1.0
275.72168	-1.0
275.7425	-1.0
275.8517	-1.0
275.88736	-1.0
275.92255	-1.0
275.94153	-1.0
275.94775	-1.0
275.9941	-1.0
276.0266	-1.0
276.04855	-1.0
281.37585	-1.0
281.37863	-1.0
281.3874	1.0
281.408	-1.0
281.411	-1.0
281.41904	-1.0
281.4348	-1.0
281.4781	1.0
281.4825	-1.0
281.4852	-1.0
281.50183	-1.0
281.5165	-1.0
281.54596	-1.0
281.55316	-1.0
281.57352	-1.0
281.59576	-1.0
281.62415	-1.0
281.62817	-1.0
281.63147	-1.0
281.69016	1.0
281.73013	-1.0
281.73868	-1.0
281.77603	-1.0
281.8137	-1.0
281.8212	-1.0
281.83688	-1.0
281.85333	-1.0
281.89908	-1.0
281.9102	1.0
281.921	-1.0
281.92917	-1.0
281.94525	-1.0
281.96555	-1.0
281.98337	1.0
282.02652	-1.0
282.05933	-1.0
282.08005	-1.0
282.10983	-1.0
282.147	-1.0
282.2653	-1.0
282.44852	-1.0
282.47583	-1.0
282.49677	-1.0
282.5815	-1.0
286.46063	-1.0
286.49384	-1.0
286.49832	-1.0
286.52032	-1.0
286.52963	-1.0
286.545	-1.0
286.55185	-1.0
286.57095	-1.0
286.61743	-1.0
286.67844	1.0
286.75195	-1.0
286.78967	-1.0
286.85388	-1.0
286.8708	-1.0
286.87503	-1.0
286.88367	-1.0
286.91095	-1.0
286.95532	1.0
286.9755	-1.0
286.98227	1.0
286.99457	-1.0
287.03525	-1.0
287.08948	-1.0
287.12396	-1.0
287.30777	-1.0
287.31204	-1.0
287.3209	-1.0
287.3693	-1.0
287.419	-1.0
287.47336	-1.0
287.4978	-1.0
287.5247	-1.0
287.61328	-1.0
287.64935	-1.0
290.01593	-1.0
290.05124	-1.0
290.06042	-1.0
290.07352	1.0
290.08545	-1.0
290.10928	-1.0
290.1241	-1.0
290.18707	-1.0
290.19125	-1.0
290.25595	-1.0
290.26648	-1.0
290.29367	-1.0
290.3004	-1.0
290.33267	-1.0
290.3979	-1.0
290.41483	1.0
290.4197	-1.0
290.46567	-1.0
290.48288	-1.0
290.60544	-1.0
290.62695	-1.0
290.64185	-1.0
290.7282	-1.0
290.771	-1.0
290.79715	1.0
290.8202	-1.0
290.87363	-1.0
290.91504	-1.0
290.94583	-1.0
290.9828	-1.0
291.09824	-1.0
291.11673	-1.0
291.16443	-1.0
295.49597	-1.0
295.51883	-1.0
295.5242	-1.0
295.54343	-1.0
295.5646	-1.0
295.5839	-1.0
295.5924	-1.0
295.64005	-1.0
295.64435	-1.0
295.68207	-1.0
295.70633	-1.0
295.72223	-1.0
295.7488	-1.0
295.7638	-1.0
295.7719	1.0
295.79507	-1.0
295.80103	-1.0
295.814	-1.0
295.83768	-1.0
295.88788	-1.0
295.90805	-1.0
295.9533	-1.0
296.00684	-1.0
296.05457	-1.0
296.2199	-1.0
296.26517	-1.0
296.28	-1.0
296.324	1.0
296.35736	-1.0
296.37155	-1.0
296.37656	-1.0
296.40225	-1.0
296.43155	-1.0
296.48096	-1.0
296.5066	-1.0
296.65448	-1.0
296.66492	-1.0
300.41852	-1.0
300.44708	-1.0
300.4552	-1.0
300.47308	-1.0
300.49576	-1.0
300.50235	-1.0
300.51416	-1.0
300.54788	-1.0
300.5604	1.0
300.59573	-1.0
300.6184	-1.0
300.6504	-1.0
300.6538	-1.0
300.6882	-1.0
300.70807	-1.0
300.72717	-1.0
300.7553	-1.0
300.77136	1.0
300.77386	1.0
300.79648	-1.0
300.86203	-1.0
300.9347	-1.0
300.95407	-1.0
300.98148	-1.0
301.0772	-1.0
301.10297	-1.0
301.12097	-1.0
301.1624	-1.0
301.29755	-1.0
301.61752	-1.0
301.66873	-1.0
301.69028	-1.0
305.44904	1.0
305.50146	-1.0
305.52097	-1.0
305.5393	-1.0
305.58105	-1.0
305.58356	-1.0
305.6125	-1.0
305.62177	1.0
305.63367	-1.0
305.6375	-1.0
305.64728	-1.0
305.71906	-1.0
305.75516	1.0
305.76907	-1.0
305.79245	-1.0
305.79535	-1.0
305.8	-1.0
305.82507	-1.0
305.89804	-1.0
305.903	-1.0
305.90765	-1.0
305.9193	-1.0
305.93256	-1.0
305.9982	-1.0
306.23825	-1.0
306.24744	-1.0
306.2728	-1.0
306.47925	-1.0
306.6058	-1.0
306.6508	-1.0
306.65497	-1.0
306.7437	-1.0
310.24344	-1.0
310.27573	-1.0
310.3152	-1.0
310.33176	-1.0
310.36795	-1.0
310.372	-1.0
310.42184	-1.0
310.44653	-1.0
310.4573	-1.0
310.49396	-1.0
310.50848	-1.0
310.51175	-1.0
310.52576	-1.0
310.54724	1.0
310.55908	-1.0
310.59265	-1.0
310.62296	-1.0
310.64688	-1.0
310.6999	-1.0
310.7314	-1.0
310.76465	-1.0
310.87125	-1.0
310.89124	-1.0
310.89783	-1.0
310.92892	-1.0
310.94357	-1.0
310.95135	-1.0
310.9629	-1.0
311.09888	-1.0
311.1135	-1.0
311.12164	-1.0
311.1536	-1.0
311.1931	-1.0
311.22107	-1.0
311.24472	-1.0
311.41528	-1.0
315.91388	-1.0
315.96704	-1.0
315.98364	-1.0
316.0009	-1.0
316.01297	-1.0
316.01617	-1.0
316.02948	-1.0
316.08667	-1.0
316.12784	-1.0
316.19357	-1.0
316.2182	1.0
316.22076	1.0
316.2464	-1.0
316.2728	-1.0
316.32327	-1.0
316.34528	-1.0
316.39636	-1.0
316.40244	-1.0
316.41876	-1.0
316.42548	-1.0
316.439	-1.0
316.45395	-1.0
316.5092	-1.0
316.54437	-1.0
316.60715	-1.0
316.66733	-1.0
316.67313	-1.0
316.78128	-1.0
316.81955	-1.0
320.98245	-1.0
320.994	-1.0
321.00204	-1.0
321.00665	-1.0
321.026	-1.0
321.04388	-1.0
321.05023	-1.0
321.10526	-1.0
321.11868	-1.0
321.13983	-1.0
321.17407	-1.0
321.20496	-1.0
321.20956	-1.0
321.2278	-1.0
321.23495	-1.0
321.24893	-1.0
321.29904	-1.0
321.3404	-1.0
321.35825	-1.0
321.38043	-1.0
321.38297	-1.0
321.40283	-1.0
321.42612	1.0
321.5026	-1.0
321.5157	-1.0
321.56085	1.0
321.564	-1.0
321.6147	-1.0
321.6404	-1.0
321.75165	-1.0
321.7806	-1.0
321.80783	-1.0
321.87344	-1.0
321.87653	-1.0
321.9261	-1.0
321.95444	-1.0
322.03165	-1.0
325.92422	-1.0
325.9309	-1.0
325.94675	-1.0
325.95703	-1.0
325.97333	-1.0
326.0016	-1.0
326.00467	-1.0
326.06085	-1.0
326.06616	-1.0
326.13077	-1.0
326.177	-1.0
326.24857	1.0
326.2534	-1.0
326.31125	-1.0
326.3154	-1.0
326.34528	-1.0
326.38376	-1.0
326.40195	1.0
326.44537	-1.0
326.52795	-1.0
326.58008	-1.0
326.59912	-1.0
326.62903	-1.0
326.8603	-1.0
326.96976	-1.0
326.9916	-1.0
327.12344	-1.0
327.15384	-1.0
331.81415	-1.0
331.82672	-1.0
331.85263	-1.0
331.86972	-1.0
331.88812	-1.0
331.91177	-1.0
331.92728	-1.0
331.97128	-1.0
331.992	1.0
331.99945	-1.0
332.0256	-1.0
332.06744	-1.0
332.08957	1.0
332.09308	-1.0
332.13507	-1.0
332.23712	-1.0
332.24005	-1.0
332.2816	-1.0
332.35623	-1.0
332.49335	-1.0
332.55463	-1.0
332.5608	-1.0
332.694	-1.0
332.72964	-1.0
332.75204	-1.0
332.794	-1.0
338.17957	-1.0
338.20328	-1.0
338.23163	-1.0
338.23755	-1.0
338.24185	-1.0
338.2555	1.0
338.266	-1.0
338.26868	-1.0
338.29633	-1.0
338.3112	1.0
338.3336	-1.0
338.35687	-1.0
338.38397	-1.0
338.4544	-1.0
338.49707	-1.0
338.53436	-1.0
338.54095	-1.0
338.5602	-1.0
338.62933	-1.0
338.63672	-1.0
338.6412	-1.0
338.6988	-1.0
338.7162	-1.0
338.7495	-1.0
338.81827	-1.0
338.84537	-1.0
338.87872	-1.0
338.91293	-1.0
338.95673	-1.0
338.96164	1.0
338.9645	1.0
339.07297	-1.0
339.0915	-1.0
339.32263	-1.0
343.2221	-1.0
343.23193	-1.0
343.28265	-1.0
343.2864	-1.0
343.29672	-1.0
343.29947	-1.0
343.36688	-1.0
343.38077	-1.0
343.40747	-1.0
343.41336	-1.0
343.42673	-1.0
343.49283	-1.0
343.5633	-1.0
343.5658	1.0
343.5841	-1.0
343.60873	-1.0
343.6787	-1.0
343.69336	-1.0
343.7098	1.0
343.71252	-1.0
343.71692	-1.0
343.78577	-1.0
343.93753	-1.0
343.94547	-1.0
343.9969	-1.0
348.60208	-1.0
348.6278	-1.0
348.67044	-1.0
348.6819	-1.0
348.73785	-1.0
348.77985	-1.0
348.7998	-1.0
348.86627	-1.0
348.8956	-1.0
348.90695	-1.0
348.93137	-1.0
348.98077	-1.0
348.99673	-1.0
348.99988	-1.0
349.0944	-1.0
349.1587	-1.0
349.32428	-1.0
349.37296	-1.0
349.37988	-1.0
349.39355	-1.0
349.40417	-1.0
349.41687	-1.0
349.43127	-1.0
349.5122	-1.0
349.55957	-1.0
349.65253	-1.0
353.58984	-1.0
353.60123	-1.0
353.613	-1.0
353.6179	-1.0
353.6334	-1.0
353.64313	-1.0
353.6465	-1.0
353.67236	-1.0
353.6762	-1.0
353.71375	-1.0
353.73315	-1.0
353.7357	-1.0
353.8283	-1.0
353.86615	1.0
354.11008	-1.0
354.1917	-1.0
354.21185	-1.0
354.38275	-1.0
354.40332	-1.0
354.44443	-1.0
354.45673	-1.0
354.4926	-1.0
354.50168	-1.0
354.55612	-1.0
354.5594	-1.0
354.5793	-1.0
354.5826	-1.0
354.59137	-1.0
354.6546	-1.0
354.6748	-1.0
354.71216	-1.0
358.35672	-1.0
358.36816	-1.0
358.37668	-1.0
358.38025	-1.0
358.3903	1.0
358.46872	-1.0
358.49997	-1.0
358.5027	-1.0
358.53403	-1.0
358.53952	-1.0
358.6487	1.0
358.6622	-1.0
358.72095	-1.0
358.7488	-1.0
358.8517	-1.0
358.9276	-1.0
359.01056	-1.0
359.0152	-1.0
359.03357	-1.0
359.09244	-1.0
359.11353	-1.0
359.37753	-1.0
363.4832	-1.0
363.5112	-1.0
363.5326	-1.0
363.66348	-1.0
363.68896	-1.0
363.7182	-1.0
363.85104	-1.0
363.89523	-1.0
363.903	1.0
364.05768	1.0
364.14465	-1.0
364.2062	-1.0
364.24088	-1.0
364.29248	-1.0
364.3091	-1.0
364.33636	-1.0
364.45123	-1.0
364.48343	-1.0
364.54117	-1.0
368.42993	-1.0
368.45273	-1.0
368.51913	-1.0
368.54736	-1.0
368.6682	-1.0
368.68924	-1.0
368.86948	-1.0
368.888	-1.0
368.90707	-1.0
368.95697	-1.0
368.98077	1.0
369.02444	-1.0
369.06552	-1.0
369.15137	-1.0
369.1971	-1.0
369.2667	-1.0
373.10568	-1.0
373.12363	-1.0
373.162	-1.0
373.2184	-1.0
373.42865	-1.0
373.4623	-1.0
373.49097	1.0
373.49396	-1.0
373.58633	-1.0
373.65244	-1.0
373.6594	-1.0
373.6761	-1.0
373.81763	1.0
373.841	-1.0
373.92612	-1.0
373.97156	-1.0
373.98633	1.0
374.03745	-1.0
377.95056	-1.0
377.96844	-1.0
378.04724	-1.0
378.06577	-1.0
378.0996	-1.0
378.206	1.0
378.27277	-1.0
378.35477	-1.0
378.43408	-1.0
378.45865	-1.0
378.4944	-1.0
378.53424	-1.0
378.6262	-1.0
378.7926	-1.0
378.82635	-1.0
383.02237	-1.0
383.0372	-1.0
383.0673	-1.0
383.07172	-1.0
383.15335	-1.0
383.27127	-1.0
383.36035	1.0
383.4538	-1.0
383.45645	-1.0
383.46124	-1.0
383.5103	-1.0
383.54877	-1.0
383.63528	-1.0
383.70917	-1.0
383.77533	-1.0
383.8474	-1.0
383.87268	-1.0
383.9085	-1.0
383.95288	-1.0
384.01984	-1.0
384.06345	-1.0
388.0113	-1.0
388.02997	-1.0
388.047	-1.0
388.06964	-1.0
388.07764	-1.0
388.1159	-1.0
388.13248	1.0
388.17603	-1.0
388.35175	-1.0
388.37003	-1.0
388.40375	1.0
388.61673	-1.0
388.6541	-1.0
388.69217	-1.0
388.73236	-1.0
388.74417	-1.0
388.8242	-1.0
388.88565	1.0
388.9477	-1.0
392.7638	-1.0
392.76712	-1.0
392.8365	-1.0
392.8418	-1.0
392.9095	-1.0
392.9736	-1.0
393.08463	-1.0
393.29285	-1.0
393.361	1.0
393.3978	-1.0
393.477	-1.0
393.50412	-1.0
393.54013	-1.0
393.59277	-1.0
393.6358	-1.0
393.7387	-1.0
397.15793	-1.0
397.16232	-1.0
397.169	-1.0
397.1783	-1.0
397.19897	-1.0
397.27512	-1.0
397.30505	-1.0
397.45224	-1.0
397.46133	-1.0
397.50845	-1.0
397.53207	-1.0
397.61868	1.0
397.62253	-1.0
397.6469	-1.0
397.65475	-1.0
397.78275	-1.0
397.87048	-1.0
397.93167	-1.0
398.02097	-1.0
402.08487	-1.0
402.09845	-1.0
402.10208	-1.0
402.13516	-1.0
402.16397	-1.0
402.17593	1.0
402.27228	-1.0
402.4708	-1.0
402.48892	1.0
402.49405	-1.0
402.5089	-1.0
402.51553	1.0
402.51917	-1.0
402.5684	-1.0
402.61487	-1.0
402.6216	-1.0
402.82135	-1.0
402.868	-1.0
402.88293	-1.0
402.9042	-1.0
402.90744	-1.0
403.01993	-1.0
403.0584	-1.0
403.08563	-1.0
403.12988	-1.0
403.1324	-1.0
407.38712	-1.0
407.40924	-1.0
407.44843	-1.0
407.50183	-1.0
407.50943	-1.0
407.522	-1.0
407.64908	1.0
407.6736	1.0
407.75388	1.0
407.8022	-1.0
407.88132	-1.0
407.93085	-1.0
407.981	-1.0
408.01227	-1.0
408.03323	-1.0
408.0565	-1.0
408.13443	-1.0
408.138	-1.0
408.1419	-1.0
408.19553	-1.0
408.22568	-1.0
408.2806	-1.0
408.31665	-1.0
411.7306	-1.0
411.7661	-1.0
411.80933	-1.0
411.8186	1.0
411.82703	-1.0
411.84225	-1.0
411.84805	-1.0
411.8861	-1.0
411.9374	-1.0
412.00067	-1.0
412.0698	-1.0
412.07315	-1.0
412.11252	-1.0
412.1177	-1.0
412.1914	1.0
412.30472	-1.0
412.42313	-1.0
412.6415	-1.0
416.6259	-1.0
416.6365	-1.0
416.63995	-1.0
416.6482	-1.0
416.68585	-1.0
416.75195	1.0
416.77847	-1.0
416.85355	1.0
416.85696	-1.0
417.04495	1.0
417.04852	-1.0
417.1176	-1.0
417.1684	-1.0
417.25912	-1.0
417.31723	-1.0
417.34457	-1.0
417.3935	-1.0
417.44043	-1.0
417.50403	-1.0
421.24335	-1.0
421.2546	-1.0
421.26776	-1.0
421.28375	-1.0
421.31445	-1.0
421.32425	-1.0
421.46753	-1.0
421.59125	1.0
421.6066	-1.0
421.6372	1.0
421.69537	-1.0
421.69885	-1.0
421.73584	-1.0
421.77243	-1.0
421.84375	-1.0
421.868	-1.0
421.9194	-1.0
421.97336	-1.0
422.0224	-1.0
422.07968	-1.0
422.08356	-1.0
422.1454	-1.0
425.6416	-1.0
425.72827	-1.0
425.75497	1.0
425.76587	-1.0
425.7781	1.0
425.84836	-1.0
425.8777	-1.0
425.9092	-1.0
425.9428	1.0
425.95193	-1.0
426.00323	-1.0
426.06104	-1.0
426.12585	-1.0
426.1858	-1.0
426.2033	-1.0
426.33472	-1.0
426.3428	-1.0
426.40744	-1.0
426.51483	-1.0
426.54364	-1.0
429.56223	-1.0
429.59476	-1.0
429.61893	-1.0
429.64062	-1.0
429.6774	1.0
429.70172	-1.0
429.8604	-1.0
429.91568	-1.0
429.941	-1.0
429.96445	-1.0
429.96835	-1.0
429.99734	-1.0
430.00116	-1.0
430.04187	-1.0
430.16248	-1.0
430.23416	-1.0
430.23853	-1.0
430.28748	-1.0
433.5877	-1.0
433.61072	-1.0
433.65207	-1.0
433.66312	-1.0
433.67508	-1.0
433.70273	1.0
433.70865	1.0
433.72293	-1.0
433.94223	-1.0
434.02844	-1.0
434.0617	-1.0
434.11868	1.0
434.23615	-1.0
434.34976	-1.0
434.38757	-1.0
434.3977	-1.0
434.48328	-1.0
437.42465	-1.0
437.4366	-1.0
437.4597	-1.0
437.49503	-1.0
437.5038	1.0
437.5204	-1.0
437.54105	-1.0
437.69467	-1.0
437.76135	-1.0
437.81284	-1.0
437.89062	-1.0
437.9161	-1.0
437.91992	-1.0
438.01544	-1.0
438.18915	-1.0
438.22614	-1.0
438.26865	-1.0
442.47253	-1.0
442.47644	-1.0
442.53207	-1.0
442.54007	-1.0
442.5581	-1.0
442.56592	-1.0
442.6577	-1.0
442.7201	-1.0
442.77203	1.0
442.77612	-1.0
442.83868	-1.0
442.92715	-1.0
442.95828	-1.0
443.0638	-1.0
443.09113	1.0
443.13043	-1.0
443.1644	-1.0
443.33777	-1.0
446.30103	-1.0
446.3249	-1.0
446.40308	-1.0
446.4537	-1.0
446.59457	-1.0
446.60004	-1.0
446.6397	-1.0
446.65668	-1.0
446.73016	-1.0
446.75037	-1.0
446.7727	-1.0
446.77548	-1.0
446.79965	-1.0
446.85526	-1.0
446.9616	-1.0
447.0666	-1.0
450.3498	-1.0
450.36032	-1.0
450.38208	-1.0
450.39304	-1.0
450.4206	-1.0
450.44125	-1.0
450.46393	1.0
450.4789	-1.0
450.5848	-1.0
450.5884	-1.0
450.66223	1.0
450.7819	-1.0
450.82037	1.0
450.87015	-1.0
450.88156	1.0
450.90897	-1.0
450.9385	-1.0
451.0112	-1.0
451.0911	-1.0
453.90244	-1.0
453.9185	-1.0
453.93616	-1.0
453.956	-1.0
453.95868	-1.0
453.99976	-1.0
454.00427	-1.0
454.03824	-1.0
454.105	-1.0
454.15033	1.0
454.17853	-1.0
454.19775	1.0
454.25745	-1.0
454.2602	-1.0
454.26324	-1.0
454.285	-1.0
454.2875	-1.0
454.31863	-1.0
454.39117	-1.0
454.4334	-1.0
454.4373	-1.0
454.63403	-1.0
457.3992	-1.0
457.419	-1.0
457.44885	-1.0
457.4644	-1.0
457.50827	-1.0
457.62976	-1.0
457.67096	-1.0
457.69537	1.0
457.7397	-1.0
457.75427	1.0
457.7615	-1.0
457.81088	-1.0
457.93576	-1.0
457.96765	-1.0
458.08383	-1.0
458.20297	-1.0
460.6392	-1.0
460.67172	-1.0
460.6884	-1.0
460.7418	-1.0
460.78207	-1.0
460.8592	-1.0
460.9248	1.0
460.96973	-1.0
461.0446	1.0
461.08057	-1.0
461.1106	-1.0
461.11853	-1.0
461.14697	-1.0
461.2015	-1.0
461.23608	-1.0
461.30835	-1.0
461.31616	-1.0
461.35196	-1.0
464.13107	-1.0
464.14627	-1.0
464.18332	-1.0
464.2107	-1.0
464.24564	-1.0
464.2782	-1.0
464.3242	-1.0
464.3557	1.0
464.48203	-1.0
464.52545	-1.0
464.56937	-1.0
464.5767	-1.0
464.6378	-1.0
464.66177	-1.0
464.6716	-1.0
464.7088	-1.0
464.7483	-1.0
464.84735	-1.0
467.6005	-1.0
467.64215	-1.0
467.6634	-1.0
467.7172	-1.0
467.7346	-1.0
467.75104	-1.0
467.78516	-1.0
467.83173	-1.0
467.84735	1.0
467.855	-1.0
467.9067	-1.0
467.9569	1.0
468.0322	-1.0
468.04523	1.0
468.04855	-1.0
468.10565	-1.0
468.12585	-1.0
468.14832	-1.0
468.1694	-1.0
468.1794	-1.0
468.26477	-1.0
470.91443	-1.0
470.9319	-1.0
470.9384	-1.0
470.97116	-1.0
470.97565	-1.0
471.0215	-1.0
471.03076	-1.0
471.11707	1.0
471.19672	1.0
471.2964	-1.0
471.32584	-1.0
471.34937	-1.0
471.40085	-1.0
471.46307	-1.0
471.48172	-1.0
471.48804	-1.0
471.62332	-1.0
473.8468	-1.0
473.88895	-1.0
473.92627	-1.0
473.94473	1.0
473.9677	1.0
473.9722	-1.0
474.0951	-1.0
474.17828	-1.0
474.19336	-1.0
474.31223	-1.0
474.3232	-1.0
474.35117	-1.0
474.35596	1.0
474.37933	-1.0
474.4121	-1.0
474.41864	-1.0
474.45224	-1.0
476.85013	-1.0
476.87927	-1.0
476.91156	-1.0
476.9312	-1.0
476.99536	1.0
477.07883	-1.0
477.1096	-1.0
477.1133	1.0
477.16864	1.0
477.22318	1.0
477.22632	-1.0
477.26297	-1.0
477.3372	-1.0
477.3665	-1.0
479.71027	-1.0
479.76352	-1.0
479.79364	-1.0
479.81348	-1.0
479.82236	-1.0
479.82495	-1.0
479.8358	-1.0
479.86447	-1.0
479.91357	-1.0
480.02057	-1.0
480.02365	-1.0
480.03012	-1.0
480.07953	-1.0
480.14053	-1.0
480.18204	-1.0
480.2658	-1.0
482.46927	-1.0
482.4849	-1.0
482.5046	-1.0
482.52808	-1.0
482.65012	-1.0
482.76443	1.0
482.82544	-1.0
482.8875	-1.0
482.98026	-1.0
485.69403	-1.0
485.7107	-1.0
485.7218	-1.0
485.76633	1.0
485.7979	-1.0
485.8435	1.0
485.84604	1.0
486.0716	-1.0
486.08572	-1.0
486.12216	-1.0
486.25717	-1.0
489.02847	-1.0
489.0462	-1.0
489.05933	-1.0
489.07135	-1.0
489.10052	-1.0
489.11496	-1.0
489.16116	-1.0
489.25095	-1.0
489.25943	-1.0
489.34937	1.0
489.46112	-1.0
489.4951	-1.0
489.58972	-1.0
492.6533	-1.0
492.66904	-1.0
492.6885	-1.0
492.7584	-1.0
492.78125	1.0
492.80005	-1.0
492.88953	-1.0
492.90427	-1.0
492.9627	1.0
492.99796	-1.0
493.0602	-1.0
493.17584	-1.0
493.2766	-1.0
495.37097	-1.0
495.40756	-1.0
495.42303	-1.0
495.45993	-1.0
495.5541	-1.0
495.5658	1.0
495.6353	1.0
495.63785	1.0
495.64594	-1.0
495.66788	-1.0
495.69873	-1.0
498.43848	-1.0
498.5049	-1.0
498.50827	1.0
498.52756	-1.0
498.53497	-1.0
498.66815	-1.0
498.75693	1.0
498.75943	1.0
498.79095	-1.0
498.8081	-1.0
498.85587	-1.0
498.88873	-1.0
503.92368	-1.0
503.93784	-1.0
503.94412	-1.0
503.94833	-1.0
503.9764	-1.0
504.0064	-1.0
504.02347	-1.0
504.0663	1.0
504.1411	-1.0
504.14392	-1.0
504.14713	-1.0
504.25003	-1.0
504.2845	1.0
504.2908	-1.0
504.34152	-1.0
504.38593	-1.0
504.43655	-1.0
504.60263	-1.0
506.91556	-1.0
506.92035	-1.0
506.9257	-1.0
506.94427	-1.0
506.9636	-1.0
507.00916	-1.0
507.10864	1.0
507.11115	1.0
507.16608	-1.0
509.34732	-1.0
509.37155	-1.0
509.38675	-1.0
509.4359	-1.0
509.44995	-1.0
509.47632	1.0
509.5223	1.0
509.57727	1.0
509.64792	1.0
512.5033	-1.0
512.52026	-1.0
512.5396	-1.0
512.59155	-1.0
512.7709	-1.0
512.83594	-1.0
512.88934	-1.0
512.913	-1.0
512.9771	-1.0
515.32404	-1.0
515.34674	-1.0
515.3537	1.0
515.3731	-1.0
515.4232	1.0
515.45593	-1.0
515.4593	-1.0
515.56433	-1.0
518.1347	-1.0
518.17255	-1.0
518.1924	-1.0
518.20886	-1.0
518.2254	-1.0
518.24066	-1.0
518.2843	-1.0
518.31104	1.0
518.45	1.0
521.30804	-1.0
521.38446	-1.0
521.50714	-1.0
521.7178	-1.0
521.7673	-1.0
524.0973	-1.0
524.1161	-1.0
524.14886	-1.0
524.1824	1.0
524.19794	-1.0
524.28	1.0
524.35803	-1.0
524.4898	-1.0
526.73425	-1.0
526.77496	-1.0
526.7856	-1.0
526.80255	1.0
526.8326	1.0
526.8508	1.0
526.9829	-1.0
527.01465	-1.0
529.98346	-1.0
530.0034	-1.0
530.02686	-1.0
530.04663	-1.0
530.07837	-1.0
530.09045	-1.0
530.1055	-1.0
530.1164	1.0
530.13605	-1.0
530.17267	-1.0
530.22406	-1.0
530.2899	1.0
530.2934	-1.0
532.723	-1.0
532.7631	-1.0
532.80493	-1.0
532.82465	-1.0
532.8345	-1.0
532.8407	-1.0
533.5518	-1.0
533.5543	-1.0
533.58746	-1.0
533.5988	-1.0
533.6514	-1.0
533.7727	-1.0
535.92883	-1.0
535.9935	-1.0
536.1982	-1.0
536.2158	-1.0
536.26	-1.0
536.2705	-1.0
536.2859	-1.0
536.30505	-1.0
536.32275	-1.0
538.4095	-1.0
538.4789	-1.0
538.4822	-1.0
538.4961	1.0
541.81476	-1.0
541.8523	-1.0
541.8667	-1.0
541.8827	-1.0
541.92615	-1.0
541.9938	-1.0
542.03235	-1.0
542.2979	-1.0
546.9235	-1.0
546.9376	-1.0
546.9908	-1.0
546.9961	-1.0
547.01874	-1.0
547.09735	-1.0
547.122	-1.0
547.2624	1.0
547.2696	-1.0
547.3103	-1.0
549.8021	-1.0
549.81586	-1.0
549.936	-1.0
551.80194	-1.0
551.8334	-1.0
551.8397	-1.0
551.8465	-1.0
552.04034	-1.0
554.6889	-1.0
554.72626	-1.0
554.7618	-1.0
555.9996	-1.0
556.00256	-1.0
556.0334	-1.0
556.07263	-1.0
556.2792	-1.0
558.7642	-1.0
558.78613	-1.0
559.7703	-1.0
559.80194	-1.0
559.812	-1.0
562.68756	-1.0
562.7074	1.0
562.73694	-1.0
562.7423	-1.0
562.80634	-1.0
562.856	-1.0
562.87585	-1.0
562.88806	-1.0
562.9017	-1.0
562.93524	-1.0
562.9446	-1.0
563.07574	-1.0
567.03	-1.0
567.0516	-1.0
567.07294	-1.0
567.1468	-1.0
567.1696	-1.0
567.17755	-1.0
567.40814	-1.0
567.46606	-1.0
569.9932	-1.0
570.0085	-1.0
570.10266	-1.0
570.197	-1.0
574.77783	-1.0
574.80664	-1.0
574.84436	-1.0
574.8721	-1.0
574.88574	-1.0
574.9067	-1.0
574.93274	-1.0
574.9866	1.0
575.07306	-1.0
575.1095	-1.0
575.1624	-1.0
578.42285	-1.0
578.4312	-1.0
578.4599	-1.0
578.49274	-1.0
578.5051	-1.0
578.50934	-1.0
578.52783	-1.0
578.5378	-1.0
578.5625	-1.0
578.6136	-1.0
578.7562	-1.0
581.5653	-1.0
581.5882	-1.0
581.6016	-1.0
581.738	-1.0
581.76373	-1.0
581.7853	-1.0
581.82	-1.0
581.8289	-1.0
581.8379	-1.0
581.92487	-1.0
581.94836	1.0
582.1167	1.0
585.0074	-1.0
586.79047	-1.0
586.80615	-1.0
586.8183	-1.0
586.8258	-1.0
586.8403	-1.0
586.86566	-1.0
586.9991	-1.0
587.11127	-1.0
587.40045	-1.0
587.40936	-1.0
587.42773	-1.0
587.4404	-1.0
587.4827	-1.0
587.5243	-1.0
590.1435	-1.0
593.1484	-1.0
593.1721	-1.0
593.2085	1.0
593.2207	1.0
593.2371	-1.0
593.2498	-1.0
593.25616	-1.0
596.9758	-1.0
597.00195	-1.0
597.00616	-1.0
597.105	-1.0
597.12164	-1.0
597.1428	-1.0
597.1807	1.0
597.18933	-1.0
597.233	-1.0
597.2886	-1.0
597.3717	-1.0
597.39954	-1.0
