0.40792	1.0
0.53144	-1.0
0.55148	-1.0
5.4476	-1.0
5.49928	-1.0
6.30472	-1.0
6.63516	1.0
9.07912	-1.0
9.3338	-1.0
9.57924	-1.0
15.05064	-1.0
15.5638	-1.0
15.56764	-1.0
16.02936	1.0
16.17188	1.0
16.46404	-1.0
19.36664	1.0
19.38468	1.0
19.38812	-1.0
19.419	-1.0
19.50952	-1.0
19.85492	1.0
20.288	-1.0
20.55424	-1.0
20.76692	-1.0
20.98584	-1.0
24.85104	1.0
24.91252	-1.0
24.94236	-1.0
24.96408	1.0
25.02544	-1.0
25.26948	1.0
25.29828	-1.0
25.70444	-1.0
25.74392	-1.0
26.02104	-1.0
26.4666	-1.0
29.86912	-1.0
29.88236	-1.0
30.10076	-1.0
30.15204	1.0
30.17808	-1.0
30.244	-1.0
30.28112	-1.0
30.28828	1.0
30.30612	-1.0
30.36376	1.0
30.38448	-1.0
30.44932	-1.0
30.51472	-1.0
30.67784	-1.0
30.71912	-1.0
30.84684	-1.0
31.07152	-1.0
31.3572	-1.0
31.36072	1.0
31.367	-1.0
31.67856	-1.0
35.68964	1.0
35.7	-1.0
35.72796	-1.0
35.74508	1.0
35.787	-1.0
35.85036	-1.0
36.07092	-1.0
36.11784	-1.0
36.3226	1.0
36.3494	-1.0
36.40468	-1.0
36.4386	-1.0
36.529	-1.0
36.56512	-1.0
36.66816	-1.0
36.72528	-1.0
36.7686	-1.0
36.83792	-1.0
36.87104	-1.0
36.93228	-1.0
36.996	-1.0
37.06904	-1.0
37.21608	-1.0
37.80564	-1.0
37.8218	1.0
37.84312	1.0
40.58336	-1.0
40.63752	-1.0
40.68792	-1.0
40.78608	-1.0
40.86444	-1.0
40.893	-1.0
40.92196	-1.0
40.99036	-1.0
41.05904	-1.0
41.08736	-1.0
41.09292	1.0
41.19752	1.0
41.20116	-1.0
41.2354	-1.0
41.28288	-1.0
41.3426	-1.0
41.42988	-1.0
41.464	-1.0
41.56328	-1.0
41.629	-1.0
41.68852	-1.0
41.83796	-1.0
41.95992	-1.0
44.65568	1.0
44.70764	1.0
44.73128	1.0
44.73468	-1.0
44.80664	-1.0
44.84488	-1.0
44.89648	-1.0
44.93432	-1.0
44.96592	-1.0
45.06916	-1.0
45.14208	-1.0
45.2124	-1.0
45.34996	-1.0
45.37688	1.0
45.57588	-1.0
45.6844	-1.0
45.7536	-1.0
45.84812	-1.0
46.08224	-1.0
49.22676	1.0
49.247	1.0
49.28708	1.0
49.31488	-1.0
49.31896	-1.0
49.39124	-1.0
49.4356	-1.0
49.46344	-1.0
49.517	-1.0
49.56556	-1.0
49.62292	-1.0
49.7662	1.0
49.84972	-1.0
49.93472	-1.0
50.02348	-1.0
50.16156	-1.0
50.29816	-1.0
50.33172	1.0
50.34932	-1.0
50.3942	-1.0
50.4862	-1.0
50.60108	-1.0
50.7134	-1.0
50.78368	-1.0
50.81896	-1.0
50.87676	-1.0
54.43996	1.0
54.47944	1.0
54.50304	1.0
54.50572	-1.0
54.54936	-1.0
54.60468	-1.0
54.64124	-1.0
54.7146	-1.0
54.7554	1.0
54.762	-1.0
54.78948	1.0
54.8034	-1.0
54.8462	-1.0
54.88732	-1.0
54.95504	1.0
54.97216	-1.0
55.00408	-1.0
55.06328	1.0
55.09668	-1.0
55.16872	-1.0
55.2954	-1.0
55.35284	-1.0
55.391	-1.0
55.40976	-1.0
55.41404	-1.0
55.45248	-1.0
55.5198	-1.0
55.58152	-1.0
55.6648	-1.0
55.71124	-1.0
59.5916	1.0
59.59616	-1.0
59.62576	-1.0
59.62852	-1.0
59.68328	-1.0
59.7088	-1.0
59.77336	-1.0
59.79952	1.0
59.81468	-1.0
59.90504	-1.0
59.91276	1.0
59.94192	-1.0
60.00788	-1.0
60.05584	-1.0
60.13164	-1.0
60.24516	-1.0
60.32316	-1.0
60.42108	-1.0
60.57624	-1.0
60.68272	1.0
60.6954	-1.0
60.8038	-1.0
63.83512	1.0
63.88284	1.0
63.88572	-1.0
63.92168	-1.0
63.97884	-1.0
64.07184	-1.0
64.1204	1.0
64.15896	-1.0
64.18412	1.0
64.20152	-1.0
64.23328	-1.0
64.31448	-1.0
64.3456	-1.0
64.38976	1.0
64.42804	-1.0
64.48616	-1.0
64.61456	-1.0
64.663	-1.0
64.70796	-1.0
64.7196	1.0
64.76536	-1.0
64.82496	-1.0
64.94004	-1.0
65.0886	-1.0
68.22472	1.0
68.23648	1.0
68.26972	-1.0
68.29424	-1.0
68.33788	-1.0
68.43492	-1.0
68.45836	-1.0
68.47504	-1.0
68.50772	-1.0
68.55896	-1.0
68.57568	-1.0
68.61492	-1.0
68.66	-1.0
68.73412	1.0
68.74328	-1.0
68.7478	-1.0
68.83672	-1.0
68.89336	-1.0
68.94248	-1.0
69.0164	-1.0
69.08624	-1.0
69.1094	-1.0
69.1884	-1.0
69.28456	-1.0
69.3172	-1.0
73.52724	1.0
73.5558	-1.0
73.57364	1.0
73.57828	-1.0
73.60096	1.0
73.60456	-1.0
73.63496	-1.0
73.66004	-1.0
73.66576	-1.0
73.71164	-1.0
73.75188	-1.0
73.78808	1.0
73.8396	1.0
73.87668	-1.0
73.91372	-1.0
73.97448	-1.0
74.01648	-1.0
74.04712	-1.0
74.07024	-1.0
74.18324	-1.0
74.2146	1.0
74.2586	-1.0
74.35548	-1.0
74.47984	-1.0
74.50392	-1.0
74.58288	1.0
74.58652	-1.0
78.46284	1.0
78.48128	1.0
78.48572	-1.0
78.51212	-1.0
78.57908	-1.0
78.71984	-1.0
78.77776	-1.0
78.8308	-1.0
78.88508	-1.0
78.91548	-1.0
78.93936	-1.0
78.96916	1.0
79.00028	-1.0
79.02316	-1.0
79.04784	-1.0
79.05864	-1.0
79.12372	-1.0
79.1812	-1.0
79.1882	1.0
79.27388	-1.0
79.41732	-1.0
79.47716	-1.0
79.68288	-1.0
79.75132	1.0
83.88016	1.0
83.90316	-1.0
83.9464	-1.0
83.96796	-1.0
84.00692	-1.0
84.05116	-1.0
84.07772	-1.0
84.11372	1.0
84.12352	-1.0
84.1642	-1.0
84.19564	-1.0
84.224	-1.0
84.25236	-1.0
84.27888	-1.0
84.39576	-1.0
84.43676	-1.0
84.50088	-1.0
84.52016	1.0
84.52384	-1.0
84.55708	-1.0
84.613	-1.0
84.64496	1.0
84.69968	-1.0
84.8038	-1.0
84.8342	-1.0
88.36912	1.0
88.41308	1.0
88.45376	-1.0
88.48352	-1.0
88.50996	-1.0
88.5304	-1.0
88.61264	-1.0
88.68256	-1.0
88.7012	1.0
88.75424	-1.0
88.77712	-1.0
88.78804	-1.0
88.83288	-1.0
88.8618	-1.0
88.89932	-1.0
88.9476	-1.0
89.0286	-1.0
89.07724	-1.0
89.14272	-1.0
89.15376	1.0
89.1968	-1.0
89.23532	-1.0
89.3912	-1.0
89.50616	1.0
89.51108	-1.0
89.5528	-1.0
93.19824	1.0
93.222	-1.0
93.27296	1.0
93.2874	-1.0
93.32636	-1.0
93.36616	-1.0
93.38396	-1.0
93.41632	-1.0
93.45496	-1.0
93.46348	-1.0
93.50992	-1.0
93.55756	-1.0
93.58844	-1.0
93.64556	-1.0
93.671	-1.0
93.73576	-1.0
93.81756	-1.0
93.9026	-1.0
93.95704	-1.0
93.96188	1.0
94.007	-1.0
94.03716	-1.0
94.07476	-1.0
94.23356	-1.0
94.33176	-1.0
99.33064	1.0
99.33844	-1.0
99.3668	-1.0
99.39156	-1.0
99.40408	-1.0
99.42524	-1.0
99.47308	-1.0
99.48564	-1.0
99.50896	-1.0
99.51932	-1.0
99.54636	-1.0
99.56852	-1.0
99.60272	-1.0
99.62584	-1.0
99.65924	-1.0
99.68144	-1.0
99.70592	1.0
99.71056	-1.0
99.73964	-1.0
99.7536	-1.0
99.7784	-1.0
99.8064	-1.0
99.84132	-1.0
99.90572	-1.0
99.95176	-1.0
99.9816	-1.0
100.00664	-1.0
100.03128	-1.0
100.08264	1.0
100.101	-1.0
100.1362	-1.0
100.30684	-1.0
100.31516	-1.0
100.40292	-1.0
100.43348	-1.0
100.549	1.0
100.59768	-1.0
100.64272	-1.0
100.82124	-1.0
100.90552	-1.0
100.95944	-1.0
101.00012	-1.0
104.58636	1.0
104.58912	-1.0
104.59616	1.0
104.60684	-1.0
104.63284	-1.0
104.65416	-1.0
104.69468	-1.0
104.71848	-1.0
104.7388	1.0
104.7654	-1.0
104.814	1.0
104.83276	-1.0
104.85236	-1.0
104.87436	-1.0
104.91012	-1.0
104.95292	-1.0
104.98304	-1.0
105.02504	-1.0
105.0544	-1.0
105.08988	-1.0
105.1022	-1.0
105.15756	1.0
105.1768	-1.0
105.18244	-1.0
105.20892	-1.0
105.26476	-1.0
105.35544	-1.0
105.42512	-1.0
105.46952	-1.0
105.558	-1.0
105.61492	-1.0
105.65812	-1.0
105.69724	-1.0
105.8094	-1.0
105.89124	-1.0
105.9228	-1.0
105.99972	-1.0
106.0106	-1.0
109.68756	-1.0
109.70216	-1.0
109.72808	-1.0
109.74452	-1.0
109.77068	-1.0
109.80088	-1.0
109.84016	-1.0
109.85788	-1.0
109.87592	-1.0
109.90456	-1.0
109.93088	-1.0
109.95428	-1.0
109.98872	-1.0
109.99168	-1.0
110.0118	-1.0
110.04712	-1.0
110.07252	-1.0
110.10548	-1.0
110.16064	-1.0
110.23916	-1.0
110.29804	-1.0
110.33168	-1.0
110.3544	-1.0
110.40816	1.0
110.41336	-1.0
110.44716	-1.0
110.46844	-1.0
110.48588	-1.0
110.51628	-1.0
110.54868	-1.0
110.5986	-1.0
110.66364	-1.0
110.72268	-1.0
110.76208	-1.0
110.77704	-1.0
110.83204	-1.0
110.90272	-1.0
111.04132	-1.0
111.09604	-1.0
111.1334	-1.0
114.82924	1.0
114.84128	-1.0
114.84764	1.0
114.85184	-1.0
114.86628	-1.0
114.89508	-1.0
114.91132	-1.0
114.95456	-1.0
114.9836	-1.0
114.99928	-1.0
115.04308	-1.0
115.06028	-1.0
115.081	-1.0
115.09804	-1.0
115.13824	-1.0
115.17004	-1.0
115.19088	-1.0
115.2252	-1.0
115.2464	-1.0
115.26148	-1.0
115.319	-1.0
115.35372	-1.0
115.38828	-1.0
115.46624	-1.0
115.50248	-1.0
115.5292	-1.0
115.5608	-1.0
115.58028	-1.0
115.62796	-1.0
115.68332	-1.0
115.7154	-1.0
115.78316	-1.0
115.88536	-1.0
115.94024	-1.0
115.98688	-1.0
116.04744	-1.0
116.09184	-1.0
116.27	1.0
116.36568	-1.0
116.39996	-1.0
119.73164	1.0
119.74248	-1.0
119.74976	-1.0
119.75444	-1.0
119.77996	1.0
119.78328	-1.0
119.80544	-1.0
119.81544	-1.0
119.8316	-1.0
119.8594	-1.0
119.88136	-1.0
119.919	-1.0
119.94484	-1.0
119.96896	-1.0
119.99516	-1.0
120.00776	-1.0
120.02568	-1.0
120.04704	-1.0
120.0798	-1.0
120.1118	-1.0
120.14128	-1.0
120.1644	1.0
120.17452	-1.0
120.20504	-1.0
120.23596	-1.0
120.25924	-1.0
120.29728	-1.0
120.3264	-1.0
120.36236	-1.0
120.39708	-1.0
120.43892	-1.0
120.47864	-1.0
120.57092	-1.0
120.63104	-1.0
120.66696	-1.0
120.68188	-1.0
120.73184	-1.0
120.7668	-1.0
120.85644	-1.0
120.8754	-1.0
120.92948	-1.0
120.9516	-1.0
121.07964	-1.0
121.11344	-1.0
121.21036	-1.0
121.23812	-1.0
121.3018	-1.0
124.8776	1.0
124.88824	-1.0
124.904	-1.0
124.93204	-1.0
124.95748	-1.0
124.982	-1.0
125.0054	-1.0
125.03084	-1.0
125.06204	-1.0
125.08908	-1.0
125.11568	-1.0
125.1422	-1.0
125.16876	-1.0
125.18624	1.0
125.19904	-1.0
125.22688	-1.0
125.26004	-1.0
125.2714	-1.0
125.29472	-1.0
125.32956	-1.0
125.3562	-1.0
125.38244	-1.0
125.40584	-1.0
125.43068	-1.0
125.461	-1.0
125.47972	-1.0
125.51916	-1.0
125.54268	1.0
125.57444	-1.0
125.59196	-1.0
125.62572	-1.0
125.66192	-1.0
125.71664	-1.0
125.74744	-1.0
125.83976	-1.0
125.8858	-1.0
125.94176	1.0
125.9448	-1.0
126.05996	-1.0
126.14344	-1.0
126.17052	-1.0
126.24992	-1.0
126.30808	-1.0
126.31416	-1.0
126.56012	-1.0
130.61368	1.0
130.6492	-1.0
130.65936	-1.0
130.66628	-1.0
130.68796	-1.0
130.70007	-1.0
130.72067	-1.0
130.74097	-1.0
130.7638	-1.0
130.76848	-1.0
130.79655	-1.0
130.81567	-1.0
130.83607	-1.0
130.85815	-1.0
130.88632	-1.0
130.9072	-1.0
130.92592	-1.0
130.95264	-1.0
130.97871	-1.0
131.02072	-1.0
131.04887	-1.0
131.0656	-1.0
131.09056	-1.0
131.11772	-1.0
131.15236	-1.0
131.17197	-1.0
131.19168	-1.0
131.21132	-1.0
131.22324	-1.0
131.26064	-1.0
131.2856	-1.0
131.34431	1.0
131.36032	-1.0
131.3804	1.0
131.38564	-1.0
131.43028	-1.0
131.46484	-1.0
131.47176	-1.0
131.50797	-1.0
131.57825	-1.0
131.59853	-1.0
131.63892	-1.0
131.6532	1.0
131.71028	-1.0
131.74924	-1.0
131.77936	-1.0
131.80672	-1.0
131.91257	-1.0
131.93909	-1.0
131.95209	-1.0
132.00916	-1.0
132.06557	-1.0
132.0694	-1.0
132.1272	-1.0
132.164	-1.0
136.4796	1.0
136.491	1.0
136.50352	-1.0
136.51172	-1.0
136.53308	-1.0
136.53932	-1.0
136.5526	-1.0
136.56609	-1.0
136.5732	-1.0
136.59589	-1.0
136.61388	-1.0
136.62988	-1.0
136.65125	-1.0
136.6814	-1.0
136.69276	-1.0
136.71931	-1.0
136.7368	-1.0
136.76256	-1.0
136.7952	-1.0
136.82011	-1.0
136.84212	-1.0
136.85825	-1.0
136.8872	-1.0
136.9142	-1.0
136.94556	-1.0
136.97871	-1.0
137.02292	-1.0
137.02716	-1.0
137.05016	-1.0
137.106	-1.0
137.12836	-1.0
137.1506	-1.0
137.15475	-1.0
137.17197	1.0
137.17744	-1.0
137.1974	-1.0
137.22684	-1.0
137.25111	-1.0
137.30524	-1.0
137.33005	-1.0
137.34164	1.0
137.348	-1.0
137.4136	-1.0
137.47363	-1.0
137.52408	-1.0
137.56252	-1.0
137.59856	-1.0
137.66245	-1.0
137.70224	-1.0
137.73888	-1.0
137.8244	-1.0
137.92725	-1.0
138.00156	-1.0
138.00504	-1.0
142.45544	1.0
142.46992	-1.0
142.48907	-1.0
142.50632	-1.0
142.52956	-1.0
142.5578	-1.0
142.57404	-1.0
142.60216	-1.0
142.63045	-1.0
142.65488	-1.0
142.6762	-1.0
142.68764	-1.0
142.70744	-1.0
142.7344	-1.0
142.757	-1.0
142.79189	-1.0
142.8156	-1.0
142.8316	-1.0
142.84712	-1.0
142.87115	-1.0
142.89545	-1.0
142.92044	-1.0
142.94756	-1.0
142.97871	-1.0
143.00912	-1.0
143.03864	-1.0
143.05228	-1.0
143.074	-1.0
143.0916	1.0
143.09831	-1.0
143.10388	-1.0
143.135	-1.0
143.16968	-1.0
143.20476	-1.0
143.24445	-1.0
143.27972	-1.0
143.31256	-1.0
143.3372	-1.0
143.37328	-1.0
143.4114	-1.0
143.45335	-1.0
143.4928	-1.0
143.52657	-1.0
143.53069	1.0
143.5448	-1.0
143.55077	-1.0
143.61	1.0
143.61703	-1.0
143.65816	-1.0
143.69173	-1.0
143.75668	-1.0
148.69872	-1.0
148.706	-1.0
148.72173	-1.0
148.73488	-1.0
148.75491	-1.0
148.77563	-1.0
148.79544	-1.0
148.81372	-1.0
148.82272	1.0
148.82632	-1.0
148.84824	-1.0
148.85445	-1.0
148.87276	-1.0
148.89005	-1.0
148.90697	-1.0
148.92476	-1.0
148.94756	-1.0
148.967	-1.0
148.9952	-1.0
149.01347	-1.0
149.0274	-1.0
149.04665	-1.0
149.05272	-1.0
149.07588	-1.0
149.09604	-1.0
149.12256	-1.0
149.15063	-1.0
149.1556	-1.0
149.17972	-1.0
149.20532	-1.0
149.21107	-1.0
149.2338	-1.0
149.255	-1.0
149.2648	-1.0
149.29253	-1.0
149.30348	-1.0
149.32436	-1.0
149.33005	-1.0
149.35815	-1.0
149.36592	-1.0
149.3852	-1.0
149.40569	-1.0
149.4264	-1.0
149.43904	-1.0
149.45712	-1.0
149.46912	-1.0
149.49948	-1.0
149.53096	-1.0
149.55904	-1.0
149.58904	-1.0
149.62695	-1.0
149.6694	-1.0
149.761	-1.0
149.80304	-1.0
149.82297	-1.0
149.85889	-1.0
149.88657	-1.0
149.96548	-1.0
149.97185	-1.0
149.98524	-1.0
150.01576	-1.0
150.09608	-1.0
150.33044	1.0
153.68233	1.0
153.69824	-1.0
153.72424	-1.0
153.7532	-1.0
153.77948	-1.0
153.8062	-1.0
153.83604	-1.0
153.85677	-1.0
153.87305	-1.0
153.88812	-1.0
153.90312	-1.0
153.93117	-1.0
153.9534	-1.0
153.98917	-1.0
154.00836	-1.0
154.0322	-1.0
154.08092	-1.0
154.112	-1.0
154.11668	-1.0
154.14632	-1.0
154.1688	-1.0
154.1958	-1.0
154.2144	-1.0
154.23833	-1.0
154.241	-1.0
154.26596	-1.0
154.26848	-1.0
154.29884	-1.0
154.3242	-1.0
154.3286	-1.0
154.35696	-1.0
154.36348	-1.0
154.39944	-1.0
154.43236	-1.0
154.46704	-1.0
154.48804	-1.0
154.50264	-1.0
154.5314	-1.0
154.55644	-1.0
154.60023	-1.0
154.62093	-1.0
154.68036	-1.0
154.71477	-1.0
154.7414	-1.0
154.77252	-1.0
154.7772	-1.0
154.83183	-1.0
154.8388	-1.0
154.87456	-1.0
154.94476	-1.0
155.08807	-1.0
155.12897	-1.0
159.98	-1.0
159.98816	-1.0
160.00868	-1.0
160.0152	-1.0
160.0294	-1.0
160.05072	-1.0
160.07127	-1.0
160.08664	-1.0
160.106	-1.0
160.13472	-1.0
160.1536	-1.0
160.17184	-1.0
160.19804	-1.0
160.20251	-1.0
160.22224	-1.0
160.22668	-1.0
160.25237	-1.0
160.277	-1.0
160.28387	-1.0
160.30208	-1.0
160.3234	-1.0
160.35036	-1.0
160.35612	-1.0
160.37675	-1.0
160.40611	-1.0
160.411	-1.0
160.4342	-1.0
160.46008	-1.0
160.4706	-1.0
160.49492	-1.0
160.51907	-1.0
160.53488	-1.0
160.55048	-1.0
160.57904	-1.0
160.58632	-1.0
160.61488	-1.0
160.6392	-1.0
160.6452	-1.0
160.6656	-1.0
160.69444	-1.0
160.7028	-1.0
160.72588	-1.0
160.75385	-1.0
160.77637	-1.0
160.8146	-1.0
160.8416	-1.0
160.87917	-1.0
160.92244	-1.0
160.92744	-1.0
160.96136	-1.0
161.01305	-1.0
161.0176	-1.0
161.05383	-1.0
161.10164	-1.0
161.14256	-1.0
161.161	-1.0
161.20148	-1.0
161.23296	-1.0
161.25513	-1.0
161.4392	-1.0
161.57056	1.0
166.27084	1.0
166.2784	-1.0
166.28989	-1.0
166.31323	-1.0
166.33516	-1.0
166.35448	1.0
166.367	-1.0
166.38403	-1.0
166.41408	-1.0
166.42072	-1.0
166.43848	-1.0
166.44908	-1.0
166.47044	-1.0
166.50089	-1.0
166.5206	-1.0
166.53236	-1.0
166.5534	-1.0
166.58035	-1.0
166.60349	-1.0
166.62292	-1.0
166.64304	-1.0
166.64883	-1.0
166.67303	-1.0
166.69617	-1.0
166.7002	-1.0
166.72205	1.0
166.73116	-1.0
166.75108	-1.0
166.78069	-1.0
166.80928	-1.0
166.83412	-1.0
166.85709	-1.0
166.8714	-1.0
166.89404	-1.0
166.93665	-1.0
166.942	-1.0
166.9698	-1.0
166.9986	-1.0
167.02489	-1.0
167.05112	-1.0
167.10635	-1.0
167.11153	-1.0
167.14008	-1.0
167.19084	-1.0
167.19456	-1.0
167.22832	-1.0
167.26656	-1.0
167.292	-1.0
167.31528	-1.0
167.35548	-1.0
167.3844	-1.0
167.4298	-1.0
167.46944	-1.0
167.49716	-1.0
167.56387	-1.0
167.71983	1.0
167.72504	1.0
167.74953	-1.0
167.86484	-1.0
168.01364	-1.0
172.91528	1.0
172.92471	-1.0
172.93613	-1.0
172.94992	-1.0
172.95972	-1.0
172.97856	-1.0
172.99828	-1.0
173.00328	-1.0
173.02805	-1.0
173.04608	-1.0
173.06812	-1.0
173.0758	-1.0
173.09328	-1.0
173.1182	-1.0
173.1398	-1.0
173.16528	-1.0
173.19469	-1.0
173.22008	-1.0
173.24832	-1.0
173.25372	-1.0
173.273	-1.0
173.27708	-1.0
173.30257	-1.0
173.3064	-1.0
173.32472	-1.0
173.34451	-1.0
173.35931	-1.0
173.36343	-1.0
173.38864	-1.0
173.41652	-1.0
173.42172	-1.0
173.44608	-1.0
173.47752	-1.0
173.51028	-1.0
173.52724	-1.0
173.54771	-1.0
173.56631	-1.0
173.58372	-1.0
173.60716	-1.0
173.63736	-1.0
173.66615	-1.0
173.69624	-1.0
173.73116	-1.0
173.74709	-1.0
173.7772	-1.0
173.80388	-1.0
173.83913	-1.0
173.85336	-1.0
173.89476	-1.0
173.92816	-1.0
173.9484	-1.0
173.98216	-1.0
174.01216	-1.0
174.02827	-1.0
174.08684	-1.0
174.11192	-1.0
174.12396	-1.0
174.15	-1.0
174.21028	-1.0
174.23576	-1.0
178.05396	1.0
179.057	1.0
179.06757	-1.0
179.09473	-1.0
179.10028	-1.0
179.12064	-1.0
179.14343	-1.0
179.16876	-1.0
179.18887	-1.0
179.20056	-1.0
179.21751	-1.0
179.245	-1.0
179.256	-1.0
179.27408	-1.0
179.28	-1.0
179.30032	-1.0
179.31557	1.0
179.34029	-1.0
179.36333	-1.0
179.38309	-1.0
179.41109	-1.0
179.42812	-1.0
179.44516	-1.0
179.47156	-1.0
179.48145	-1.0
179.50188	-1.0
179.52968	-1.0
179.55368	-1.0
179.57172	-1.0
179.5942	-1.0
179.62135	-1.0
179.64503	-1.0
179.66528	-1.0
179.69003	-1.0
179.72215	-1.0
179.75449	-1.0
179.76505	-1.0
179.7876	-1.0
179.81192	-1.0
179.83723	-1.0
179.87044	-1.0
179.89948	-1.0
179.92577	1.0
179.92932	-1.0
179.96033	-1.0
179.99416	-1.0
180.03049	-1.0
180.04132	-1.0
180.07613	-1.0
180.09424	-1.0
180.11269	-1.0
180.12749	-1.0
180.18936	-1.0
180.21304	-1.0
180.25652	-1.0
180.29688	-1.0
180.30264	-1.0
180.37352	-1.0
180.42168	-1.0
180.45091	-1.0
184.83955	1.0
184.85275	1.0
184.86644	-1.0
184.87912	-1.0
184.89336	-1.0
184.90707	-1.0
184.91405	-1.0
184.9322	-1.0
184.94792	-1.0
184.95651	-1.0
184.97913	-1.0
184.99748	-1.0
185.01172	-1.0
185.0368	-1.0
185.05952	-1.0
185.0802	-1.0
185.10065	-1.0
185.12505	-1.0
185.1484	-1.0
185.153	-1.0
185.17508	-1.0
185.1798	-1.0
185.20372	-1.0
185.22992	-1.0
185.23268	-1.0
185.23547	-1.0
185.25735	-1.0
185.28375	-1.0
185.28972	-1.0
185.31792	-1.0
185.34283	-1.0
185.37389	-1.0
185.37907	-1.0
185.40312	-1.0
185.4362	-1.0
185.4594	-1.0
185.48347	-1.0
185.51048	-1.0
185.5444	-1.0
185.58084	-1.0
185.61163	-1.0
185.61752	-1.0
185.64471	-1.0
185.67728	-1.0
185.7022	-1.0
185.74608	-1.0
185.75607	-1.0
185.79416	-1.0
185.82512	-1.0
185.85744	1.0
185.86952	-1.0
185.8742	-1.0
185.90788	-1.0
185.94064	-1.0
185.97353	-1.0
186.03636	-1.0
186.07156	-1.0
190.19876	1.0
190.21011	1.0
190.21312	-1.0
190.21709	-1.0
190.23029	-1.0
190.24413	-1.0
190.25069	1.0
190.26988	-1.0
190.28471	-1.0
190.30708	-1.0
190.32191	-1.0
190.33664	-1.0
190.3588	-1.0
190.36713	-1.0
190.38744	-1.0
190.40984	-1.0
190.4408	-1.0
190.46529	-1.0
190.47716	-1.0
190.50452	-1.0
190.5248	-1.0
190.5426	-1.0
190.56148	-1.0
190.58124	-1.0
190.60112	-1.0
190.62675	-1.0
190.6556	-1.0
190.68204	-1.0
190.71048	-1.0
190.73824	-1.0
190.76784	-1.0
190.78288	-1.0
190.80257	-1.0
190.81888	-1.0
190.84737	-1.0
190.87756	-1.0
190.90752	-1.0
190.95184	-1.0
190.98236	-1.0
191.0076	-1.0
191.01352	-1.0
191.04144	-1.0
191.05348	-1.0
191.08035	-1.0
191.11111	-1.0
191.14572	-1.0
191.16212	-1.0
191.22372	-1.0
191.26016	-1.0
191.29424	-1.0
191.31992	-1.0
191.34964	-1.0
191.3996	-1.0
191.43512	-1.0
191.59293	-1.0
191.61084	-1.0
196.0596	-1.0
196.07104	-1.0
196.08871	-1.0
196.1064	-1.0
196.13573	-1.0
196.1572	-1.0
196.17876	-1.0
196.2044	-1.0
196.21492	-1.0
196.22997	-1.0
196.23712	-1.0
196.25864	-1.0
196.28	-1.0
196.29872	-1.0
196.32169	-1.0
196.34715	-1.0
196.36948	-1.0
196.37468	-1.0
196.39629	1.0
196.40088	-1.0
196.42772	-1.0
196.44824	-1.0
196.46208	-1.0
196.4684	-1.0
196.49203	-1.0
196.5226	-1.0
196.5334	-1.0
196.55351	-1.0
196.59132	-1.0
196.61852	-1.0
196.6544	-1.0
196.6814	-1.0
196.71112	-1.0
196.735	-1.0
196.763	-1.0
196.78587	-1.0
196.8132	-1.0
196.84155	-1.0
196.86745	-1.0
196.90292	-1.0
196.9328	-1.0
196.95917	-1.0
196.99728	-1.0
197.02373	-1.0
197.02805	1.0
197.06113	-1.0
197.09875	-1.0
197.13644	-1.0
197.22237	-1.0
197.28064	-1.0
197.33708	-1.0
197.37796	-1.0
197.4526	-1.0
201.95512	-1.0
201.96188	1.0
201.97533	-1.0
201.99277	-1.0
202.01808	-1.0
202.04189	-1.0
202.05972	-1.0
202.07452	-1.0
202.07948	-1.0
202.0988	-1.0
202.11491	-1.0
202.137	-1.0
202.16156	-1.0
202.1854	-1.0
202.19824	-1.0
202.214	-1.0
202.2292	-1.0
202.25513	-1.0
202.26372	-1.0
202.28304	-1.0
202.29004	-1.0
202.31284	-1.0
202.33704	-1.0
202.3474	-1.0
202.36832	-1.0
202.40591	-1.0
202.43712	-1.0
202.45004	-1.0
202.48128	-1.0
202.50224	-1.0
202.51384	-1.0
202.53912	-1.0
202.56772	-1.0
202.60144	-1.0
202.62584	-1.0
202.6352	-1.0
202.65704	-1.0
202.66196	-1.0
202.704	-1.0
202.73784	-1.0
202.76952	-1.0
202.80257	-1.0
202.84892	-1.0
202.85396	-1.0
202.88736	-1.0
202.926	-1.0
202.95264	-1.0
202.96564	-1.0
202.99408	-1.0
203.02748	-1.0
203.1112	-1.0
203.14368	-1.0
203.20656	-1.0
203.29083	-1.0
203.33884	-1.0
207.85556	1.0
207.86372	1.0
207.88351	-1.0
207.89708	-1.0
207.91328	-1.0
207.92784	-1.0
207.94353	-1.0
207.96312	-1.0
207.9854	-1.0
208.01224	-1.0
208.0286	-1.0
208.05992	-1.0
208.08472	-1.0
208.1146	-1.0
208.1344	-1.0
208.1504	-1.0
208.1782	-1.0
208.19008	-1.0
208.20776	-1.0
208.23305	-1.0
208.26288	-1.0
208.27637	-1.0
208.29564	-1.0
208.3244	-1.0
208.3564	-1.0
208.38596	1.0
208.41988	-1.0
208.44876	-1.0
208.48248	-1.0
208.51968	-1.0
208.55595	-1.0
208.56284	-1.0
208.59113	-1.0
208.61449	-1.0
208.62875	-1.0
208.64188	-1.0
208.66615	-1.0
208.68253	-1.0
208.70764	-1.0
208.73576	-1.0
208.77815	-1.0
208.79324	-1.0
208.81944	-1.0
208.84328	1.0
208.85233	-1.0
208.8576	-1.0
208.89384	-1.0
208.89832	-1.0
208.93068	-1.0
208.98569	-1.0
209.01653	-1.0
213.71616	1.0
213.72888	-1.0
213.73988	-1.0
213.753	-1.0
213.77736	-1.0
213.79616	-1.0
213.81308	-1.0
213.83636	-1.0
213.86816	-1.0
213.92624	-1.0
213.94711	-1.0
213.9512	-1.0
213.97797	-1.0
214.00316	-1.0
214.0278	-1.0
214.04036	-1.0
214.05856	-1.0
214.06464	-1.0
214.08696	-1.0
214.1092	-1.0
214.12836	-1.0
214.14128	-1.0
214.16832	-1.0
214.19489	-1.0
214.22052	-1.0
214.24277	-1.0
214.2746	-1.0
214.28328	-1.0
214.30437	-1.0
214.3186	-1.0
214.33824	-1.0
214.37004	-1.0
214.41048	-1.0
214.43184	-1.0
214.43716	-1.0
214.46376	-1.0
214.50308	-1.0
214.51108	-1.0
214.54633	-1.0
214.56972	-1.0
214.58308	-1.0
214.61304	-1.0
214.67303	-1.0
214.71896	-1.0
214.74329	-1.0
214.76888	-1.0
214.80753	-1.0
214.82996	-1.0
214.91373	-1.0
215.06436	-1.0
215.22264	-1.0
219.31688	1.0
219.33084	-1.0
219.34628	-1.0
219.3612	-1.0
219.3774	-1.0
219.39508	-1.0
219.4162	-1.0
219.44289	-1.0
219.45917	-1.0
219.48305	-1.0
219.50597	-1.0
219.52628	-1.0
219.55087	-1.0
219.57652	-1.0
219.59937	-1.0
219.62584	-1.0
219.6442	-1.0
219.65732	-1.0
219.68088	-1.0
219.69617	-1.0
219.73357	-1.0
219.76004	-1.0
219.7904	-1.0
219.822	-1.0
219.84052	-1.0
219.86304	-1.0
219.888	-1.0
219.92148	-1.0
219.9504	-1.0
219.9796	-1.0
220.01416	-1.0
220.0452	-1.0
220.06535	-1.0
220.08572	-1.0
220.09076	-1.0
220.12083	-1.0
220.13992	-1.0
220.21864	-1.0
220.2702	-1.0
220.27711	-1.0
220.3106	-1.0
220.32416	1.0
220.32892	-1.0
220.36484	-1.0
220.36916	-1.0
220.4092	-1.0
220.46465	-1.0
220.56715	-1.0
220.58543	-1.0
220.61392	-1.0
220.64336	-1.0
225.2778	-1.0
225.29144	-1.0
225.318	-1.0
225.33669	-1.0
225.34796	-1.0
225.36185	-1.0
225.3934	-1.0
225.39828	-1.0
225.4192	-1.0
225.4266	-1.0
225.44028	-1.0
225.46455	-1.0
225.48788	-1.0
225.51704	-1.0
225.55469	-1.0
225.57492	-1.0
225.60072	-1.0
225.62125	-1.0
225.64957	-1.0
225.6674	-1.0
225.67303	-1.0
225.69804	-1.0
225.73643	-1.0
225.76248	-1.0
225.79144	-1.0
225.79604	-1.0
225.829	-1.0
225.85132	-1.0
225.88188	-1.0
225.89392	-1.0
225.91528	-1.0
225.92468	-1.0
225.95103	-1.0
225.97836	-1.0
226.01088	-1.0
226.03725	-1.0
226.0792	-1.0
226.11984	-1.0
226.1516	-1.0
226.15704	-1.0
226.18692	-1.0
226.22244	-1.0
226.27496	-1.0
226.31207	-1.0
226.33128	-1.0
226.40916	-1.0
226.50456	-1.0
226.58344	-1.0
230.78964	1.0
230.79308	1.0
230.7982	-1.0
230.81024	-1.0
230.82771	-1.0
230.84404	-1.0
230.8692	-1.0
230.88953	-1.0
230.92604	-1.0
230.95352	-1.0
230.96931	-1.0
230.99768	-1.0
231.02608	-1.0
231.05368	-1.0
231.07988	-1.0
231.08395	-1.0
231.10356	-1.0
231.12564	-1.0
231.14856	-1.0
231.16489	-1.0
231.19064	-1.0
231.21307	-1.0
231.21964	-1.0
231.24393	-1.0
231.25172	-1.0
231.27144	-1.0
231.29604	-1.0
231.31276	-1.0
231.33556	-1.0
231.34976	1.0
231.35297	-1.0
231.35884	-1.0
231.42728	-1.0
231.4606	-1.0
231.48428	-1.0
231.51132	-1.0
231.54305	-1.0
231.57465	-1.0
231.60268	-1.0
231.62704	-1.0
231.6734	-1.0
231.72597	-1.0
231.76212	-1.0
231.80067	-1.0
231.85995	-1.0
231.95155	-1.0
231.98888	-1.0
232.03745	-1.0
232.07677	-1.0
236.6278	1.0
236.64397	-1.0
236.66628	-1.0
236.68916	-1.0
236.71635	-1.0
236.74245	-1.0
236.76396	-1.0
236.7856	-1.0
236.8092	-1.0
236.82372	-1.0
236.84567	-1.0
236.8646	-1.0
236.87865	-1.0
236.89777	-1.0
236.9206	-1.0
236.94688	-1.0
236.953	-1.0
236.98384	-1.0
237.0086	-1.0
237.03448	-1.0
237.05748	-1.0
237.08504	-1.0
237.0926	-1.0
237.12672	-1.0
237.15044	-1.0
237.1712	-1.0
237.19415	-1.0
237.22504	-1.0
237.2466	-1.0
237.28592	-1.0
237.31915	-1.0
237.3532	-1.0
237.38052	-1.0
237.44376	-1.0
237.46332	-1.0
237.49356	-1.0
237.50156	-1.0
237.54364	-1.0
237.55788	-1.0
237.60677	-1.0
237.61252	-1.0
237.6448	-1.0
237.66817	-1.0
237.68512	-1.0
237.743	-1.0
237.82916	-1.0
237.8688	-1.0
238.05563	-1.0
242.17049	-1.0
242.17816	-1.0
242.18736	-1.0
242.21028	-1.0
242.231	-1.0
242.25232	-1.0
242.25996	-1.0
242.2814	-1.0
242.30164	-1.0
242.32571	-1.0
242.3522	-1.0
242.3684	-1.0
242.38272	-1.0
242.41748	-1.0
242.44688	-1.0
242.47057	-1.0
242.48885	-1.0
242.51088	-1.0
242.569	-1.0
242.589	-1.0
242.61076	-1.0
242.64091	-1.0
242.65971	-1.0
242.67757	-1.0
242.69908	-1.0
242.72427	-1.0
242.75404	-1.0
242.76917	-1.0
242.80292	-1.0
242.83324	-1.0
242.84332	-1.0
242.86784	-1.0
242.87576	-1.0
242.89328	-1.0
242.93004	-1.0
242.96625	-1.0
243.0234	-1.0
243.05492	-1.0
243.08765	-1.0
243.14984	-1.0
243.17947	-1.0
243.22363	-1.0
243.29388	-1.0
243.56784	-1.0
243.59424	-1.0
248.64957	1.0
248.65292	1.0
248.66248	1.0
248.6676	-1.0
248.6846	1.0
248.6874	-1.0
248.69812	-1.0
248.73088	-1.0
248.75227	-1.0
248.7548	-1.0
248.77776	-1.0
248.8012	-1.0
248.82349	-1.0
248.84908	-1.0
248.87495	-1.0
248.89696	-1.0
248.92216	-1.0
248.94511	-1.0
248.97552	-1.0
248.99825	-1.0
249.02689	-1.0
249.03091	-1.0
249.05524	-1.0
249.08604	-1.0
249.10783	-1.0
249.11365	-1.0
249.14343	-1.0
249.17232	-1.0
249.2024	-1.0
249.2378	-1.0
249.26828	-1.0
249.2984	-1.0
249.31367	-1.0
249.34308	-1.0
249.35732	-1.0
249.3912	-1.0
249.4158	-1.0
249.46548	-1.0
249.51332	-1.0
249.55336	-1.0
249.57613	-1.0
249.62404	-1.0
249.66716	-1.0
249.6964	-1.0
249.72716	-1.0
249.75536	-1.0
249.82112	-1.0
249.89964	-1.0
249.91536	-1.0
249.98495	-1.0
250.05252	-1.0
255.01665	1.0
255.02415	-1.0
255.02724	-1.0
255.0394	-1.0
255.0618	-1.0
255.07936	-1.0
255.093	-1.0
255.11292	-1.0
255.14272	-1.0
255.1564	-1.0
255.16891	-1.0
255.1894	-1.0
255.21292	-1.0
255.23305	-1.0
255.23912	-1.0
255.25977	-1.0
255.28609	-1.0
255.31416	-1.0
255.34328	-1.0
255.34828	-1.0
255.37337	-1.0
255.39816	-1.0
255.419	-1.0
255.43796	-1.0
255.45816	-1.0
255.47652	-1.0
255.5044	-1.0
255.5328	-1.0
255.56056	-1.0
255.58112	-1.0
255.61496	-1.0
255.66536	-1.0
255.70364	-1.0
255.74184	-1.0
255.78596	-1.0
255.81192	-1.0
255.85312	-1.0
255.87888	-1.0
255.88972	-1.0
255.95197	-1.0
255.97968	-1.0
256.01736	-1.0
256.04016	-1.0
256.28693	-1.0
259.6979	1.0
260.2296	-1.0
260.2445	-1.0
260.26865	-1.0
260.30008	-1.0
260.32297	-1.0
260.33615	-1.0
260.36096	-1.0
260.3827	-1.0
260.4083	-1.0
260.43747	-1.0
260.46555	-1.0
260.49905	-1.0
260.52835	-1.0
260.55917	-1.0
260.59628	-1.0
260.62936	-1.0
260.65656	-1.0
260.68436	-1.0
260.70303	-1.0
260.73065	-1.0
260.7541	-1.0
260.77893	1.0
260.78876	-1.0
260.84927	-1.0
260.87863	-1.0
260.90955	-1.0
260.928	-1.0
260.97116	-1.0
261.00165	-1.0
261.0575	-1.0
261.083	-1.0
261.1228	-1.0
261.16656	-1.0
261.2014	-1.0
261.24933	-1.0
261.3602	-1.0
261.43564	-1.0
261.50415	-1.0
261.6296	-1.0
265.7046	-1.0
265.71786	-1.0
265.7463	-1.0
265.77017	-1.0
265.80167	-1.0
265.83157	-1.0
265.8558	-1.0
265.88177	-1.0
265.90887	-1.0
265.9316	-1.0
265.99915	-1.0
266.03125	-1.0
266.05463	-1.0
266.0714	-1.0
266.0919	-1.0
266.11417	-1.0
266.14664	-1.0
266.1642	-1.0
266.20068	-1.0
266.22775	-1.0
266.25333	-1.0
266.27557	-1.0
266.30588	-1.0
266.3704	-1.0
266.40332	-1.0
266.47144	-1.0
266.4829	-1.0
266.50943	-1.0
266.55157	-1.0
266.63168	-1.0
266.6533	-1.0
266.6964	-1.0
266.71677	-1.0
266.73734	-1.0
266.79376	-1.0
266.91736	-1.0
266.9889	-1.0
271.2411	1.0
271.25687	1.0
271.2667	-1.0
271.289	1.0
271.29172	-1.0
271.3137	-1.0
271.3474	-1.0
271.3763	-1.0
271.38867	-1.0
271.4163	-1.0
271.4535	-1.0
271.47318	-1.0
271.4914	-1.0
271.51367	-1.0
271.54324	-1.0
271.56836	-1.0
271.59183	-1.0
271.61624	-1.0
271.6382	-1.0
271.67712	-1.0
271.74963	-1.0
271.77737	-1.0
271.80823	-1.0
271.85876	-1.0
271.93207	-1.0
271.96695	-1.0
271.9926	-1.0
272.0348	-1.0
272.101	-1.0
272.11887	-1.0
272.1664	-1.0
272.19824	-1.0
272.2402	-1.0
272.2929	-1.0
274.82	1.0
274.84955	1.0
274.85526	-1.0
274.89795	-1.0
274.93448	-1.0
274.975	-1.0
275.00397	-1.0
275.03656	-1.0
275.06335	-1.0
275.10193	-1.0
275.12253	-1.0
275.16055	-1.0
275.19315	-1.0
275.2105	-1.0
275.24557	-1.0
275.2896	-1.0
275.3084	-1.0
275.33423	-1.0
275.36435	-1.0
275.41525	-1.0
275.446	-1.0
275.4911	-1.0
275.54065	-1.0
275.62332	-1.0
275.63025	-1.0
275.7588	-1.0
275.8488	-1.0
275.91995	-1.0
276.00763	-1.0
281.3878	-1.0
281.3954	1.0
281.39807	-1.0
281.41403	-1.0
281.42264	-1.0
281.43143	-1.0
281.45657	-1.0
281.49475	-1.0
281.51468	-1.0
281.51974	-1.0
281.54312	-1.0
281.56955	-1.0
281.58392	-1.0
281.61047	-1.0
281.63235	-1.0
281.65427	-1.0
281.6805	-1.0
281.7129	-1.0
281.77057	-1.0
281.782	-1.0
281.8037	-1.0
281.83524	-1.0
281.85403	-1.0
281.86765	-1.0
281.8897	-1.0
281.92084	-1.0
281.95667	-1.0
281.9916	-1.0
282.0183	-1.0
282.03796	-1.0
282.0653	-1.0
282.1138	-1.0
282.15536	-1.0
282.17877	-1.0
282.20056	-1.0
282.22153	-1.0
282.26855	-1.0
282.2744	-1.0
282.31595	-1.0
282.36032	-1.0
282.4323	-1.0
282.46573	-1.0
282.4826	-1.0
286.4078	1.0
286.42984	1.0
286.4651	-1.0
286.5402	-1.0
286.56705	-1.0
286.59445	-1.0
286.6253	-1.0
286.66302	-1.0
286.69513	-1.0
286.72513	-1.0
286.74365	-1.0
286.7784	-1.0
286.8123	-1.0
286.83685	-1.0
286.86713	-1.0
286.89664	-1.0
286.93903	-1.0
286.95972	-1.0
286.99548	-1.0
287.02075	-1.0
287.0644	-1.0
287.1534	-1.0
287.2129	-1.0
287.38593	-1.0
287.4767	-1.0
287.58405	-1.0
287.60617	-1.0
289.92737	1.0
289.979	1.0
290.01776	-1.0
290.06104	-1.0
290.07727	-1.0
290.11108	-1.0
290.1389	-1.0
290.14612	-1.0
290.1874	-1.0
290.19724	-1.0
290.24628	-1.0
290.28125	-1.0
290.3054	-1.0
290.3151	-1.0
290.34753	-1.0
290.4236	-1.0
290.4525	-1.0
290.4588	1.0
290.4891	-1.0
290.52832	-1.0
290.55267	-1.0
290.6515	-1.0
290.78232	-1.0
290.82593	-1.0
290.87424	-1.0
291.05576	-1.0
291.0675	-1.0
295.45047	1.0
295.45883	-1.0
295.46487	1.0
295.49747	-1.0
295.53317	-1.0
295.57748	-1.0
295.6115	-1.0
295.63916	-1.0
295.66208	-1.0
295.70367	-1.0
295.7318	-1.0
295.75845	-1.0
295.78165	-1.0
295.81055	-1.0
295.8392	-1.0
295.8616	-1.0
295.93472	-1.0
295.97653	-1.0
295.99863	-1.0
296.046	-1.0
296.06943	-1.0
296.1588	-1.0
296.18848	-1.0
296.27347	-1.0
296.3635	-1.0
296.4405	-1.0
296.49588	-1.0
296.56924	-1.0
300.37576	1.0
300.40036	1.0
300.41367	-1.0
300.46332	-1.0
300.4897	-1.0
300.5114	-1.0
300.54175	-1.0
300.5775	-1.0
300.61145	-1.0
300.64825	-1.0
300.70743	-1.0
300.73264	1.0
300.7802	-1.0
300.82083	-1.0
300.85883	-1.0
300.875	-1.0
300.9078	-1.0
300.93607	-1.0
301.02704	-1.0
301.06042	-1.0
301.0821	-1.0
301.16617	-1.0
301.2105	-1.0
301.24088	-1.0
301.26608	-1.0
305.42776	1.0
305.44867	1.0
305.54767	-1.0
305.5799	-1.0
305.58987	-1.0
305.64197	-1.0
305.6818	-1.0
305.73505	-1.0
305.77496	-1.0
305.8236	1.0
305.82803	-1.0
305.8603	-1.0
305.89435	-1.0
305.91977	-1.0
305.94623	-1.0
305.97485	-1.0
306.01083	-1.0
306.069	-1.0
306.16617	-1.0
306.24103	-1.0
306.28564	-1.0
306.4084	-1.0
310.20737	1.0
310.24072	-1.0
310.25433	-1.0
310.28983	1.0
310.2957	-1.0
310.3257	-1.0
310.3965	-1.0
310.4272	-1.0
310.4686	-1.0
310.5684	-1.0
310.61975	-1.0
310.6532	-1.0
310.67444	1.0
310.68024	-1.0
310.72467	-1.0
310.7683	-1.0
310.79947	-1.0
310.83624	-1.0
310.9072	-1.0
310.9238	-1.0
310.9572	-1.0
310.98984	-1.0
311.12888	-1.0
311.15115	-1.0
315.84067	1.0
315.86697	1.0
315.89987	1.0
315.95895	1.0
315.96857	-1.0
315.988	1.0
316.02664	-1.0
316.05252	-1.0
316.06287	-1.0
316.14465	-1.0
316.23035	-1.0
316.27097	-1.0
316.40564	-1.0
316.46893	-1.0
316.56204	-1.0
316.61356	-1.0
316.70352	-1.0
316.73456	-1.0
316.7538	-1.0
316.81595	-1.0
321.01056	1.0
321.02243	1.0
321.03625	-1.0
321.04977	-1.0
321.09232	-1.0
321.24603	-1.0
321.3565	-1.0
321.4034	-1.0
321.43448	-1.0
321.666	-1.0
321.7228	-1.0
321.7976	-1.0
321.94708	-1.0
322.04355	-1.0
322.11865	-1.0
325.95007	1.0
325.9658	1.0
325.97983	-1.0
325.99307	-1.0
326.00854	-1.0
326.07547	-1.0
326.106	1.0
326.16272	1.0
326.2501	-1.0
326.32748	-1.0
326.54147	-1.0
326.63528	-1.0
326.73987	1.0
331.84637	1.0
331.86453	1.0
331.9327	-1.0
332.0	-1.0
332.0656	1.0
332.0745	-1.0
332.18057	-1.0
332.44775	-1.0
332.548	-1.0
332.58707	-1.0
332.5971	-1.0
332.6904	-1.0
332.78152	-1.0
338.2	1.0
338.21207	-1.0
338.22867	-1.0
338.2858	1.0
338.3033	-1.0
338.42465	-1.0
338.49835	-1.0
338.61835	-1.0
338.82376	-1.0
338.87433	-1.0
338.9244	-1.0
338.93152	-1.0
339.08423	-1.0
343.27692	-1.0
343.28625	1.0
343.2899	-1.0
343.3167	1.0
343.32388	-1.0
343.39496	-1.0
343.7228	-1.0
343.805	-1.0
343.83292	-1.0
343.85327	-1.0
348.6267	1.0
348.64813	-1.0
348.6841	1.0
348.77844	-1.0
348.85403	-1.0
348.96408	-1.0
348.96844	1.0
349.29648	-1.0
353.61868	1.0
353.64047	1.0
353.69528	1.0
353.74213	-1.0
353.79968	-1.0
353.84988	-1.0
353.87372	-1.0
354.00204	-1.0
354.0914	-1.0
354.16544	-1.0
354.2461	-1.0
354.36084	1.0
354.49316	-1.0
354.6394	1.0
358.4113	1.0
358.4316	1.0
358.45688	1.0
358.5138	-1.0
358.54956	-1.0
358.58575	-1.0
358.67093	-1.0
358.73215	1.0
358.87152	-1.0
358.9102	-1.0
358.9276	-1.0
359.0236	-1.0
359.28705	-1.0
363.4818	1.0
363.4915	-1.0
363.53516	-1.0
363.60117	-1.0
363.64005	-1.0
363.72037	-1.0
363.752	-1.0
363.84235	-1.0
363.90915	-1.0
363.9428	-1.0
363.97827	-1.0
364.33295	-1.0
364.4856	-1.0
368.42615	1.0
368.4352	-1.0
368.46915	-1.0
368.50708	-1.0
368.7186	-1.0
368.9512	-1.0
373.1757	-1.0
373.2188	1.0
373.22275	1.0
373.25204	-1.0
373.28293	-1.0
373.31372	-1.0
373.33987	-1.0
373.38275	-1.0
373.43292	-1.0
373.48428	-1.0
373.50867	1.0
373.59116	-1.0
373.95663	-1.0
373.96045	-1.0
374.02277	-1.0
374.09583	1.0
374.11783	-1.0
374.18915	-1.0
374.205	-1.0
378.04184	1.0
378.09775	1.0
378.10812	-1.0
378.1304	-1.0
378.16077	-1.0
378.19315	-1.0
378.27847	-1.0
378.38525	-1.0
378.43396	-1.0
378.4854	-1.0
378.588	1.0
378.5922	-1.0
378.64597	-1.0
383.10968	-1.0
383.12344	-1.0
383.1592	-1.0
383.19165	1.0
383.19513	-1.0
383.2208	-1.0
383.23883	-1.0
383.27313	1.0
383.3099	-1.0
383.3696	-1.0
383.3724	1.0
383.37573	-1.0
383.4074	-1.0
383.4573	-1.0
383.6577	1.0
383.733	1.0
388.1096	1.0
388.1635	-1.0
388.1753	1.0
388.1926	-1.0
388.22708	-1.0
388.29184	-1.0
388.36444	-1.0
388.40753	1.0
388.44272	-1.0
388.44662	-1.0
388.54828	-1.0
388.8528	1.0
389.0559	-1.0
392.88766	-1.0
392.9156	-1.0
392.92764	-1.0
392.94553	-1.0
392.98843	-1.0
393.01816	-1.0
393.0578	-1.0
393.06848	-1.0
393.193	-1.0
393.19553	-1.0
393.28287	-1.0
393.30524	1.0
393.7884	-1.0
397.28775	-1.0
397.31088	-1.0
397.33804	1.0
397.3571	1.0
397.36688	-1.0
397.41275	-1.0
397.46713	-1.0
397.51437	-1.0
397.6253	1.0
397.693	-1.0
397.82428	1.0
402.16003	1.0
402.1744	-1.0
402.18427	-1.0
402.20285	-1.0
402.23184	-1.0
402.2586	-1.0
402.2899	-1.0
402.33615	-1.0
402.3902	-1.0
402.45453	-1.0
402.47748	1.0
402.5208	-1.0
402.78656	1.0
402.87448	-1.0
403.01904	-1.0
403.17004	-1.0
407.50076	-1.0
407.52417	-1.0
407.54135	-1.0
407.57193	-1.0
407.5974	-1.0
407.59995	1.0
407.63535	-1.0
407.69748	-1.0
407.81528	-1.0
407.82193	1.0
407.91147	-1.0
407.92773	1.0
411.83133	-1.0
411.8347	-1.0
411.85065	-1.0
411.87485	-1.0
411.92337	-1.0
411.98785	-1.0
412.06604	-1.0
412.1717	-1.0
412.29117	-1.0
416.61563	-1.0
416.6346	-1.0
416.66895	-1.0
416.70084	-1.0
416.763	-1.0
416.8535	1.0
416.86435	-1.0
417.2459	1.0
417.3159	-1.0
417.40308	-1.0
417.43405	-1.0
421.3038	-1.0
421.32193	-1.0
421.33765	-1.0
421.40005	-1.0
421.44876	-1.0
421.48312	-1.0
421.51785	-1.0
421.52652	-1.0
421.60373	1.0
425.73813	-1.0
425.75793	-1.0
425.78607	-1.0
425.85373	-1.0
425.91196	-1.0
425.99988	-1.0
426.0916	-1.0
426.14087	1.0
429.6756	-1.0
429.70135	-1.0
429.7424	-1.0
429.80685	-1.0
429.88147	-1.0
430.1098	1.0
430.40503	-1.0
433.6944	-1.0
433.70773	-1.0
433.7217	-1.0
433.73953	1.0
433.7425	-1.0
433.78256	-1.0
433.833	-1.0
433.90204	-1.0
433.97617	-1.0
434.1789	-1.0
437.53235	-1.0
437.5684	-1.0
437.58813	-1.0
437.64517	-1.0
437.83395	-1.0
437.9031	-1.0
442.50607	-1.0
442.5193	-1.0
442.55463	-1.0
442.5864	-1.0
442.64395	-1.0
442.7279	-1.0
442.7824	-1.0
446.38205	-1.0
446.38855	-1.0
446.40848	-1.0
446.4748	-1.0
446.53885	-1.0
446.6425	-1.0
446.7163	-1.0
450.41388	-1.0
450.4215	-1.0
450.43896	-1.0
450.456	1.0
450.45908	-1.0
450.4958	-1.0
450.51184	-1.0
450.52423	-1.0
450.58115	-1.0
450.652	-1.0
450.9865	-1.0
453.9648	-1.0
453.97488	-1.0
453.98813	-1.0
454.01892	-1.0
454.09116	-1.0
454.31827	-1.0
457.48257	-1.0
457.50336	-1.0
457.5246	-1.0
457.56573	-1.0
457.6138	-1.0
457.9328	-1.0
460.75635	-1.0
460.77573	-1.0
460.81277	-1.0
460.84457	-1.0
460.90085	-1.0
460.98904	-1.0
461.0052	-1.0
464.20883	-1.0
464.22717	-1.0
464.23743	-1.0
464.24988	-1.0
464.2866	1.0
464.28943	-1.0
464.31113	-1.0
464.3323	-1.0
464.68832	-1.0
467.6956	-1.0
467.70633	-1.0
467.72015	-1.0
467.75427	-1.0
467.81287	-1.0
467.98492	-1.0
468.12497	-1.0
471.00653	-1.0
471.031	-1.0
471.0626	-1.0
471.12	-1.0
471.1719	-1.0
471.26	-1.0
473.93753	-1.0
473.95688	-1.0
473.9771	-1.0
473.99695	-1.0
474.03027	-1.0
474.07727	-1.0
474.1227	-1.0
474.5302	-1.0
476.93292	-1.0
476.95255	-1.0
476.95532	-1.0
476.9692	-1.0
476.99625	-1.0
477.03613	-1.0
477.10907	-1.0
477.17313	-1.0
479.8473	-1.0
479.85513	-1.0
479.88925	-1.0
479.9201	-1.0
479.95883	-1.0
480.16925	-1.0
480.23672	-1.0
480.28995	-1.0
482.51257	-1.0
482.53616	-1.0
482.55945	-1.0
482.59903	-1.0
482.65594	-1.0
485.77197	-1.0
485.79657	-1.0
485.81595	-1.0
485.81912	-1.0
485.8843	-1.0
485.9337	-1.0
485.94055	-1.0
486.03745	-1.0
489.08868	-1.0
489.09656	-1.0
489.11377	-1.0
489.1323	-1.0
489.17712	-1.0
489.22583	-1.0
489.28177	-1.0
489.51465	-1.0
492.6997	-1.0
492.71906	-1.0
492.74612	-1.0
492.79865	-1.0
492.83316	-1.0
492.9244	-1.0
493.00684	-1.0
493.1476	-1.0
495.49332	-1.0
495.51495	-1.0
495.528	-1.0
495.58112	-1.0
498.51865	-1.0
498.5368	-1.0
498.55505	-1.0
498.58432	-1.0
498.61237	-1.0
498.64572	-1.0
498.70496	-1.0
498.7559	-1.0
503.93457	-1.0
503.95535	-1.0
503.96707	1.0
503.98764	-1.0
504.0098	-1.0
504.0399	-1.0
504.087	-1.0
504.16	-1.0
504.2389	-1.0
504.35263	-1.0
506.9181	-1.0
506.93497	-1.0
506.9822	-1.0
507.04233	-1.0
509.42285	-1.0
509.44095	-1.0
509.4785	-1.0
509.52505	-1.0
509.58203	-1.0
512.625	-1.0
512.64734	-1.0
512.681	-1.0
512.7137	-1.0
512.7959	-1.0
515.3611	-1.0
515.3883	-1.0
515.41626	-1.0
515.4805	-1.0
515.56805	-1.0
515.6584	-1.0
518.31067	-1.0
518.35205	-1.0
518.3827	-1.0
518.4469	-1.0
518.5666	-1.0
521.4336	-1.0
521.4539	-1.0
521.47845	-1.0
521.487	-1.0
521.5352	-1.0
521.5806	-1.0
521.59	-1.0
524.1701	1.0
524.2399	-1.0
524.24677	-1.0
524.26465	-1.0
524.311	-1.0
526.76776	-1.0
526.77563	-1.0
526.8322	-1.0
526.88086	-1.0
526.94495	-1.0
530.11633	-1.0
530.13934	-1.0
530.16626	-1.0
530.1998	-1.0
530.2733	-1.0
533.54114	1.0
533.5826	-1.0
533.6245	-1.0
533.6486	-1.0
533.7011	-1.0
536.3524	-1.0
536.3768	-1.0
538.4346	-1.0
538.46094	-1.0
538.49536	-1.0
538.5229	-1.0
538.58777	-1.0
541.9652	-1.0
541.9848	-1.0
542.0251	-1.0
542.06116	-1.0
542.12085	-1.0
547.06964	-1.0
547.14545	-1.0
547.20056	-1.0
551.83264	-1.0
551.86456	-1.0
551.93677	-1.0
551.9795	-1.0
556.023	1.0
556.06805	-1.0
556.09827	-1.0
556.163	-1.0
559.8264	-1.0
559.87384	-1.0
559.91016	-1.0
562.9543	-1.0
562.98413	-1.0
563.0277	-1.0
567.1979	-1.0
567.2283	-1.0
567.277	-1.0
574.8895	-1.0
574.91534	-1.0
574.95325	-1.0
574.9853	-1.0
575.02606	-1.0
578.58014	-1.0
578.62006	-1.0
578.67	-1.0
581.9296	-1.0
581.95984	-1.0
582.0264	1.0
582.0423	-1.0
582.0524	1.0
586.79205	1.0
586.8146	-1.0
586.84247	-1.0
586.899	-1.0
586.9874	-1.0
593.23303	-1.0
593.30115	-1.0
593.32434	1.0
593.3603	-1.0
597.221	1.0
597.22986	-1.0
597.2698	-1.0
597.3136	-1.0
597.38324	1.0
