0.03076	1.0
0.04308	1.0
0.066	1.0
0.12012	1.0
0.17496	1.0
0.2436	1.0
0.25532	1.0
0.31012	1.0
0.82152	1.0
0.85456	1.0
0.92292	1.0
1.39032	1.0
5.42796	1.0
5.44832	1.0
5.46876	1.0
5.485	1.0
5.4988	1.0
5.5488	1.0
5.5656	1.0
5.59028	1.0
5.61704	1.0
5.67932	1.0
5.78912	1.0
5.82316	1.0
5.91196	1.0
5.93004	1.0
5.95928	1.0
6.01192	1.0
6.18484	1.0
6.22056	1.0
6.31856	1.0
6.71096	1.0
6.73656	1.0
8.97284	1.0
8.9768	1.0
8.98548	1.0
9.00904	1.0
9.07388	1.0
9.09332	1.0
9.11108	1.0
9.21632	1.0
9.48492	1.0
9.60736	1.0
11.74416	1.0
11.8622	1.0
11.8708	1.0
11.90464	1.0
11.93716	1.0
11.94528	1.0
11.97616	1.0
11.99664	1.0
12.032	1.0
12.35264	1.0
12.36712	1.0
12.48792	1.0
14.96096	1.0
14.97704	1.0
14.99896	-1.0
15.0018	1.0
15.03232	1.0
15.0874	1.0
15.09504	1.0
15.11148	1.0
15.14656	1.0
15.21036	1.0
15.2624	1.0
15.29956	1.0
15.35772	1.0
15.41972	1.0
16.17096	1.0
19.44	1.0
19.45696	1.0
19.503	1.0
19.5276	1.0
19.5372	1.0
19.567	1.0
19.62948	1.0
19.68412	1.0
19.85348	1.0
20.08892	1.0
24.85332	1.0
24.87272	1.0
24.87992	1.0
24.89084	1.0
24.90244	1.0
24.91048	1.0
24.91976	1.0
24.92716	1.0
24.93384	1.0
24.97256	1.0
25.06896	1.0
25.11368	1.0
25.16432	1.0
25.21468	1.0
25.23892	1.0
25.31556	1.0
25.4772	1.0
29.8382	1.0
29.84524	1.0
29.85616	1.0
29.8676	1.0
29.89692	1.0
29.9156	1.0
29.95792	1.0
29.97508	1.0
29.98696	1.0
30.03468	1.0
30.07276	1.0
30.1552	1.0
35.71964	1.0
35.75076	1.0
35.7682	1.0
35.78008	1.0
35.79548	1.0
35.85844	1.0
35.88152	1.0
35.91184	1.0
36.6146	1.0
37.85992	1.0
40.4442	1.0
40.44908	1.0
40.48216	1.0
40.49932	1.0
40.51788	1.0
40.6554	1.0
40.69224	1.0
40.8422	1.0
40.94576	1.0
41.00964	1.0
41.32688	1.0
44.68672	1.0
44.7194	1.0
44.73776	1.0
44.7556	1.0
44.7756	1.0
44.79852	1.0
44.85292	1.0
44.90576	1.0
44.9352	1.0
44.99888	1.0
45.49992	1.0
49.25264	1.0
49.26296	1.0
49.27404	1.0
49.28984	1.0
49.31964	1.0
49.3436	1.0
49.36116	1.0
49.3688	1.0
49.386	1.0
49.4106	1.0
49.42916	1.0
49.55952	1.0
49.60336	1.0
50.43268	1.0
51.2156	-1.0
54.48308	-1.0
54.48972	1.0
54.61252	1.0
54.63532	1.0
54.65956	1.0
54.94732	1.0
55.00764	1.0
55.05652	1.0
55.47716	1.0
59.58988	1.0
59.5954	1.0
59.61912	1.0
59.63612	1.0
59.64548	1.0
59.65556	1.0
59.66512	1.0
59.68456	1.0
59.80504	1.0
59.91972	1.0
59.95424	1.0
60.01944	1.0
60.22512	1.0
60.44844	1.0
60.58884	1.0
63.8656	1.0
63.914	-1.0
63.92208	1.0
63.93416	1.0
63.94072	1.0
63.95716	1.0
64.01688	1.0
64.0354	1.0
64.13068	1.0
64.28364	1.0
68.26052	1.0
68.26888	1.0
68.30472	1.0
68.32508	1.0
68.33712	1.0
68.3626	1.0
68.39612	1.0
68.53712	1.0
68.65524	1.0
68.86812	1.0
73.5462	1.0
73.5852	1.0
73.60384	1.0
73.62392	1.0
73.66628	1.0
73.71012	1.0
73.83492	1.0
74.34504	-1.0
78.51296	1.0
78.549	1.0
78.5596	1.0
78.60388	1.0
78.61384	1.0
78.62392	1.0
78.63112	1.0
78.65676	1.0
78.80016	1.0
78.97288	1.0
79.04804	1.0
79.09892	1.0
83.86368	1.0
83.88184	1.0
83.8976	1.0
83.915	1.0
83.9432	1.0
83.98756	1.0
84.2292	1.0
84.46724	1.0
84.61648	1.0
84.79888	1.0
84.94748	1.0
88.4234	1.0
88.43004	1.0
88.50892	1.0
88.52752	1.0
88.55064	1.0
88.5694	1.0
88.61492	1.0
88.63796	1.0
88.86948	1.0
88.925	1.0
93.24308	1.0
93.27204	1.0
93.3104	1.0
93.33436	1.0
93.36676	1.0
93.42056	1.0
93.44284	1.0
93.76144	1.0
93.88588	1.0
99.31748	1.0
99.33432	1.0
99.3558	1.0
99.39652	1.0
99.888	1.0
100.0832	1.0
100.85136	1.0
100.9388	1.0
104.60752	1.0
104.66916	1.0
104.71348	1.0
104.7628	1.0
104.85908	1.0
105.03848	1.0
105.68164	1.0
106.02384	1.0
109.73032	1.0
109.74396	1.0
109.79392	-1.0
109.80692	1.0
109.81588	1.0
109.83112	1.0
110.04092	-1.0
110.1016	1.0
110.1502	1.0
114.83564	1.0
114.84596	1.0
114.87	1.0
114.90564	1.0
114.93312	1.0
115.02036	1.0
115.37944	1.0
115.4512	1.0
119.82552	1.0
119.86924	1.0
119.89268	1.0
119.9288	1.0
121.12548	1.0
121.17448	1.0
124.88432	1.0
124.92264	1.0
124.9274	1.0
124.94772	1.0
124.96228	1.0
125.06508	1.0
130.59908	1.0
130.6164	1.0
130.63292	1.0
131.1066	1.0
136.52647	1.0
136.55504	1.0
136.62112	1.0
142.45528	1.0
142.49117	1.0
142.579	1.0
148.70804	1.0
148.71944	-1.0
148.76591	1.0
148.80272	1.0
153.74055	1.0
153.81052	1.0
153.84177	1.0
154.0022	1.0
159.98283	1.0
160.02296	1.0
160.061	1.0
166.25755	1.0
166.27676	1.0
166.33096	1.0
166.40292	1.0
172.90512	1.0
172.9656	1.0
179.04996	1.0
179.08067	1.0
179.1698	1.0
184.84724	1.0
185.37556	-1.0
190.24	1.0
190.3162	1.0
196.06648	1.0
201.96164	1.0
201.96536	1.0
207.86604	1.0
209.31404	1.0
213.71371	1.0
213.72852	1.0
213.78316	1.0
219.38916	1.0
225.11012	1.0
225.30415	1.0
225.6692	1.0
230.80896	1.0
230.83156	-1.0
236.64384	1.0
242.18285	1.0
248.66531	1.0
248.68549	1.0
253.22704	-1.0
255.03244	1.0
261.07727	1.0
265.7961	1.0
271.3724	1.0
281.40817	1.0
281.52844	1.0
290.05865	1.0
295.648	1.0
296.63055	-1.0
300.46643	1.0
300.51236	1.0
310.30835	1.0
315.9376	1.0
316.05295	1.0
316.13092	1.0
321.0413	1.0
321.21323	1.0
321.4255	1.0
325.98364	1.0
326.04623	1.0
326.07428	1.0
326.1343	1.0
326.1603	1.0
326.19656	1.0
326.29843	1.0
326.48627	1.0
331.90112	1.0
331.9381	1.0
332.02573	1.0
332.09552	1.0
332.1783	1.0
332.21347	1.0
338.2686	1.0
338.3297	1.0
338.34216	1.0
338.3773	1.0
338.50052	1.0
338.89685	1.0
338.9225	1.0
338.93365	1.0
338.9709	1.0
338.98553	1.0
339.19125	1.0
343.2787	1.0
343.35104	1.0
343.3608	1.0
343.381	1.0
343.41388	-1.0
343.4347	1.0
343.54453	1.0
343.56723	1.0
343.62357	1.0
343.70828	1.0
343.7719	1.0
343.7988	1.0
343.82013	1.0
343.86072	1.0
343.94507	1.0
343.99823	1.0
348.68063	1.0
348.72372	1.0
348.7407	1.0
348.7626	1.0
348.8253	1.0
348.8506	1.0
348.9271	1.0
349.0028	1.0
349.21127	1.0
349.3899	1.0
353.6437	1.0
353.68665	1.0
353.71387	1.0
353.7288	1.0
353.7452	1.0
353.7562	1.0
353.7761	1.0
353.80576	1.0
353.83963	1.0
353.8485	1.0
353.895	1.0
353.927	1.0
353.95544	1.0
353.95993	1.0
354.0229	1.0
354.035	1.0
354.0563	1.0
354.07297	1.0
354.08383	1.0
354.51437	1.0
354.56317	1.0
354.59573	1.0
358.42044	1.0
358.48932	1.0
358.5974	1.0
358.64584	1.0
358.6984	1.0
358.78177	1.0
358.9923	1.0
359.01712	1.0
359.05975	1.0
363.4547	1.0
363.50864	1.0
363.5869	1.0
363.6111	1.0
363.618	1.0
363.63553	1.0
363.6848	1.0
363.71484	1.0
363.7308	1.0
363.753	1.0
363.7836	1.0
363.81787	1.0
363.8532	1.0
363.8957	1.0
363.9399	1.0
364.3239	1.0
364.3854	1.0
368.428	1.0
368.4574	1.0
368.46475	1.0
368.47595	1.0
368.49277	1.0
368.5042	1.0
368.57584	1.0
368.63397	1.0
368.65872	1.0
368.77316	1.0
368.88635	1.0
368.90988	1.0
368.97104	1.0
369.0009	1.0
369.0616	1.0
369.15536	1.0
373.15076	1.0
373.2264	-1.0
373.2408	1.0
373.2599	1.0
373.26956	1.0
373.44675	1.0
373.4724	1.0
373.491	-1.0
373.52225	1.0
373.6616	1.0
373.67932	1.0
373.73697	1.0
373.76852	1.0
373.83063	1.0
373.9186	1.0
373.9314	1.0
373.96472	1.0
374.03784	1.0
374.1564	1.0
374.18317	1.0
378.02756	1.0
378.04922	1.0
378.064	1.0
378.07864	1.0
378.0852	1.0
378.0988	1.0
378.1208	1.0
378.1242	1.0
378.1345	1.0
378.14413	1.0
378.14767	-1.0
378.1737	1.0
378.18433	1.0
378.19577	1.0
378.23956	1.0
378.43924	1.0
378.47476	1.0
378.51108	1.0
378.55127	1.0
378.56207	1.0
378.64713	1.0
378.673	1.0
383.0457	1.0
383.0696	1.0
383.08325	1.0
383.09323	1.0
383.1009	1.0
383.1078	1.0
383.1298	1.0
383.13608	1.0
383.15973	1.0
383.17395	1.0
383.1921	1.0
383.3314	1.0
383.37607	1.0
383.41113	1.0
383.44128	1.0
383.5016	1.0
383.63525	1.0
383.71564	1.0
383.76364	1.0
384.03336	1.0
388.05307	-1.0
388.09692	1.0
388.11707	1.0
388.1277	1.0
388.148	1.0
388.15375	1.0
388.16656	1.0
388.1728	1.0
388.2044	1.0
388.21844	1.0
388.2779	1.0
388.37027	1.0
388.39023	1.0
388.4101	1.0
388.4262	1.0
388.44135	1.0
388.4922	1.0
388.52676	1.0
388.62033	1.0
388.63147	1.0
388.69028	1.0
388.7371	1.0
388.7512	1.0
388.8021	1.0
388.86563	1.0
388.91528	1.0
388.96613	1.0
388.99487	1.0
389.01337	1.0
389.0462	-1.0
389.0698	1.0
392.79355	1.0
392.819	1.0
392.82812	1.0
392.83884	1.0
392.85556	1.0
392.86145	1.0
392.8764	1.0
392.89676	1.0
392.91772	1.0
392.95743	1.0
393.01096	1.0
393.03088	1.0
393.0468	-1.0
393.2481	1.0
393.29572	1.0
393.32065	1.0
393.3435	1.0
393.3635	1.0
393.51617	1.0
393.54248	1.0
393.59473	1.0
393.6515	1.0
393.67184	1.0
393.7051	1.0
393.7463	1.0
393.77145	1.0
393.78308	1.0
397.1802	1.0
397.2227	1.0
397.2427	1.0
397.2549	1.0
397.26007	1.0
397.27313	1.0
397.27957	1.0
397.28677	1.0
397.29025	1.0
397.3858	1.0
397.41608	1.0
397.43512	1.0
397.45596	1.0
397.4683	1.0
397.49924	1.0
397.53616	1.0
397.61536	1.0
397.66415	1.0
397.68152	1.0
397.78485	1.0
397.80423	1.0
397.84207	1.0
397.8708	1.0
397.92413	1.0
402.13416	1.0
402.14304	1.0
402.15384	1.0
402.16385	1.0
402.19183	-1.0
402.20847	1.0
402.2628	1.0
402.32452	1.0
402.35513	1.0
402.405	1.0
402.45227	1.0
402.48895	1.0
402.52997	1.0
402.55005	1.0
402.5695	1.0
402.615	1.0
402.66376	1.0
402.71872	1.0
403.01556	1.0
403.04922	1.0
403.06348	1.0
403.084	1.0
407.4539	1.0
407.47552	1.0
407.4847	1.0
407.49472	1.0
407.49957	1.0
407.51068	1.0
407.52988	1.0
407.5669	1.0
407.59332	1.0
407.62195	1.0
407.6986	1.0
407.7219	1.0
407.8234	1.0
407.8399	1.0
407.86484	1.0
407.96332	1.0
407.97876	1.0
408.00955	1.0
408.03333	1.0
408.0824	1.0
408.09747	1.0
408.24792	1.0
408.34937	1.0
411.77783	1.0
411.8228	1.0
411.84653	1.0
411.87872	1.0
411.8998	1.0
411.95	1.0
412.1294	1.0
412.181	1.0
412.20993	1.0
412.2658	1.0
412.29416	1.0
412.3588	1.0
412.39188	1.0
412.41696	1.0
412.46643	1.0
412.64023	1.0
416.60995	1.0
416.61517	1.0
416.63297	1.0
416.64383	-1.0
416.66553	1.0
416.70184	1.0
416.719	1.0
416.73245	1.0
416.74753	1.0
416.8287	1.0
416.86905	1.0
416.88956	1.0
416.89493	1.0
416.92575	1.0
417.04788	1.0
417.0744	1.0
417.11395	1.0
417.12347	1.0
417.17117	1.0
417.277	1.0
417.29388	1.0
417.4008	1.0
417.4262	1.0
417.4604	1.0
417.517	1.0
421.26855	1.0
421.2794	1.0
421.29312	1.0
421.30225	1.0
421.32944	-1.0
421.33868	1.0
421.40747	1.0
421.46075	1.0
421.48477	1.0
421.50345	1.0
421.52185	1.0
421.65195	1.0
421.76907	1.0
421.78952	1.0
421.82043	1.0
421.83963	1.0
421.86475	1.0
421.9213	1.0
425.6916	1.0
425.703	1.0
425.71057	1.0
425.71643	1.0
425.7222	1.0
425.73813	1.0
425.803	1.0
425.81107	1.0
425.88007	1.0
425.89474	1.0
425.9258	1.0
425.94424	1.0
426.01663	1.0
426.0984	1.0
426.12604	1.0
426.16324	1.0
426.47244	1.0
426.6346	1.0
429.62915	1.0
429.6425	1.0
429.6458	1.0
429.65863	1.0
429.66843	1.0
429.68515	1.0
429.7109	-1.0
429.72388	1.0
429.736	1.0
429.7642	1.0
429.8048	-1.0
429.83267	1.0
429.89688	1.0
429.99075	1.0
430.00308	1.0
430.0395	1.0
430.06635	1.0
430.2459	1.0
433.6563	1.0
433.66455	1.0
433.6707	1.0
433.70355	1.0
433.82785	1.0
433.83603	1.0
433.89285	1.0
433.9051	1.0
433.9251	1.0
434.01843	1.0
434.05295	1.0
434.08008	-1.0
434.09415	1.0
434.16113	1.0
434.19296	1.0
434.26184	1.0
434.29645	1.0
434.44983	1.0
437.4786	1.0
437.5024	1.0
437.50708	1.0
437.5216	1.0
437.5276	1.0
437.5539	1.0
437.56583	1.0
437.58453	1.0
437.6599	1.0
437.66873	1.0
437.689	1.0
437.71835	1.0
437.76495	1.0
437.83057	1.0
437.91748	1.0
437.97845	1.0
438.00793	1.0
438.16885	1.0
438.23367	1.0
442.47073	1.0
442.4938	1.0
442.49817	-1.0
442.5021	-1.0
442.51285	1.0
442.56064	1.0
442.59888	-1.0
442.65805	1.0
442.6693	1.0
442.6887	1.0
442.72113	1.0
442.75037	1.0
442.7863	1.0
442.84048	1.0
442.8637	1.0
442.90237	1.0
442.9184	1.0
442.94772	1.0
442.96588	1.0
443.0317	1.0
443.0757	1.0
443.13184	1.0
443.18585	1.0
446.33356	1.0
446.34055	1.0
446.3553	1.0
446.36115	1.0
446.3668	1.0
446.3978	1.0
446.4204	1.0
446.50372	1.0
446.52292	1.0
446.5351	1.0
446.7026	1.0
446.7405	1.0
446.7598	1.0
446.8025	1.0
446.85764	-1.0
446.8736	1.0
446.91037	-1.0
450.36728	1.0
450.3758	1.0
450.384	1.0
450.39407	1.0
450.40176	1.0
450.4067	1.0
450.43887	1.0
450.45743	1.0
450.52115	1.0
450.58273	1.0
450.62692	1.0
450.65823	1.0
450.66785	1.0
450.69675	1.0
450.72943	1.0
450.74872	1.0
450.78577	1.0
450.8253	1.0
450.86783	1.0
450.87592	-1.0
450.91177	1.0
451.00677	1.0
451.08456	1.0
453.94656	1.0
453.97113	1.0
454.0605	1.0
454.08313	1.0
454.16257	1.0
454.25928	1.0
454.28113	1.0
454.30524	1.0
454.32544	1.0
454.4044	1.0
454.50363	1.0
457.4369	1.0
457.44635	1.0
457.45877	-1.0
457.46872	1.0
457.4782	1.0
457.51047	1.0
457.60452	1.0
457.643	-1.0
457.65488	1.0
457.6685	1.0
457.6783	1.0
457.81348	1.0
457.8531	1.0
457.88983	1.0
457.92975	1.0
457.968	1.0
458.12405	1.0
458.1566	1.0
460.66	1.0
460.7188	1.0
460.72495	1.0
460.89572	1.0
460.90207	1.0
460.91653	1.0
460.99756	1.0
461.05707	1.0
461.07388	1.0
461.08295	1.0
461.1045	1.0
461.1114	1.0
461.1412	1.0
461.23187	1.0
461.27524	1.0
461.31003	1.0
464.15912	1.0
464.18372	1.0
464.20728	-1.0
464.2705	1.0
464.29828	1.0
464.31128	1.0
464.32928	1.0
464.41095	1.0
464.4794	1.0
464.5676	1.0
464.57733	-1.0
464.59848	1.0
464.6045	1.0
464.65475	1.0
467.6595	1.0
467.6632	1.0
467.66815	1.0
467.67853	1.0
467.69904	1.0
467.7212	-1.0
467.73303	1.0
467.7504	1.0
467.80304	1.0
467.81088	1.0
467.88376	1.0
467.90616	1.0
468.00177	1.0
468.03848	1.0
468.14304	1.0
468.19257	1.0
468.2416	1.0
470.93103	1.0
470.94077	1.0
470.9742	1.0
470.99707	1.0
471.0115	-1.0
471.07162	1.0
471.09863	1.0
471.1126	1.0
471.13312	1.0
471.2368	1.0
471.2632	1.0
471.31696	1.0
471.38885	1.0
471.5305	-1.0
471.59097	1.0
473.9014	1.0
473.90863	1.0
473.91757	1.0
473.92548	1.0
473.94736	1.0
473.98495	1.0
474.00372	1.0
474.0157	1.0
474.02545	1.0
474.05756	1.0
474.16937	1.0
474.24768	1.0
474.3369	1.0
474.35556	1.0
474.41617	1.0
474.4551	1.0
474.49753	1.0
476.89444	1.0
476.91467	-1.0
476.91733	1.0
476.93317	1.0
476.9633	1.0
477.0098	1.0
477.01407	1.0
477.10297	1.0
477.12115	1.0
477.13123	1.0
477.21915	1.0
479.78165	1.0
479.79044	1.0
479.81525	1.0
479.8281	-1.0
479.9772	1.0
480.00555	1.0
480.08307	1.0
480.1043	1.0
480.15756	1.0
482.44128	1.0
482.48257	1.0
482.50867	1.0
482.5133	-1.0
482.57996	1.0
482.59964	1.0
482.64865	1.0
482.6729	1.0
482.694	1.0
482.7367	1.0
482.7622	1.0
482.78516	1.0
482.80643	1.0
482.84845	1.0
485.71695	1.0
485.74405	1.0
485.76825	1.0
485.77225	1.0
485.787	1.0
485.79333	1.0
485.8188	1.0
485.8585	1.0
485.99545	1.0
486.06985	1.0
486.11676	1.0
486.26117	1.0
489.04117	1.0
489.0469	1.0
489.05716	1.0
489.07788	1.0
489.10507	1.0
489.12192	1.0
489.1452	1.0
489.15704	1.0
489.24765	1.0
489.25696	1.0
489.2784	1.0
489.32968	1.0
489.34955	1.0
489.36243	1.0
489.40997	1.0
489.4297	1.0
489.61597	1.0
492.70673	1.0
492.72232	1.0
492.7552	1.0
492.77576	1.0
492.79495	1.0
492.87723	1.0
492.91565	1.0
492.94357	1.0
493.015	1.0
493.05612	1.0
493.10413	1.0
493.18625	1.0
493.23224	1.0
495.4176	1.0
495.4296	1.0
495.43317	1.0
495.444	1.0
495.45456	1.0
495.4694	1.0
495.48145	1.0
495.52344	1.0
495.70975	1.0
498.49713	1.0
498.55167	1.0
498.5842	1.0
498.66617	1.0
498.675	1.0
498.71597	1.0
498.73752	1.0
498.8038	1.0
498.8459	1.0
498.91327	1.0
503.91196	1.0
503.9938	1.0
504.09708	1.0
504.1776	1.0
504.1917	1.0
504.32175	1.0
504.3496	1.0
504.47318	1.0
506.88245	1.0
506.91577	1.0
506.93857	1.0
506.9443	1.0
507.00177	1.0
507.0242	1.0
507.04004	-1.0
507.06876	1.0
507.1006	1.0
507.1287	1.0
507.22247	1.0
509.39417	1.0
509.40512	1.0
509.42255	1.0
509.4574	1.0
509.46844	1.0
509.5156	1.0
509.55676	1.0
509.59167	1.0
509.62332	1.0
509.6516	1.0
509.71463	1.0
512.5257	1.0
512.5371	1.0
512.5538	1.0
512.57385	1.0
512.5883	1.0
512.6154	1.0
512.632	1.0
512.63745	1.0
512.644	1.0
512.6557	1.0
512.6658	1.0
512.70154	1.0
512.7584	1.0
512.7906	1.0
512.80707	1.0
512.8538	1.0
515.32086	1.0
515.3856	-1.0
515.4142	1.0
515.495	1.0
515.5435	1.0
515.64557	1.0
515.67523	1.0
518.164	1.0
518.17474	1.0
518.1875	1.0
518.20435	1.0
518.2225	1.0
518.23	1.0
518.2391	1.0
518.26056	1.0
518.2734	1.0
518.3158	1.0
518.36066	1.0
518.37213	1.0
518.44836	1.0
518.4832	1.0
518.5049	1.0
518.56134	1.0
521.3623	1.0
521.371	1.0
521.3805	1.0
521.40015	1.0
521.405	1.0
521.41	1.0
521.4281	1.0
521.4492	1.0
521.4547	1.0
521.5244	1.0
521.5997	1.0
521.69666	1.0
521.7162	1.0
524.1176	1.0
524.151	1.0
524.16473	1.0
524.1808	1.0
524.2035	1.0
524.2129	-1.0
524.2502	1.0
524.25635	1.0
524.2741	1.0
524.37476	1.0
526.7147	1.0
526.72614	1.0
526.7593	1.0
526.7751	1.0
526.7807	1.0
526.8085	1.0
526.8698	1.0
526.90985	-1.0
527.014	1.0
530.03516	1.0
530.0428	1.0
530.06146	1.0
530.0646	1.0
530.07153	1.0
530.09296	1.0
530.13007	1.0
530.17865	1.0
530.19135	-1.0
530.20374	1.0
530.21814	1.0
530.2281	1.0
530.3042	1.0
532.71387	1.0
532.76215	1.0
532.7659	1.0
532.78656	1.0
532.8036	1.0
532.8216	1.0
533.5074	1.0
533.5191	1.0
533.54376	1.0
533.574	1.0
533.59503	1.0
533.62616	1.0
533.6492	1.0
533.6637	1.0
533.74414	1.0
533.8544	1.0
533.91003	1.0
535.85944	1.0
535.88226	1.0
535.8936	1.0
535.9268	1.0
535.9597	1.0
535.98035	1.0
535.9898	1.0
536.0097	1.0
536.0794	1.0
536.10736	1.0
536.2419	1.0
536.2643	1.0
536.28	1.0
536.3283	1.0
536.3927	1.0
536.4292	1.0
536.5025	1.0
538.403	-1.0
538.424	1.0
538.43207	1.0
538.44543	1.0
538.4916	1.0
538.49774	1.0
538.51746	1.0
538.60156	1.0
538.6257	1.0
541.8205	1.0
541.86346	1.0
541.8701	1.0
541.9456	1.0
541.9643	1.0
541.97345	1.0
542.04987	1.0
542.08954	1.0
542.1514	1.0
542.236	1.0
544.52075	1.0
544.5522	1.0
544.58777	1.0
546.93506	1.0
546.9669	1.0
547.01886	1.0
547.04474	1.0
547.0786	1.0
547.095	1.0
547.1057	1.0
547.1441	1.0
547.1536	1.0
547.20435	1.0
547.29205	1.0
549.8898	1.0
549.9752	1.0
551.79645	1.0
551.8001	1.0
551.8594	-1.0
551.9114	1.0
551.93964	1.0
551.94946	1.0
551.98706	1.0
552.02734	1.0
552.04376	1.0
555.9553	1.0
555.9684	1.0
556.00964	1.0
556.01825	1.0
556.0402	1.0
556.0538	1.0
556.06854	1.0
556.1166	1.0
556.15607	1.0
556.1943	1.0
556.22186	1.0
556.28735	1.0
558.85767	1.0
559.7452	1.0
559.754	1.0
559.76556	1.0
559.7714	1.0
559.7986	1.0
559.80414	1.0
559.81024	1.0
559.8166	1.0
559.8368	1.0
559.8987	1.0
559.90454	1.0
562.7867	1.0
562.80646	1.0
562.8236	1.0
562.83484	1.0
562.8524	1.0
562.89075	1.0
562.89825	1.0
562.906	1.0
562.9136	1.0
562.977	1.0
562.99445	1.0
563.02295	1.0
563.0737	1.0
563.0871	1.0
567.0696	1.0
567.11566	1.0
567.1313	1.0
567.1565	-1.0
567.1841	1.0
567.21844	1.0
567.2263	1.0
567.24927	1.0
567.2555	1.0
567.27386	1.0
567.285	1.0
567.4022	1.0
570.0944	1.0
574.8106	1.0
574.81854	1.0
574.8255	1.0
574.8647	1.0
574.8774	1.0
574.88776	1.0
574.9115	1.0
574.92206	1.0
574.9795	1.0
575.0256	1.0
575.10516	1.0
578.434	1.0
578.45953	1.0
578.47754	1.0
578.5227	1.0
578.533	1.0
578.5431	-1.0
578.54816	1.0
578.56494	1.0
578.58325	1.0
578.5914	1.0
578.5994	1.0
578.63257	1.0
578.6399	1.0
578.6543	1.0
578.6724	1.0
578.69867	1.0
578.7316	1.0
578.74786	1.0
578.7952	1.0
581.5839	1.0
581.6044	1.0
581.6427	1.0
581.66113	1.0
581.7642	1.0
581.80273	1.0
581.8118	1.0
581.8377	1.0
581.8447	-1.0
581.8562	1.0
581.8727	1.0
581.88446	1.0
581.88995	1.0
581.89996	1.0
581.9056	1.0
581.913	1.0
581.925	1.0
581.92944	1.0
581.93915	1.0
581.94855	-1.0
581.9529	1.0
581.98474	1.0
582.0308	1.0
582.0417	1.0
582.16595	1.0
586.787	1.0
586.83673	1.0
586.84296	1.0
586.84827	1.0
586.8621	-1.0
586.92035	1.0
586.9452	1.0
586.9542	1.0
586.97217	1.0
586.9821	1.0
586.99164	1.0
587.04626	1.0
587.074	1.0
587.105	1.0
587.3868	1.0
587.40436	1.0
587.4295	1.0
587.45123	1.0
587.46173	1.0
587.48175	1.0
593.1517	1.0
593.26434	1.0
593.3275	1.0
593.35376	1.0
593.464	1.0
597.0075	1.0
597.04663	1.0
597.0668	1.0
597.08307	1.0
597.09576	1.0
597.11176	1.0
597.1471	1.0
597.1656	1.0
597.1771	1.0
597.1884	1.0
597.2001	1.0
597.24304	-1.0
597.2458	1.0
597.2663	1.0
597.2749	1.0
597.3075	1.0
597.33606	1.0
597.34814	1.0
597.3631	1.0
597.41815	1.0
