0.01168	-1.0
0.0792	-1.0
0.25692	-1.0
0.26132	1.0
0.30608	-1.0
5.4442	1.0
5.453	-1.0
5.50292	-1.0
5.52948	-1.0
5.5826	-1.0
5.68316	1.0
5.74568	-1.0
5.9802	1.0
6.47396	1.0
6.7766	1.0
9.01036	1.0
9.21872	-1.0
9.23588	-1.0
9.77196	1.0
9.87164	-1.0
11.2368	1.0
11.62612	1.0
11.75336	-1.0
11.80072	1.0
12.00312	-1.0
12.14388	-1.0
12.31096	1.0
12.69324	1.0
15.00024	1.0
15.0202	-1.0
15.0428	-1.0
15.10232	-1.0
15.1106	1.0
15.25068	1.0
15.29184	1.0
15.50968	1.0
15.55416	-1.0
16.19652	1.0
16.61292	1.0
19.38376	1.0
19.44128	-1.0
19.4492	1.0
19.47284	-1.0
19.67088	-1.0
19.68192	-1.0
19.73804	1.0
19.9842	1.0
20.07668	-1.0
20.27216	1.0
20.46176	1.0
20.71548	1.0
20.90136	1.0
24.8534	1.0
24.86168	-1.0
24.87088	1.0
24.90328	-1.0
24.9058	-1.0
25.21336	-1.0
25.25308	-1.0
25.39696	1.0
25.51396	1.0
25.57448	1.0
25.98636	-1.0
26.09772	1.0
26.18728	-1.0
29.83024	1.0
29.84128	1.0
29.85232	-1.0
29.86576	1.0
29.92072	-1.0
29.98536	-1.0
30.03268	-1.0
30.32968	-1.0
30.3654	-1.0
30.71632	-1.0
30.80516	-1.0
30.86992	-1.0
31.31116	1.0
35.7116	1.0
35.72364	1.0
35.73808	-1.0
35.78252	-1.0
35.84332	-1.0
36.0484	-1.0
36.10192	-1.0
36.13784	1.0
36.19044	1.0
36.20476	1.0
36.32052	-1.0
36.42544	-1.0
36.64516	1.0
36.7078	1.0
36.8434	1.0
36.94508	-1.0
37.12048	-1.0
37.8718	-1.0
37.99352	-1.0
40.4558	-1.0
40.52184	-1.0
40.54424	-1.0
40.62472	1.0
40.62868	1.0
40.66196	-1.0
40.68668	1.0
40.7012	-1.0
40.77896	1.0
40.89556	1.0
40.90964	1.0
40.94952	1.0
41.21492	1.0
41.43464	-1.0
41.6712	1.0
44.71848	1.0
44.73912	1.0
44.75828	1.0
44.76404	-1.0
44.77992	-1.0
44.78352	1.0
44.834	-1.0
45.07416	1.0
45.10484	-1.0
45.248	1.0
45.29196	1.0
45.44288	1.0
45.58816	1.0
45.65232	1.0
45.8092	1.0
45.84788	-1.0
49.25524	-1.0
49.26296	1.0
49.32684	-1.0
49.36772	1.0
49.41	-1.0
49.45648	-1.0
49.48752	-1.0
49.63572	-1.0
49.70652	-1.0
49.70932	-1.0
49.78468	-1.0
49.86928	1.0
49.94612	1.0
49.95636	1.0
50.06004	1.0
50.08144	-1.0
50.32468	-1.0
50.34248	1.0
50.47464	-1.0
50.847	-1.0
54.48928	-1.0
54.5066	-1.0
54.5684	-1.0
54.5914	1.0
54.6124	1.0
54.63972	-1.0
54.75164	-1.0
54.915	1.0
55.12316	1.0
55.20092	1.0
55.20648	1.0
55.39052	1.0
55.48852	1.0
55.71424	1.0
55.78748	-1.0
59.58312	-1.0
59.58996	-1.0
59.62336	1.0
59.62724	1.0
59.64968	-1.0
59.6794	-1.0
59.70652	-1.0
59.7228	-1.0
59.74664	1.0
59.85288	-1.0
59.88148	-1.0
59.95372	1.0
59.9608	-1.0
60.09548	1.0
60.15112	1.0
60.17392	-1.0
60.26096	-1.0
60.40048	1.0
60.48012	1.0
60.50776	-1.0
60.54848	-1.0
60.60432	1.0
60.74732	-1.0
63.87096	-1.0
63.89184	-1.0
63.89528	-1.0
63.913	-1.0
63.95772	1.0
63.96068	1.0
64.12692	-1.0
64.16696	1.0
64.25464	1.0
64.28736	-1.0
64.42176	-1.0
64.46632	1.0
64.79092	-1.0
64.80172	-1.0
64.86348	-1.0
65.1818	-1.0
65.50988	1.0
68.26156	-1.0
68.27964	1.0
68.34496	1.0
68.36868	-1.0
68.37264	-1.0
68.40332	1.0
68.408	-1.0
68.43176	-1.0
68.53004	1.0
68.58304	-1.0
68.63004	-1.0
68.63312	-1.0
68.74272	1.0
68.77576	1.0
68.83464	-1.0
68.92936	1.0
68.98928	1.0
69.08028	-1.0
69.1128	-1.0
69.18072	-1.0
69.23544	1.0
69.31364	-1.0
73.5474	1.0
73.55288	-1.0
73.5614	1.0
73.56572	1.0
73.58728	1.0
73.62212	-1.0
73.62604	-1.0
73.6604	-1.0
73.66432	-1.0
73.7062	1.0
73.70964	1.0
73.7904	-1.0
73.81288	1.0
73.84764	1.0
73.89864	-1.0
73.93804	-1.0
73.94608	-1.0
74.06412	1.0
74.1244	-1.0
74.20928	-1.0
74.5368	-1.0
78.50348	-1.0
78.51072	1.0
78.54904	1.0
78.5524	1.0
78.5552	-1.0
78.56564	1.0
78.6076	1.0
78.61472	1.0
78.75624	-1.0
78.77368	-1.0
78.82672	1.0
78.8318	-1.0
78.88572	1.0
78.88896	1.0
78.90868	1.0
78.9524	1.0
78.97352	-1.0
78.97832	1.0
79.04912	-1.0
79.15112	-1.0
79.19472	-1.0
79.21404	1.0
79.261	1.0
79.29048	1.0
79.47028	-1.0
79.52572	1.0
79.6748	-1.0
83.87216	-1.0
83.87468	-1.0
83.8804	-1.0
83.89584	-1.0
83.91456	-1.0
83.92392	-1.0
83.97588	1.0
84.01412	1.0
84.02524	-1.0
84.06	1.0
84.0914	1.0
84.1718	-1.0
84.20444	-1.0
84.21924	1.0
84.22772	-1.0
84.27504	1.0
84.30812	1.0
84.33944	1.0
84.37716	1.0
84.50324	-1.0
84.53736	1.0
84.62124	-1.0
84.7604	1.0
84.82936	1.0
84.94752	1.0
88.41172	1.0
88.4764	-1.0
88.48176	1.0
88.50624	1.0
88.50948	-1.0
88.54816	-1.0
88.5524	-1.0
88.58972	1.0
88.7154	-1.0
88.80388	1.0
88.83892	-1.0
88.86876	-1.0
88.87524	-1.0
88.90864	-1.0
88.92324	1.0
88.95288	-1.0
89.02944	-1.0
89.07604	1.0
89.29372	1.0
89.31808	-1.0
89.36612	-1.0
89.38952	1.0
89.44912	-1.0
89.46684	1.0
89.58344	1.0
89.63616	1.0
89.7398	1.0
93.25668	1.0
93.27624	1.0
93.2924	-1.0
93.3028	-1.0
93.30832	-1.0
93.34772	-1.0
93.35448	-1.0
93.37844	-1.0
93.40904	1.0
93.43508	-1.0
93.48184	1.0
93.49284	-1.0
93.58948	-1.0
93.59632	1.0
93.61372	-1.0
93.61844	-1.0
93.65872	1.0
93.67968	1.0
93.6924	-1.0
93.7034	-1.0
93.79432	-1.0
93.89316	1.0
93.96668	-1.0
93.9698	-1.0
93.9964	-1.0
94.05692	-1.0
94.05984	1.0
94.06652	1.0
94.14804	-1.0
94.21532	-1.0
94.26692	1.0
94.46328	1.0
99.3214	-1.0
99.32444	-1.0
99.35492	-1.0
99.37132	-1.0
99.41928	1.0
99.44852	1.0
99.45136	-1.0
99.47452	1.0
99.48708	-1.0
99.56516	-1.0
99.60576	1.0
99.6308	-1.0
99.63364	1.0
99.65468	1.0
99.70544	-1.0
99.7442	-1.0
99.77444	1.0
99.83716	1.0
99.88444	1.0
99.9038	-1.0
99.91844	1.0
99.95832	1.0
99.99596	-1.0
100.0176	1.0
100.04768	1.0
100.05848	1.0
100.10844	-1.0
100.15832	1.0
100.30532	1.0
100.35116	1.0
100.35384	1.0
100.40776	-1.0
100.57516	1.0
100.60008	1.0
100.63788	1.0
100.64136	1.0
100.64428	1.0
100.81692	1.0
101.0514	1.0
101.05556	1.0
104.6062	1.0
104.61088	1.0
104.63344	-1.0
104.64872	-1.0
104.65124	-1.0
104.66768	1.0
104.68336	1.0
104.71004	1.0
104.71612	-1.0
104.74772	-1.0
104.76796	-1.0
104.77084	-1.0
104.79188	-1.0
104.79704	-1.0
104.81468	-1.0
104.82568	1.0
104.8282	-1.0
104.8444	-1.0
104.85284	-1.0
104.85972	1.0
104.91812	1.0
104.92216	1.0
104.95848	1.0
105.02228	1.0
105.03352	1.0
105.07028	1.0
105.0952	-1.0
105.22068	1.0
105.25964	-1.0
105.30884	1.0
105.37904	-1.0
105.42192	-1.0
105.54096	1.0
105.54872	-1.0
105.55548	1.0
105.63556	1.0
105.69268	1.0
105.7266	1.0
105.9406	1.0
106.00564	1.0
106.07572	-1.0
106.09712	-1.0
109.71232	1.0
109.72844	-1.0
109.73312	-1.0
109.77044	1.0
109.79484	-1.0
109.8138	-1.0
109.83548	-1.0
109.84028	1.0
109.87756	-1.0
109.88016	1.0
109.90616	1.0
109.95004	1.0
110.00864	1.0
110.01508	-1.0
110.0434	-1.0
110.07736	1.0
110.1008	-1.0
110.10336	-1.0
110.15224	1.0
110.15744	-1.0
110.23008	-1.0
110.2762	-1.0
110.27872	-1.0
110.35644	1.0
110.36068	1.0
110.41392	-1.0
110.44648	1.0
110.44988	-1.0
110.53408	1.0
110.55056	1.0
110.56528	1.0
110.60208	1.0
110.6552	-1.0
110.6726	1.0
110.73216	1.0
110.78004	-1.0
110.99276	1.0
111.0866	-1.0
114.8294	1.0
114.83424	1.0
114.84452	-1.0
114.84756	1.0
114.85852	1.0
114.86344	1.0
114.88344	1.0
114.886	-1.0
114.90712	-1.0
114.93172	1.0
114.9468	1.0
114.94944	1.0
114.98728	1.0
114.99072	1.0
115.01212	1.0
115.02376	-1.0
115.04196	1.0
115.08516	1.0
115.11068	1.0
115.15196	1.0
115.1708	1.0
115.1918	1.0
115.23564	-1.0
115.24736	1.0
115.31716	1.0
115.3478	-1.0
115.38108	1.0
115.38364	1.0
115.41036	1.0
115.44644	1.0
115.45012	1.0
115.62432	1.0
115.67788	1.0
115.81192	-1.0
115.83684	-1.0
115.89388	-1.0
115.97616	-1.0
115.9954	1.0
116.00028	-1.0
116.08308	-1.0
116.2238	-1.0
116.34924	1.0
116.46312	1.0
119.73832	-1.0
119.75252	1.0
119.7582	1.0
119.79816	1.0
119.82352	1.0
119.84692	-1.0
119.85448	1.0
119.86812	1.0
119.893	1.0
119.9216	1.0
119.96044	1.0
119.9852	1.0
119.99684	-1.0
120.0318	-1.0
120.13124	1.0
120.21868	-1.0
120.23416	-1.0
120.24116	1.0
120.25744	-1.0
120.26196	1.0
120.43548	1.0
120.52576	-1.0
120.6416	-1.0
120.673	1.0
120.70004	-1.0
120.70408	1.0
120.73404	1.0
120.82172	1.0
120.833	-1.0
120.87556	1.0
120.91096	1.0
121.0136	-1.0
121.09544	1.0
121.2434	1.0
121.41804	1.0
124.87708	-1.0
124.87968	-1.0
124.90676	1.0
124.92628	1.0
124.94596	-1.0
124.99664	1.0
125.03448	1.0
125.09196	1.0
125.18676	1.0
125.19324	1.0
125.27648	1.0
125.39612	1.0
125.42692	1.0
125.43976	1.0
125.45624	-1.0
125.48536	1.0
125.48936	1.0
125.52624	-1.0
125.58456	1.0
125.6228	1.0
125.73408	1.0
125.76192	-1.0
125.78156	1.0
125.796	-1.0
125.8472	1.0
125.90512	-1.0
125.91396	-1.0
125.99288	-1.0
126.0522	1.0
126.055	1.0
126.11252	1.0
126.22912	-1.0
126.27524	-1.0
126.39936	-1.0
130.60484	1.0
130.60736	-1.0
130.61572	1.0
130.63472	-1.0
130.6976	-1.0
130.70256	1.0
130.71776	-1.0
130.78032	1.0
130.81708	1.0
130.83797	-1.0
130.87384	1.0
130.90611	-1.0
130.9296	1.0
130.94708	-1.0
131.01048	1.0
131.03848	-1.0
131.06212	1.0
131.06624	1.0
131.11765	-1.0
131.14693	-1.0
131.15784	-1.0
131.18332	-1.0
131.23056	1.0
131.28456	1.0
131.31128	-1.0
131.34108	1.0
131.35748	1.0
131.39616	1.0
131.4028	-1.0
131.42969	1.0
131.51315	-1.0
131.619	1.0
131.71964	-1.0
131.75883	1.0
131.81544	1.0
131.96803	1.0
132.09007	-1.0
132.2492	1.0
136.49976	1.0
136.51823	1.0
136.52332	-1.0
136.53488	-1.0
136.55447	1.0
136.5752	-1.0
136.62431	1.0
136.64444	-1.0
136.7082	1.0
136.73747	-1.0
136.76564	1.0
136.77985	1.0
136.78323	-1.0
136.78767	1.0
136.8098	-1.0
136.82808	-1.0
136.83504	1.0
136.84167	-1.0
136.8578	1.0
136.8862	1.0
136.91104	1.0
136.91489	-1.0
136.91916	1.0
136.94708	1.0
137.00304	1.0
137.00735	-1.0
137.0452	-1.0
137.07867	-1.0
137.10213	1.0
137.11096	1.0
137.17264	1.0
137.20528	-1.0
137.23547	1.0
137.24963	1.0
137.31052	-1.0
137.36787	1.0
137.4018	-1.0
137.44432	-1.0
137.48483	1.0
137.56113	-1.0
137.63364	1.0
137.6698	-1.0
137.76608	1.0
137.85992	1.0
137.87408	-1.0
137.8828	1.0
137.93396	-1.0
138.14397	-1.0
142.44972	-1.0
142.45377	-1.0
142.47388	1.0
142.47836	1.0
142.48357	1.0
142.49728	1.0
142.50092	1.0
142.53027	1.0
142.55948	1.0
142.58168	-1.0
142.59209	1.0
142.64977	1.0
142.67673	1.0
142.737	-1.0
142.74832	-1.0
142.77277	-1.0
142.78464	1.0
142.80836	1.0
142.83524	-1.0
142.84448	1.0
142.87044	-1.0
142.90157	1.0
142.918	1.0
142.94817	-1.0
143.03044	-1.0
143.06548	1.0
143.07036	1.0
143.09631	1.0
143.13235	-1.0
143.27669	1.0
143.28143	-1.0
143.38573	1.0
143.52304	1.0
143.60107	1.0
143.60796	1.0
143.71149	1.0
143.71632	-1.0
143.7212	-1.0
143.74551	1.0
143.90324	-1.0
148.6826	1.0
148.69164	1.0
148.7164	-1.0
148.74117	-1.0
148.76416	-1.0
148.77928	-1.0
148.8024	1.0
148.80624	-1.0
148.84816	-1.0
148.91676	1.0
148.95116	-1.0
148.99632	1.0
148.99916	1.0
149.023	-1.0
149.03777	1.0
149.06767	1.0
149.07208	-1.0
149.15125	-1.0
149.17767	-1.0
149.2094	-1.0
149.28851	1.0
149.34232	-1.0
149.36816	1.0
149.40012	1.0
149.4282	1.0
149.48547	1.0
149.50632	1.0
149.52956	-1.0
149.55576	1.0
149.58536	1.0
149.63408	1.0
149.69624	-1.0
149.75192	-1.0
149.94987	1.0
149.9532	-1.0
149.97632	1.0
149.98024	1.0
150.067	-1.0
153.7088	-1.0
153.7246	1.0
153.7278	1.0
153.73372	1.0
153.75392	1.0
153.77664	-1.0
153.78217	-1.0
153.79916	-1.0
153.827	-1.0
153.84744	-1.0
153.85312	-1.0
153.87473	1.0
153.87784	1.0
153.95412	-1.0
153.971	-1.0
154.00552	1.0
154.0254	1.0
154.05504	-1.0
154.0578	-1.0
154.07556	-1.0
154.07808	-1.0
154.09688	1.0
154.10208	-1.0
154.14536	-1.0
154.23712	1.0
154.27144	-1.0
154.2952	-1.0
154.3252	-1.0
154.35156	1.0
154.35477	1.0
154.41692	1.0
154.46487	1.0
154.47856	-1.0
154.49992	-1.0
154.54391	1.0
154.63548	1.0
154.69756	-1.0
154.75311	1.0
154.86449	1.0
154.92064	1.0
154.96445	-1.0
155.04988	1.0
159.97424	-1.0
159.9774	-1.0
159.9864	1.0
159.99496	1.0
159.99857	-1.0
160.00156	1.0
160.0126	-1.0
160.02045	-1.0
160.05792	1.0
160.06052	1.0
160.07697	-1.0
160.1246	1.0
160.16595	-1.0
160.1802	-1.0
160.2022	1.0
160.21028	1.0
160.24371	-1.0
160.24808	1.0
160.2562	1.0
160.27252	-1.0
160.3232	1.0
160.3264	-1.0
160.40157	-1.0
160.48428	-1.0
160.508	-1.0
160.59473	1.0
160.60268	1.0
160.6946	-1.0
160.71771	1.0
160.78693	1.0
160.92828	1.0
160.95828	-1.0
160.9902	-1.0
161.06628	-1.0
161.13124	1.0
161.2762	-1.0
161.31873	-1.0
161.36925	1.0
161.50856	-1.0
166.26276	-1.0
166.28069	-1.0
166.28604	1.0
166.3324	1.0
166.35783	-1.0
166.381	1.0
166.39656	1.0
166.41664	-1.0
166.42448	-1.0
166.44496	-1.0
166.44933	1.0
166.51976	-1.0
166.52228	-1.0
166.54495	1.0
166.57928	1.0
166.62148	-1.0
166.62532	-1.0
166.64688	1.0
166.69592	1.0
166.7014	1.0
166.72688	1.0
166.75148	1.0
166.77832	-1.0
166.8058	1.0
166.8206	1.0
166.90808	1.0
166.91869	1.0
166.93813	-1.0
166.9562	1.0
167.00084	-1.0
167.00745	1.0
167.04524	-1.0
167.0544	-1.0
167.1182	1.0
167.14288	-1.0
167.17116	1.0
167.17851	-1.0
167.23811	-1.0
167.26556	-1.0
167.31104	-1.0
167.317	1.0
167.37633	-1.0
167.4034	1.0
167.43292	-1.0
167.56184	1.0
167.56436	-1.0
167.84264	1.0
167.87	-1.0
168.00452	-1.0
172.89604	1.0
172.908	1.0
172.9124	1.0
172.92747	-1.0
172.93472	1.0
172.95856	-1.0
172.96808	1.0
172.97163	-1.0
172.99432	1.0
173.02904	-1.0
173.04788	1.0
173.08492	1.0
173.09052	-1.0
173.10936	1.0
173.1148	-1.0
173.12976	1.0
173.14548	-1.0
173.1712	1.0
173.19408	-1.0
173.2	-1.0
173.21864	1.0
173.2574	1.0
173.32796	-1.0
173.33331	1.0
173.33775	-1.0
173.40048	1.0
173.42545	-1.0
173.43951	-1.0
173.46832	1.0
173.49467	1.0
173.52144	-1.0
173.5508	-1.0
173.5628	1.0
173.5824	1.0
173.60825	1.0
173.63245	-1.0
173.73056	1.0
173.77296	-1.0
173.86316	-1.0
173.92664	1.0
173.93864	1.0
173.99284	1.0
174.06908	-1.0
174.19237	1.0
174.2408	1.0
174.28072	1.0
179.04988	-1.0
179.05832	-1.0
179.0788	-1.0
179.08148	-1.0
179.10435	1.0
179.12112	1.0
179.14348	1.0
179.16669	1.0
179.17496	1.0
179.19264	-1.0
179.212	1.0
179.2762	-1.0
179.2788	1.0
179.318	1.0
179.34592	-1.0
179.36871	1.0
179.3724	-1.0
179.38852	-1.0
179.44817	1.0
179.47224	1.0
179.47668	-1.0
179.48236	-1.0
179.59116	-1.0
179.63924	1.0
179.66028	-1.0
179.6706	-1.0
179.69568	1.0
179.76096	1.0
179.79192	-1.0
179.8154	-1.0
179.81927	1.0
179.84328	1.0
179.9062	1.0
179.96996	1.0
179.99477	1.0
180.0982	-1.0
180.11871	1.0
180.21136	1.0
180.25032	-1.0
180.31409	-1.0
180.32956	1.0
180.34164	1.0
180.36804	-1.0
184.81956	1.0
184.8308	1.0
184.83496	-1.0
184.85033	1.0
184.86424	-1.0
184.86787	-1.0
184.89108	1.0
184.91132	1.0
184.93124	1.0
184.9454	1.0
184.96455	-1.0
184.9698	1.0
184.98796	1.0
185.00636	1.0
185.03044	-1.0
185.0748	-1.0
185.12128	-1.0
185.1492	-1.0
185.15312	-1.0
185.17587	1.0
185.19168	-1.0
185.21255	-1.0
185.22884	1.0
185.28957	-1.0
185.3682	1.0
185.38196	-1.0
185.4394	-1.0
185.49236	1.0
185.61513	-1.0
185.65253	1.0
185.70905	-1.0
185.75816	1.0
185.79688	1.0
185.85316	1.0
185.86504	1.0
185.9128	-1.0
185.973	-1.0
186.07448	-1.0
186.08469	1.0
186.4184	1.0
186.43211	1.0
186.435	1.0
190.21835	1.0
190.23216	1.0
190.23488	1.0
190.2608	1.0
190.27052	-1.0
190.2912	1.0
190.2956	-1.0
190.31693	1.0
190.34332	-1.0
190.36227	1.0
190.38255	-1.0
190.4188	1.0
190.43697	1.0
190.49844	-1.0
190.51147	1.0
190.53796	-1.0
190.70308	-1.0
190.71472	1.0
190.73044	1.0
190.73668	-1.0
190.75037	1.0
190.77228	1.0
190.80124	-1.0
190.8256	-1.0
190.84816	-1.0
190.91109	1.0
190.936	1.0
190.98332	-1.0
190.98608	1.0
191.1166	-1.0
191.14523	-1.0
191.16272	1.0
191.27576	1.0
191.39883	-1.0
191.43507	-1.0
191.52356	-1.0
191.7726	1.0
191.80528	1.0
196.03696	1.0
196.04248	1.0
196.0496	-1.0
196.05212	-1.0
196.0612	-1.0
196.07068	1.0
196.074	-1.0
196.0836	1.0
196.10127	1.0
196.12024	1.0
196.13036	-1.0
196.16023	-1.0
196.18243	1.0
196.19025	1.0
196.20409	-1.0
196.22528	-1.0
196.26024	-1.0
196.29648	1.0
196.32053	-1.0
196.33977	1.0
196.35464	-1.0
196.37172	-1.0
196.39604	-1.0
196.44116	-1.0
196.48335	-1.0
196.48712	-1.0
196.5734	1.0
196.5804	-1.0
196.6068	1.0
196.68376	-1.0
196.72324	1.0
196.77016	1.0
196.803	-1.0
196.91252	-1.0
196.91988	1.0
196.92525	-1.0
196.9614	-1.0
197.00735	-1.0
197.10172	-1.0
197.14316	1.0
197.20303	-1.0
197.262	-1.0
197.4866	1.0
201.94868	-1.0
201.9702	1.0
201.98848	1.0
202.00597	1.0
202.0198	1.0
202.0296	-1.0
202.03355	1.0
202.0556	-1.0
202.1046	1.0
202.1186	-1.0
202.1642	-1.0
202.18983	-1.0
202.21248	1.0
202.2466	-1.0
202.2636	-1.0
202.27467	1.0
202.27731	1.0
202.3306	-1.0
202.36316	-1.0
202.43068	-1.0
202.4514	1.0
202.45764	-1.0
202.516	-1.0
202.53944	1.0
202.54495	1.0
202.65576	-1.0
202.65892	1.0
202.70515	1.0
202.7082	1.0
202.71092	1.0
202.724	-1.0
202.86311	1.0
202.91289	-1.0
202.92252	1.0
202.99107	-1.0
203.02324	-1.0
203.08447	1.0
203.09412	-1.0
203.16193	1.0
203.19652	-1.0
203.20464	1.0
203.247	1.0
203.28165	1.0
203.31516	1.0
203.44472	1.0
207.8466	1.0
207.8506	-1.0
207.86224	1.0
207.86745	1.0
207.87675	1.0
207.92096	-1.0
207.92348	-1.0
207.96487	1.0
207.9994	1.0
208.0198	1.0
208.03444	1.0
208.07208	1.0
208.09071	1.0
208.12927	1.0
208.15347	-1.0
208.1758	-1.0
208.25449	1.0
208.27425	-1.0
208.30151	-1.0
208.324	1.0
208.3292	-1.0
208.34071	1.0
208.4014	1.0
208.43008	-1.0
208.47844	-1.0
208.53464	-1.0
208.57803	1.0
208.87177	1.0
208.92229	1.0
208.94992	1.0
208.97916	1.0
208.99916	-1.0
209.17168	-1.0
209.22412	-1.0
209.35196	1.0
209.35448	-1.0
213.7114	1.0
213.71452	1.0
213.73093	1.0
213.77368	-1.0
213.81451	1.0
213.82576	-1.0
213.82857	-1.0
213.84628	-1.0
213.85448	1.0
213.8598	1.0
213.8798	1.0
213.90096	-1.0
213.9038	-1.0
213.94408	1.0
213.94952	-1.0
214.04305	-1.0
214.0638	1.0
214.06816	-1.0
214.09064	-1.0
214.11748	1.0
214.14224	-1.0
214.18076	1.0
214.21208	-1.0
214.21616	1.0
214.27484	1.0
214.33876	1.0
214.36952	-1.0
214.51024	-1.0
214.55832	1.0
214.69064	1.0
214.76964	1.0
214.82544	1.0
214.9346	1.0
215.03752	1.0
215.11375	1.0
215.19508	1.0
215.1976	1.0
219.30997	1.0
219.31308	1.0
219.31592	1.0
219.32344	1.0
219.34196	1.0
219.3462	-1.0
219.38368	-1.0
219.39693	-1.0
219.39989	1.0
219.4194	1.0
219.42212	1.0
219.44032	1.0
219.50528	-1.0
219.52084	-1.0
219.5294	1.0
219.55392	-1.0
219.57532	-1.0
219.59303	-1.0
219.65157	-1.0
219.68352	-1.0
219.69067	-1.0
219.7414	-1.0
219.76216	-1.0
219.77647	-1.0
219.81012	-1.0
219.86012	1.0
219.94331	1.0
219.97324	1.0
220.05276	1.0
220.1348	1.0
220.17696	-1.0
220.24464	-1.0
220.28128	1.0
220.3268	-1.0
220.40556	-1.0
220.4728	1.0
220.54184	-1.0
220.5876	-1.0
225.2712	-1.0
225.27583	-1.0
225.30696	-1.0
225.32628	1.0
225.34409	1.0
225.34737	1.0
225.35164	1.0
225.39076	1.0
225.42096	1.0
225.44089	1.0
225.51888	1.0
225.55753	1.0
225.57896	-1.0
225.60245	-1.0
225.64587	1.0
225.7422	1.0
225.76369	1.0
225.86304	-1.0
225.89044	1.0
225.91376	1.0
225.98004	1.0
226.00548	-1.0
226.05807	1.0
226.08704	1.0
226.1616	-1.0
226.18544	1.0
226.23009	-1.0
226.3102	1.0
226.39908	-1.0
226.5066	1.0
226.64417	1.0
230.78828	1.0
230.79216	1.0
230.80824	1.0
230.8112	-1.0
230.81873	-1.0
230.83424	1.0
230.83896	-1.0
230.85612	-1.0
230.872	1.0
230.87547	-1.0
230.891	1.0
230.91388	1.0
230.9238	-1.0
230.9278	1.0
230.94896	-1.0
230.95148	1.0
230.9782	-1.0
230.99265	1.0
230.99556	-1.0
231.00565	1.0
231.0116	1.0
231.02837	-1.0
231.05412	-1.0
231.05688	-1.0
231.07996	-1.0
231.10371	1.0
231.13013	1.0
231.2814	1.0
231.40009	1.0
231.43544	1.0
231.48108	-1.0
231.54048	-1.0
231.61116	1.0
231.6486	1.0
231.68233	1.0
231.6864	-1.0
231.84135	1.0
231.8776	-1.0
231.99371	1.0
232.00104	-1.0
232.03516	1.0
232.11288	-1.0
236.62068	-1.0
236.62448	1.0
236.63371	-1.0
236.6476	-1.0
236.65189	1.0
236.689	-1.0
236.72368	-1.0
236.73592	-1.0
236.75232	-1.0
236.7906	1.0
236.8272	-1.0
236.85092	1.0
236.85435	-1.0
236.92352	1.0
237.00513	1.0
237.01312	1.0
237.03412	-1.0
237.06029	-1.0
237.1054	1.0
237.15768	1.0
237.1936	1.0
237.30028	1.0
237.3456	1.0
237.42732	1.0
237.45387	-1.0
237.50096	-1.0
237.54993	-1.0
237.55472	1.0
237.66176	1.0
237.69408	1.0
237.74013	1.0
237.74548	-1.0
237.78925	-1.0
237.83664	-1.0
237.88176	1.0
237.92851	-1.0
237.93144	1.0
242.16292	1.0
242.17276	1.0
242.18073	-1.0
242.18623	1.0
242.20372	1.0
242.23747	-1.0
242.2748	-1.0
242.297	-1.0
242.31683	1.0
242.3288	-1.0
242.33913	1.0
242.35536	1.0
242.41489	1.0
242.43164	-1.0
242.48352	1.0
242.5102	-1.0
242.53397	-1.0
242.59464	1.0
242.61555	1.0
242.63316	1.0
242.63985	1.0
242.74608	1.0
242.79256	-1.0
242.8268	-1.0
242.87088	-1.0
242.8898	1.0
242.89967	-1.0
242.90596	-1.0
243.05228	1.0
243.08348	-1.0
243.18623	1.0
243.25427	-1.0
243.47304	-1.0
243.48917	1.0
243.65125	-1.0
248.64236	-1.0
248.664	-1.0
248.68156	-1.0
248.69743	-1.0
248.76135	1.0
248.781	1.0
248.8076	1.0
248.8142	1.0
248.82529	-1.0
248.84732	-1.0
248.87653	-1.0
248.88832	-1.0
248.95288	1.0
248.95917	1.0
248.96292	-1.0
248.97237	1.0
248.99445	-1.0
249.02176	-1.0
249.04544	1.0
249.06332	-1.0
249.09532	1.0
249.1388	1.0
249.17836	1.0
249.23956	1.0
249.28935	1.0
249.46436	1.0
249.469	-1.0
249.51044	1.0
249.63084	1.0
249.6848	1.0
249.73456	-1.0
249.77332	1.0
249.80736	1.0
249.98352	-1.0
250.027	-1.0
250.07376	-1.0
255.01167	1.0
255.0142	-1.0
255.01888	-1.0
255.02148	-1.0
255.04008	1.0
255.04436	1.0
255.0648	-1.0
255.0674	-1.0
255.0864	1.0
255.08987	1.0
255.09863	1.0
255.11668	1.0
255.13844	-1.0
255.19144	-1.0
255.19933	-1.0
255.21423	-1.0
255.23688	1.0
255.31012	-1.0
255.34636	1.0
255.37157	1.0
255.3766	1.0
255.396	-1.0
255.42436	-1.0
255.43004	1.0
255.4508	-1.0
255.52444	1.0
255.5662	1.0
255.6114	-1.0
255.70364	1.0
255.876	1.0
256.0414	1.0
256.12497	1.0
256.4282	1.0
260.2593	1.0
260.26245	1.0
260.27753	-1.0
260.30295	1.0
260.30783	-1.0
260.31305	-1.0
260.32755	1.0
260.34415	-1.0
260.3581	1.0
260.36136	1.0
260.38348	1.0
260.40756	1.0
260.41144	1.0
260.41504	-1.0
260.43253	1.0
260.47415	1.0
260.4994	-1.0
260.50992	-1.0
260.5174	-1.0
260.55545	1.0
260.5726	-1.0
260.59467	1.0
260.6233	1.0
260.68005	1.0
260.70535	-1.0
260.70856	1.0
260.75623	1.0
260.7591	1.0
260.83136	1.0
260.85883	-1.0
260.87683	-1.0
261.10193	1.0
261.1158	-1.0
261.1994	-1.0
261.4238	1.0
261.4942	1.0
261.5162	1.0
261.6198	1.0
261.6697	1.0
265.75165	1.0
265.76163	1.0
265.77084	-1.0
265.82684	1.0
265.8306	-1.0
265.86237	1.0
265.8749	1.0
265.87756	-1.0
265.91275	-1.0
265.9176	-1.0
265.94577	1.0
265.96545	-1.0
265.9977	-1.0
266.01025	1.0
266.02853	1.0
266.04483	1.0
266.0752	-1.0
266.08667	-1.0
266.09277	1.0
266.13977	1.0
266.15332	1.0
266.21967	1.0
266.265	1.0
266.28943	1.0
266.34787	1.0
266.37552	1.0
266.3784	1.0
266.43915	1.0
266.48392	1.0
266.48645	1.0
266.55933	1.0
266.89212	1.0
266.8974	1.0
266.9885	-1.0
271.26385	1.0
271.2848	1.0
271.2943	1.0
271.31033	-1.0
271.37183	-1.0
271.4047	1.0
271.41788	1.0
271.4425	1.0
271.50708	-1.0
271.51108	1.0
271.5381	1.0
271.54813	1.0
271.56815	-1.0
271.59155	1.0
271.61	-1.0
271.66833	-1.0
271.6842	1.0
271.72104	1.0
271.74524	1.0
271.78357	1.0
271.829	1.0
271.84036	1.0
271.8598	1.0
271.88373	-1.0
271.9254	1.0
271.9504	1.0
271.9723	1.0
271.9979	1.0
272.05295	1.0
272.103	1.0
272.22348	-1.0
272.2784	1.0
274.87463	-1.0
274.87875	1.0
274.8988	1.0
274.90573	1.0
274.91302	-1.0
274.9762	1.0
275.01367	1.0
275.03455	1.0
275.04413	1.0
275.1262	1.0
275.1898	1.0
275.2071	1.0
275.21335	1.0
275.24683	1.0
275.3069	1.0
275.3716	1.0
275.43524	1.0
275.44608	-1.0
275.54364	1.0
275.57367	-1.0
275.65924	1.0
275.69928	1.0
275.73148	1.0
275.74734	1.0
275.79288	1.0
275.82495	1.0
275.8906	1.0
275.92493	1.0
275.9342	-1.0
281.37927	1.0
281.3827	1.0
281.4014	1.0
281.41116	1.0
281.43265	1.0
281.436	-1.0
281.46347	-1.0
281.4864	1.0
281.5158	-1.0
281.51956	1.0
281.52283	1.0
281.52585	1.0
281.54395	1.0
281.58435	-1.0
281.60687	-1.0
281.61243	1.0
281.6793	1.0
281.73184	1.0
281.74567	1.0
281.74823	-1.0
281.77948	1.0
281.78824	1.0
281.8334	1.0
281.8858	1.0
281.8888	-1.0
281.97043	1.0
281.99295	-1.0
282.0555	1.0
282.1143	1.0
282.1406	1.0
282.20657	-1.0
282.24304	1.0
282.2944	-1.0
282.36432	-1.0
282.47308	1.0
282.5843	1.0
282.60477	1.0
286.45172	1.0
286.4795	-1.0
286.535	-1.0
286.54904	1.0
286.55457	-1.0
286.56732	-1.0
286.6031	-1.0
286.62833	1.0
286.6684	1.0
286.6804	1.0
286.75452	1.0
286.75873	-1.0
286.81107	-1.0
286.83698	-1.0
286.87427	1.0
286.91852	1.0
287.1138	1.0
287.22452	1.0
287.22717	1.0
287.25543	1.0
287.3294	-1.0
287.36328	1.0
287.50067	1.0
287.50327	1.0
287.56345	-1.0
290.0216	1.0
290.043	1.0
290.04825	-1.0
290.06012	1.0
290.07712	1.0
290.08823	1.0
290.09583	1.0
290.11264	1.0
290.12717	1.0
290.14743	-1.0
290.1859	1.0
290.22867	1.0
290.23807	1.0
290.2412	-1.0
290.2635	1.0
290.3051	1.0
290.33548	1.0
290.33936	1.0
290.36884	1.0
290.37216	-1.0
290.47137	1.0
290.57187	-1.0
290.58264	1.0
290.66116	1.0
290.73016	1.0
290.7979	-1.0
290.8393	1.0
290.89703	1.0
290.9717	-1.0
291.0932	1.0
295.5004	1.0
295.5179	-1.0
295.5413	-1.0
295.57413	-1.0
295.57748	1.0
295.5802	-1.0
295.5899	-1.0
295.5955	-1.0
295.61337	1.0
295.6159	-1.0
295.6412	-1.0
295.69827	-1.0
295.7743	1.0
295.79837	1.0
295.835	-1.0
295.86005	1.0
295.86676	1.0
295.91776	1.0
295.94885	1.0
295.96756	1.0
296.01016	-1.0
296.0444	-1.0
296.12057	-1.0
296.1567	-1.0
296.1876	-1.0
296.2952	1.0
296.31924	1.0
296.35043	1.0
296.354	1.0
296.357	1.0
296.37613	-1.0
296.44247	1.0
296.50555	-1.0
300.45108	1.0
300.45786	1.0
300.48083	1.0
300.50272	1.0
300.52615	-1.0
300.54727	-1.0
300.55405	-1.0
300.57635	-1.0
300.62653	-1.0
300.71088	1.0
300.75903	1.0
300.77356	1.0
300.82373	1.0
300.85004	1.0
300.94504	1.0
300.97147	-1.0
301.089	1.0
301.11807	1.0
301.17215	-1.0
301.18124	1.0
301.3202	1.0
301.45648	1.0
305.47687	-1.0
305.54807	-1.0
305.5592	-1.0
305.584	-1.0
305.65503	1.0
305.6786	1.0
305.69977	1.0
305.7267	1.0
305.74976	-1.0
305.75504	1.0
305.75784	1.0
305.79324	1.0
305.8222	-1.0
305.88284	1.0
305.88693	-1.0
305.9561	1.0
305.99915	-1.0
306.0334	1.0
306.06873	1.0
306.13766	1.0
306.31796	-1.0
310.28723	1.0
310.30017	1.0
310.3171	-1.0
310.3358	1.0
310.40472	1.0
310.43484	1.0
310.48383	1.0
310.48923	-1.0
310.51077	1.0
310.51343	1.0
310.5699	-1.0
310.69785	-1.0
310.7064	1.0
310.76773	1.0
310.8173	1.0
310.83005	-1.0
310.8952	1.0
310.95944	1.0
310.989	-1.0
311.04047	1.0
315.9551	1.0
315.9661	1.0
316.0001	-1.0
316.01505	1.0
316.04285	1.0
316.0568	-1.0
316.06528	-1.0
316.08652	1.0
316.10385	1.0
316.11435	1.0
316.2017	1.0
316.22113	1.0
316.24445	1.0
316.2616	1.0
316.2857	1.0
316.33383	-1.0
316.3365	1.0
316.40045	-1.0
316.40448	1.0
316.4297	-1.0
316.44608	-1.0
316.45868	1.0
316.46216	-1.0
316.4909	-1.0
316.57217	1.0
316.61047	1.0
316.65027	1.0
316.83023	-1.0
316.86176	1.0
317.04465	-1.0
320.99924	1.0
321.00217	-1.0
321.02676	-1.0
321.03717	-1.0
321.04745	1.0
321.0908	-1.0
321.1152	1.0
321.13635	-1.0
321.231	1.0
321.23895	1.0
321.26035	-1.0
321.3175	1.0
321.33704	-1.0
321.37265	1.0
321.38577	1.0
321.4015	1.0
321.42505	-1.0
321.4691	1.0
321.501	1.0
321.55084	1.0
321.66467	-1.0
321.7545	1.0
321.8141	1.0
321.86353	1.0
321.90933	1.0
321.94308	1.0
322.03595	-1.0
325.9453	1.0
325.95236	-1.0
325.97375	1.0
326.02536	-1.0
326.0583	1.0
326.06744	-1.0
326.07147	1.0
326.1304	-1.0
326.15027	1.0
326.20987	1.0
326.21555	-1.0
326.2506	1.0
326.28427	-1.0
326.30508	1.0
326.30847	-1.0
326.41083	-1.0
326.4458	-1.0
326.51392	1.0
326.54764	1.0
326.584	1.0
326.60785	1.0
326.6809	-1.0
326.68924	1.0
326.8596	1.0
327.1836	1.0
331.829	-1.0
331.8572	1.0
331.9306	1.0
331.99072	1.0
332.00256	1.0
332.06732	1.0
332.08313	1.0
332.09216	1.0
332.09857	-1.0
332.1012	1.0
332.1134	1.0
332.13284	1.0
332.17285	1.0
332.206	-1.0
332.2951	1.0
332.4619	-1.0
332.47424	1.0
332.49673	1.0
332.66275	1.0
332.73248	1.0
338.1962	-1.0
338.21655	-1.0
338.2375	-1.0
338.26157	1.0
338.26523	-1.0
338.29248	1.0
338.35245	-1.0
338.36865	1.0
338.386	1.0
338.42905	1.0
338.53485	-1.0
338.67917	1.0
338.7146	1.0
338.72083	-1.0
338.7357	1.0
338.92432	1.0
339.0897	-1.0
339.13776	-1.0
343.24026	1.0
343.24768	1.0
343.272	-1.0
343.2823	1.0
343.31088	1.0
343.34097	-1.0
343.37787	1.0
343.4251	1.0
343.5166	1.0
343.54596	-1.0
343.55057	-1.0
343.56656	1.0
343.57117	1.0
343.58636	1.0
343.6928	-1.0
343.80023	-1.0
343.82663	1.0
343.86664	-1.0
343.87576	-1.0
343.8864	1.0
348.6274	1.0
348.65256	1.0
348.70175	-1.0
348.72552	1.0
348.75467	1.0
348.83795	1.0
348.84912	-1.0
348.998	1.0
349.05652	1.0
349.1578	-1.0
349.33084	1.0
349.37817	1.0
349.42072	1.0
349.42453	-1.0
349.43076	-1.0
353.58853	1.0
353.60965	-1.0
353.67587	1.0
353.7018	1.0
353.709	-1.0
353.7892	-1.0
353.83035	-1.0
353.85812	1.0
353.93076	1.0
353.93597	-1.0
353.96576	1.0
353.97656	1.0
354.13364	-1.0
354.15985	-1.0
354.1635	1.0
354.17657	1.0
354.21448	1.0
354.3782	1.0
354.46112	1.0
354.47525	-1.0
354.63947	-1.0
354.66275	1.0
354.76575	-1.0
358.40536	-1.0
358.44547	-1.0
358.45224	-1.0
358.48264	-1.0
358.48563	-1.0
358.49957	1.0
358.50223	1.0
358.58292	1.0
358.61093	-1.0
358.65097	1.0
358.6646	1.0
358.67392	-1.0
358.72037	1.0
358.79907	-1.0
358.93088	1.0
358.98752	1.0
359.0186	1.0
359.09515	1.0
359.12073	-1.0
363.51508	1.0
363.5883	-1.0
363.59363	-1.0
363.6511	1.0
363.68405	-1.0
363.7916	1.0
363.91483	-1.0
363.96164	1.0
364.0626	1.0
364.14832	1.0
364.24353	-1.0
364.30115	1.0
364.32343	1.0
364.47235	-1.0
364.51093	-1.0
364.55573	1.0
364.72363	1.0
368.48068	-1.0
368.52368	1.0
368.5432	1.0
368.5559	1.0
368.5644	1.0
368.57648	-1.0
368.5837	1.0
368.5955	-1.0
368.65027	-1.0
368.74716	1.0
368.76736	1.0
368.86703	1.0
368.87573	1.0
368.89108	1.0
368.90665	-1.0
368.93283	1.0
369.03232	1.0
369.11176	1.0
369.1156	1.0
369.15375	1.0
369.34253	-1.0
373.15536	-1.0
373.1598	-1.0
373.2182	-1.0
373.28348	1.0
373.30173	-1.0
373.343	1.0
373.42044	-1.0
373.4307	1.0
373.46228	1.0
373.49335	1.0
373.53217	1.0
373.59076	1.0
373.7116	-1.0
373.76892	-1.0
373.77563	-1.0
373.79633	1.0
373.82327	1.0
373.931	-1.0
374.07635	1.0
378.0154	-1.0
378.05368	-1.0
378.14163	-1.0
378.24084	1.0
378.3435	1.0
378.45593	-1.0
378.77405	1.0
383.0413	-1.0
383.0832	1.0
383.12393	1.0
383.1307	-1.0
383.1334	-1.0
383.32373	1.0
383.3769	-1.0
383.40973	-1.0
383.4552	1.0
383.48032	1.0
383.5583	1.0
383.66144	1.0
383.71173	1.0
383.7801	1.0
383.9229	-1.0
384.0574	1.0
384.08755	1.0
388.16953	-1.0
388.19092	1.0
388.1986	1.0
388.31345	1.0
388.35825	-1.0
388.37244	1.0
388.40613	-1.0
388.42023	-1.0
388.42584	-1.0
388.4842	1.0
388.5793	1.0
388.61252	-1.0
388.89792	1.0
388.9756	1.0
389.03375	1.0
392.7752	1.0
392.7911	-1.0
392.84332	-1.0
392.86307	-1.0
392.88565	-1.0
392.92587	-1.0
392.932	-1.0
392.9942	1.0
393.02676	-1.0
393.08664	1.0
393.15247	1.0
393.16495	1.0
393.1784	-1.0
393.4114	-1.0
393.5067	1.0
393.6374	1.0
397.23947	-1.0
397.27936	-1.0
397.30963	-1.0
397.3152	-1.0
397.3668	1.0
397.39127	-1.0
397.44412	-1.0
397.4669	1.0
397.50925	1.0
397.51315	1.0
397.52045	-1.0
397.66187	-1.0
397.8754	1.0
397.89835	1.0
397.995	-1.0
402.16855	1.0
402.2164	-1.0
402.2221	-1.0
402.2343	-1.0
402.37595	-1.0
402.46124	1.0
402.51984	-1.0
402.712	1.0
402.773	1.0
407.44403	-1.0
407.447	-1.0
407.48615	-1.0
407.54532	-1.0
407.5566	-1.0
407.57416	-1.0
407.619	-1.0
407.67505	1.0
407.7028	1.0
407.8709	1.0
407.8961	-1.0
408.05975	-1.0
408.31763	1.0
411.762	1.0
411.824	-1.0
411.84277	-1.0
411.8455	-1.0
411.85565	1.0
411.8684	1.0
411.883	1.0
411.9309	-1.0
411.96295	1.0
411.97864	-1.0
411.9847	1.0
412.0035	1.0
412.05765	-1.0
412.0724	1.0
412.08105	-1.0
412.10785	-1.0
412.37683	1.0
412.41983	-1.0
412.62213	1.0
416.64755	-1.0
416.66714	-1.0
416.7044	-1.0
416.72263	-1.0
416.77176	1.0
416.85623	1.0
416.90787	1.0
416.92	1.0
416.93085	1.0
421.28604	-1.0
421.3346	-1.0
421.36685	1.0
421.40714	-1.0
421.43057	1.0
421.4824	-1.0
421.5674	1.0
421.6288	-1.0
421.6316	-1.0
421.70093	1.0
421.7096	-1.0
421.795	-1.0
421.9627	-1.0
425.66693	-1.0
425.73373	-1.0
425.75143	-1.0
425.7542	1.0
425.77386	1.0
425.80292	-1.0
425.81665	1.0
425.84808	-1.0
425.91284	1.0
425.99423	-1.0
426.0655	-1.0
426.10425	1.0
426.20065	1.0
426.20715	1.0
426.2909	1.0
426.3131	1.0
429.66095	-1.0
429.68048	-1.0
429.69128	1.0
429.74695	-1.0
429.836	-1.0
429.8564	-1.0
429.85956	1.0
429.8768	-1.0
429.88525	-1.0
430.1157	1.0
430.15463	1.0
430.19824	-1.0
433.6281	-1.0
433.7024	-1.0
433.72372	-1.0
433.7466	1.0
433.7491	-1.0
433.80957	1.0
433.89117	-1.0
433.91867	1.0
433.94333	1.0
434.1137	1.0
434.3525	-1.0
437.43573	1.0
437.4672	-1.0
437.51096	-1.0
437.51688	1.0
437.53152	-1.0
437.5389	-1.0
437.5558	-1.0
437.62616	-1.0
437.6555	-1.0
437.67148	-1.0
437.69363	-1.0
437.8637	-1.0
437.9202	1.0
442.4767	-1.0
442.4966	-1.0
442.5091	-1.0
442.53516	-1.0
442.57748	-1.0
442.59775	1.0
442.63773	-1.0
442.72256	1.0
442.82004	1.0
442.8809	-1.0
442.8842	1.0
442.91757	-1.0
443.0057	1.0
443.09363	1.0
443.1198	1.0
443.15427	1.0
446.38657	-1.0
446.3955	-1.0
446.4011	-1.0
446.4103	1.0
446.43173	1.0
446.45352	1.0
446.5873	1.0
446.60352	1.0
446.6967	-1.0
446.7178	1.0
446.7729	1.0
446.8021	1.0
446.9641	1.0
450.602	-1.0
450.65714	1.0
450.67267	1.0
450.7172	1.0
450.85245	-1.0
450.9644	-1.0
453.9514	-1.0
453.9797	-1.0
454.01624	1.0
454.07953	-1.0
454.1247	1.0
454.23044	-1.0
454.26266	1.0
454.31265	1.0
454.35568	1.0
457.40152	-1.0
457.5001	-1.0
457.51773	-1.0
457.54712	-1.0
457.56848	1.0
457.59113	-1.0
457.69333	-1.0
457.93384	1.0
458.02783	-1.0
458.0558	1.0
460.72345	1.0
460.7361	-1.0
460.75504	-1.0
460.75873	-1.0
460.77856	1.0
460.7833	-1.0
460.80124	1.0
460.86304	-1.0
460.8998	1.0
460.999	1.0
461.067	1.0
461.12704	1.0
464.18115	1.0
464.19147	-1.0
464.2056	-1.0
464.23416	1.0
464.247	-1.0
464.2721	1.0
464.28625	1.0
464.34476	1.0
464.44855	-1.0
464.61188	1.0
467.7217	1.0
467.73627	1.0
467.7632	-1.0
467.78165	-1.0
467.8565	-1.0
467.9359	1.0
468.0205	1.0
468.14285	1.0
468.22015	-1.0
471.00177	-1.0
471.04904	-1.0
471.09637	1.0
471.11893	1.0
471.1478	1.0
471.29105	1.0
471.4056	1.0
471.61813	1.0
473.9022	-1.0
473.91385	-1.0
473.94077	1.0
473.95587	-1.0
473.9597	1.0
473.97385	-1.0
473.9887	1.0
474.01965	1.0
474.0375	1.0
474.13803	1.0
474.2602	1.0
476.96832	-1.0
476.9789	-1.0
476.9892	-1.0
477.02905	-1.0
477.04425	1.0
477.0542	1.0
477.10455	-1.0
477.3088	1.0
479.80112	1.0
479.8079	1.0
479.86752	-1.0
479.89062	-1.0
479.91656	1.0
480.13824	-1.0
482.53696	-1.0
482.57367	-1.0
482.57864	1.0
482.587	1.0
482.60013	-1.0
482.62405	-1.0
482.6477	1.0
482.70657	1.0
482.81976	1.0
485.71936	1.0
485.7387	1.0
485.75296	-1.0
485.8366	-1.0
485.86163	-1.0
485.9632	1.0
486.0583	-1.0
486.1801	1.0
489.0763	-1.0
489.0949	-1.0
489.11197	1.0
489.12735	1.0
489.13467	-1.0
489.15817	1.0
489.1805	-1.0
489.1981	1.0
489.2198	-1.0
489.2479	1.0
489.25784	-1.0
489.43344	1.0
489.53165	1.0
489.55292	-1.0
492.6941	-1.0
492.72345	1.0
492.72864	-1.0
492.75357	1.0
492.77457	-1.0
492.81076	1.0
492.84915	1.0
492.90677	1.0
495.46368	-1.0
495.49	-1.0
495.51044	-1.0
495.52115	1.0
495.5276	-1.0
495.53387	-1.0
495.59332	-1.0
495.60757	-1.0
498.56363	-1.0
498.57333	-1.0
498.576	1.0
498.67157	1.0
498.7038	-1.0
503.9622	1.0
503.9869	-1.0
503.99457	-1.0
504.0247	-1.0
504.06567	1.0
504.15384	1.0
504.2698	1.0
504.2939	1.0
504.34616	1.0
504.3883	1.0
504.4107	1.0
506.9672	-1.0
506.97256	-1.0
506.9771	1.0
506.99808	1.0
507.015	-1.0
507.0227	1.0
507.05875	-1.0
507.1288	1.0
509.409	-1.0
509.4544	1.0
509.4745	1.0
509.4798	1.0
509.50192	1.0
509.5931	1.0
512.6222	-1.0
512.6655	1.0
512.68567	-1.0
512.6964	1.0
512.7367	1.0
512.7615	1.0
512.85913	1.0
515.38635	-1.0
515.4394	-1.0
515.46027	1.0
515.49786	-1.0
518.2916	-1.0
518.31793	1.0
518.3537	-1.0
518.52234	1.0
518.6108	1.0
521.4242	1.0
521.4492	-1.0
521.4757	1.0
521.5078	-1.0
524.20734	1.0
524.3039	1.0
524.33136	1.0
526.73584	-1.0
526.7675	-1.0
526.7873	-1.0
526.8231	1.0
526.90576	-1.0
526.99084	-1.0
530.0965	-1.0
530.1242	-1.0
530.12756	-1.0
530.1794	1.0
530.2056	1.0
532.6744	1.0
532.7249	1.0
533.61505	-1.0
533.6419	-1.0
533.6983	1.0
533.7408	1.0
536.2883	-1.0
536.3468	1.0
538.35315	-1.0
538.45154	-1.0
538.4997	-1.0
538.5243	-1.0
540.9643	1.0
541.9286	-1.0
541.9534	-1.0
541.95685	-1.0
542.0039	-1.0
542.03436	1.0
542.0422	1.0
542.07587	1.0
542.1526	1.0
547.07196	1.0
547.0858	1.0
547.1018	-1.0
547.1123	-1.0
547.1276	1.0
547.161	-1.0
551.85175	-1.0
551.8586	-1.0
551.8661	-1.0
551.8779	1.0
551.9589	-1.0
552.02606	1.0
555.98334	-1.0
556.056	1.0
556.0669	1.0
556.08295	-1.0
556.1244	-1.0
559.8849	-1.0
559.9113	-1.0
559.91986	1.0
562.68945	1.0
562.7696	1.0
562.9567	1.0
562.9802	-1.0
563.0226	-1.0
563.07654	1.0
563.1024	1.0
567.1493	-1.0
567.21436	-1.0
567.21783	1.0
567.29126	-1.0
569.9904	1.0
570.1051	1.0
574.86914	-1.0
574.88727	-1.0
574.9091	-1.0
574.9116	1.0
574.9312	1.0
574.9525	-1.0
574.9571	-1.0
574.97845	1.0
575.00446	-1.0
575.0214	1.0
575.04944	-1.0
578.4952	1.0
578.54987	1.0
578.6125	-1.0
578.64	-1.0
578.6432	-1.0
578.6879	1.0
581.76575	1.0
581.9152	-1.0
581.9324	-1.0
581.9554	1.0
581.9605	-1.0
581.9632	-1.0
582.1108	1.0
585.0094	1.0
586.8509	-1.0
586.87946	1.0
587.43494	1.0
587.4707	1.0
587.4813	-1.0
593.18585	1.0
593.19403	1.0
593.2212	-1.0
593.2367	-1.0
593.24304	-1.0
593.28033	-1.0
593.28467	1.0
593.4331	1.0
597.1854	1.0
597.2308	-1.0
597.31055	-1.0
597.37946	1.0
597.39453	1.0
