0.0516	1.0
0.07612	-1.0
0.15164	-1.0
0.16488	-1.0
0.18508	-1.0
0.25572	-1.0
0.31944	1.0
0.34036	-1.0
0.36656	-1.0
0.40088	-1.0
0.4172	-1.0
0.45736	-1.0
0.49228	-1.0
0.55212	-1.0
0.60768	1.0
0.6516	-1.0
0.65604	-1.0
0.71764	-1.0
0.72504	-1.0
0.84624	-1.0
0.89044	-1.0
1.09644	-1.0
1.12836	-1.0
1.28604	-1.0
1.31368	1.0
1.39176	-1.0
5.36304	-1.0
5.37008	1.0
5.38156	-1.0
5.3864	-1.0
5.3932	-1.0
5.39932	1.0
5.41252	-1.0
5.42968	-1.0
5.43496	-1.0
5.43992	-1.0
5.45308	-1.0
5.49164	1.0
5.49776	-1.0
5.51804	-1.0
5.54372	-1.0
5.56108	-1.0
5.59472	-1.0
5.64516	-1.0
5.81928	-1.0
5.84676	1.0
5.87532	-1.0
5.95324	-1.0
6.11644	-1.0
6.13316	-1.0
6.17864	-1.0
6.21044	-1.0
6.27012	-1.0
6.2892	-1.0
6.36328	-1.0
6.38376	-1.0
6.47468	-1.0
6.51136	1.0
6.56264	-1.0
6.59068	-1.0
6.67684	-1.0
6.71168	1.0
6.74608	-1.0
6.79264	-1.0
6.80544	-1.0
6.8256	-1.0
6.88736	-1.0
6.89456	-1.0
6.94672	-1.0
7.1388	-1.0
8.98224	-1.0
8.99044	1.0
9.00032	-1.0
9.01336	-1.0
9.0266	-1.0
9.03616	1.0
9.04664	-1.0
9.05336	-1.0
9.11268	1.0
9.14428	-1.0
9.1494	-1.0
9.22528	-1.0
9.23024	-1.0
9.26616	-1.0
9.29404	-1.0
9.34068	-1.0
9.37444	-1.0
9.37704	-1.0
9.42136	-1.0
9.45556	-1.0
9.53672	-1.0
9.54728	-1.0
9.5758	-1.0
9.58924	-1.0
9.621	-1.0
9.69756	-1.0
9.7852	1.0
9.85708	-1.0
9.936	-1.0
9.97832	1.0
10.06164	-1.0
10.13816	-1.0
10.14328	-1.0
10.3684	-1.0
10.8174	-1.0
10.87932	-1.0
10.91668	-1.0
11.22208	-1.0
11.23604	-1.0
11.64244	-1.0
11.69128	1.0
11.71064	-1.0
11.73452	1.0
11.76132	-1.0
11.80164	-1.0
11.83532	1.0
11.88444	-1.0
11.92612	-1.0
11.99596	-1.0
12.11192	1.0
12.15776	-1.0
12.338	-1.0
12.37492	-1.0
14.9172	-1.0
14.92764	-1.0
14.93852	-1.0
14.94644	-1.0
14.95492	-1.0
14.96636	-1.0
14.98172	1.0
14.99932	-1.0
15.00368	-1.0
15.01148	1.0
15.02104	1.0
15.02984	-1.0
15.04144	-1.0
15.05252	-1.0
15.07424	-1.0
15.09192	1.0
15.11648	-1.0
15.12956	-1.0
15.1762	-1.0
15.20308	-1.0
15.20648	-1.0
15.23656	-1.0
15.32688	-1.0
15.3564	-1.0
15.36648	-1.0
15.38556	1.0
15.42036	-1.0
15.42856	-1.0
15.46924	-1.0
15.50416	-1.0
15.57356	-1.0
15.61708	-1.0
15.65188	-1.0
15.7422	-1.0
15.86656	-1.0
15.9592	-1.0
15.99404	-1.0
16.18812	-1.0
16.292	1.0
16.43104	-1.0
16.4698	-1.0
19.34156	-1.0
19.34612	-1.0
19.368	-1.0
19.38184	-1.0
19.39276	-1.0
19.39976	-1.0
19.41112	-1.0
19.41768	-1.0
19.4346	-1.0
19.44256	1.0
19.45204	-1.0
19.48464	-1.0
19.49004	-1.0
19.504	1.0
19.517	-1.0
19.5488	1.0
19.5906	-1.0
19.59984	-1.0
19.63604	-1.0
19.67316	-1.0
19.71544	-1.0
19.72392	-1.0
19.7482	-1.0
19.76564	-1.0
19.78648	-1.0
19.80532	-1.0
19.85188	-1.0
19.8858	-1.0
19.95224	-1.0
19.955	1.0
20.10804	-1.0
20.32112	-1.0
20.3578	-1.0
20.36296	-1.0
20.3848	-1.0
20.45252	-1.0
20.45784	-1.0
20.46712	-1.0
20.49252	-1.0
20.61976	-1.0
20.6722	-1.0
20.705	-1.0
24.15112	1.0
24.81144	-1.0
24.81676	-1.0
24.8226	-1.0
24.8332	-1.0
24.84676	1.0
24.85712	-1.0
24.8608	-1.0
24.87436	-1.0
24.91112	1.0
24.93228	-1.0
24.936	-1.0
24.94028	-1.0
24.94592	-1.0
24.97868	-1.0
25.00024	-1.0
25.0082	-1.0
25.12916	-1.0
25.16876	-1.0
25.17272	-1.0
25.19652	-1.0
25.26924	1.0
25.27204	-1.0
25.29528	-1.0
25.3324	-1.0
25.34912	-1.0
25.35316	-1.0
25.4176	-1.0
25.43072	-1.0
25.51212	-1.0
25.63172	-1.0
25.67596	-1.0
25.94808	1.0
25.95476	-1.0
25.99372	1.0
26.00632	-1.0
26.05832	-1.0
26.08124	-1.0
26.09264	-1.0
26.19416	1.0
29.8076	-1.0
29.81476	-1.0
29.82416	-1.0
29.83232	-1.0
29.84772	1.0
29.8542	-1.0
29.85672	-1.0
29.8692	-1.0
29.88108	-1.0
29.88872	-1.0
29.89924	-1.0
29.92092	-1.0
29.94344	-1.0
29.96136	-1.0
29.99472	-1.0
30.02052	1.0
30.1044	-1.0
30.15548	-1.0
30.18968	1.0
30.22616	-1.0
30.24388	-1.0
30.26988	-1.0
30.30496	-1.0
30.34384	-1.0
30.36692	-1.0
30.39572	-1.0
30.47528	-1.0
30.49488	-1.0
30.54448	-1.0
30.587	-1.0
30.59072	1.0
30.59528	-1.0
30.7442	-1.0
30.7544	-1.0
30.77888	-1.0
30.80908	-1.0
30.84424	-1.0
30.9682	-1.0
30.98732	-1.0
31.14924	-1.0
31.26048	-1.0
31.26972	-1.0
35.68496	-1.0
35.70652	-1.0
35.71428	-1.0
35.72596	1.0
35.72956	-1.0
35.74024	-1.0
35.74496	-1.0
35.76376	-1.0
35.77244	-1.0
35.78116	-1.0
35.80668	-1.0
35.82128	-1.0
35.82996	1.0
35.841	-1.0
35.868	-1.0
35.894	-1.0
35.92056	-1.0
35.92848	-1.0
35.93768	-1.0
35.94072	1.0
35.95228	-1.0
35.96576	1.0
35.96932	1.0
35.99192	-1.0
36.007	-1.0
36.0292	-1.0
36.0394	-1.0
36.06884	-1.0
36.24792	-1.0
36.31376	-1.0
36.3166	-1.0
36.31976	-1.0
36.37336	-1.0
36.40952	-1.0
36.47084	-1.0
36.4798	-1.0
36.50676	-1.0
36.55668	1.0
36.5674	-1.0
36.57072	-1.0
36.73484	-1.0
36.823	-1.0
36.8766	1.0
36.9002	-1.0
36.9328	-1.0
36.9532	-1.0
37.06912	-1.0
37.81152	1.0
37.81408	1.0
37.82384	-1.0
37.8392	-1.0
37.85812	-1.0
37.8664	-1.0
37.94872	1.0
40.46372	-1.0
40.47316	1.0
40.48256	-1.0
40.48696	-1.0
40.4912	-1.0
40.49384	-1.0
40.50852	-1.0
40.53952	-1.0
40.5514	-1.0
40.58688	1.0
40.64488	-1.0
40.66852	1.0
40.67476	-1.0
40.6868	-1.0
40.6898	-1.0
40.69992	-1.0
40.72208	-1.0
40.75684	1.0
40.764	-1.0
40.92212	-1.0
40.9914	-1.0
41.01804	-1.0
41.03064	-1.0
41.1824	-1.0
41.20168	-1.0
41.35028	-1.0
41.35824	-1.0
41.76508	-1.0
41.7834	-1.0
41.84936	-1.0
44.64588	-1.0
44.6616	-1.0
44.68224	-1.0
44.68568	-1.0
44.68868	-1.0
44.71048	1.0
44.73932	-1.0
44.75824	1.0
44.77604	-1.0
44.79244	-1.0
44.80604	-1.0
44.81316	-1.0
44.861	-1.0
44.86368	-1.0
44.8946	-1.0
44.9632	-1.0
44.96888	-1.0
44.97312	-1.0
45.00252	-1.0
45.10868	-1.0
45.13376	1.0
45.15264	-1.0
45.17148	-1.0
45.22712	-1.0
45.2652	1.0
45.27156	-1.0
45.31684	-1.0
45.41636	1.0
45.48244	-1.0
45.51508	1.0
45.51784	1.0
45.57636	-1.0
45.59152	-1.0
45.66068	-1.0
45.6936	-1.0
45.75	-1.0
45.76656	-1.0
45.77148	-1.0
45.85124	-1.0
45.86712	-1.0
45.87964	-1.0
46.05112	-1.0
49.21252	-1.0
49.22232	-1.0
49.22764	1.0
49.23376	-1.0
49.24824	-1.0
49.25796	1.0
49.29256	-1.0
49.30048	-1.0
49.3122	-1.0
49.32156	-1.0
49.401	-1.0
49.41628	-1.0
49.43568	-1.0
49.52788	-1.0
49.56524	1.0
49.56824	-1.0
49.6126	-1.0
49.6236	-1.0
49.70144	-1.0
49.74788	-1.0
49.77028	-1.0
49.78028	1.0
49.8278	-1.0
49.8492	-1.0
49.95916	1.0
50.006	-1.0
50.07824	-1.0
50.08092	-1.0
50.1176	-1.0
50.2632	-1.0
50.2944	-1.0
50.30344	-1.0
50.3614	-1.0
50.39352	-1.0
50.40356	-1.0
50.43436	-1.0
50.62772	-1.0
50.7096	-1.0
50.72084	-1.0
50.82092	-1.0
50.85512	-1.0
50.87796	-1.0
50.92376	-1.0
50.98012	-1.0
54.42256	-1.0
54.43376	-1.0
54.44528	-1.0
54.46328	-1.0
54.4698	-1.0
54.4818	-1.0
54.49932	1.0
54.50536	-1.0
54.51032	-1.0
54.52292	-1.0
54.52744	-1.0
54.5516	-1.0
54.5776	1.0
54.58516	1.0
54.60116	1.0
54.60524	-1.0
54.68616	-1.0
54.72848	-1.0
54.7618	1.0
54.76648	1.0
54.79792	-1.0
54.81328	-1.0
54.84192	-1.0
54.88916	-1.0
54.89196	-1.0
54.8958	-1.0
54.9662	-1.0
54.996	-1.0
55.06568	-1.0
55.14468	-1.0
55.18028	-1.0
55.21108	-1.0
55.21472	-1.0
55.25748	-1.0
55.30416	-1.0
55.3544	-1.0
55.42664	-1.0
55.43828	-1.0
55.49088	-1.0
55.55744	-1.0
55.65788	-1.0
55.66652	-1.0
55.7078	-1.0
59.5494	-1.0
59.561	-1.0
59.5662	-1.0
59.57188	-1.0
59.59024	-1.0
59.59472	-1.0
59.60828	-1.0
59.61812	-1.0
59.63088	-1.0
59.64312	-1.0
59.64964	1.0
59.65428	-1.0
59.66012	-1.0
59.67384	-1.0
59.68096	1.0
59.69804	-1.0
59.7072	-1.0
59.74684	-1.0
59.9368	-1.0
59.9456	-1.0
59.99328	-1.0
60.0246	-1.0
60.02724	-1.0
60.10772	-1.0
60.13496	-1.0
60.15584	-1.0
60.1602	-1.0
60.17244	-1.0
60.249	-1.0
60.27052	1.0
60.31712	-1.0
60.329	-1.0
60.39704	-1.0
60.41956	-1.0
60.4264	-1.0
60.55612	-1.0
60.65384	-1.0
63.78924	-1.0
63.80828	-1.0
63.82244	1.0
63.83404	-1.0
63.84488	-1.0
63.84868	-1.0
63.85712	-1.0
63.87884	-1.0
63.88588	-1.0
63.8956	-1.0
63.91776	-1.0
63.9392	1.0
63.95976	-1.0
63.9674	-1.0
63.97144	-1.0
64.0036	-1.0
64.06212	-1.0
64.1162	-1.0
64.1654	-1.0
64.22616	1.0
64.25628	-1.0
64.2864	-1.0
64.29072	-1.0
64.30932	-1.0
64.31632	-1.0
64.33704	-1.0
64.34288	-1.0
64.39732	-1.0
64.40608	-1.0
64.42668	-1.0
64.43552	-1.0
64.4444	-1.0
64.58624	1.0
64.6706	-1.0
64.72008	-1.0
64.80172	-1.0
64.81616	-1.0
65.02044	-1.0
65.04128	-1.0
65.27324	-1.0
68.21464	1.0
68.22652	-1.0
68.23764	-1.0
68.24788	-1.0
68.2648	-1.0
68.27816	1.0
68.2816	-1.0
68.29084	-1.0
68.29632	-1.0
68.30168	-1.0
68.31708	1.0
68.33648	-1.0
68.34388	-1.0
68.35744	1.0
68.3732	-1.0
68.3866	-1.0
68.4006	-1.0
68.40872	-1.0
68.43096	-1.0
68.43536	-1.0
68.47784	-1.0
68.5134	-1.0
68.5888	-1.0
68.60596	-1.0
68.6374	1.0
68.65972	1.0
68.66328	-1.0
68.70844	-1.0
68.76296	-1.0
68.77756	-1.0
68.80452	1.0
68.80952	-1.0
68.837	-1.0
68.84032	-1.0
68.85576	-1.0
68.9092	-1.0
68.9688	-1.0
69.00168	-1.0
69.02116	-1.0
69.05616	-1.0
69.11488	-1.0
69.12304	-1.0
69.20604	-1.0
69.38228	-1.0
69.39332	-1.0
73.48892	-1.0
73.49468	-1.0
73.50332	-1.0
73.50632	-1.0
73.51288	-1.0
73.51632	-1.0
73.53232	-1.0
73.55164	1.0
73.55524	-1.0
73.568	-1.0
73.60108	1.0
73.60512	-1.0
73.62508	-1.0
73.63192	1.0
73.65784	-1.0
73.71172	1.0
73.735	-1.0
73.7404	-1.0
73.7682	-1.0
73.79912	-1.0
73.81976	-1.0
73.83044	-1.0
73.8432	-1.0
73.87304	-1.0
73.91456	-1.0
73.92512	-1.0
73.95516	-1.0
73.99424	-1.0
74.0234	-1.0
74.04792	-1.0
74.05408	-1.0
74.13004	-1.0
74.18536	-1.0
74.2178	1.0
74.22192	-1.0
74.23772	-1.0
74.24788	-1.0
74.34792	-1.0
74.53048	-1.0
74.5674	-1.0
74.65412	-1.0
78.44692	-1.0
78.45696	-1.0
78.46864	-1.0
78.48104	-1.0
78.48424	1.0
78.50648	-1.0
78.51216	-1.0
78.52956	-1.0
78.53552	-1.0
78.55088	-1.0
78.55596	-1.0
78.56048	-1.0
78.57912	-1.0
78.58448	1.0
78.60412	-1.0
78.61928	1.0
78.63172	-1.0
78.6936	-1.0
78.70516	1.0
78.72032	-1.0
78.74112	1.0
78.74504	-1.0
78.7848	-1.0
78.801	1.0
78.83716	-1.0
78.85452	-1.0
78.87688	-1.0
78.88016	1.0
78.9096	-1.0
78.91312	-1.0
78.95384	-1.0
78.97412	-1.0
78.99188	-1.0
79.02956	-1.0
79.04576	-1.0
79.12172	-1.0
79.1562	-1.0
79.17268	-1.0
79.2146	-1.0
79.2634	-1.0
79.31892	-1.0
79.37224	-1.0
79.48084	-1.0
79.51884	-1.0
79.69008	-1.0
79.71148	-1.0
83.87268	1.0
83.87856	-1.0
83.8862	1.0
83.89024	-1.0
83.89376	-1.0
83.8972	1.0
83.90184	-1.0
83.90544	-1.0
83.9262	-1.0
83.93408	-1.0
83.9408	-1.0
83.94952	-1.0
83.97108	-1.0
84.0066	-1.0
84.01524	-1.0
84.09364	-1.0
84.11364	-1.0
84.2116	1.0
84.22472	-1.0
84.23756	-1.0
84.2828	-1.0
84.28808	-1.0
84.29948	-1.0
84.31924	-1.0
84.34932	1.0
84.40028	-1.0
84.4362	1.0
84.44064	-1.0
84.50376	-1.0
84.55008	-1.0
84.55504	-1.0
84.6144	-1.0
84.64816	-1.0
84.69892	-1.0
84.75852	-1.0
84.7974	-1.0
84.82768	-1.0
84.84856	-1.0
84.91256	-1.0
84.91616	-1.0
84.93688	1.0
85.03352	-1.0
88.35196	-1.0
88.36212	-1.0
88.39032	-1.0
88.39948	-1.0
88.42076	-1.0
88.43624	-1.0
88.461	-1.0
88.47964	-1.0
88.48652	-1.0
88.5016	-1.0
88.51456	-1.0
88.53336	-1.0
88.55412	-1.0
88.55688	-1.0
88.57624	-1.0
88.594	-1.0
88.61308	-1.0
88.64956	-1.0
88.66364	-1.0
88.6804	-1.0
88.70156	-1.0
88.7488	-1.0
88.77812	-1.0
88.80004	-1.0
88.82964	-1.0
88.83368	-1.0
88.86932	-1.0
88.91624	-1.0
88.97104	1.0
89.05112	-1.0
89.0778	-1.0
89.09152	-1.0
89.14048	-1.0
89.20124	-1.0
89.2418	-1.0
89.30492	-1.0
89.363	-1.0
89.50932	-1.0
89.5162	1.0
89.54116	-1.0
89.55448	-1.0
89.55784	-1.0
93.172	-1.0
93.18376	-1.0
93.193	1.0
93.22112	1.0
93.22612	-1.0
93.24764	1.0
93.26308	1.0
93.28792	-1.0
93.30004	-1.0
93.32072	1.0
93.33832	1.0
93.3426	-1.0
93.34684	-1.0
93.36448	1.0
93.40432	-1.0
93.44692	-1.0
93.4892	-1.0
93.49356	-1.0
93.50716	-1.0
93.58884	-1.0
93.62076	-1.0
93.6468	-1.0
93.65776	-1.0
93.68352	-1.0
93.70088	-1.0
93.73088	-1.0
93.771	-1.0
93.79104	1.0
93.81148	-1.0
93.86352	-1.0
93.92956	-1.0
93.96596	-1.0
93.9686	-1.0
94.12028	-1.0
94.1268	-1.0
94.14164	-1.0
94.14468	-1.0
94.17192	-1.0
94.21868	-1.0
94.27924	1.0
94.2936	-1.0
94.33404	-1.0
94.35312	-1.0
94.4512	-1.0
94.455	-1.0
94.47388	1.0
99.32384	1.0
99.3282	-1.0
99.33936	1.0
99.34752	-1.0
99.35532	-1.0
99.358	-1.0
99.365	-1.0
99.36892	-1.0
99.38256	-1.0
99.40456	-1.0
99.41924	-1.0
99.4344	-1.0
99.46216	-1.0
99.48116	-1.0
99.50924	-1.0
99.51892	-1.0
99.52208	-1.0
99.54608	-1.0
99.58992	-1.0
99.59836	1.0
99.60572	-1.0
99.63548	-1.0
99.64824	-1.0
99.6562	1.0
99.66032	1.0
99.68812	-1.0
99.69092	-1.0
99.72124	-1.0
99.75224	-1.0
99.77904	-1.0
99.81072	-1.0
99.83924	-1.0
99.8726	-1.0
99.89036	-1.0
99.9064	-1.0
99.95212	-1.0
99.99284	-1.0
100.04308	-1.0
100.12236	-1.0
100.18588	-1.0
100.23932	-1.0
100.25256	-1.0
100.36468	-1.0
100.3678	-1.0
100.39112	-1.0
100.40068	-1.0
100.4078	-1.0
100.48252	-1.0
100.56052	-1.0
100.57704	-1.0
100.6514	-1.0
100.65728	-1.0
100.84072	-1.0
100.84348	-1.0
100.92376	-1.0
100.9532	-1.0
104.58468	1.0
104.58764	-1.0
104.59332	-1.0
104.60548	-1.0
104.63516	-1.0
104.65364	1.0
104.65696	-1.0
104.66404	-1.0
104.69176	-1.0
104.70692	-1.0
104.71888	-1.0
104.77464	1.0
104.85464	1.0
104.91176	-1.0
104.91624	-1.0
104.93596	-1.0
104.9844	-1.0
104.98724	-1.0
105.00352	-1.0
105.02548	-1.0
105.05236	1.0
105.16228	-1.0
105.17988	-1.0
105.21908	-1.0
105.27672	-1.0
105.28592	-1.0
105.37372	-1.0
105.38584	-1.0
105.50272	-1.0
105.55088	-1.0
105.61104	-1.0
105.66832	-1.0
105.93152	-1.0
105.97028	-1.0
106.00936	1.0
106.01784	-1.0
106.0602	-1.0
109.67412	-1.0
109.68144	1.0
109.6954	-1.0
109.70168	-1.0
109.70856	-1.0
109.72372	-1.0
109.7288	-1.0
109.73372	-1.0
109.73672	-1.0
109.74192	-1.0
109.74892	-1.0
109.76824	-1.0
109.77156	-1.0
109.7968	-1.0
109.80216	-1.0
109.87596	-1.0
109.90528	-1.0
109.95184	-1.0
109.95828	1.0
109.98836	-1.0
109.99336	-1.0
110.04484	-1.0
110.04992	-1.0
110.0554	-1.0
110.06184	1.0
110.07396	-1.0
110.07796	-1.0
110.16256	-1.0
110.17332	-1.0
110.18428	-1.0
110.20596	1.0
110.2114	1.0
110.23808	1.0
110.24516	-1.0
110.27872	-1.0
110.35812	-1.0
110.42276	-1.0
110.43044	-1.0
110.44488	-1.0
110.4654	1.0
110.46812	-1.0
110.47076	-1.0
110.49648	-1.0
110.6082	1.0
110.64108	-1.0
110.67632	-1.0
110.69876	-1.0
110.7198	1.0
110.77912	-1.0
110.78256	-1.0
110.81532	-1.0
110.83264	-1.0
110.93544	-1.0
111.01896	-1.0
111.04092	-1.0
111.0668	-1.0
111.1486	-1.0
114.82244	-1.0
114.83276	-1.0
114.83552	-1.0
114.84388	-1.0
114.84956	-1.0
114.85696	-1.0
114.8644	-1.0
114.86904	-1.0
114.8784	1.0
114.88896	-1.0
114.89528	-1.0
114.9098	1.0
114.91844	1.0
114.9308	-1.0
114.93444	-1.0
114.95064	1.0
114.95924	-1.0
114.96404	-1.0
114.98632	-1.0
115.01176	-1.0
115.0286	-1.0
115.08008	-1.0
115.0864	-1.0
115.1426	-1.0
115.1738	-1.0
115.19436	-1.0
115.20624	-1.0
115.23592	-1.0
115.26764	-1.0
115.29124	-1.0
115.32032	-1.0
115.34688	-1.0
115.35376	-1.0
115.35664	-1.0
115.36176	-1.0
115.45296	-1.0
115.46248	-1.0
115.47024	-1.0
115.47328	-1.0
115.50304	-1.0
115.50888	-1.0
115.53936	-1.0
115.62492	1.0
115.68904	-1.0
115.75368	-1.0
115.7824	-1.0
115.79064	-1.0
115.81564	-1.0
115.86848	-1.0
115.8818	1.0
116.00708	1.0
116.04568	1.0
116.05564	-1.0
116.17352	-1.0
116.26024	-1.0
116.36348	-1.0
119.71088	1.0
119.71552	-1.0
119.727	-1.0
119.7396	-1.0
119.74412	1.0
119.75092	-1.0
119.75492	-1.0
119.75816	-1.0
119.77324	1.0
119.77896	-1.0
119.80464	-1.0
119.81116	-1.0
119.8328	-1.0
119.84636	1.0
119.85632	-1.0
119.8796	-1.0
119.89652	-1.0
119.91276	-1.0
119.92272	-1.0
119.92824	-1.0
119.946	-1.0
119.98208	-1.0
120.00416	-1.0
120.00932	-1.0
120.03076	1.0
120.07472	-1.0
120.0794	-1.0
120.11232	-1.0
120.175	-1.0
120.20304	-1.0
120.24284	-1.0
120.26628	-1.0
120.27708	-1.0
120.33404	-1.0
120.36604	-1.0
120.382	-1.0
120.4938	-1.0
120.4966	-1.0
120.51968	-1.0
120.53172	1.0
120.54188	-1.0
120.62248	-1.0
120.71092	-1.0
120.77868	-1.0
120.7904	-1.0
120.84756	-1.0
120.86092	-1.0
120.89016	-1.0
120.90384	-1.0
120.96476	-1.0
121.03716	-1.0
121.08276	-1.0
121.08572	-1.0
121.11512	1.0
121.2108	-1.0
121.23828	1.0
124.88064	1.0
124.89152	-1.0
124.90468	-1.0
124.91704	-1.0
124.92568	-1.0
124.93068	-1.0
124.93664	-1.0
124.94548	-1.0
124.94808	-1.0
124.95276	1.0
124.99668	1.0
125.00924	-1.0
125.03644	-1.0
125.06128	-1.0
125.09968	-1.0
125.11376	-1.0
125.11864	-1.0
125.16516	-1.0
125.18992	1.0
125.22972	-1.0
125.26164	-1.0
125.28036	-1.0
125.30844	-1.0
125.32588	-1.0
125.33036	1.0
125.33556	-1.0
125.35672	-1.0
125.37452	-1.0
125.39812	-1.0
125.46064	-1.0
125.58028	-1.0
125.59456	-1.0
125.7522	-1.0
125.78408	-1.0
125.79784	-1.0
125.87752	-1.0
125.94896	-1.0
125.95164	-1.0
126.03364	-1.0
126.11412	1.0
126.25792	-1.0
126.29036	-1.0
126.39572	-1.0
130.61449	-1.0
130.6216	1.0
130.6248	-1.0
130.62843	-1.0
130.6344	-1.0
130.6446	-1.0
130.6616	-1.0
130.6668	-1.0
130.6714	-1.0
130.68665	-1.0
130.69928	-1.0
130.711	1.0
130.71376	-1.0
130.73424	-1.0
130.74213	-1.0
130.7822	-1.0
130.81123	-1.0
130.8214	-1.0
130.83543	1.0
130.8548	-1.0
130.86188	-1.0
130.9068	1.0
130.91296	-1.0
130.9318	-1.0
130.95172	-1.0
130.9884	-1.0
131.0282	-1.0
131.18124	-1.0
131.20988	-1.0
131.26135	-1.0
131.32384	-1.0
131.3468	-1.0
131.38445	-1.0
131.5102	-1.0
131.54768	-1.0
131.58328	-1.0
131.59496	-1.0
131.64868	-1.0
131.6564	-1.0
131.69556	-1.0
131.71164	1.0
131.71751	-1.0
131.75153	-1.0
131.77055	-1.0
131.92851	-1.0
131.93993	-1.0
132.1056	-1.0
132.12636	-1.0
132.21732	1.0
136.46667	-1.0
136.47644	1.0
136.48483	-1.0
136.49583	-1.0
136.50476	-1.0
136.51273	-1.0
136.52928	1.0
136.53508	1.0
136.5522	-1.0
136.5578	1.0
136.57388	-1.0
136.6066	-1.0
136.62668	1.0
136.63287	-1.0
136.6536	-1.0
136.65764	-1.0
136.68188	-1.0
136.6938	-1.0
136.70624	-1.0
136.71593	-1.0
136.74036	-1.0
136.75972	-1.0
136.84229	-1.0
136.86336	-1.0
136.88943	-1.0
136.90788	1.0
136.91504	1.0
136.92113	-1.0
136.92377	-1.0
136.94743	-1.0
136.988	-1.0
137.02815	-1.0
137.07504	1.0
137.1506	-1.0
137.25116	-1.0
137.26152	-1.0
137.30585	-1.0
137.37332	-1.0
137.39732	-1.0
137.4442	1.0
137.5826	-1.0
137.61513	1.0
137.63148	1.0
137.65024	-1.0
137.71004	-1.0
137.88416	-1.0
137.96729	-1.0
142.44768	1.0
142.45708	1.0
142.46571	-1.0
142.48483	1.0
142.49884	-1.0
142.5314	-1.0
142.54256	1.0
142.55376	-1.0
142.5648	-1.0
142.59831	1.0
142.63028	1.0
142.65305	-1.0
142.65808	-1.0
142.68132	-1.0
142.70547	-1.0
142.71307	-1.0
142.7386	-1.0
142.8322	-1.0
142.8396	-1.0
142.86784	-1.0
142.89516	-1.0
142.9282	-1.0
142.94817	-1.0
142.95212	-1.0
142.98372	-1.0
143.0426	-1.0
143.075	-1.0
143.09424	-1.0
143.13524	1.0
143.17072	-1.0
143.1738	-1.0
143.21028	-1.0
143.24689	-1.0
143.28217	1.0
143.31548	-1.0
143.34325	-1.0
143.37431	-1.0
143.38124	-1.0
143.4316	-1.0
143.53612	-1.0
143.61069	-1.0
143.71648	-1.0
143.7796	-1.0
148.69652	1.0
148.7004	-1.0
148.70789	-1.0
148.7104	1.0
148.71571	-1.0
148.71973	1.0
148.7236	-1.0
148.72972	-1.0
148.73232	-1.0
148.73727	-1.0
148.74484	-1.0
148.75797	-1.0
148.76929	-1.0
148.77615	-1.0
148.7984	-1.0
148.82011	-1.0
148.82808	-1.0
148.85455	-1.0
148.85716	-1.0
148.89148	-1.0
148.92957	1.0
148.95856	-1.0
148.99065	-1.0
149.00333	1.0
149.00977	-1.0
149.02008	-1.0
149.04305	-1.0
149.047	-1.0
149.0514	-1.0
149.06772	-1.0
149.07413	-1.0
149.1012	-1.0
149.12505	-1.0
149.12932	-1.0
149.15092	-1.0
149.15828	-1.0
149.18147	-1.0
149.21188	-1.0
149.23335	-1.0
149.29396	1.0
149.30188	-1.0
149.36131	-1.0
149.4076	-1.0
149.46988	-1.0
149.55896	1.0
149.5838	-1.0
149.66553	-1.0
149.72424	-1.0
149.73969	-1.0
149.76456	-1.0
149.77972	-1.0
149.82677	1.0
149.86792	-1.0
149.99149	-1.0
150.01408	-1.0
150.09152	-1.0
150.1008	-1.0
153.6606	-1.0
153.68248	-1.0
153.69176	-1.0
153.70209	1.0
153.70811	-1.0
153.7154	-1.0
153.72607	-1.0
153.76668	-1.0
153.77812	-1.0
153.7822	-1.0
153.82788	-1.0
153.83716	-1.0
153.87083	-1.0
153.89624	-1.0
153.90492	-1.0
153.95683	-1.0
153.96324	-1.0
154.0088	-1.0
154.01263	-1.0
154.03316	-1.0
154.08012	-1.0
154.11452	-1.0
154.13931	-1.0
154.15147	-1.0
154.22816	-1.0
154.23537	-1.0
154.27107	-1.0
154.30116	-1.0
154.32716	-1.0
154.4	-1.0
154.48811	-1.0
154.51996	-1.0
154.52504	1.0
154.6868	-1.0
154.78532	-1.0
154.80188	-1.0
154.94383	-1.0
154.9634	-1.0
155.0606	-1.0
159.98547	-1.0
159.99016	-1.0
159.99416	-1.0
160.0028	-1.0
160.01172	-1.0
160.0166	1.0
160.03024	-1.0
160.049	-1.0
160.05235	-1.0
160.06535	-1.0
160.08311	-1.0
160.10287	-1.0
160.10544	-1.0
160.10844	-1.0
160.15295	-1.0
160.18127	-1.0
160.18803	1.0
160.2016	1.0
160.25668	-1.0
160.27484	-1.0
160.28284	-1.0
160.3518	1.0
160.3758	1.0
160.4032	-1.0
160.40956	-1.0
160.43684	-1.0
160.46048	-1.0
160.475	-1.0
160.49232	-1.0
160.52045	1.0
160.53108	-1.0
160.5556	-1.0
160.5908	-1.0
160.61597	-1.0
160.63968	-1.0
160.79608	-1.0
160.84895	1.0
160.87833	-1.0
160.9282	-1.0
160.96524	-1.0
161.10104	-1.0
161.14343	-1.0
161.21292	-1.0
161.24477	1.0
161.25468	-1.0
166.27203	-1.0
166.27948	-1.0
166.28609	-1.0
166.31113	-1.0
166.32645	-1.0
166.32916	-1.0
166.34488	-1.0
166.35464	-1.0
166.36676	-1.0
166.38435	-1.0
166.41676	-1.0
166.43776	-1.0
166.49516	-1.0
166.60684	1.0
166.62372	-1.0
166.67216	-1.0
166.6962	-1.0
166.722	-1.0
166.728	-1.0
166.73228	-1.0
166.78693	-1.0
166.80997	-1.0
166.83977	-1.0
166.84364	1.0
166.91805	-1.0
167.009	-1.0
167.01344	-1.0
167.02531	-1.0
167.11037	-1.0
167.12892	-1.0
167.14577	-1.0
167.1616	-1.0
167.19987	-1.0
167.22316	-1.0
167.23663	-1.0
167.31271	-1.0
167.3994	-1.0
167.47185	-1.0
167.53165	-1.0
167.56212	-1.0
167.72244	-1.0
167.83395	-1.0
167.87927	-1.0
167.8924	-1.0
172.91943	-1.0
172.92468	-1.0
172.93492	-1.0
172.9458	1.0
172.95776	-1.0
172.97444	-1.0
172.9782	-1.0
172.98991	-1.0
172.9952	-1.0
173.00352	-1.0
173.0266	-1.0
173.04352	-1.0
173.05164	-1.0
173.06503	-1.0
173.09431	-1.0
173.1198	1.0
173.12273	-1.0
173.17384	-1.0
173.19592	-1.0
173.2004	-1.0
173.2182	-1.0
173.22604	-1.0
173.24995	-1.0
173.27393	1.0
173.30067	-1.0
173.3056	-1.0
173.32443	-1.0
173.32812	1.0
173.3452	-1.0
173.36244	1.0
173.38512	-1.0
173.39343	-1.0
173.41696	-1.0
173.48964	-1.0
173.51184	-1.0
173.5166	-1.0
173.52287	-1.0
173.54	-1.0
173.61005	-1.0
173.63472	-1.0
173.67091	-1.0
173.70828	-1.0
173.78069	-1.0
173.80716	-1.0
173.85612	-1.0
173.90569	-1.0
174.01024	-1.0
174.04675	1.0
174.10936	-1.0
174.12752	-1.0
174.24815	-1.0
174.3022	1.0
174.44936	1.0
179.03708	-1.0
179.06145	-1.0
179.0662	1.0
179.06873	-1.0
179.09032	-1.0
179.09572	-1.0
179.10245	-1.0
179.11913	1.0
179.12204	-1.0
179.13536	-1.0
179.14397	-1.0
179.14648	-1.0
179.1594	-1.0
179.16489	-1.0
179.17032	-1.0
179.19116	-1.0
179.21172	-1.0
179.22972	-1.0
179.28148	-1.0
179.29877	-1.0
179.30792	-1.0
179.31725	-1.0
179.32008	1.0
179.32344	1.0
179.34164	-1.0
179.3442	-1.0
179.36925	-1.0
179.42456	-1.0
179.42715	-1.0
179.50523	-1.0
179.5378	-1.0
179.55627	-1.0
179.56108	-1.0
179.57372	-1.0
179.60065	-1.0
179.61671	-1.0
179.63487	-1.0
179.64732	-1.0
179.69484	-1.0
179.76544	-1.0
179.79189	-1.0
179.81355	-1.0
179.931	-1.0
179.95535	-1.0
179.99348	1.0
180.03508	-1.0
180.08556	-1.0
180.21729	-1.0
180.2248	-1.0
180.3304	-1.0
180.42735	-1.0
180.45528	-1.0
184.83504	1.0
184.84251	1.0
184.85075	-1.0
184.85724	1.0
184.8598	-1.0
184.8648	-1.0
184.86967	-1.0
184.87231	-1.0
184.89217	-1.0
184.90028	-1.0
184.90433	-1.0
184.90704	-1.0
184.91908	-1.0
184.93224	-1.0
184.94836	-1.0
184.95772	-1.0
184.96524	1.0
184.9762	-1.0
184.98836	-1.0
185.01448	-1.0
185.06764	-1.0
185.0824	-1.0
185.1218	-1.0
185.17888	-1.0
185.20216	1.0
185.2072	-1.0
185.2294	-1.0
185.2608	1.0
185.2846	-1.0
185.2898	1.0
185.3704	-1.0
185.37315	-1.0
185.40572	-1.0
185.43549	-1.0
185.44	-1.0
185.46648	1.0
185.51428	-1.0
185.54156	-1.0
185.57211	-1.0
185.64528	-1.0
185.72163	-1.0
185.7618	-1.0
185.86057	-1.0
185.87476	-1.0
185.91344	-1.0
185.91684	-1.0
185.9454	-1.0
185.98268	-1.0
186.07216	-1.0
186.08524	-1.0
186.10628	-1.0
186.43855	-1.0
190.19	-1.0
190.19724	-1.0
190.2056	-1.0
190.212	1.0
190.21892	-1.0
190.231	-1.0
190.23668	1.0
190.25584	-1.0
190.27164	-1.0
190.2744	-1.0
190.2812	-1.0
190.30516	-1.0
190.30768	-1.0
190.316	-1.0
190.35948	-1.0
190.36348	1.0
190.38644	-1.0
190.396	1.0
190.42207	-1.0
190.46329	1.0
190.48695	1.0
190.49236	-1.0
190.5258	-1.0
190.5454	-1.0
190.59103	1.0
190.60104	-1.0
190.6288	1.0
190.65936	-1.0
190.74376	-1.0
190.7584	-1.0
190.83385	-1.0
190.86676	-1.0
190.90865	-1.0
190.98476	-1.0
191.0088	-1.0
191.01189	-1.0
191.0144	-1.0
191.07692	-1.0
191.14148	-1.0
191.2296	-1.0
191.23508	-1.0
191.23804	-1.0
191.2606	-1.0
191.27864	-1.0
191.3452	-1.0
191.35136	-1.0
191.4322	-1.0
191.5922	-1.0
191.65352	-1.0
196.06335	-1.0
196.07085	-1.0
196.07948	-1.0
196.09148	-1.0
196.09644	1.0
196.10423	-1.0
196.1212	-1.0
196.1326	-1.0
196.13756	1.0
196.14384	-1.0
196.14893	-1.0
196.1576	-1.0
196.16084	-1.0
196.1858	-1.0
196.19109	-1.0
196.20708	-1.0
196.22968	1.0
196.27324	1.0
196.29823	-1.0
196.30492	-1.0
196.32344	-1.0
196.34831	-1.0
196.35403	-1.0
196.37389	1.0
196.38124	-1.0
196.38815	-1.0
196.39967	-1.0
196.43068	-1.0
196.495	-1.0
196.5458	-1.0
196.5612	-1.0
196.64365	-1.0
196.68552	-1.0
196.6892	1.0
196.74976	-1.0
196.78456	-1.0
196.83617	1.0
196.8464	-1.0
196.91548	-1.0
196.97585	-1.0
197.00232	-1.0
197.01892	-1.0
197.02815	-1.0
197.0614	1.0
197.1884	-1.0
197.22656	-1.0
197.23808	-1.0
197.36955	1.0
197.37209	-1.0
197.44955	-1.0
197.45303	-1.0
201.96211	-1.0
201.97496	-1.0
201.97775	1.0
201.99112	-1.0
201.99455	-1.0
201.99944	-1.0
202.02383	-1.0
202.03072	-1.0
202.03336	-1.0
202.04951	-1.0
202.06609	-1.0
202.0982	-1.0
202.10396	-1.0
202.12663	-1.0
202.18524	-1.0
202.20473	-1.0
202.2126	-1.0
202.23508	-1.0
202.2846	-1.0
202.2876	-1.0
202.336	-1.0
202.35847	-1.0
202.37268	-1.0
202.42796	-1.0
202.45168	-1.0
202.46709	-1.0
202.56873	-1.0
202.57712	-1.0
202.60208	-1.0
202.6552	-1.0
202.66267	-1.0
202.73949	-1.0
202.85524	-1.0
202.9084	-1.0
202.9706	-1.0
203.01788	-1.0
203.02933	-1.0
203.1026	-1.0
203.11745	-1.0
203.14876	-1.0
207.86024	-1.0
207.8644	-1.0
207.86792	-1.0
207.87251	-1.0
207.87653	-1.0
207.88344	1.0
207.89444	-1.0
207.897	-1.0
207.9132	-1.0
207.92284	-1.0
207.9264	-1.0
207.96416	-1.0
207.9952	-1.0
208.0128	1.0
208.01924	-1.0
208.02489	1.0
208.06693	-1.0
208.0896	-1.0
208.11736	-1.0
208.12009	-1.0
208.14735	-1.0
208.15337	-1.0
208.16692	-1.0
208.17532	-1.0
208.1806	-1.0
208.20308	-1.0
208.25992	1.0
208.26492	-1.0
208.29295	1.0
208.30148	-1.0
208.33192	-1.0
208.3582	-1.0
208.39143	-1.0
208.45325	-1.0
208.48643	-1.0
208.50723	-1.0
208.52228	-1.0
208.5362	-1.0
208.56207	-1.0
208.58324	-1.0
208.58804	-1.0
208.61464	-1.0
208.66316	-1.0
208.68536	-1.0
208.76324	-1.0
208.79327	1.0
208.8646	-1.0
209.01332	-1.0
209.07645	-1.0
209.09885	-1.0
209.20187	-1.0
209.24968	-1.0
209.36807	-1.0
213.71783	1.0
213.7208	1.0
213.72672	-1.0
213.72932	-1.0
213.73416	1.0
213.74171	-1.0
213.75452	-1.0
213.77164	-1.0
213.77975	1.0
213.78984	-1.0
213.79604	-1.0
213.837	1.0
213.85852	-1.0
213.92372	-1.0
213.94792	-1.0
213.95049	-1.0
213.98184	-1.0
214.00336	-1.0
214.06372	-1.0
214.0882	1.0
214.14172	-1.0
214.1446	-1.0
214.2418	-1.0
214.24751	-1.0
214.25047	-1.0
214.31004	-1.0
214.33328	-1.0
214.41116	1.0
214.43744	-1.0
214.46423	-1.0
214.473	-1.0
214.51009	-1.0
214.55067	-1.0
214.58192	-1.0
214.59389	-1.0
214.6728	-1.0
214.7486	-1.0
214.77492	-1.0
214.8082	-1.0
214.91595	-1.0
214.98264	-1.0
215.04044	-1.0
219.32275	-1.0
219.32596	1.0
219.33089	-1.0
219.33768	-1.0
219.34424	-1.0
219.35788	-1.0
219.37932	-1.0
219.3922	-1.0
219.39568	-1.0
219.40347	-1.0
219.40791	-1.0
219.43976	-1.0
219.44476	-1.0
219.44872	-1.0
219.46216	-1.0
219.4818	-1.0
219.49252	-1.0
219.50772	-1.0
219.51204	-1.0
219.52664	-1.0
219.57492	-1.0
219.59473	1.0
219.6062	-1.0
219.64745	-1.0
219.70769	1.0
219.71092	-1.0
219.72932	-1.0
219.73895	-1.0
219.75912	1.0
219.76308	-1.0
219.79016	-1.0
219.89256	-1.0
219.92007	-1.0
219.94943	-1.0
219.95515	-1.0
219.98325	-1.0
220.0376	-1.0
220.04865	1.0
220.05644	-1.0
220.11856	-1.0
220.1374	-1.0
220.14323	-1.0
220.15332	-1.0
220.16553	-1.0
220.2274	-1.0
220.32208	-1.0
220.41711	-1.0
220.48083	-1.0
220.57368	-1.0
220.59367	-1.0
225.28197	-1.0
225.28976	1.0
225.30573	-1.0
225.31772	-1.0
225.34145	-1.0
225.34776	1.0
225.35376	-1.0
225.35953	-1.0
225.36928	-1.0
225.42244	-1.0
225.44	-1.0
225.44267	-1.0
225.49336	-1.0
225.51724	1.0
225.58188	-1.0
225.58997	-1.0
225.60484	1.0
225.6734	-1.0
225.69704	-1.0
225.76495	-1.0
225.776	-1.0
225.82825	-1.0
225.84949	-1.0
225.863	-1.0
225.88928	-1.0
225.91692	-1.0
225.92424	-1.0
225.9844	-1.0
226.01157	-1.0
226.08076	-1.0
226.11296	-1.0
226.12325	-1.0
226.15988	-1.0
226.4026	-1.0
226.40968	-1.0
226.48376	-1.0
226.5764	-1.0
230.79865	-1.0
230.81071	-1.0
230.81772	-1.0
230.82852	-1.0
230.8696	-1.0
230.88963	1.0
230.90971	-1.0
230.92735	-1.0
231.02911	-1.0
231.07944	-1.0
231.12952	1.0
231.1332	-1.0
231.13795	-1.0
231.14844	1.0
231.15816	-1.0
231.16508	-1.0
231.19164	1.0
231.1942	-1.0
231.21872	-1.0
231.24844	-1.0
231.30057	-1.0
231.30376	-1.0
231.33649	-1.0
231.355	-1.0
231.36208	-1.0
231.37769	-1.0
231.4324	-1.0
231.5	-1.0
231.54352	-1.0
231.58012	-1.0
231.67947	-1.0
231.7056	-1.0
231.98892	-1.0
231.99196	-1.0
232.0196	-1.0
236.63245	-1.0
236.63844	-1.0
236.64124	-1.0
236.64856	-1.0
236.6582	-1.0
236.66911	-1.0
236.68716	-1.0
236.69028	-1.0
236.71593	-1.0
236.72208	-1.0
236.72997	-1.0
236.73936	1.0
236.74384	1.0
236.75713	-1.0
236.79808	-1.0
236.89703	-1.0
236.89977	-1.0
236.92088	-1.0
236.92368	-1.0
236.92693	-1.0
236.94868	-1.0
236.97427	-1.0
236.97772	1.0
237.00964	-1.0
237.01268	-1.0
237.06271	-1.0
237.09116	-1.0
237.09389	-1.0
237.12192	1.0
237.1632	-1.0
237.17332	-1.0
237.1856	-1.0
237.217	-1.0
237.25368	-1.0
237.27245	-1.0
237.28616	-1.0
237.29771	-1.0
237.30988	-1.0
237.35712	-1.0
237.49168	-1.0
237.49828	-1.0
237.55844	-1.0
237.6084	-1.0
237.66896	-1.0
242.17924	-1.0
242.18764	-1.0
242.19156	-1.0
242.19427	-1.0
242.2044	1.0
242.21156	-1.0
242.23004	-1.0
242.24792	-1.0
242.26036	-1.0
242.27864	-1.0
242.30272	-1.0
242.30524	-1.0
242.32645	-1.0
242.3734	-1.0
242.39772	-1.0
242.4474	-1.0
242.45412	-1.0
242.47108	-1.0
242.4888	-1.0
242.60948	-1.0
242.64592	-1.0
242.66553	-1.0
242.69972	-1.0
242.72044	-1.0
242.7276	-1.0
242.761	-1.0
242.78548	-1.0
242.78809	-1.0
242.79684	-1.0
242.82812	-1.0
242.891	-1.0
242.89565	-1.0
242.90044	-1.0
242.93137	1.0
242.96692	-1.0
243.02364	1.0
243.03032	-1.0
243.0604	-1.0
243.0816	-1.0
243.12704	-1.0
243.17604	-1.0
243.22632	-1.0
243.43616	-1.0
248.65332	-1.0
248.66435	-1.0
248.6826	-1.0
248.68784	-1.0
248.6938	-1.0
248.69827	1.0
248.70308	-1.0
248.70892	-1.0
248.71983	-1.0
248.73404	-1.0
248.75272	-1.0
248.75648	1.0
248.77744	1.0
248.78851	-1.0
248.80035	-1.0
248.82928	-1.0
248.84937	1.0
248.85364	-1.0
248.8706	-1.0
248.87337	-1.0
248.9232	-1.0
248.9282	-1.0
248.94656	1.0
248.954	-1.0
248.96297	-1.0
249.06024	-1.0
249.08788	-1.0
249.0908	-1.0
249.1138	1.0
249.14496	-1.0
249.14928	-1.0
249.23727	-1.0
249.27245	-1.0
249.29036	1.0
249.30272	1.0
249.32011	-1.0
249.3436	-1.0
249.36852	-1.0
249.40868	-1.0
249.41309	-1.0
249.42128	-1.0
249.461	-1.0
249.54063	-1.0
249.57872	1.0
249.62672	-1.0
249.66988	-1.0
249.728	-1.0
249.7858	1.0
249.82137	-1.0
249.88931	1.0
249.8994	-1.0
249.91824	-1.0
249.95885	-1.0
249.962	-1.0
250.06177	-1.0
255.0226	-1.0
255.02824	-1.0
255.03168	-1.0
255.03876	-1.0
255.0448	-1.0
255.06236	-1.0
255.07993	-1.0
255.09367	1.0
255.11128	-1.0
255.16151	-1.0
255.16965	-1.0
255.18796	-1.0
255.2152	-1.0
255.23264	-1.0
255.3128	1.0
255.31712	-1.0
255.36977	-1.0
255.39755	-1.0
255.45695	-1.0
255.4812	-1.0
255.52583	-1.0
255.53256	1.0
255.5642	-1.0
255.56915	1.0
255.64343	-1.0
255.6552	-1.0
255.65813	-1.0
255.6938	-1.0
255.75296	-1.0
255.82748	-1.0
255.83656	-1.0
255.8818	-1.0
255.92604	-1.0
255.9718	1.0
256.05243	-1.0
256.1238	-1.0
256.1352	-1.0
256.19476	-1.0
256.28665	-1.0
256.34628	1.0
256.36835	-1.0
256.4298	-1.0
260.22192	-1.0
260.23132	-1.0
260.23737	-1.0
260.2476	-1.0
260.25888	-1.0
260.27164	-1.0
260.27905	-1.0
260.28397	-1.0
260.29837	-1.0
260.30164	-1.0
260.32425	-1.0
260.32785	-1.0
260.34027	1.0
260.38223	-1.0
260.3858	-1.0
260.41104	-1.0
260.43753	-1.0
260.4637	-1.0
260.48804	1.0
260.4909	-1.0
260.51263	-1.0
260.5192	-1.0
260.54877	-1.0
260.5588	-1.0
260.5763	-1.0
260.582	-1.0
260.6044	-1.0
260.60703	-1.0
260.6446	-1.0
260.7046	1.0
260.76404	-1.0
260.78183	-1.0
260.79257	-1.0
260.85275	-1.0
260.89655	-1.0
260.92844	-1.0
260.93448	-1.0
260.97336	-1.0
261.0962	-1.0
261.1144	-1.0
261.12527	-1.0
261.14493	-1.0
261.42227	-1.0
261.5117	-1.0
265.69104	-1.0
265.70233	-1.0
265.712	-1.0
265.72287	-1.0
265.7275	-1.0
265.74872	-1.0
265.76657	-1.0
265.76968	-1.0
265.78043	-1.0
265.7992	-1.0
265.82693	1.0
265.85645	-1.0
265.85925	1.0
265.87265	-1.0
265.9	-1.0
265.93732	-1.0
265.96933	-1.0
266.0035	-1.0
266.01495	-1.0
266.03693	-1.0
266.0575	-1.0
266.0945	-1.0
266.11548	1.0
266.16943	-1.0
266.19836	1.0
266.22824	-1.0
266.28113	-1.0
266.29572	-1.0
266.4068	-1.0
266.47913	-1.0
266.4865	-1.0
266.55508	-1.0
266.72092	-1.0
266.78964	-1.0
266.8818	-1.0
266.90012	-1.0
266.93192	-1.0
266.98376	-1.0
271.23416	-1.0
271.23813	-1.0
271.24567	-1.0
271.2499	-1.0
271.25415	-1.0
271.2646	-1.0
271.28177	-1.0
271.29147	-1.0
271.29572	-1.0
271.30835	-1.0
271.31412	-1.0
271.33688	-1.0
271.34235	-1.0
271.379	-1.0
271.418	-1.0
271.4312	-1.0
271.45496	-1.0
271.46985	-1.0
271.4781	-1.0
271.54196	-1.0
271.56525	-1.0
271.57272	1.0
271.59015	-1.0
271.6112	-1.0
271.65604	-1.0
271.6733	-1.0
271.67688	1.0
271.68512	-1.0
271.71008	-1.0
271.72247	1.0
271.7389	-1.0
271.7764	-1.0
271.77985	-1.0
271.8582	1.0
271.8619	-1.0
271.90967	-1.0
271.93445	-1.0
271.9673	1.0
272.00516	-1.0
272.01035	-1.0
272.03757	1.0
272.1128	-1.0
272.13788	1.0
272.20023	-1.0
272.26035	-1.0
272.31827	-1.0
274.81668	-1.0
274.82373	-1.0
274.83212	-1.0
274.84308	-1.0
274.85312	-1.0
274.85992	-1.0
274.866	-1.0
274.88077	-1.0
274.89163	-1.0
274.89737	-1.0
274.9332	-1.0
274.9412	-1.0
274.98083	-1.0
275.00357	-1.0
275.02737	-1.0
275.0335	-1.0
275.0671	-1.0
275.08447	-1.0
275.18192	-1.0
275.19235	-1.0
275.275	-1.0
275.2859	-1.0
275.3146	-1.0
275.3304	-1.0
275.38657	-1.0
275.42273	-1.0
275.44965	-1.0
275.47592	-1.0
275.5428	-1.0
275.65164	-1.0
275.6599	-1.0
275.73975	-1.0
275.7479	-1.0
275.84653	-1.0
275.89163	-1.0
281.3911	-1.0
281.40936	-1.0
281.41483	-1.0
281.42212	-1.0
281.42908	-1.0
281.4318	1.0
281.4526	-1.0
281.4723	-1.0
281.48724	-1.0
281.5035	-1.0
281.51895	-1.0
281.54117	1.0
281.56412	-1.0
281.56708	-1.0
281.59103	-1.0
281.59985	-1.0
281.61093	-1.0
281.657	-1.0
281.66025	-1.0
281.68295	-1.0
281.70944	-1.0
281.71207	-1.0
281.7433	-1.0
281.75015	-1.0
281.8104	-1.0
281.82468	-1.0
281.83716	-1.0
281.858	1.0
281.87524	-1.0
281.88397	1.0
281.9139	-1.0
281.9548	-1.0
281.95773	1.0
281.9832	-1.0
281.99487	-1.0
282.00095	-1.0
282.0202	-1.0
282.04324	-1.0
282.11035	-1.0
282.1604	-1.0
282.20557	-1.0
282.22595	-1.0
282.32257	-1.0
282.34567	-1.0
282.40128	-1.0
286.4027	-1.0
286.41696	-1.0
286.42712	-1.0
286.4344	-1.0
286.44788	1.0
286.52444	-1.0
286.53204	1.0
286.53528	-1.0
286.5392	1.0
286.5494	1.0
286.56973	-1.0
286.59448	-1.0
286.62408	-1.0
286.65485	-1.0
286.71152	-1.0
286.7288	-1.0
286.7445	-1.0
286.75092	-1.0
286.83856	-1.0
286.8751	-1.0
286.89795	1.0
286.9502	-1.0
287.0931	-1.0
287.1572	-1.0
287.1846	-1.0
287.20428	-1.0
287.284	-1.0
287.418	-1.0
287.4849	-1.0
289.89957	-1.0
289.94205	-1.0
289.98236	-1.0
289.98544	-1.0
289.9909	-1.0
290.01596	-1.0
290.03772	-1.0
290.05823	-1.0
290.0609	-1.0
290.10233	-1.0
290.10593	1.0
290.13113	-1.0
290.13824	-1.0
290.15375	-1.0
290.17667	-1.0
290.17987	-1.0
290.18924	-1.0
290.26392	-1.0
290.27652	-1.0
290.28268	1.0
290.34885	-1.0
290.3832	-1.0
290.4307	-1.0
290.4337	-1.0
290.45312	-1.0
290.49176	-1.0
290.55112	-1.0
290.61917	-1.0
290.70215	-1.0
290.7094	-1.0
290.76965	-1.0
290.7788	-1.0
290.8818	-1.0
290.89355	-1.0
290.9016	-1.0
290.92044	-1.0
290.9398	-1.0
291.04608	-1.0
291.06793	-1.0
291.09357	-1.0
295.4306	-1.0
295.44687	-1.0
295.45615	-1.0
295.45883	-1.0
295.47232	-1.0
295.48444	-1.0
295.4996	-1.0
295.52197	-1.0
295.53137	1.0
295.54123	-1.0
295.55652	-1.0
295.56656	-1.0
295.5721	-1.0
295.5836	-1.0
295.5998	-1.0
295.6058	-1.0
295.60855	-1.0
295.61234	-1.0
295.6334	-1.0
295.6415	-1.0
295.66196	1.0
295.6702	-1.0
295.69827	-1.0
295.72137	-1.0
295.72864	-1.0
295.75595	-1.0
295.7848	-1.0
295.8016	-1.0
295.80597	1.0
295.811	-1.0
295.8138	-1.0
295.91577	-1.0
295.97528	-1.0
296.04507	-1.0
296.0935	-1.0
296.10712	-1.0
296.14594	-1.0
296.28525	-1.0
296.29916	-1.0
296.35187	-1.0
296.37708	-1.0
296.5392	-1.0
300.35507	-1.0
300.3704	-1.0
300.38232	1.0
300.39172	-1.0
300.39703	-1.0
300.4056	1.0
300.40936	-1.0
300.4136	-1.0
300.421	-1.0
300.43195	-1.0
300.44025	-1.0
300.45016	-1.0
300.45804	-1.0
300.46307	-1.0
300.4656	-1.0
300.48193	-1.0
300.48688	-1.0
300.4929	-1.0
300.50464	-1.0
300.52737	-1.0
300.6118	-1.0
300.6407	-1.0
300.67712	-1.0
300.69003	-1.0
300.70953	-1.0
300.71805	-1.0
300.73904	1.0
300.79507	-1.0
300.81543	-1.0
300.825	-1.0
300.86185	-1.0
300.90924	-1.0
301.02963	-1.0
301.12128	-1.0
301.12515	-1.0
301.16116	-1.0
301.21176	-1.0
301.2203	-1.0
301.264	-1.0
301.36575	-1.0
305.42987	-1.0
305.44205	-1.0
305.4517	-1.0
305.46472	-1.0
305.4862	-1.0
305.54892	1.0
305.55505	-1.0
305.57816	-1.0
305.58087	1.0
305.60287	-1.0
305.61612	-1.0
305.6378	-1.0
305.65723	-1.0
305.7209	-1.0
305.7255	-1.0
305.73163	-1.0
305.801	-1.0
305.83813	-1.0
305.8507	-1.0
305.8701	-1.0
305.88837	-1.0
305.91748	-1.0
305.95056	-1.0
305.95343	-1.0
305.98367	-1.0
306.0224	-1.0
306.15973	-1.0
306.16656	-1.0
306.18887	-1.0
306.21817	-1.0
306.2682	-1.0
306.28595	-1.0
306.40817	-1.0
306.46225	-1.0
306.51584	-1.0
310.2021	-1.0
310.2187	-1.0
310.22348	-1.0
310.23856	-1.0
310.25235	-1.0
310.29257	-1.0
310.30627	-1.0
310.3436	-1.0
310.35056	-1.0
310.3593	-1.0
310.37448	1.0
310.3969	-1.0
310.40436	-1.0
310.4202	-1.0
310.464	-1.0
310.5457	-1.0
310.5654	-1.0
310.61716	-1.0
310.658	-1.0
310.7164	-1.0
310.7508	-1.0
310.76633	-1.0
310.7727	-1.0
310.8018	-1.0
310.83533	-1.0
310.90045	-1.0
310.90656	-1.0
310.96835	-1.0
310.99353	-1.0
311.13815	-1.0
315.77728	-1.0
315.7996	-1.0
315.84787	-1.0
315.86407	-1.0
315.88483	-1.0
315.90652	-1.0
315.92917	-1.0
315.93433	1.0
315.9409	1.0
315.94583	-1.0
315.97025	1.0
316.00244	-1.0
316.0055	-1.0
316.01813	1.0
316.02716	-1.0
316.06104	-1.0
316.09232	-1.0
316.19135	-1.0
316.2031	-1.0
316.22147	-1.0
316.232	-1.0
316.26257	-1.0
316.27585	-1.0
316.38016	-1.0
316.3934	-1.0
316.4047	1.0
316.43848	-1.0
316.4417	-1.0
316.4698	-1.0
316.50528	-1.0
316.52173	1.0
316.55127	-1.0
316.59448	-1.0
316.63248	-1.0
316.6644	-1.0
316.69968	1.0
316.71533	-1.0
316.74228	1.0
316.76727	-1.0
316.89865	-1.0
321.02417	-1.0
321.0403	-1.0
321.0452	-1.0
321.05655	-1.0
321.07184	-1.0
321.07578	-1.0
321.0833	-1.0
321.08713	-1.0
321.08987	-1.0
321.12436	-1.0
321.15384	-1.0
321.16177	-1.0
321.16653	-1.0
321.20148	-1.0
321.20517	-1.0
321.22012	-1.0
321.23837	1.0
321.2557	-1.0
321.26273	-1.0
321.31375	-1.0
321.3232	-1.0
321.34448	1.0
321.38016	1.0
321.4318	-1.0
321.46652	-1.0
321.48523	-1.0
321.52008	-1.0
321.5482	1.0
321.5551	-1.0
321.59818	-1.0
321.60944	-1.0
321.65787	-1.0
321.78644	-1.0
321.7994	-1.0
321.80377	-1.0
321.8466	-1.0
321.94232	-1.0
325.96512	-1.0
325.97647	1.0
325.97992	-1.0
325.9922	-1.0
326.00845	1.0
326.03165	-1.0
326.0511	-1.0
326.05524	-1.0
326.07504	-1.0
326.07828	1.0
326.1048	-1.0
326.1143	-1.0
326.12625	-1.0
326.15152	-1.0
326.16653	-1.0
326.17523	-1.0
326.20224	-1.0
326.2523	-1.0
326.29236	-1.0
326.32828	-1.0
326.33115	-1.0
326.40408	1.0
326.41043	-1.0
326.41992	-1.0
326.43616	-1.0
326.4727	-1.0
326.52457	-1.0
326.53497	-1.0
326.5391	-1.0
326.56516	-1.0
326.67145	1.0
326.75107	-1.0
326.7914	-1.0
326.8664	-1.0
326.90976	-1.0
326.91553	-1.0
327.12543	-1.0
331.85776	-1.0
331.8719	1.0
331.87643	-1.0
331.88037	-1.0
331.89224	-1.0
331.89944	-1.0
331.9029	1.0
331.9508	-1.0
331.97745	-1.0
332.0259	-1.0
332.02844	-1.0
332.03687	-1.0
332.06845	1.0
332.09628	-1.0
332.10367	-1.0
332.1433	-1.0
332.1538	-1.0
332.19833	-1.0
332.23392	-1.0
332.26868	-1.0
332.27676	-1.0
332.36215	-1.0
332.3741	-1.0
332.4477	-1.0
332.47916	1.0
332.51544	-1.0
332.53772	-1.0
332.54257	-1.0
332.56458	1.0
332.56845	-1.0
332.75403	-1.0
332.826	1.0
336.13477	-1.0
338.20227	-1.0
338.20993	-1.0
338.21292	-1.0
338.21677	-1.0
338.22427	-1.0
338.23065	-1.0
338.23892	-1.0
338.2553	-1.0
338.25784	-1.0
338.26724	1.0
338.31235	1.0
338.32623	-1.0
338.33356	-1.0
338.35123	-1.0
338.37216	-1.0
338.38232	-1.0
338.42477	-1.0
338.4708	-1.0
338.48215	-1.0
338.49033	-1.0
338.4954	-1.0
338.53513	-1.0
338.57452	-1.0
338.5772	-1.0
338.62717	-1.0
338.66016	-1.0
338.6672	-1.0
338.6876	-1.0
338.69836	1.0
338.71912	1.0
338.72415	-1.0
338.77325	-1.0
338.8399	-1.0
338.85135	1.0
338.9044	-1.0
338.92715	-1.0
338.94208	-1.0
338.9728	-1.0
338.9902	-1.0
339.09103	-1.0
339.15488	-1.0
343.25717	-1.0
343.2802	-1.0
343.2894	-1.0
343.31628	-1.0
343.3347	1.0
343.37833	-1.0
343.39432	-1.0
343.3973	-1.0
343.40805	-1.0
343.41397	-1.0
343.42117	-1.0
343.44168	-1.0
343.51273	-1.0
343.56232	-1.0
343.56656	1.0
343.58917	-1.0
343.6494	-1.0
343.7032	-1.0
343.72775	-1.0
343.74347	-1.0
343.76703	-1.0
343.79315	-1.0
343.80472	-1.0
343.8366	-1.0
343.87967	-1.0
343.93323	-1.0
343.9566	-1.0
343.98947	-1.0
343.9923	-1.0
344.00784	-1.0
344.0356	-1.0
348.6278	-1.0
348.6471	-1.0
348.66245	-1.0
348.66815	-1.0
348.67422	-1.0
348.71252	-1.0
348.73135	-1.0
348.7416	-1.0
348.75336	1.0
348.7802	1.0
348.788	-1.0
348.7962	-1.0
348.82	-1.0
348.83307	-1.0
348.8748	1.0
348.8781	-1.0
348.88617	-1.0
348.9406	-1.0
348.9446	-1.0
348.95667	-1.0
348.9735	-1.0
349.0116	-1.0
349.0391	-1.0
349.1139	-1.0
349.11884	-1.0
349.1468	-1.0
349.3127	-1.0
349.3339	-1.0
349.42307	-1.0
349.44904	-1.0
349.52365	-1.0
349.55997	-1.0
353.6335	-1.0
353.64423	-1.0
353.65625	-1.0
353.68912	-1.0
353.70203	-1.0
353.70892	-1.0
353.73703	-1.0
353.7617	-1.0
353.76495	-1.0
353.7786	-1.0
353.78824	-1.0
353.7952	-1.0
353.92856	-1.0
353.93195	-1.0
353.93793	-1.0
353.95596	-1.0
353.96497	-1.0
353.9874	-1.0
354.0093	-1.0
354.0279	-1.0
354.06403	-1.0
354.08176	-1.0
354.08813	1.0
354.095	-1.0
354.09967	-1.0
354.10938	-1.0
354.1264	-1.0
354.13596	-1.0
354.21796	1.0
354.2278	1.0
354.3641	-1.0
354.38757	-1.0
354.4701	-1.0
354.50647	-1.0
354.5152	-1.0
354.66443	-1.0
354.66867	-1.0
354.67392	-1.0
354.68408	-1.0
354.73315	-1.0
358.42755	-1.0
358.4334	-1.0
358.4359	-1.0
358.44653	-1.0
358.458	-1.0
358.46725	-1.0
358.4764	-1.0
358.48584	-1.0
358.4942	-1.0
358.52692	-1.0
358.53992	-1.0
358.57797	-1.0
358.6092	-1.0
358.63083	-1.0
358.7405	-1.0
358.77872	-1.0
358.80075	-1.0
358.8357	-1.0
358.85107	-1.0
358.96796	-1.0
359.02164	-1.0
359.03964	1.0
359.0523	1.0
359.08835	-1.0
359.13513	-1.0
359.16925	-1.0
359.2052	-1.0
359.26328	-1.0
359.289	1.0
363.43695	-1.0
363.4539	-1.0
363.4669	1.0
363.46967	-1.0
363.47736	-1.0
363.48196	-1.0
363.49048	-1.0
363.50525	-1.0
363.51108	-1.0
363.5224	-1.0
363.5281	-1.0
363.5357	-1.0
363.54443	-1.0
363.55292	1.0
363.57608	1.0
363.5864	1.0
363.60077	-1.0
363.63397	1.0
363.64075	-1.0
363.68533	1.0
363.71664	1.0
363.72867	-1.0
363.7672	-1.0
363.78152	-1.0
363.79144	-1.0
363.79727	1.0
363.8459	1.0
363.85327	-1.0
363.90073	-1.0
363.90753	-1.0
363.9153	-1.0
363.92853	1.0
363.93863	-1.0
363.9453	-1.0
363.969	-1.0
363.98853	-1.0
364.00763	1.0
364.2239	-1.0
364.26312	-1.0
364.26877	1.0
364.272	-1.0
364.27936	-1.0
364.32904	-1.0
364.3708	1.0
364.445	-1.0
364.45837	-1.0
364.47473	1.0
364.48624	-1.0
368.40128	-1.0
368.41336	-1.0
368.426	-1.0
368.4381	-1.0
368.445	-1.0
368.45575	-1.0
368.49493	-1.0
368.51562	-1.0
368.52383	-1.0
368.55032	-1.0
368.57288	-1.0
368.58997	1.0
368.6182	1.0
368.628	-1.0
368.6526	-1.0
368.693	-1.0
368.70163	-1.0
368.72324	-1.0
368.73016	-1.0
368.74484	1.0
368.807	1.0
368.81067	-1.0
368.81683	-1.0
368.8768	-1.0
368.88684	-1.0
368.90405	-1.0
368.92664	1.0
368.9416	1.0
368.9468	-1.0
368.95093	-1.0
368.97015	1.0
369.00015	-1.0
369.01453	1.0
369.0212	-1.0
369.07635	1.0
369.1142	-1.0
369.1286	-1.0
369.22995	-1.0
373.17636	-1.0
373.19308	-1.0
373.20532	-1.0
373.2202	-1.0
373.2258	-1.0
373.2308	1.0
373.23996	-1.0
373.2486	-1.0
373.25815	1.0
373.27972	-1.0
373.28424	-1.0
373.30173	-1.0
373.31836	-1.0
373.32755	-1.0
373.34225	1.0
373.35483	1.0
373.35904	-1.0
373.4274	-1.0
373.44556	-1.0
373.47293	-1.0
373.48703	-1.0
373.4944	1.0
373.50723	-1.0
373.53644	-1.0
373.5524	-1.0
373.56036	-1.0
373.6022	-1.0
373.6277	-1.0
373.69937	-1.0
373.7866	1.0
373.83057	-1.0
373.8712	-1.0
373.92422	-1.0
373.93048	-1.0
373.95935	-1.0
373.96967	-1.0
373.99	-1.0
374.1194	-1.0
374.12213	-1.0
374.1634	1.0
378.01428	-1.0
378.0418	-1.0
378.0605	-1.0
378.08093	-1.0
378.08472	1.0
378.08813	-1.0
378.09805	-1.0
378.10147	-1.0
378.11612	-1.0
378.12115	-1.0
378.12555	1.0
378.13995	1.0
378.15323	-1.0
378.1918	-1.0
378.2535	-1.0
378.29263	1.0
378.41385	-1.0
378.42508	-1.0
378.4322	-1.0
378.4362	1.0
378.44635	-1.0
378.4926	-1.0
378.506	-1.0
378.53375	1.0
378.5503	-1.0
378.56693	-1.0
378.58456	-1.0
378.5876	-1.0
378.59207	1.0
378.6021	-1.0
378.62088	-1.0
378.62445	-1.0
378.75244	-1.0
383.05713	1.0
383.07175	-1.0
383.07755	-1.0
383.0833	-1.0
383.08603	-1.0
383.09555	-1.0
383.1021	1.0
383.1134	-1.0
383.11777	-1.0
383.1273	-1.0
383.13165	-1.0
383.13416	-1.0
383.14197	-1.0
383.1574	-1.0
383.17075	1.0
383.18375	-1.0
383.2237	1.0
383.23187	-1.0
383.24332	-1.0
383.27185	1.0
383.2914	-1.0
383.29865	-1.0
383.3196	-1.0
383.33072	-1.0
383.34286	1.0
383.37076	-1.0
383.37613	-1.0
383.39307	-1.0
383.41235	-1.0
383.41547	-1.0
383.43823	-1.0
383.4518	1.0
383.46008	-1.0
383.47864	-1.0
383.49557	-1.0
383.54633	-1.0
383.55792	-1.0
383.61105	-1.0
383.6425	-1.0
383.65643	-1.0
383.6783	1.0
383.74088	-1.0
383.80673	-1.0
383.83987	-1.0
383.90845	-1.0
383.91403	-1.0
383.9354	1.0
383.99765	-1.0
384.04343	-1.0
388.10468	1.0
388.11655	1.0
388.12845	1.0
388.13345	-1.0
388.1523	-1.0
388.15964	-1.0
388.16327	-1.0
388.16748	1.0
388.18036	-1.0
388.18295	-1.0
388.1908	-1.0
388.20016	1.0
388.20267	-1.0
388.21677	-1.0
388.22156	-1.0
388.24045	-1.0
388.28943	-1.0
388.33936	1.0
388.34256	-1.0
388.34937	-1.0
388.37265	-1.0
388.3928	-1.0
388.41296	-1.0
388.4308	1.0
388.43423	-1.0
388.51743	-1.0
388.53415	-1.0
388.548	-1.0
388.5554	-1.0
388.5654	-1.0
388.58572	-1.0
388.61365	-1.0
388.6174	-1.0
388.65625	1.0
388.7488	-1.0
388.78613	-1.0
388.84467	-1.0
388.86984	-1.0
388.964	-1.0
388.9705	-1.0
389.04	-1.0
392.84677	-1.0
392.8626	-1.0
392.8676	-1.0
392.884	-1.0
392.8874	-1.0
392.89697	-1.0
392.90756	-1.0
392.9142	-1.0
392.9179	-1.0
392.92737	-1.0
392.93045	1.0
392.9533	-1.0
392.9665	-1.0
392.98627	-1.0
393.00912	-1.0
393.0408	-1.0
393.06476	-1.0
393.13223	-1.0
393.17227	-1.0
393.18985	-1.0
393.2047	-1.0
393.23172	-1.0
393.25204	-1.0
393.25693	-1.0
393.26068	-1.0
393.27094	-1.0
393.289	-1.0
393.29263	-1.0
393.30905	-1.0
393.3182	1.0
393.4002	-1.0
393.44684	-1.0
393.483	-1.0
393.53003	-1.0
393.55853	-1.0
393.59732	-1.0
393.65143	-1.0
393.65775	-1.0
393.66556	-1.0
393.72452	-1.0
393.799	-1.0
393.82352	-1.0
397.25052	-1.0
397.25363	-1.0
397.27676	-1.0
397.28668	-1.0
397.29333	-1.0
397.30185	-1.0
397.31216	-1.0
397.31836	-1.0
397.33252	1.0
397.34415	-1.0
397.35477	-1.0
397.36624	-1.0
397.45407	-1.0
397.4677	-1.0
397.62848	-1.0
397.6707	1.0
397.67645	-1.0
397.6948	-1.0
397.70105	-1.0
397.71225	-1.0
397.77164	-1.0
397.78656	-1.0
397.8401	-1.0
397.8789	-1.0
397.8834	-1.0
397.92343	1.0
397.9656	-1.0
397.9874	1.0
398.0489	-1.0
398.05472	-1.0
402.15604	-1.0
402.16312	-1.0
402.16705	-1.0
402.17484	-1.0
402.1796	-1.0
402.18747	-1.0
402.19144	-1.0
402.2108	1.0
402.2255	-1.0
402.2284	1.0
402.2526	-1.0
402.25848	-1.0
402.26724	-1.0
402.27905	-1.0
402.303	-1.0
402.33325	-1.0
402.34915	1.0
402.35217	-1.0
402.372	-1.0
402.39117	-1.0
402.459	-1.0
402.46548	-1.0
402.49304	-1.0
402.51196	-1.0
402.51495	1.0
402.52576	-1.0
402.56055	-1.0
402.5685	-1.0
402.5747	-1.0
402.57727	-1.0
402.61035	-1.0
402.61432	-1.0
402.62433	-1.0
402.66953	-1.0
402.67255	-1.0
402.7219	-1.0
402.7266	1.0
402.75668	-1.0
402.77145	1.0
402.78616	-1.0
402.80615	-1.0
402.8562	-1.0
403.0566	-1.0
403.0884	-1.0
403.11548	-1.0
407.4638	-1.0
407.47293	-1.0
407.47617	-1.0
407.48553	-1.0
407.496	-1.0
407.50015	-1.0
407.50476	-1.0
407.51456	-1.0
407.53537	1.0
407.545	-1.0
407.55524	-1.0
407.5677	-1.0
407.58725	-1.0
407.5991	-1.0
407.6286	-1.0
407.64188	-1.0
407.66156	-1.0
407.68997	-1.0
407.7069	-1.0
407.73087	1.0
407.77307	1.0
407.8133	1.0
407.8158	-1.0
407.84784	-1.0
407.93808	-1.0
407.9605	-1.0
407.97043	-1.0
407.99817	-1.0
408.01727	1.0
408.0373	1.0
408.05176	-1.0
408.06805	-1.0
408.13037	-1.0
408.18365	-1.0
408.1942	-1.0
408.21823	1.0
408.23453	-1.0
408.33475	1.0
411.8105	-1.0
411.8131	-1.0
411.8174	-1.0
411.82095	-1.0
411.8248	-1.0
411.82803	1.0
411.8319	-1.0
411.84567	-1.0
411.8566	-1.0
411.8698	-1.0
411.8777	-1.0
411.9009	-1.0
411.93237	1.0
411.95172	-1.0
411.97287	-1.0
411.98715	-1.0
411.99612	-1.0
412.01587	-1.0
412.03467	1.0
412.05756	1.0
412.13324	-1.0
412.1461	-1.0
412.17667	-1.0
412.292	-1.0
412.30817	-1.0
412.33032	-1.0
412.3485	-1.0
412.35312	-1.0
412.3557	-1.0
412.4011	-1.0
412.41644	-1.0
412.4207	-1.0
412.458	-1.0
412.50195	-1.0
412.5753	-1.0
416.6063	-1.0
416.6102	-1.0
416.61383	1.0
416.6245	-1.0
416.63132	-1.0
416.63385	-1.0
416.6376	-1.0
416.64197	-1.0
416.64496	-1.0
416.6498	-1.0
416.66287	-1.0
416.67493	-1.0
416.68307	-1.0
416.69135	-1.0
416.70203	-1.0
416.70728	-1.0
416.7223	-1.0
416.7348	-1.0
416.7477	-1.0
416.75647	-1.0
416.76764	-1.0
416.78336	-1.0
416.79965	-1.0
416.8235	-1.0
416.91315	-1.0
416.92053	1.0
416.94592	-1.0
416.96835	1.0
416.9825	-1.0
417.00797	-1.0
417.01663	-1.0
417.08823	-1.0
417.13495	-1.0
417.14133	-1.0
417.18573	-1.0
417.2227	-1.0
417.22763	-1.0
417.26068	-1.0
417.26627	-1.0
417.31763	-1.0
417.4252	-1.0
417.4368	-1.0
417.45572	-1.0
421.2755	-1.0
421.28427	-1.0
421.28885	-1.0
421.2917	-1.0
421.3029	-1.0
421.3131	-1.0
421.32175	-1.0
421.33456	1.0
421.3405	-1.0
421.3481	-1.0
421.35693	-1.0
421.36316	1.0
421.3682	-1.0
421.38052	-1.0
421.39096	-1.0
421.39667	1.0
421.41644	-1.0
421.454	-1.0
421.48804	-1.0
421.51987	-1.0
421.55148	-1.0
421.5708	-1.0
421.58337	-1.0
421.6455	-1.0
421.67175	-1.0
421.7017	-1.0
421.7178	-1.0
421.73972	-1.0
421.75397	-1.0
421.78613	-1.0
421.78992	-1.0
421.819	-1.0
421.83032	-1.0
421.87592	-1.0
421.8894	-1.0
421.912	-1.0
421.9499	-1.0
421.96005	-1.0
422.00192	1.0
422.0117	-1.0
422.11783	-1.0
422.14432	-1.0
425.7149	-1.0
425.71832	1.0
425.73248	-1.0
425.73947	-1.0
425.7497	-1.0
425.76703	-1.0
425.7701	-1.0
425.77753	1.0
425.78287	-1.0
425.79852	-1.0
425.8193	-1.0
425.83588	-1.0
425.8448	-1.0
425.8505	1.0
425.86227	-1.0
425.8929	-1.0
425.9152	-1.0
425.9226	1.0
425.94128	-1.0
425.9703	-1.0
425.98547	-1.0
426.00528	-1.0
426.01505	-1.0
426.0194	-1.0
426.04623	1.0
426.07965	-1.0
426.11615	-1.0
426.1442	-1.0
426.2963	-1.0
426.3099	-1.0
426.33167	-1.0
426.37033	-1.0
426.419	-1.0
426.42447	-1.0
426.43445	-1.0
426.51437	-1.0
426.56137	-1.0
429.63568	-1.0
429.64273	-1.0
429.65707	1.0
429.66077	-1.0
429.6641	-1.0
429.66913	-1.0
429.6721	-1.0
429.67743	-1.0
429.68228	-1.0
429.68628	-1.0
429.6961	-1.0
429.71863	-1.0
429.7369	-1.0
429.74872	-1.0
429.75372	1.0
429.76968	-1.0
429.79547	-1.0
429.8256	-1.0
429.89227	-1.0
429.91245	-1.0
429.9315	-1.0
429.93927	-1.0
429.95657	-1.0
429.96875	-1.0
430.035	-1.0
430.07147	-1.0
430.07965	-1.0
430.08823	-1.0
430.13065	-1.0
430.1453	-1.0
430.1531	1.0
430.2494	-1.0
430.2632	-1.0
430.30508	1.0
430.36328	-1.0
433.6589	-1.0
433.6696	-1.0
433.6771	-1.0
433.68744	-1.0
433.69696	-1.0
433.70337	-1.0
433.73807	-1.0
433.7422	1.0
433.7657	1.0
433.78888	-1.0
433.79233	-1.0
433.8173	-1.0
433.82443	-1.0
433.8568	-1.0
433.88632	-1.0
433.9078	-1.0
433.91757	-1.0
433.92648	-1.0
433.97327	-1.0
434.05753	-1.0
434.08304	-1.0
434.08768	-1.0
434.16403	-1.0
434.2254	1.0
434.2946	-1.0
434.34097	1.0
434.35992	-1.0
434.36325	-1.0
434.40643	-1.0
434.52753	-1.0
437.4838	1.0
437.4944	-1.0
437.51807	-1.0
437.5215	-1.0
437.53156	-1.0
437.5359	1.0
437.5394	1.0
437.56784	-1.0
437.57043	-1.0
437.5742	-1.0
437.58377	-1.0
437.5937	-1.0
437.621	-1.0
437.6846	1.0
437.69608	-1.0
437.70837	-1.0
437.7143	1.0
437.75357	-1.0
437.76135	-1.0
437.778	-1.0
437.7898	-1.0
437.841	-1.0
437.86267	-1.0
437.971	-1.0
437.9959	-1.0
438.0172	1.0
438.02548	-1.0
438.12875	-1.0
438.19055	-1.0
442.48648	1.0
442.49484	-1.0
442.50433	-1.0
442.50903	-1.0
442.5202	-1.0
442.5251	-1.0
442.53464	-1.0
442.5453	-1.0
442.5704	1.0
442.58575	-1.0
442.61212	-1.0
442.6195	-1.0
442.65924	-1.0
442.681	-1.0
442.68365	-1.0
442.73727	-1.0
442.7487	-1.0
442.76025	-1.0
442.7796	-1.0
442.7885	-1.0
442.8108	1.0
442.83652	-1.0
442.8502	-1.0
442.8711	-1.0
442.9294	-1.0
442.99356	-1.0
443.0082	-1.0
443.06036	-1.0
443.095	-1.0
443.13364	-1.0
443.1733	1.0
443.18176	-1.0
443.1968	-1.0
443.22183	1.0
443.2356	-1.0
446.3456	-1.0
446.3584	-1.0
446.3665	-1.0
446.37115	-1.0
446.37723	1.0
446.38675	-1.0
446.40997	-1.0
446.41656	-1.0
446.4248	-1.0
446.42957	1.0
446.43588	-1.0
446.4471	1.0
446.46368	-1.0
446.47928	-1.0
446.4838	-1.0
446.49335	-1.0
446.5304	-1.0
446.53415	-1.0
446.61877	-1.0
446.64148	-1.0
446.70596	-1.0
446.7091	-1.0
446.7702	-1.0
446.79907	-1.0
446.85864	-1.0
446.8834	-1.0
446.8934	-1.0
446.99112	-1.0
447.06824	-1.0
450.40485	-1.0
450.41095	-1.0
450.42136	1.0
450.4255	-1.0
450.43127	-1.0
450.4385	-1.0
450.44568	-1.0
450.47696	1.0
450.47955	-1.0
450.49844	-1.0
450.51443	-1.0
450.53717	-1.0
450.56775	-1.0
450.58	1.0
450.59277	-1.0
450.60593	-1.0
450.62033	-1.0
450.629	1.0
450.64825	1.0
450.67795	-1.0
450.722	-1.0
450.72595	-1.0
450.74243	-1.0
450.75275	-1.0
450.759	-1.0
450.767	-1.0
450.7792	-1.0
450.85345	-1.0
450.85837	-1.0
450.87393	-1.0
450.8822	-1.0
450.89584	-1.0
450.9251	1.0
450.9669	-1.0
450.98944	-1.0
451.046	1.0
451.103	-1.0
451.12927	-1.0
451.1909	-1.0
453.91907	1.0
453.93204	-1.0
453.94952	-1.0
453.95413	1.0
453.95786	-1.0
453.96036	-1.0
453.97568	-1.0
453.97836	-1.0
453.98453	1.0
453.98947	-1.0
454.01993	-1.0
454.0649	-1.0
454.07343	-1.0
454.08417	-1.0
454.1124	-1.0
454.1352	-1.0
454.17157	-1.0
454.20508	-1.0
454.22516	-1.0
454.248	-1.0
454.26288	-1.0
454.3171	-1.0
454.3502	-1.0
454.51068	-1.0
454.5171	-1.0
454.58932	-1.0
454.61557	-1.0
454.7316	1.0
457.4572	-1.0
457.4722	-1.0
457.47812	1.0
457.48227	-1.0
457.492	-1.0
457.5021	-1.0
457.50516	-1.0
457.51407	-1.0
457.53375	-1.0
457.54916	-1.0
457.57047	-1.0
457.58112	-1.0
457.6232	-1.0
457.62943	-1.0
457.66425	-1.0
457.6728	-1.0
457.69543	-1.0
457.6999	1.0
457.7128	-1.0
457.776	-1.0
457.79468	-1.0
457.87354	-1.0
457.88065	-1.0
457.97324	1.0
457.9925	-1.0
458.06787	-1.0
458.09412	-1.0
458.13663	1.0
458.15497	-1.0
458.16864	-1.0
460.72516	-1.0
460.72797	-1.0
460.7331	-1.0
460.7374	-1.0
460.75183	-1.0
460.76385	-1.0
460.7706	-1.0
460.77652	-1.0
460.78143	-1.0
460.79068	-1.0
460.79483	-1.0
460.79745	-1.0
460.802	-1.0
460.81955	-1.0
460.84775	-1.0
460.8556	1.0
460.87585	-1.0
460.89368	-1.0
460.9005	-1.0
460.9161	-1.0
460.9404	-1.0
460.9882	1.0
461.01007	-1.0
461.10724	-1.0
461.13528	-1.0
461.2275	-1.0
461.28165	-1.0
461.3007	-1.0
461.3608	-1.0
461.3914	-1.0
464.17905	1.0
464.1834	-1.0
464.1898	-1.0
464.19476	1.0
464.20004	-1.0
464.2069	-1.0
464.21033	-1.0
464.22003	-1.0
464.2253	-1.0
464.23044	-1.0
464.2343	-1.0
464.23828	-1.0
464.2479	-1.0
464.25192	-1.0
464.2559	-1.0
464.26813	-1.0
464.3122	-1.0
464.3148	-1.0
464.37256	-1.0
464.4059	-1.0
464.43484	-1.0
464.51007	-1.0
464.59384	1.0
464.60333	1.0
464.60788	-1.0
464.63367	-1.0
464.65936	-1.0
464.69772	-1.0
464.72797	-1.0
464.7609	-1.0
464.78592	-1.0
464.8787	-1.0
467.69205	-1.0
467.69803	-1.0
467.71225	-1.0
467.7163	-1.0
467.72177	-1.0
467.72876	-1.0
467.7314	-1.0
467.73843	-1.0
467.74747	-1.0
467.7566	1.0
467.76425	-1.0
467.77652	-1.0
467.81516	-1.0
467.82315	-1.0
467.83124	-1.0
467.8553	-1.0
467.8684	1.0
467.90643	-1.0
467.9257	1.0
467.95392	1.0
467.9565	-1.0
467.98087	-1.0
467.99695	-1.0
468.03537	-1.0
468.05368	-1.0
468.1063	-1.0
468.125	-1.0
468.12967	-1.0
468.21188	-1.0
468.2194	-1.0
468.24533	-1.0
470.97736	1.0
470.98004	-1.0
470.98373	1.0
470.98907	-1.0
470.99255	-1.0
471.00253	-1.0
471.01004	-1.0
471.01575	-1.0
471.0229	-1.0
471.02576	-1.0
471.0371	-1.0
471.04068	-1.0
471.05707	-1.0
471.06427	-1.0
471.0682	-1.0
471.07248	-1.0
471.13	-1.0
471.23523	1.0
471.27704	-1.0
471.28735	1.0
471.31155	-1.0
471.33673	-1.0
471.38187	-1.0
471.40775	-1.0
471.41135	-1.0
471.43335	-1.0
471.4498	-1.0
471.5591	1.0
471.61093	-1.0
473.91132	-1.0
473.928	-1.0
473.93515	-1.0
473.9391	-1.0
473.9468	-1.0
473.95453	-1.0
473.96704	-1.0
473.97308	-1.0
473.9785	-1.0
473.98923	-1.0
473.9974	-1.0
474.011	-1.0
474.0277	-1.0
474.04703	-1.0
474.07877	-1.0
474.09564	-1.0
474.1081	-1.0
474.1307	-1.0
474.13977	1.0
474.1538	-1.0
474.28265	-1.0
474.37045	-1.0
474.39587	-1.0
474.44653	-1.0
474.49884	-1.0
476.92075	-1.0
476.93152	1.0
476.9436	-1.0
476.94717	-1.0
476.95544	-1.0
476.96408	1.0
476.9681	-1.0
476.9979	-1.0
477.00748	-1.0
477.0272	-1.0
477.03244	-1.0
477.05115	-1.0
477.10828	-1.0
477.12384	-1.0
477.2106	-1.0
477.22247	-1.0
477.2397	-1.0
477.2549	-1.0
477.25864	-1.0
477.28275	-1.0
477.2961	-1.0
477.38196	-1.0
477.43332	-1.0
479.8083	1.0
479.82336	-1.0
479.83304	-1.0
479.84073	-1.0
479.84424	-1.0
479.85007	-1.0
479.85608	-1.0
479.8618	-1.0
479.87234	-1.0
479.88766	-1.0
479.89432	-1.0
479.89792	1.0
479.91345	-1.0
479.92377	-1.0
479.9392	-1.0
479.94363	-1.0
479.9536	-1.0
479.9592	-1.0
479.98096	-1.0
480.01053	-1.0
480.04996	-1.0
480.06003	1.0
480.07217	-1.0
480.14557	-1.0
480.1729	-1.0
480.23468	-1.0
480.27487	-1.0
480.3163	-1.0
480.33917	-1.0
480.36133	-1.0
480.37604	1.0
482.49728	-1.0
482.51132	-1.0
482.5148	-1.0
482.51767	-1.0
482.52625	-1.0
482.5332	1.0
482.53665	-1.0
482.5614	-1.0
482.57565	-1.0
482.57935	-1.0
482.59653	-1.0
482.60205	1.0
482.61533	1.0
482.62354	-1.0
482.65173	-1.0
482.6603	-1.0
482.67548	1.0
482.68433	-1.0
482.69748	-1.0
482.71848	-1.0
482.73428	1.0
482.82013	-1.0
482.83887	-1.0
482.84763	1.0
482.85175	-1.0
482.90033	-1.0
482.91907	-1.0
482.9816	-1.0
485.7017	-1.0
485.73853	1.0
485.74115	-1.0
485.74408	-1.0
485.74792	-1.0
485.75146	-1.0
485.75644	-1.0
485.76505	-1.0
485.78217	-1.0
485.78937	-1.0
485.80713	-1.0
485.8108	-1.0
485.82156	-1.0
485.8256	-1.0
485.83344	1.0
485.84705	-1.0
485.85287	-1.0
485.85828	1.0
485.8842	-1.0
485.90723	-1.0
485.93423	-1.0
485.9396	-1.0
485.9889	-1.0
485.99664	-1.0
486.0337	1.0
486.04413	-1.0
486.06177	-1.0
486.19937	-1.0
486.22653	-1.0
486.267	-1.0
489.0563	-1.0
489.0688	-1.0
489.07672	-1.0
489.081	1.0
489.08728	-1.0
489.09592	-1.0
489.11795	-1.0
489.1267	1.0
489.1394	-1.0
489.15143	-1.0
489.1782	-1.0
489.20673	-1.0
489.24075	-1.0
489.2483	-1.0
489.30917	1.0
489.48212	-1.0
489.52557	-1.0
489.62247	-1.0
489.68835	-1.0
492.67233	-1.0
492.6986	-1.0
492.7031	-1.0
492.7066	-1.0
492.72565	-1.0
492.737	-1.0
492.75436	-1.0
492.76263	-1.0
492.79584	1.0
492.7986	-1.0
492.8195	-1.0
492.85953	-1.0
492.87527	-1.0
492.88336	-1.0
492.91263	-1.0
492.92685	-1.0
492.93225	-1.0
492.96753	1.0
492.99844	-1.0
493.00204	1.0
493.0312	-1.0
493.1541	-1.0
493.2112	-1.0
493.28345	-1.0
493.38553	-1.0
493.39584	-1.0
495.4457	-1.0
495.46432	1.0
495.46744	-1.0
495.4704	1.0
495.4742	-1.0
495.4782	-1.0
495.50204	-1.0
495.51105	-1.0
495.51532	-1.0
495.5309	-1.0
495.5353	-1.0
495.544	-1.0
495.55588	1.0
495.5634	-1.0
495.5698	-1.0
495.5956	-1.0
495.6056	-1.0
495.61276	-1.0
495.66284	1.0
495.68625	-1.0
495.69208	-1.0
495.71097	-1.0
495.7293	-1.0
495.73212	-1.0
495.80377	-1.0
498.47324	-1.0
498.50668	-1.0
498.5112	-1.0
498.52048	-1.0
498.52487	-1.0
498.52927	-1.0
498.54047	1.0
498.54697	1.0
498.5547	-1.0
498.56015	-1.0
498.5632	-1.0
498.56625	1.0
498.58655	-1.0
498.61505	-1.0
498.627	-1.0
498.6439	-1.0
498.64725	-1.0
498.66324	-1.0
498.66797	-1.0
498.7472	-1.0
498.7702	-1.0
498.81436	1.0
498.85724	-1.0
498.88333	-1.0
498.94107	-1.0
498.9882	-1.0
499.0358	-1.0
503.89633	1.0
503.9087	-1.0
503.91245	-1.0
503.91565	-1.0
503.92117	-1.0
503.92667	-1.0
503.93628	-1.0
503.9481	-1.0
503.95587	-1.0
503.96976	-1.0
503.98035	-1.0
503.98633	1.0
504.00443	-1.0
504.00797	-1.0
504.02405	-1.0
504.046	-1.0
504.05408	-1.0
504.07175	-1.0
504.0789	-1.0
504.10208	-1.0
504.108	-1.0
504.1738	-1.0
504.244	-1.0
504.31668	-1.0
504.3221	-1.0
504.37192	-1.0
506.87067	-1.0
506.8936	-1.0
506.90485	-1.0
506.9403	-1.0
506.9546	-1.0
506.95895	-1.0
506.9615	-1.0
506.9792	1.0
506.99875	1.0
507.0014	-1.0
507.0178	-1.0
507.02643	-1.0
507.0426	-1.0
507.11975	-1.0
509.3952	-1.0
509.41232	-1.0
509.42422	-1.0
509.43732	-1.0
509.44495	1.0
509.4493	-1.0
509.46127	-1.0
509.46445	-1.0
509.4745	-1.0
509.49405	-1.0
509.5052	-1.0
509.513	-1.0
509.57816	1.0
509.59103	-1.0
509.6247	1.0
509.66068	-1.0
509.70145	-1.0
509.81357	-1.0
512.609	-1.0
512.6197	1.0
512.6282	-1.0
512.6332	-1.0
512.6434	-1.0
512.64636	-1.0
512.65283	-1.0
512.6623	-1.0
512.6669	1.0
512.6775	-1.0
512.6838	-1.0
512.68915	-1.0
512.6983	-1.0
512.71246	-1.0
512.7756	-1.0
512.7887	1.0
512.83386	-1.0
512.88837	-1.0
512.911	-1.0
515.29596	-1.0
515.3213	-1.0
515.32385	-1.0
515.33057	-1.0
515.35205	-1.0
515.355	-1.0
515.3653	1.0
515.3743	-1.0
515.3783	-1.0
515.4227	-1.0
515.4295	1.0
515.45416	-1.0
515.4797	-1.0
515.5002	-1.0
515.52673	-1.0
515.5486	1.0
515.5572	-1.0
515.6167	-1.0
515.6226	-1.0
515.6539	-1.0
518.2643	1.0
518.2676	-1.0
518.28595	-1.0
518.2988	-1.0
518.3036	-1.0
518.3104	-1.0
518.325	-1.0
518.34033	-1.0
518.3449	-1.0
518.35266	-1.0
518.3621	-1.0
518.36505	1.0
518.3861	1.0
518.4014	-1.0
518.411	-1.0
518.4232	-1.0
518.42975	-1.0
518.4554	-1.0
518.4928	-1.0
518.51166	-1.0
518.52893	-1.0
521.3829	-1.0
521.4002	-1.0
521.4101	1.0
521.41266	-1.0
521.4152	-1.0
521.4179	-1.0
521.4227	-1.0
521.43176	-1.0
521.447	-1.0
521.48065	-1.0
521.4941	-1.0
521.5201	-1.0
521.53375	-1.0
521.54205	-1.0
521.5588	-1.0
521.58093	-1.0
521.58734	-1.0
521.59216	-1.0
521.6298	-1.0
521.64655	-1.0
521.67694	-1.0
521.6867	-1.0
524.19366	-1.0
524.2	-1.0
524.20856	1.0
524.2157	-1.0
524.21924	-1.0
524.2238	-1.0
524.2313	-1.0
524.2355	-1.0
524.23865	1.0
524.24506	-1.0
524.2604	-1.0
524.2708	-1.0
524.29486	-1.0
524.3211	-1.0
524.3367	-1.0
524.3659	-1.0
524.4123	-1.0
524.42255	-1.0
524.44147	-1.0
524.5245	-1.0
526.65955	-1.0
526.6875	-1.0
526.6948	-1.0
526.69904	-1.0
526.7103	-1.0
526.72	-1.0
526.73663	-1.0
526.7652	-1.0
526.77344	-1.0
526.7762	1.0
526.81433	-1.0
526.8188	-1.0
526.83575	-1.0
526.84094	-1.0
526.88434	-1.0
526.91064	-1.0
530.0819	-1.0
530.08527	-1.0
530.0908	-1.0
530.1033	-1.0
530.1134	-1.0
530.119	-1.0
530.12317	1.0
530.12646	-1.0
530.1413	-1.0
530.1562	-1.0
530.1723	-1.0
530.17584	-1.0
530.1804	-1.0
530.18646	-1.0
530.1898	-1.0
530.23096	-1.0
530.28406	-1.0
530.29364	-1.0
530.3364	-1.0
530.34674	-1.0
530.3645	-1.0
533.46796	-1.0
533.4853	-1.0
533.4935	-1.0
533.50073	-1.0
533.517	-1.0
533.5201	-1.0
533.5338	1.0
533.5525	-1.0
533.55566	-1.0
533.5711	-1.0
533.5791	-1.0
533.5994	-1.0
533.61017	-1.0
533.622	-1.0
533.6256	-1.0
533.6478	-1.0
533.6697	-1.0
533.7068	1.0
533.7305	-1.0
535.7387	-1.0
535.7487	-1.0
535.77686	-1.0
535.8036	-1.0
535.8211	-1.0
535.8249	-1.0
535.8421	1.0
535.8964	1.0
535.9267	-1.0
535.9618	-1.0
535.9901	-1.0
536.0036	-1.0
536.01	-1.0
536.0574	-1.0
536.0677	-1.0
536.0705	-1.0
536.26807	-1.0
536.3514	-1.0
536.37213	1.0
536.3979	-1.0
536.43207	-1.0
536.45294	-1.0
538.3463	-1.0
538.36	-1.0
538.37726	1.0
538.3913	-1.0
538.39606	-1.0
538.4066	-1.0
538.4254	-1.0
538.4483	-1.0
538.482	-1.0
538.489	-1.0
538.5334	-1.0
538.59143	-1.0
541.88666	-1.0
541.9322	1.0
541.9348	-1.0
541.94507	-1.0
541.9491	-1.0
541.95953	-1.0
541.9643	-1.0
541.9711	-1.0
541.98425	-1.0
542.0068	-1.0
542.0106	-1.0
542.0133	-1.0
542.02484	-1.0
542.03314	-1.0
542.0395	-1.0
542.04565	-1.0
542.0548	-1.0
542.0899	-1.0
542.1009	-1.0
542.1548	1.0
542.2554	-1.0
544.4672	-1.0
544.4922	-1.0
544.52014	-1.0
544.5466	-1.0
544.56445	-1.0
544.63654	-1.0
544.64667	-1.0
547.02277	-1.0
547.0298	-1.0
547.04333	-1.0
547.0506	-1.0
547.0562	-1.0
547.0633	1.0
547.069	-1.0
547.07666	-1.0
547.0808	1.0
547.0887	-1.0
547.0949	-1.0
547.108	-1.0
547.13806	-1.0
547.14606	-1.0
547.1528	-1.0
547.16205	-1.0
547.1819	-1.0
547.26294	-1.0
547.2895	-1.0
551.7143	1.0
551.72235	-1.0
551.727	1.0
551.7446	-1.0
551.7654	-1.0
551.77295	-1.0
551.78467	1.0
551.809	1.0
551.83453	-1.0
551.8591	1.0
551.86615	1.0
551.89545	-1.0
551.89935	-1.0
551.9109	-1.0
551.9455	-1.0
555.9199	-1.0
555.9418	-1.0
555.95953	-1.0
555.98126	-1.0
555.9881	-1.0
556.0169	-1.0
556.04724	1.0
556.0509	-1.0
556.0597	-1.0
556.073	-1.0
556.08215	1.0
556.09186	-1.0
556.09894	-1.0
556.10236	-1.0
556.1142	-1.0
556.1373	-1.0
558.6374	1.0
559.64685	-1.0
559.6767	-1.0
559.68866	-1.0
559.7	-1.0
559.726	-1.0
559.7308	-1.0
559.7477	-1.0
559.75525	-1.0
559.75964	-1.0
559.7798	-1.0
559.8052	-1.0
559.8487	-1.0
559.85254	-1.0
559.88324	-1.0
559.8962	-1.0
559.9012	1.0
559.90894	-1.0
559.919	-1.0
559.9284	-1.0
559.96387	-1.0
559.9694	-1.0
559.9765	-1.0
560.06805	-1.0
562.8545	-1.0
562.9275	-1.0
562.93195	-1.0
562.9461	-1.0
562.9515	1.0
562.958	-1.0
562.9717	-1.0
562.98645	-1.0
563.01117	-1.0
563.01794	-1.0
563.0236	-1.0
563.033	-1.0
563.038	-1.0
563.0688	-1.0
563.0798	-1.0
566.4215	-1.0
566.4614	-1.0
566.4793	-1.0
566.48676	-1.0
566.52814	-1.0
567.17035	1.0
567.17615	-1.0
567.1841	-1.0
567.1912	-1.0
567.2054	-1.0
567.21063	1.0
567.21674	-1.0
567.2807	-1.0
567.3529	-1.0
571.0003	-1.0
571.02277	-1.0
571.0502	1.0
571.3422	-1.0
571.36334	-1.0
571.6319	-1.0
574.8094	-1.0
574.8586	-1.0
574.8671	1.0
574.87396	1.0
574.8866	1.0
574.89575	-1.0
574.9071	1.0
574.9254	-1.0
574.9337	-1.0
574.94446	1.0
574.9509	-1.0
574.9636	-1.0
574.97174	-1.0
574.97687	-1.0
574.9997	1.0
575.10956	-1.0
575.1372	1.0
578.5386	-1.0
578.54865	-1.0
578.55634	-1.0
578.5788	-1.0
578.5902	-1.0
578.61285	-1.0
578.63007	-1.0
578.64087	-1.0
578.6503	-1.0
578.6556	-1.0
578.68225	-1.0
578.7119	-1.0
578.74695	1.0
578.77106	-1.0
581.83167	-1.0
581.8539	-1.0
581.87115	-1.0
581.8806	1.0
581.9021	-1.0
581.9082	-1.0
581.9157	-1.0
581.92126	-1.0
581.926	-1.0
581.9308	-1.0
581.9439	-1.0
581.9515	-1.0
581.95593	-1.0
581.966	-1.0
581.97986	-1.0
582.039	1.0
582.0637	-1.0
582.14594	-1.0
582.1651	-1.0
586.57385	-1.0
586.59674	-1.0
586.6256	-1.0
586.6715	-1.0
586.6993	1.0
586.7086	-1.0
586.7156	-1.0
586.77576	-1.0
586.7883	-1.0
586.7913	-1.0
586.829	-1.0
586.83325	-1.0
586.8389	-1.0
586.8449	-1.0
586.8532	-1.0
586.85895	-1.0
586.87085	-1.0
586.91473	-1.0
586.9676	1.0
586.9742	-1.0
590.48816	-1.0
590.5609	-1.0
593.18317	-1.0
593.2037	-1.0
593.2072	-1.0
593.2204	-1.0
593.2308	-1.0
593.23334	-1.0
593.2436	-1.0
593.24896	-1.0
593.2536	-1.0
593.2578	-1.0
593.2655	-1.0
593.2736	1.0
593.2815	-1.0
593.29767	-1.0
593.3194	-1.0
593.4199	-1.0
593.48926	1.0
597.1921	-1.0
597.21466	-1.0
597.2177	-1.0
597.232	-1.0
597.23895	-1.0
597.2516	1.0
597.2724	-1.0
597.2876	-1.0
597.4315	-1.0
