0.00808	-1.0
0.0152	-1.0
0.02548	-1.0
0.03152	-1.0
0.0472	-1.0
0.07524	-1.0
0.09788	-1.0
0.10416	-1.0
0.16396	1.0
0.16648	-1.0
0.17916	-1.0
0.21048	-1.0
0.21608	-1.0
0.22464	-1.0
0.25524	-1.0
0.30324	-1.0
0.33796	-1.0
0.38484	-1.0
0.42448	-1.0
0.4554	-1.0
0.4932	-1.0
0.68664	-1.0
0.77528	-1.0
0.79184	-1.0
0.82072	-1.0
0.95	-1.0
0.95972	-1.0
1.15124	-1.0
1.3908	-1.0
1.4144	-1.0
5.38232	1.0
5.39408	-1.0
5.39916	-1.0
5.41984	-1.0
5.431	-1.0
5.43624	-1.0
5.45556	-1.0
5.46468	-1.0
5.47096	-1.0
5.48364	-1.0
5.49332	-1.0
5.49876	-1.0
5.5022	-1.0
5.5114	-1.0
5.51944	-1.0
5.5256	-1.0
5.56268	-1.0
5.5992	-1.0
5.62052	-1.0
5.63552	-1.0
5.63904	-1.0
5.66296	-1.0
5.67204	1.0
5.72356	-1.0
5.76196	-1.0
5.79156	-1.0
5.81564	-1.0
5.83748	-1.0
5.84916	-1.0
5.91316	-1.0
5.92056	-1.0
5.96712	-1.0
5.99104	-1.0
6.0152	-1.0
6.04224	-1.0
6.12976	-1.0
6.15792	-1.0
6.1794	-1.0
6.21104	-1.0
6.77152	-1.0
6.7824	-1.0
6.81752	-1.0
6.82748	-1.0
8.97572	-1.0
8.9836	-1.0
8.98944	-1.0
9.00516	-1.0
9.01956	-1.0
9.02712	-1.0
9.03736	-1.0
9.05308	1.0
9.0658	-1.0
9.0936	-1.0
9.1126	-1.0
9.13268	-1.0
9.15016	-1.0
9.23824	-1.0
9.26832	-1.0
9.37152	-1.0
9.37488	-1.0
9.4072	-1.0
9.49008	-1.0
9.57452	-1.0
9.82364	-1.0
10.35916	-1.0
10.93352	-1.0
10.9466	-1.0
11.68932	-1.0
11.73292	-1.0
11.7956	-1.0
11.83288	-1.0
11.8566	-1.0
11.8618	-1.0
11.87572	-1.0
11.8908	-1.0
11.9034	-1.0
11.91632	-1.0
11.93408	-1.0
11.95964	-1.0
11.97312	-1.0
11.98832	-1.0
12.02308	-1.0
12.08776	-1.0
12.16408	-1.0
12.21264	-1.0
14.92596	-1.0
14.94564	-1.0
14.95544	-1.0
14.97348	-1.0
14.9816	-1.0
14.99876	-1.0
15.0106	-1.0
15.02504	-1.0
15.03928	-1.0
15.04512	-1.0
15.06124	-1.0
15.06596	-1.0
15.08484	-1.0
15.10348	-1.0
15.11588	-1.0
15.13948	-1.0
15.18644	-1.0
15.22208	-1.0
15.29268	1.0
15.32636	-1.0
15.35108	-1.0
15.41924	-1.0
15.56852	-1.0
15.5896	-1.0
16.03024	-1.0
19.381	-1.0
19.41168	-1.0
19.41948	-1.0
19.42628	-1.0
19.44404	-1.0
19.44996	-1.0
19.45832	-1.0
19.466	-1.0
19.47828	-1.0
19.48412	-1.0
19.50712	-1.0
19.5162	-1.0
19.524	-1.0
19.54364	-1.0
19.58264	-1.0
19.61012	-1.0
19.65688	-1.0
19.69332	-1.0
19.7572	-1.0
19.79988	-1.0
19.909	-1.0
20.06768	-1.0
20.73208	-1.0
24.83232	1.0
24.84676	-1.0
24.8694	-1.0
24.87616	-1.0
24.88468	-1.0
24.89196	-1.0
24.89868	-1.0
24.91092	-1.0
24.9276	-1.0
24.93908	-1.0
24.94528	-1.0
24.97008	-1.0
24.98504	-1.0
25.00084	-1.0
25.02912	-1.0
25.1508	1.0
25.16824	-1.0
25.23368	-1.0
25.26912	-1.0
25.30104	-1.0
25.3304	-1.0
25.5132	-1.0
25.7754	-1.0
25.94388	1.0
26.18232	-1.0
29.82628	-1.0
29.83216	-1.0
29.84152	-1.0
29.86292	-1.0
29.87452	-1.0
29.88064	-1.0
29.88536	-1.0
29.8988	-1.0
29.91036	-1.0
29.91748	-1.0
29.98132	-1.0
30.02048	-1.0
30.03488	-1.0
30.27864	1.0
30.30436	-1.0
30.33924	1.0
30.48736	-1.0
31.13584	-1.0
35.68904	-1.0
35.69384	-1.0
35.69736	-1.0
35.71956	-1.0
35.72604	-1.0
35.74444	-1.0
35.76216	-1.0
35.76644	1.0
35.77212	-1.0
35.7868	-1.0
35.79512	-1.0
35.80232	-1.0
35.80688	-1.0
35.81592	1.0
35.82588	-1.0
35.85092	-1.0
35.86696	1.0
35.87472	-1.0
35.91828	-1.0
35.9372	-1.0
35.99884	-1.0
36.04132	-1.0
36.37216	-1.0
36.40124	-1.0
36.83584	-1.0
36.9322	-1.0
37.86904	-1.0
37.91568	-1.0
37.96644	-1.0
37.97876	-1.0
40.45416	-1.0
40.46536	-1.0
40.46916	-1.0
40.50488	-1.0
40.52412	-1.0
40.53044	-1.0
40.54032	-1.0
40.54752	-1.0
40.58396	-1.0
40.60688	-1.0
40.63476	-1.0
40.76908	-1.0
40.90056	-1.0
41.08728	-1.0
41.54728	-1.0
41.59252	-1.0
44.70212	-1.0
44.71756	-1.0
44.73256	-1.0
44.7468	-1.0
44.7584	-1.0
44.7978	-1.0
44.82916	-1.0
44.84256	-1.0
44.86316	-1.0
44.93388	-1.0
45.37628	-1.0
45.60116	-1.0
46.09916	-1.0
49.22892	-1.0
49.2644	-1.0
49.27484	-1.0
49.28888	-1.0
49.32952	-1.0
49.35936	-1.0
49.3838	-1.0
49.436	-1.0
49.4762	-1.0
49.78656	-1.0
50.22344	-1.0
50.4336	-1.0
54.44312	-1.0
54.48004	-1.0
54.48288	1.0
54.5276	-1.0
54.53868	-1.0
54.54904	-1.0
54.56248	-1.0
54.57292	-1.0
54.58592	-1.0
54.63652	-1.0
54.661	-1.0
54.68872	-1.0
54.7338	-1.0
55.10072	-1.0
55.28028	1.0
55.42548	-1.0
55.454	-1.0
55.71672	-1.0
59.581	-1.0
59.60136	-1.0
59.62244	-1.0
59.64452	-1.0
59.65008	-1.0
59.67008	-1.0
59.69156	-1.0
59.70252	-1.0
59.74172	-1.0
59.74476	-1.0
59.83204	-1.0
59.93316	-1.0
59.96928	-1.0
60.11032	-1.0
60.29092	-1.0
60.36412	-1.0
60.83008	-1.0
63.82232	-1.0
63.8284	1.0
63.83092	-1.0
63.87992	-1.0
63.89768	-1.0
63.93792	-1.0
63.9476	-1.0
63.98096	-1.0
64.00852	-1.0
64.07376	-1.0
64.10516	-1.0
64.18836	-1.0
64.22612	-1.0
64.25676	-1.0
64.3072	-1.0
64.43132	-1.0
64.47008	-1.0
64.49616	-1.0
64.58836	-1.0
64.77848	-1.0
64.82524	-1.0
64.97468	-1.0
67.78236	1.0
68.24464	1.0
68.25856	-1.0
68.27804	-1.0
68.2928	-1.0
68.31168	-1.0
68.32912	-1.0
68.34588	-1.0
68.35736	-1.0
68.37668	-1.0
68.39204	-1.0
68.4096	-1.0
68.43572	-1.0
68.45836	-1.0
68.55544	-1.0
68.66288	-1.0
73.54404	-1.0
73.554	-1.0
73.60424	-1.0
73.61276	-1.0
73.63028	-1.0
73.6882	-1.0
73.72208	-1.0
73.80584	1.0
74.03348	-1.0
74.0758	-1.0
74.13312	-1.0
74.25896	-1.0
78.4858	1.0
78.5268	-1.0
78.53448	-1.0
78.55392	-1.0
78.5744	-1.0
78.59052	-1.0
78.60372	-1.0
78.61196	-1.0
78.6506	-1.0
78.70172	-1.0
78.88388	-1.0
78.96852	-1.0
79.00056	-1.0
79.02624	-1.0
79.0366	-1.0
79.22692	-1.0
83.86848	1.0
83.88088	-1.0
83.88656	-1.0
83.91888	-1.0
83.9332	-1.0
83.96296	-1.0
83.9686	-1.0
84.03088	-1.0
84.1496	-1.0
84.15252	-1.0
84.22416	-1.0
84.68696	-1.0
84.82676	-1.0
84.8462	-1.0
88.37996	-1.0
88.45976	-1.0
88.46364	-1.0
88.49976	-1.0
88.50892	1.0
88.51184	1.0
88.52724	-1.0
88.55264	-1.0
88.59432	-1.0
88.62364	-1.0
88.74788	-1.0
89.0474	-1.0
89.15116	-1.0
89.51048	-1.0
89.64424	-1.0
93.22092	-1.0
93.23864	-1.0
93.28332	-1.0
93.29956	-1.0
93.32068	-1.0
93.3356	-1.0
93.3654	-1.0
93.37052	1.0
93.38368	-1.0
93.47784	-1.0
93.49224	-1.0
93.586	-1.0
93.642	1.0
93.7652	-1.0
93.86472	-1.0
93.95628	-1.0
94.18244	-1.0
94.18968	-1.0
94.50416	-1.0
99.32544	-1.0
99.3316	-1.0
99.33484	-1.0
99.3512	-1.0
99.3544	1.0
99.36568	-1.0
99.37132	-1.0
99.41572	-1.0
99.4392	-1.0
99.5746	-1.0
99.60596	-1.0
99.70504	-1.0
99.75872	-1.0
99.98452	-1.0
100.06636	-1.0
100.22116	-1.0
100.36008	-1.0
100.43892	-1.0
100.57728	1.0
100.74156	-1.0
100.909	-1.0
100.92552	-1.0
101.06604	-1.0
104.6052	-1.0
104.61196	-1.0
104.62808	-1.0
104.63596	-1.0
104.6506	-1.0
104.65356	-1.0
104.67876	-1.0
104.69652	-1.0
104.73552	-1.0
104.87532	-1.0
105.32448	-1.0
105.38236	-1.0
105.4992	-1.0
105.60804	-1.0
105.61148	-1.0
105.96948	-1.0
106.13828	-1.0
109.69164	-1.0
109.72252	-1.0
109.749	-1.0
109.77332	-1.0
109.81212	-1.0
109.84224	-1.0
109.85696	-1.0
109.87392	-1.0
109.90472	-1.0
109.9996	-1.0
110.01204	-1.0
110.0548	-1.0
110.10352	-1.0
110.21244	-1.0
110.29752	-1.0
110.4426	1.0
110.55732	-1.0
110.59376	-1.0
110.77592	-1.0
110.93616	-1.0
111.05692	-1.0
114.83692	-1.0
114.83996	-1.0
114.84812	-1.0
114.8578	-1.0
114.87688	-1.0
114.89572	-1.0
114.92408	-1.0
114.93472	-1.0
114.95064	-1.0
114.99556	-1.0
115.01436	-1.0
115.16776	-1.0
115.32524	-1.0
115.4792	-1.0
116.37396	-1.0
116.42064	-1.0
119.74644	-1.0
119.76476	-1.0
119.77824	-1.0
119.81036	-1.0
119.8324	-1.0
119.87044	-1.0
119.92928	-1.0
119.95488	-1.0
120.04616	-1.0
120.11148	-1.0
120.1724	-1.0
120.20704	1.0
120.23704	-1.0
120.24204	-1.0
120.42568	-1.0
120.5286	-1.0
120.56792	-1.0
120.66336	-1.0
121.08828	-1.0
124.88208	-1.0
124.901	-1.0
124.91348	-1.0
124.92024	-1.0
124.94996	-1.0
124.97584	-1.0
124.98768	-1.0
125.00244	-1.0
125.03976	-1.0
125.0648	-1.0
125.13588	-1.0
125.29608	-1.0
125.36656	-1.0
125.42976	-1.0
125.5948	-1.0
125.63104	-1.0
125.97556	-1.0
126.24388	-1.0
126.39804	-1.0
130.61417	-1.0
130.63568	1.0
130.64508	-1.0
130.68704	-1.0
130.71477	-1.0
130.73727	-1.0
130.79608	-1.0
130.8868	-1.0
130.95209	-1.0
131.0926	-1.0
131.26248	-1.0
131.45535	-1.0
131.64249	-1.0
131.74911	-1.0
132.23357	-1.0
136.51068	-1.0
136.53532	-1.0
136.53964	-1.0
136.5586	-1.0
136.58356	-1.0
136.61296	-1.0
136.62492	-1.0
136.69585	-1.0
136.76135	-1.0
136.86328	-1.0
136.90157	-1.0
136.91284	-1.0
137.01236	-1.0
137.13416	-1.0
137.17572	1.0
137.19688	-1.0
137.28725	-1.0
137.57024	-1.0
137.67503	-1.0
137.8078	1.0
137.84937	1.0
137.93724	-1.0
142.45992	-1.0
142.4774	-1.0
142.48012	-1.0
142.49277	-1.0
142.4954	-1.0
142.50888	-1.0
142.52592	-1.0
142.545	-1.0
142.57628	-1.0
142.62872	-1.0
142.8184	-1.0
142.89713	-1.0
143.0118	-1.0
143.07423	-1.0
143.1476	-1.0
143.3554	-1.0
143.45428	-1.0
143.61925	-1.0
143.71783	-1.0
148.71588	-1.0
148.7356	-1.0
148.7508	-1.0
148.80164	-1.0
148.82384	-1.0
148.90096	-1.0
149.18108	-1.0
149.29929	-1.0
149.59103	-1.0
149.74004	-1.0
149.93655	-1.0
150.06564	-1.0
153.69748	-1.0
153.70367	-1.0
153.72185	-1.0
153.78864	-1.0
153.81488	1.0
153.85808	-1.0
153.90416	-1.0
154.23648	-1.0
154.4768	-1.0
154.79364	-1.0
159.98384	-1.0
159.9866	-1.0
159.99576	-1.0
160.01083	-1.0
160.01572	-1.0
160.03809	-1.0
160.06409	-1.0
160.06956	-1.0
160.1122	-1.0
160.22713	-1.0
160.33427	-1.0
160.35796	-1.0
160.40308	-1.0
160.43776	-1.0
160.47057	-1.0
160.52568	-1.0
160.58588	-1.0
160.6408	-1.0
160.92809	-1.0
160.99532	-1.0
161.20656	-1.0
161.37808	-1.0
161.58508	-1.0
166.26611	-1.0
166.28947	-1.0
166.312	-1.0
166.339	-1.0
166.39008	-1.0
166.49445	-1.0
166.5356	-1.0
166.57156	-1.0
166.6792	-1.0
166.915	-1.0
166.98051	-1.0
167.11984	1.0
167.19508	-1.0
167.22736	-1.0
167.26813	-1.0
167.35748	-1.0
167.43369	-1.0
167.53864	-1.0
167.69144	-1.0
172.91956	1.0
172.93172	-1.0
172.9518	-1.0
172.974	-1.0
173.00568	-1.0
173.04816	-1.0
173.09792	1.0
173.12636	-1.0
173.14488	-1.0
173.15648	-1.0
173.23108	-1.0
173.36632	-1.0
173.74796	-1.0
173.84335	-1.0
173.91536	-1.0
173.99576	-1.0
174.20724	-1.0
174.28577	-1.0
174.37808	-1.0
179.06548	-1.0
179.09872	-1.0
179.15944	-1.0
179.1732	-1.0
179.20456	-1.0
179.27336	-1.0
179.32024	-1.0
179.54068	-1.0
179.76315	-1.0
179.897	-1.0
180.07964	-1.0
180.21588	-1.0
180.3026	-1.0
180.41656	-1.0
184.85068	1.0
184.86676	-1.0
184.8966	-1.0
184.91252	-1.0
184.93568	-1.0
184.97952	-1.0
185.04475	-1.0
185.06876	-1.0
185.16728	-1.0
185.20515	1.0
185.23192	-1.0
185.40517	-1.0
185.45357	-1.0
185.58492	-1.0
190.21664	-1.0
190.2232	-1.0
190.24191	-1.0
190.2698	-1.0
190.29263	-1.0
190.42345	-1.0
190.4536	-1.0
190.60213	-1.0
190.70757	-1.0
190.74551	-1.0
190.83543	-1.0
191.07608	-1.0
191.3512	1.0
191.51833	-1.0
196.08417	-1.0
196.0984	-1.0
196.1286	-1.0
196.18729	1.0
196.2068	-1.0
196.29364	-1.0
196.32364	-1.0
196.39	-1.0
196.42567	-1.0
196.446	-1.0
196.52504	-1.0
196.62749	-1.0
196.73631	-1.0
196.997	-1.0
197.03368	-1.0
197.0722	-1.0
197.22296	-1.0
197.28024	-1.0
201.9932	1.0
202.0206	-1.0
202.04964	-1.0
202.07664	-1.0
202.20384	-1.0
202.21448	-1.0
202.24588	-1.0
202.28444	-1.0
202.36952	-1.0
202.42471	-1.0
202.46364	-1.0
202.54616	-1.0
202.65976	-1.0
202.7358	-1.0
202.81464	-1.0
203.02077	-1.0
203.1502	-1.0
203.18552	-1.0
207.86449	-1.0
207.87772	-1.0
207.90224	-1.0
207.91953	-1.0
208.03004	-1.0
208.0636	-1.0
208.1116	-1.0
208.32832	-1.0
208.44427	-1.0
208.62984	-1.0
208.6742	-1.0
208.7362	-1.0
208.8172	-1.0
208.8576	-1.0
209.01897	-1.0
209.15884	-1.0
209.24815	-1.0
209.40907	-1.0
213.73604	-1.0
213.75925	-1.0
213.78268	-1.0
213.79665	-1.0
213.84589	-1.0
213.95056	-1.0
214.019	-1.0
214.06116	-1.0
214.1914	-1.0
214.32404	-1.0
214.3908	-1.0
214.42735	-1.0
214.47328	-1.0
214.7858	-1.0
214.9106	-1.0
219.33208	-1.0
219.35088	-1.0
219.37584	-1.0
219.38892	-1.0
219.46404	-1.0
219.50523	-1.0
219.5528	-1.0
219.5762	-1.0
219.66312	-1.0
219.76093	-1.0
219.81796	-1.0
219.86296	-1.0
220.18085	-1.0
220.31216	-1.0
220.40448	-1.0
220.46223	-1.0
220.65916	-1.0
225.29507	-1.0
225.30736	-1.0
225.32288	-1.0
225.34636	-1.0
225.39352	-1.0
225.46716	-1.0
225.4898	-1.0
225.52124	-1.0
225.55144	-1.0
225.6022	-1.0
225.62924	-1.0
225.64992	-1.0
225.70335	-1.0
225.73473	-1.0
225.76707	-1.0
225.7992	-1.0
225.9248	-1.0
225.95451	-1.0
226.1234	-1.0
226.32835	-1.0
226.38985	-1.0
226.5462	-1.0
226.78915	-1.0
230.79416	-1.0
230.81303	-1.0
230.83447	1.0
230.8502	-1.0
230.86607	-1.0
230.91849	-1.0
230.93024	1.0
230.95868	-1.0
231.10516	-1.0
231.16284	-1.0
231.19363	-1.0
231.24551	-1.0
231.38171	-1.0
231.43268	-1.0
231.60432	-1.0
231.64424	-1.0
231.82324	-1.0
231.99117	-1.0
232.11945	-1.0
236.63872	-1.0
236.6528	-1.0
236.66904	-1.0
236.68993	-1.0
236.74783	-1.0
236.78304	-1.0
236.85963	-1.0
236.92332	-1.0
236.94812	-1.0
237.05627	-1.0
237.15056	-1.0
237.25404	-1.0
237.31572	-1.0
237.37527	-1.0
237.4104	-1.0
237.55956	-1.0
237.60748	-1.0
237.68391	-1.0
237.71912	-1.0
242.18752	-1.0
242.20004	-1.0
242.23557	-1.0
242.25116	-1.0
242.49048	-1.0
242.67535	-1.0
242.84283	-1.0
242.87273	-1.0
243.0506	-1.0
243.1056	-1.0
243.22772	-1.0
243.49837	-1.0
243.53767	-1.0
243.59673	-1.0
248.65929	-1.0
248.6728	-1.0
248.68796	-1.0
248.71497	-1.0
248.74684	-1.0
248.79384	-1.0
248.85033	-1.0
248.87312	-1.0
248.92715	-1.0
249.112	-1.0
249.27403	-1.0
249.33064	-1.0
249.39276	-1.0
249.46368	-1.0
249.83987	-1.0
249.98488	-1.0
255.03175	-1.0
255.0826	-1.0
255.142	-1.0
255.21635	-1.0
255.287	-1.0
255.34589	-1.0
255.39091	-1.0
255.41837	-1.0
255.48157	-1.0
255.58348	-1.0
255.76088	-1.0
255.78424	-1.0
255.9554	-1.0
256.12317	-1.0
256.23993	-1.0
256.3665	-1.0
260.2675	-1.0
260.30704	-1.0
260.36185	-1.0
260.47437	-1.0
260.49588	-1.0
260.6045	-1.0
260.6587	-1.0
260.90256	-1.0
260.93488	-1.0
260.98453	-1.0
261.44757	-1.0
265.71585	-1.0
265.7192	-1.0
265.73135	-1.0
265.75677	-1.0
265.79324	-1.0
265.8814	-1.0
265.9497	1.0
266.03336	-1.0
266.31104	-1.0
266.56653	-1.0
266.66727	-1.0
266.99304	-1.0
267.19727	-1.0
271.25165	-1.0
271.2716	-1.0
271.293	-1.0
271.30945	-1.0
271.3195	-1.0
271.3567	-1.0
271.3894	-1.0
271.4851	-1.0
271.54123	-1.0
271.5897	-1.0
271.78384	-1.0
271.88937	-1.0
272.1959	-1.0
274.86124	-1.0
274.8854	-1.0
274.90372	-1.0
274.93292	-1.0
274.97964	-1.0
275.07773	-1.0
275.1212	-1.0
275.2763	-1.0
275.3764	-1.0
275.44745	-1.0
275.54617	-1.0
275.76956	-1.0
275.9081	-1.0
281.40143	-1.0
281.4161	-1.0
281.42572	1.0
281.43503	-1.0
281.46307	-1.0
281.4887	-1.0
281.52023	-1.0
281.54697	-1.0
281.58035	-1.0
281.65524	-1.0
281.9579	-1.0
282.17493	-1.0
282.23297	-1.0
282.30768	-1.0
286.43704	-1.0
286.4618	-1.0
286.50037	-1.0
286.57153	-1.0
286.74146	-1.0
287.1346	1.0
287.20056	-1.0
287.22235	-1.0
287.3016	-1.0
287.35645	1.0
287.39145	-1.0
287.47968	-1.0
290.01855	-1.0
290.0588	-1.0
290.0924	-1.0
290.11404	1.0
290.14917	-1.0
290.2272	-1.0
290.35077	-1.0
290.4549	-1.0
290.49283	-1.0
290.57468	-1.0
290.64627	-1.0
290.78787	-1.0
290.97604	-1.0
295.46152	-1.0
295.47748	-1.0
295.51733	-1.0
295.52167	-1.0
295.5368	-1.0
295.5836	-1.0
295.6115	-1.0
295.6398	-1.0
295.66556	-1.0
295.75665	-1.0
295.80917	-1.0
295.9124	-1.0
295.99823	-1.0
296.08405	-1.0
296.1796	-1.0
296.23123	-1.0
296.32443	-1.0
296.4399	-1.0
300.38815	-1.0
300.39737	-1.0
300.40552	-1.0
300.4154	-1.0
300.46	-1.0
300.46356	-1.0
300.48975	-1.0
300.5309	-1.0
300.577	-1.0
300.5954	-1.0
300.6165	-1.0
300.6375	-1.0
300.6501	-1.0
300.7025	-1.0
300.76297	-1.0
300.8976	-1.0
300.9558	-1.0
301.029	-1.0
301.098	-1.0
301.24017	-1.0
305.45215	-1.0
305.48087	-1.0
305.48755	-1.0
305.49884	-1.0
305.51248	-1.0
305.5489	-1.0
305.5546	-1.0
305.58087	-1.0
305.5847	-1.0
305.6403	-1.0
305.69885	-1.0
305.71637	-1.0
305.73688	-1.0
305.7951	-1.0
305.8016	-1.0
305.897	-1.0
306.0113	-1.0
306.06427	-1.0
306.11487	-1.0
306.13593	-1.0
306.17056	-1.0
306.20352	1.0
306.33096	-1.0
306.4261	-1.0
310.2239	-1.0
310.2353	-1.0
310.24792	-1.0
310.27432	-1.0
310.29	-1.0
310.32867	-1.0
310.3413	-1.0
310.35953	-1.0
310.39844	-1.0
310.41965	-1.0
310.56985	-1.0
310.68585	-1.0
310.7669	-1.0
310.79504	-1.0
310.88657	-1.0
310.8982	-1.0
315.8754	-1.0
315.90176	-1.0
315.91425	-1.0
315.93533	-1.0
315.94864	-1.0
315.99515	-1.0
316.0197	-1.0
316.0333	-1.0
316.06305	-1.0
316.10068	-1.0
316.13052	-1.0
316.1397	-1.0
316.1606	-1.0
316.21063	-1.0
316.26523	-1.0
316.2792	-1.0
316.2996	-1.0
316.34927	-1.0
316.38797	-1.0
316.43585	-1.0
316.60275	-1.0
316.65775	-1.0
316.67636	-1.0
316.76404	-1.0
316.7978	-1.0
316.85867	-1.0
321.01068	-1.0
321.03705	-1.0
321.05872	-1.0
321.0748	-1.0
321.0886	-1.0
321.15085	-1.0
321.15475	-1.0
321.1805	-1.0
321.19873	-1.0
321.23813	-1.0
321.27887	-1.0
321.2902	-1.0
321.297	-1.0
321.35236	-1.0
321.37457	-1.0
321.39752	-1.0
321.43863	-1.0
321.4673	-1.0
321.52252	-1.0
321.79544	-1.0
321.80588	-1.0
321.84155	-1.0
321.95108	-1.0
321.97568	1.0
322.02573	-1.0
325.95523	-1.0
325.99164	-1.0
325.99432	-1.0
326.01797	-1.0
326.05527	-1.0
326.0622	-1.0
326.07095	-1.0
326.1061	-1.0
326.12027	-1.0
326.16495	-1.0
326.17963	-1.0
326.20163	-1.0
326.20923	-1.0
326.254	-1.0
326.28433	-1.0
326.31247	-1.0
326.32605	-1.0
326.35455	-1.0
326.404	-1.0
326.4598	-1.0
326.51157	-1.0
326.5174	-1.0
326.54688	-1.0
326.6155	-1.0
326.63696	-1.0
326.67715	-1.0
326.75684	-1.0
326.89917	-1.0
326.94687	-1.0
331.854	-1.0
331.87595	-1.0
331.87943	-1.0
331.8965	1.0
331.92593	-1.0
331.933	-1.0
331.9716	-1.0
331.97906	-1.0
331.99304	-1.0
332.03647	-1.0
332.0537	-1.0
332.07047	-1.0
332.07425	-1.0
332.08868	-1.0
332.10693	-1.0
332.11288	-1.0
332.1327	-1.0
332.15543	-1.0
332.18167	-1.0
332.1957	-1.0
332.21225	-1.0
332.32336	-1.0
332.3416	-1.0
332.45786	-1.0
332.46692	-1.0
332.49792	-1.0
332.53687	-1.0
332.5667	-1.0
332.5886	-1.0
332.6006	-1.0
332.6944	-1.0
332.7483	-1.0
338.2043	-1.0
338.2312	-1.0
338.26727	-1.0
338.2929	-1.0
338.31335	-1.0
338.32416	-1.0
338.333	-1.0
338.35925	-1.0
338.37097	-1.0
338.39365	-1.0
338.40503	-1.0
338.42264	-1.0
338.42557	-1.0
338.4516	-1.0
338.4619	-1.0
338.4829	-1.0
338.5005	-1.0
338.50427	-1.0
338.55933	-1.0
338.58496	-1.0
338.6214	-1.0
338.66812	1.0
338.76773	-1.0
338.82364	-1.0
338.83444	-1.0
338.87	-1.0
338.90945	-1.0
338.91507	-1.0
338.92828	-1.0
338.93796	-1.0
338.96265	-1.0
338.9912	-1.0
339.08304	-1.0
343.28705	-1.0
343.307	1.0
343.3158	-1.0
343.324	-1.0
343.32657	1.0
343.3391	-1.0
343.35907	-1.0
343.3778	-1.0
343.39548	-1.0
343.3996	-1.0
343.40628	-1.0
343.4287	-1.0
343.44263	-1.0
343.4542	-1.0
343.45828	-1.0
343.4727	-1.0
343.4781	-1.0
343.4997	-1.0
343.5202	-1.0
343.54532	-1.0
343.5619	-1.0
343.56644	-1.0
343.5879	-1.0
343.6115	-1.0
343.64233	-1.0
343.67963	-1.0
343.69568	-1.0
343.72205	-1.0
343.755	-1.0
343.764	-1.0
343.79364	-1.0
343.8044	-1.0
343.8218	-1.0
343.8522	-1.0
343.8794	-1.0
343.91733	-1.0
343.94427	-1.0
343.9719	-1.0
343.9902	-1.0
343.9945	-1.0
344.00616	-1.0
344.05508	-1.0
347.47043	-1.0
348.6378	-1.0
348.672	-1.0
348.67996	-1.0
348.70328	-1.0
348.72073	-1.0
348.72668	-1.0
348.73767	-1.0
348.75317	-1.0
348.76	-1.0
348.77225	-1.0
348.77643	-1.0
348.78745	-1.0
348.793	-1.0
348.79977	-1.0
348.82175	-1.0
348.8298	-1.0
348.84436	-1.0
348.85025	-1.0
348.87744	-1.0
348.90393	-1.0
348.91852	-1.0
348.9458	-1.0
348.97015	-1.0
348.98535	-1.0
349.03223	-1.0
349.1044	-1.0
349.11328	1.0
349.1419	-1.0
349.16357	-1.0
349.2053	-1.0
349.2394	-1.0
349.2562	-1.0
349.30093	-1.0
349.31213	-1.0
349.35764	-1.0
349.36185	-1.0
349.3929	-1.0
349.4247	-1.0
349.42728	-1.0
349.5205	-1.0
349.53372	-1.0
349.54553	-1.0
353.62027	-1.0
353.6661	-1.0
353.67508	-1.0
353.70557	-1.0
353.7194	-1.0
353.72873	-1.0
353.73425	-1.0
353.74228	-1.0
353.7549	-1.0
353.76144	-1.0
353.76816	-1.0
353.7849	-1.0
353.79355	-1.0
353.80615	-1.0
353.81873	-1.0
353.82828	-1.0
353.8397	-1.0
353.8626	-1.0
353.87213	-1.0
353.87766	-1.0
353.89383	-1.0
353.91104	-1.0
353.9139	-1.0
353.92627	-1.0
353.9431	-1.0
353.98187	-1.0
353.99023	-1.0
354.019	-1.0
354.04596	-1.0
354.06335	-1.0
354.07443	-1.0
354.07916	-1.0
354.08728	-1.0
354.095	-1.0
354.1269	-1.0
354.1549	-1.0
354.18744	-1.0
354.23044	-1.0
354.26456	-1.0
354.30267	-1.0
354.35992	-1.0
354.425	-1.0
354.4456	-1.0
354.46173	-1.0
354.47675	-1.0
354.5128	-1.0
354.53943	-1.0
354.61127	-1.0
354.63904	-1.0
354.6602	-1.0
354.76562	-1.0
358.41263	-1.0
358.45224	-1.0
358.46603	-1.0
358.484	-1.0
358.48947	-1.0
358.51013	-1.0
358.51733	-1.0
358.5298	-1.0
358.54523	-1.0
358.55203	-1.0
358.57755	-1.0
358.58273	-1.0
358.59027	-1.0
358.59723	-1.0
358.60623	-1.0
358.6272	-1.0
358.63235	-1.0
358.64487	-1.0
358.65817	-1.0
358.67728	-1.0
358.6959	-1.0
358.70172	-1.0
358.71484	-1.0
358.74097	-1.0
358.80237	-1.0
358.8208	-1.0
358.82373	-1.0
358.85184	-1.0
358.863	-1.0
358.87848	-1.0
358.90823	-1.0
358.9542	-1.0
358.9682	-1.0
358.99347	-1.0
359.0013	-1.0
359.01093	-1.0
359.0524	-1.0
359.06836	-1.0
359.0709	-1.0
359.0912	-1.0
359.11285	1.0
359.14444	-1.0
359.1631	-1.0
359.28607	-1.0
363.42572	-1.0
363.43848	-1.0
363.45068	-1.0
363.46075	-1.0
363.46747	-1.0
363.47464	-1.0
363.4867	-1.0
363.49716	-1.0
363.51205	-1.0
363.5313	-1.0
363.53595	-1.0
363.557	-1.0
363.56607	-1.0
363.5736	-1.0
363.59616	-1.0
363.60535	-1.0
363.6231	-1.0
363.63312	-1.0
363.64185	-1.0
363.65375	-1.0
363.68015	-1.0
363.6881	1.0
363.7101	-1.0
363.71637	-1.0
363.72455	-1.0
363.74252	-1.0
363.7591	-1.0
363.76373	1.0
363.77267	-1.0
363.79163	-1.0
363.79733	-1.0
363.84595	-1.0
363.86072	-1.0
363.87927	-1.0
363.89264	-1.0
363.89804	-1.0
363.90445	-1.0
363.91235	-1.0
363.91928	-1.0
363.92377	-1.0
363.92633	-1.0
363.9398	-1.0
363.9428	-1.0
363.94968	-1.0
363.98145	-1.0
364.0058	-1.0
364.04565	-1.0
364.2239	-1.0
364.2965	-1.0
364.30356	-1.0
364.3112	-1.0
364.3343	-1.0
364.3397	-1.0
364.3597	-1.0
364.36447	-1.0
364.4312	-1.0
364.4905	-1.0
364.5066	-1.0
364.56577	-1.0
368.38904	-1.0
368.4015	-1.0
368.4085	-1.0
368.4145	-1.0
368.42227	-1.0
368.43872	-1.0
368.45605	-1.0
368.46164	-1.0
368.4702	-1.0
368.478	-1.0
368.48096	-1.0
368.48923	-1.0
368.50388	-1.0
368.54208	-1.0
368.5526	-1.0
368.5574	-1.0
368.56696	-1.0
368.57828	-1.0
368.6017	-1.0
368.61728	-1.0
368.63647	-1.0
368.6504	-1.0
368.65616	-1.0
368.68756	-1.0
368.69397	-1.0
368.71072	-1.0
368.7314	-1.0
368.74033	-1.0
368.78217	-1.0
368.80283	-1.0
368.81592	-1.0
368.82996	-1.0
368.85477	-1.0
368.8839	-1.0
368.88644	-1.0
368.90247	-1.0
368.9462	-1.0
368.98492	-1.0
368.9996	-1.0
369.01547	-1.0
369.03036	-1.0
369.06412	-1.0
369.07663	-1.0
369.11105	-1.0
369.13812	-1.0
369.1537	-1.0
369.18652	-1.0
369.20312	-1.0
369.31644	-1.0
373.18384	-1.0
373.20117	-1.0
373.22583	-1.0
373.2419	-1.0
373.24884	-1.0
373.25323	-1.0
373.2603	-1.0
373.2661	-1.0
373.2752	-1.0
373.2795	-1.0
373.2832	-1.0
373.2929	-1.0
373.29828	-1.0
373.30115	-1.0
373.30487	-1.0
373.31863	-1.0
373.327	-1.0
373.33453	-1.0
373.35165	-1.0
373.36005	-1.0
373.37195	-1.0
373.39056	-1.0
373.395	-1.0
373.424	-1.0
373.4327	-1.0
373.4439	-1.0
373.46045	-1.0
373.47293	-1.0
373.47583	-1.0
373.48444	-1.0
373.4973	-1.0
373.50897	-1.0
373.52655	-1.0
373.5355	-1.0
373.5504	-1.0
373.5819	-1.0
373.5862	-1.0
373.61453	-1.0
373.61765	-1.0
373.654	-1.0
373.71057	-1.0
373.7172	-1.0
373.73032	-1.0
373.73877	-1.0
373.7613	-1.0
373.78488	-1.0
373.80103	-1.0
373.82135	-1.0
373.8356	-1.0
373.85803	-1.0
373.87735	-1.0
373.9028	-1.0
373.90564	-1.0
373.9286	-1.0
373.9579	-1.0
373.9945	-1.0
374.0024	-1.0
374.02988	-1.0
374.06317	1.0
374.0991	-1.0
374.11435	-1.0
374.1603	-1.0
374.18597	-1.0
374.2025	-1.0
378.0281	-1.0
378.0536	-1.0
378.07275	-1.0
378.07947	-1.0
378.08652	-1.0
378.0936	-1.0
378.099	-1.0
378.105	-1.0
378.112	-1.0
378.11993	-1.0
378.1234	-1.0
378.12888	-1.0
378.1384	-1.0
378.14203	-1.0
378.14688	-1.0
378.15463	-1.0
378.15964	-1.0
378.1762	-1.0
378.18353	-1.0
378.19888	-1.0
378.21024	-1.0
378.21576	-1.0
378.23483	-1.0
378.25235	-1.0
378.27536	-1.0
378.2917	-1.0
378.36755	-1.0
378.38748	-1.0
378.4073	-1.0
378.42355	-1.0
378.4412	-1.0
378.46417	-1.0
378.4792	-1.0
378.482	-1.0
378.49146	-1.0
378.50436	-1.0
378.5113	-1.0
378.52017	-1.0
378.53357	-1.0
378.54657	-1.0
378.5532	-1.0
378.5646	-1.0
378.57373	-1.0
378.5902	-1.0
378.5964	-1.0
378.61304	-1.0
378.6249	-1.0
378.6282	-1.0
378.63467	-1.0
378.644	-1.0
378.66	-1.0
378.69525	-1.0
378.70563	-1.0
378.75708	-1.0
383.0713	-1.0
383.07825	-1.0
383.08273	-1.0
383.092	-1.0
383.10205	-1.0
383.10645	-1.0
383.11227	-1.0
383.11737	-1.0
383.1215	-1.0
383.125	-1.0
383.1291	-1.0
383.13474	-1.0
383.13943	-1.0
383.1487	-1.0
383.1563	-1.0
383.16092	-1.0
383.17868	-1.0
383.19647	-1.0
383.22043	-1.0
383.23148	-1.0
383.24112	-1.0
383.24365	-1.0
383.26932	-1.0
383.2907	-1.0
383.31363	-1.0
383.32623	-1.0
383.3366	-1.0
383.35275	-1.0
383.3561	-1.0
383.3684	-1.0
383.37857	-1.0
383.39133	-1.0
383.4114	-1.0
383.431	-1.0
383.43628	-1.0
383.44507	-1.0
383.45407	-1.0
383.4625	-1.0
383.46555	-1.0
383.49655	-1.0
383.50952	-1.0
383.5176	-1.0
383.5294	-1.0
383.5542	-1.0
383.56827	-1.0
383.5783	-1.0
383.59128	-1.0
383.631	-1.0
383.67813	-1.0
383.72568	-1.0
383.73907	-1.0
383.77573	-1.0
383.7849	-1.0
383.83728	-1.0
383.84067	-1.0
383.86868	-1.0
383.88525	-1.0
383.93527	-1.0
383.94104	-1.0
383.98727	-1.0
383.99957	-1.0
388.0959	-1.0
388.1263	-1.0
388.13245	-1.0
388.14215	-1.0
388.1448	-1.0
388.14792	-1.0
388.1513	-1.0
388.15668	-1.0
388.16132	-1.0
388.16547	-1.0
388.1724	-1.0
388.17987	-1.0
388.18552	-1.0
388.19064	-1.0
388.19403	1.0
388.19995	-1.0
388.2084	-1.0
388.2159	-1.0
388.22308	-1.0
388.22787	-1.0
388.24	-1.0
388.248	-1.0
388.2516	-1.0
388.25897	-1.0
388.273	-1.0
388.29684	-1.0
388.30884	-1.0
388.33157	-1.0
388.34064	-1.0
388.35495	-1.0
388.36423	-1.0
388.37503	-1.0
388.384	-1.0
388.40857	-1.0
388.41815	-1.0
388.42487	-1.0
388.43576	-1.0
388.43967	-1.0
388.45636	-1.0
388.46597	-1.0
388.4759	-1.0
388.49146	-1.0
388.5085	-1.0
388.5211	-1.0
388.53076	-1.0
388.53513	-1.0
388.54852	-1.0
388.55933	-1.0
388.57983	-1.0
388.60065	-1.0
388.61084	1.0
388.639	-1.0
388.65967	-1.0
388.66864	-1.0
388.7122	-1.0
388.75052	-1.0
388.7682	-1.0
388.79208	-1.0
388.81183	-1.0
388.85815	-1.0
388.86697	-1.0
388.8723	-1.0
388.8969	-1.0
388.90863	-1.0
388.937	-1.0
388.9484	-1.0
388.9642	-1.0
389.01813	-1.0
389.03455	-1.0
389.06848	-1.0
389.09784	-1.0
389.1518	-1.0
392.83948	-1.0
392.85452	-1.0
392.86343	-1.0
392.86832	-1.0
392.8777	-1.0
392.88412	-1.0
392.89233	-1.0
392.8961	-1.0
392.90024	-1.0
392.90308	-1.0
392.91125	-1.0
392.91556	-1.0
392.926	-1.0
392.93283	1.0
392.93765	-1.0
392.94308	-1.0
392.9462	-1.0
392.9564	-1.0
392.97464	-1.0
392.9816	-1.0
392.9926	-1.0
393.00943	-1.0
393.02637	-1.0
393.038	-1.0
393.05133	-1.0
393.06512	-1.0
393.08417	-1.0
393.08707	-1.0
393.09464	-1.0
393.09717	-1.0
393.12415	-1.0
393.1464	-1.0
393.1596	-1.0
393.1768	-1.0
393.2015	-1.0
393.22223	-1.0
393.23672	-1.0
393.25732	-1.0
393.26364	-1.0
393.28735	-1.0
393.30423	-1.0
393.3091	-1.0
393.3131	-1.0
393.3413	-1.0
393.3538	-1.0
393.37695	-1.0
393.38464	-1.0
393.4059	-1.0
393.4328	-1.0
393.469	-1.0
393.48233	-1.0
393.53256	-1.0
393.5363	-1.0
393.57773	-1.0
393.5968	-1.0
393.6245	-1.0
393.64087	-1.0
393.6659	-1.0
393.6776	-1.0
393.70172	-1.0
393.72375	-1.0
393.77017	-1.0
397.2376	-1.0
397.24863	-1.0
397.26263	-1.0
397.2671	-1.0
397.27203	-1.0
397.27768	-1.0
397.28076	-1.0
397.28604	-1.0
397.2893	-1.0
397.29443	-1.0
397.3012	-1.0
397.30765	-1.0
397.3117	-1.0
397.32007	-1.0
397.3279	-1.0
397.33084	-1.0
397.34265	-1.0
397.355	-1.0
397.36563	-1.0
397.38007	-1.0
397.3894	-1.0
397.4	-1.0
397.41956	-1.0
397.43045	-1.0
397.4381	-1.0
397.4453	-1.0
397.4656	-1.0
397.47592	-1.0
397.48483	-1.0
397.4963	-1.0
397.50528	-1.0
397.5162	-1.0
397.53445	-1.0
397.54816	-1.0
397.55795	-1.0
397.56143	-1.0
397.56976	-1.0
397.58105	-1.0
397.59555	-1.0
397.61337	-1.0
397.62793	-1.0
397.64005	-1.0
397.65793	-1.0
397.6996	-1.0
397.7082	-1.0
397.7276	-1.0
397.76028	-1.0
397.787	-1.0
397.80243	-1.0
397.80923	-1.0
397.83957	-1.0
397.85745	-1.0
397.87897	-1.0
397.8823	-1.0
397.90668	-1.0
397.9207	-1.0
397.962	-1.0
397.9887	-1.0
401.89417	-1.0
402.14584	-1.0
402.1581	-1.0
402.16425	-1.0
402.17432	-1.0
402.17856	-1.0
402.186	-1.0
402.18872	-1.0
402.19492	1.0
402.20264	-1.0
402.2069	-1.0
402.21097	-1.0
402.2202	-1.0
402.22287	-1.0
402.2316	-1.0
402.23828	-1.0
402.2539	-1.0
402.26825	-1.0
402.27676	-1.0
402.2863	-1.0
402.29465	-1.0
402.31485	-1.0
402.3207	-1.0
402.32452	-1.0
402.32983	-1.0
402.3451	-1.0
402.35004	-1.0
402.35526	-1.0
402.3638	-1.0
402.37952	-1.0
402.3863	-1.0
402.40076	-1.0
402.40964	-1.0
402.41797	-1.0
402.42065	-1.0
402.42828	-1.0
402.44662	-1.0
402.45755	-1.0
402.47253	-1.0
402.4839	-1.0
402.50568	-1.0
402.5129	-1.0
402.51892	-1.0
402.53613	-1.0
402.5432	-1.0
402.55435	-1.0
402.55692	-1.0
402.56616	-1.0
402.57144	-1.0
402.58383	-1.0
402.59775	-1.0
402.60852	-1.0
402.61124	-1.0
402.62823	-1.0
402.6381	-1.0
402.662	-1.0
402.66895	-1.0
402.6858	-1.0
402.6972	-1.0
402.72653	-1.0
402.74152	-1.0
402.7502	-1.0
402.75293	-1.0
402.7712	-1.0
402.80548	-1.0
402.83032	-1.0
402.83423	-1.0
402.84286	-1.0
402.87048	-1.0
402.90585	-1.0
402.9598	-1.0
402.97665	-1.0
403.01645	1.0
403.05783	-1.0
403.08237	-1.0
403.1454	-1.0
407.44125	-1.0
407.462	-1.0
407.4676	-1.0
407.47565	-1.0
407.48163	-1.0
407.4992	-1.0
407.5041	-1.0
407.50903	1.0
407.5126	-1.0
407.51663	-1.0
407.5251	-1.0
407.53137	-1.0
407.53525	-1.0
407.5431	-1.0
407.55005	-1.0
407.55643	-1.0
407.56256	-1.0
407.56967	-1.0
407.57584	-1.0
407.58804	-1.0
407.5914	-1.0
407.60025	-1.0
407.61655	-1.0
407.6219	-1.0
407.62863	-1.0
407.6426	-1.0
407.65253	-1.0
407.66064	-1.0
407.668	-1.0
407.67844	-1.0
407.69333	-1.0
407.70663	-1.0
407.72488	-1.0
407.73105	-1.0
407.74747	-1.0
407.7729	-1.0
407.7796	-1.0
407.79373	-1.0
407.81168	-1.0
407.81583	-1.0
407.8229	-1.0
407.83087	-1.0
407.863	-1.0
407.8732	-1.0
407.89636	-1.0
407.9051	-1.0
407.93536	-1.0
407.9663	-1.0
407.98987	-1.0
408.00867	-1.0
408.01553	-1.0
408.03467	-1.0
408.04016	-1.0
408.05093	-1.0
408.07773	-1.0
408.09717	-1.0
408.10904	-1.0
408.1198	-1.0
408.1531	-1.0
408.1801	-1.0
408.1974	-1.0
408.21725	-1.0
408.23383	-1.0
408.2578	-1.0
408.27863	-1.0
408.31033	-1.0
408.33493	-1.0
408.35788	-1.0
408.36255	-1.0
411.7886	-1.0
411.80164	-1.0
411.8118	-1.0
411.81772	-1.0
411.82507	-1.0
411.82867	-1.0
411.835	-1.0
411.839	-1.0
411.84152	-1.0
411.84607	-1.0
411.85077	-1.0
411.85544	-1.0
411.8639	-1.0
411.8683	-1.0
411.8708	-1.0
411.8754	-1.0
411.8901	-1.0
411.8961	-1.0
411.90103	-1.0
411.91467	-1.0
411.9269	-1.0
411.9325	-1.0
411.94363	-1.0
411.96588	-1.0
411.98312	-1.0
411.98734	-1.0
411.9909	-1.0
412.00403	-1.0
412.01624	-1.0
412.0299	-1.0
412.05145	-1.0
412.05737	-1.0
412.0637	-1.0
412.0781	-1.0
412.0913	-1.0
412.0996	-1.0
412.1158	-1.0
412.1442	-1.0
412.16132	-1.0
412.1761	-1.0
412.18436	-1.0
412.19205	-1.0
412.19455	-1.0
412.19815	-1.0
412.21884	-1.0
412.23392	-1.0
412.25757	-1.0
412.267	-1.0
412.27655	-1.0
412.2948	-1.0
412.32132	-1.0
412.3366	-1.0
412.34915	-1.0
412.38904	-1.0
412.4143	-1.0
412.41852	-1.0
412.42175	-1.0
412.46915	-1.0
412.501	-1.0
412.53607	-1.0
412.592	-1.0
412.72336	-1.0
412.7386	-1.0
416.59164	-1.0
416.5971	-1.0
416.6014	-1.0
416.6072	-1.0
416.61127	-1.0
416.62155	-1.0
416.6255	-1.0
416.6296	-1.0
416.633	-1.0
416.63837	-1.0
416.64447	-1.0
416.64886	-1.0
416.65524	-1.0
416.65952	-1.0
416.6692	-1.0
416.67996	-1.0
416.6825	-1.0
416.69064	-1.0
416.69415	-1.0
416.7115	-1.0
416.721	-1.0
416.73285	-1.0
416.7389	-1.0
416.74527	-1.0
416.74963	-1.0
416.7615	-1.0
416.77216	-1.0
416.78336	-1.0
416.80023	-1.0
416.8073	-1.0
416.8128	-1.0
416.8322	-1.0
416.84848	-1.0
416.86136	-1.0
416.86487	-1.0
416.88205	-1.0
416.8898	-1.0
416.912	-1.0
416.9213	-1.0
416.93976	-1.0
416.94662	-1.0
416.9606	-1.0
416.9856	-1.0
416.9981	-1.0
417.0113	-1.0
417.0248	-1.0
417.04483	-1.0
417.06076	-1.0
417.07443	-1.0
417.09677	-1.0
417.10995	-1.0
417.13788	1.0
417.1582	-1.0
417.17203	-1.0
417.21063	-1.0
417.2203	-1.0
417.2234	-1.0
417.25504	-1.0
417.29117	-1.0
417.31345	-1.0
417.33264	-1.0
417.3618	-1.0
417.3726	-1.0
417.3921	-1.0
417.39944	-1.0
417.42456	-1.0
417.4378	-1.0
421.27808	-1.0
421.28845	-1.0
421.29236	-1.0
421.2988	-1.0
421.3036	-1.0
421.30777	-1.0
421.31335	-1.0
421.3211	-1.0
421.3304	-1.0
421.3359	-1.0
421.34003	-1.0
421.34387	-1.0
421.34747	-1.0
421.35037	-1.0
421.35297	-1.0
421.3565	-1.0
421.36227	-1.0
421.36847	-1.0
421.37564	-1.0
421.3878	-1.0
421.3935	-1.0
421.39676	-1.0
421.40765	-1.0
421.41595	-1.0
421.42532	-1.0
421.4314	-1.0
421.43912	-1.0
421.44168	-1.0
421.44464	-1.0
421.45316	-1.0
421.46204	-1.0
421.46457	-1.0
421.47424	-1.0
421.48837	-1.0
421.49747	-1.0
421.5054	-1.0
421.51355	-1.0
421.5211	-1.0
421.5266	-1.0
421.53973	-1.0
421.54456	-1.0
421.5626	-1.0
421.57077	-1.0
421.5886	-1.0
421.59708	-1.0
421.61655	-1.0
421.63196	-1.0
421.64276	-1.0
421.655	-1.0
421.65753	-1.0
421.6712	-1.0
421.67737	-1.0
421.69907	-1.0
421.71725	-1.0
421.73087	-1.0
421.7356	-1.0
421.75647	-1.0
421.77213	-1.0
421.7809	-1.0
421.81036	-1.0
421.8155	-1.0
421.8299	-1.0
421.84723	-1.0
421.8581	-1.0
421.8619	-1.0
421.87045	-1.0
421.89688	-1.0
421.95	-1.0
421.96036	-1.0
421.96967	-1.0
421.9861	-1.0
422.00565	-1.0
422.0243	-1.0
422.07004	-1.0
422.07303	-1.0
422.1739	-1.0
424.6916	1.0
425.68405	-1.0
425.70496	-1.0
425.7097	-1.0
425.7181	-1.0
425.72357	-1.0
425.72797	-1.0
425.73163	-1.0
425.7353	-1.0
425.73975	-1.0
425.74228	-1.0
425.74924	-1.0
425.75528	-1.0
425.76196	-1.0
425.76736	-1.0
425.76987	-1.0
425.78137	1.0
425.794	-1.0
425.79697	-1.0
425.80972	-1.0
425.8153	-1.0
425.8243	-1.0
425.83408	-1.0
425.8394	-1.0
425.84885	-1.0
425.854	-1.0
425.86536	-1.0
425.88477	-1.0
425.89377	-1.0
425.89923	-1.0
425.91776	-1.0
425.93884	-1.0
425.94568	-1.0
425.9561	-1.0
425.96408	-1.0
425.97775	-1.0
425.9948	-1.0
425.9976	-1.0
426.00223	-1.0
426.01807	-1.0
426.02353	-1.0
426.04605	-1.0
426.05328	-1.0
426.05716	-1.0
426.07877	-1.0
426.10077	-1.0
426.11557	-1.0
426.12967	-1.0
426.13943	-1.0
426.14493	-1.0
426.15857	-1.0
426.16757	-1.0
426.18713	-1.0
426.20032	-1.0
426.21356	-1.0
426.24365	-1.0
426.2464	-1.0
426.28848	-1.0
426.3005	1.0
426.339	1.0
426.39496	-1.0
426.4038	-1.0
426.4374	-1.0
426.4691	-1.0
426.50845	-1.0
426.55792	-1.0
426.6866	-1.0
429.63672	-1.0
429.65128	-1.0
429.65823	-1.0
429.66144	-1.0
429.6644	-1.0
429.66736	-1.0
429.67307	-1.0
429.6779	1.0
429.681	-1.0
429.6852	-1.0
429.69424	-1.0
429.6995	-1.0
429.7105	-1.0
429.7172	-1.0
429.7199	-1.0
429.72348	-1.0
429.73016	-1.0
429.7376	-1.0
429.74695	-1.0
429.76144	-1.0
429.7685	-1.0
429.7801	-1.0
429.78363	-1.0
429.792	-1.0
429.7963	-1.0
429.80164	-1.0
429.8262	-1.0
429.8408	-1.0
429.85208	-1.0
429.8657	-1.0
429.8778	-1.0
429.8845	-1.0
429.90356	-1.0
429.9202	-1.0
429.92828	-1.0
429.9418	-1.0
429.95245	-1.0
429.96777	-1.0
429.97717	-1.0
429.9887	-1.0
430.01453	-1.0
430.02707	-1.0
430.04675	-1.0
430.07297	-1.0
430.09897	-1.0
430.11728	-1.0
430.1321	-1.0
430.15305	-1.0
430.16492	-1.0
430.19864	-1.0
430.23932	-1.0
430.25424	-1.0
430.2666	-1.0
430.27725	-1.0
430.294	-1.0
430.3521	-1.0
430.37277	-1.0
433.64767	-1.0
433.65643	-1.0
433.66605	-1.0
433.671	-1.0
433.67447	-1.0
433.679	-1.0
433.68475	-1.0
433.68945	-1.0
433.69467	-1.0
433.69812	-1.0
433.7018	-1.0
433.71185	-1.0
433.7151	-1.0
433.72028	-1.0
433.73468	-1.0
433.74124	1.0
433.75455	-1.0
433.77203	-1.0
433.7819	-1.0
433.78864	-1.0
433.7912	-1.0
433.8028	-1.0
433.8172	-1.0
433.82867	-1.0
433.83777	-1.0
433.8406	-1.0
433.85004	-1.0
433.8655	-1.0
433.871	-1.0
433.88672	-1.0
433.89313	-1.0
433.89612	1.0
433.89865	-1.0
433.90115	-1.0
433.9146	-1.0
433.9258	-1.0
433.93945	-1.0
433.94345	-1.0
433.94772	-1.0
433.9658	-1.0
433.97543	-1.0
433.99176	-1.0
433.9948	-1.0
434.00223	-1.0
434.01175	-1.0
434.03064	-1.0
434.03525	-1.0
434.05173	-1.0
434.05496	-1.0
434.07233	-1.0
434.0825	-1.0
434.10553	-1.0
434.11395	-1.0
434.1305	-1.0
434.1541	-1.0
434.16364	-1.0
434.18692	-1.0
434.19547	-1.0
434.2382	-1.0
434.25336	-1.0
434.28552	-1.0
434.29483	-1.0
434.31677	-1.0
434.32535	-1.0
434.34088	-1.0
434.35773	-1.0
434.36356	-1.0
434.4001	-1.0
434.4076	-1.0
434.42557	-1.0
434.44925	-1.0
434.47003	-1.0
437.48373	-1.0
437.48935	-1.0
437.50635	-1.0
437.5103	-1.0
437.5143	-1.0
437.51865	-1.0
437.53012	-1.0
437.53427	-1.0
437.5456	-1.0
437.55228	-1.0
437.5557	-1.0
437.5636	-1.0
437.56885	-1.0
437.579	-1.0
437.595	-1.0
437.60297	-1.0
437.60928	-1.0
437.61203	-1.0
437.61945	-1.0
437.63507	-1.0
437.64185	-1.0
437.6536	-1.0
437.66028	-1.0
437.67123	-1.0
437.6844	-1.0
437.6928	-1.0
437.70776	-1.0
437.72736	-1.0
437.7376	-1.0
437.75095	-1.0
437.75977	-1.0
437.77197	-1.0
437.78336	-1.0
437.79453	-1.0
437.8118	-1.0
437.81583	-1.0
437.81952	-1.0
437.82205	-1.0
437.84143	-1.0
437.84473	-1.0
437.85876	-1.0
437.87808	-1.0
437.8982	-1.0
437.91083	-1.0
437.92892	-1.0
437.9517	-1.0
437.96777	-1.0
437.99127	-1.0
438.04916	-1.0
438.08548	-1.0
438.11697	-1.0
438.1408	-1.0
438.15347	-1.0
438.16568	-1.0
438.20572	-1.0
442.46844	-1.0
442.4777	-1.0
442.48633	-1.0
442.4926	-1.0
442.49908	-1.0
442.50272	-1.0
442.50763	-1.0
442.51904	-1.0
442.52332	-1.0
442.53116	-1.0
442.54	-1.0
442.54504	-1.0
442.5532	-1.0
442.5565	-1.0
442.55923	-1.0
442.57928	-1.0
442.58224	-1.0
442.59125	-1.0
442.59647	-1.0
442.6122	-1.0
442.6198	-1.0
442.63403	-1.0
442.64597	-1.0
442.65472	-1.0
442.6644	-1.0
442.67245	-1.0
442.6804	-1.0
442.69305	-1.0
442.69983	-1.0
442.70328	-1.0
442.71024	-1.0
442.7249	-1.0
442.7281	-1.0
442.7357	-1.0
442.7458	-1.0
442.75412	-1.0
442.76773	-1.0
442.77335	-1.0
442.7773	-1.0
442.7876	-1.0
442.79352	-1.0
442.80063	-1.0
442.80377	-1.0
442.81204	-1.0
442.819	-1.0
442.83612	-1.0
442.8428	-1.0
442.86035	-1.0
442.8693	-1.0
442.8831	-1.0
442.89883	-1.0
442.9027	-1.0
442.92264	-1.0
442.9458	-1.0
442.95544	-1.0
442.97247	-1.0
442.9811	-1.0
443.0021	-1.0
443.01105	-1.0
443.03003	-1.0
443.03452	-1.0
443.04593	-1.0
443.0598	-1.0
443.09125	-1.0
443.1245	-1.0
443.16507	-1.0
443.18484	-1.0
443.18924	-1.0
443.2057	-1.0
443.2382	-1.0
443.25867	-1.0
443.27484	-1.0
443.32037	-1.0
446.34445	-1.0
446.35748	-1.0
446.3642	-1.0
446.37076	-1.0
446.37625	-1.0
446.38223	1.0
446.38712	-1.0
446.394	-1.0
446.40625	-1.0
446.41113	-1.0
446.4168	-1.0
446.42413	-1.0
446.42816	-1.0
446.44055	-1.0
446.44565	-1.0
446.45447	1.0
446.46167	-1.0
446.46735	-1.0
446.4807	-1.0
446.49176	-1.0
446.5046	-1.0
446.52597	-1.0
446.53412	-1.0
446.5384	-1.0
446.55252	-1.0
446.55872	-1.0
446.57812	-1.0
446.585	-1.0
446.60504	-1.0
446.61932	-1.0
446.63052	-1.0
446.6389	-1.0
446.6522	-1.0
446.6668	-1.0
446.6909	-1.0
446.69977	-1.0
446.7195	-1.0
446.72632	-1.0
446.73517	-1.0
446.74716	-1.0
446.76352	-1.0
446.77386	-1.0
446.79932	-1.0
446.80338	-1.0
446.8064	1.0
446.83124	-1.0
446.85043	-1.0
446.86023	-1.0
446.8635	-1.0
446.8789	-1.0
446.8898	-1.0
446.91467	-1.0
446.92715	-1.0
446.9532	-1.0
446.9786	-1.0
446.98456	-1.0
446.9944	-1.0
447.06573	-1.0
447.071	-1.0
447.104	-1.0
449.7466	-1.0
449.87527	-1.0
450.3845	-1.0
450.39133	-1.0
450.40167	-1.0
450.40637	-1.0
450.41016	-1.0
450.4148	-1.0
450.42133	-1.0
450.42493	-1.0
450.4328	-1.0
450.4388	-1.0
450.4486	-1.0
450.45508	-1.0
450.47223	-1.0
450.47516	-1.0
450.47968	-1.0
450.4933	-1.0
450.4962	-1.0
450.5005	-1.0
450.5111	-1.0
450.5226	-1.0
450.53384	-1.0
450.53983	-1.0
450.54608	-1.0
450.5584	-1.0
450.57275	-1.0
450.5808	-1.0
450.58347	-1.0
450.60132	-1.0
450.6084	-1.0
450.62045	-1.0
450.62756	-1.0
450.6324	-1.0
450.63657	-1.0
450.65027	-1.0
450.6698	-1.0
450.67865	-1.0
450.694	-1.0
450.70276	-1.0
450.7188	-1.0
450.72156	-1.0
450.7331	-1.0
450.7454	1.0
450.7497	-1.0
450.76837	-1.0
450.77875	-1.0
450.7909	-1.0
450.79895	-1.0
450.82312	-1.0
450.83057	-1.0
450.83887	-1.0
450.85077	-1.0
450.85403	-1.0
450.88385	-1.0
450.89062	-1.0
450.9106	-1.0
450.92493	-1.0
450.93903	-1.0
450.9474	-1.0
450.95975	-1.0
450.97113	-1.0
450.98123	-1.0
450.98404	-1.0
450.99063	-1.0
451.01736	-1.0
451.04803	-1.0
451.05215	-1.0
451.05896	-1.0
451.0803	-1.0
451.08975	-1.0
451.1205	-1.0
453.9096	-1.0
453.919	-1.0
453.9305	-1.0
453.9431	-1.0
453.94775	-1.0
453.95425	-1.0
453.95975	-1.0
453.96405	-1.0
453.97287	-1.0
453.9794	-1.0
453.98245	-1.0
453.98505	1.0
453.99133	-1.0
453.99524	-1.0
454.00668	-1.0
454.01773	-1.0
454.0254	-1.0
454.02835	-1.0
454.03397	-1.0
454.0421	-1.0
454.04916	-1.0
454.06335	-1.0
454.07416	-1.0
454.0775	-1.0
454.08368	-1.0
454.08853	-1.0
454.09467	1.0
454.10812	-1.0
454.11432	-1.0
454.1346	-1.0
454.14392	-1.0
454.16037	-1.0
454.17075	-1.0
454.18393	-1.0
454.19235	-1.0
454.21368	-1.0
454.22192	-1.0
454.22968	-1.0
454.2459	-1.0
454.25616	-1.0
454.27747	-1.0
454.3016	-1.0
454.31653	-1.0
454.3279	-1.0
454.34055	-1.0
454.3474	-1.0
454.37656	-1.0
454.3853	-1.0
454.40115	-1.0
454.4362	-1.0
454.44727	-1.0
454.46768	-1.0
454.479	-1.0
454.5072	-1.0
454.5228	-1.0
454.54025	-1.0
454.5758	-1.0
454.57864	-1.0
454.61667	-1.0
454.6399	-1.0
457.44867	-1.0
457.4554	-1.0
457.45947	-1.0
457.47803	-1.0
457.4815	-1.0
457.4911	-1.0
457.49448	-1.0
457.50076	-1.0
457.50668	-1.0
457.5122	-1.0
457.51685	-1.0
457.5207	-1.0
457.52725	-1.0
457.5358	-1.0
457.54147	-1.0
457.54413	-1.0
457.5485	-1.0
457.56433	-1.0
457.56937	-1.0
457.58096	-1.0
457.5838	-1.0
457.5866	-1.0
457.60263	-1.0
457.621	-1.0
457.62808	-1.0
457.647	-1.0
457.66055	-1.0
457.6722	-1.0
457.6928	-1.0
457.69977	-1.0
457.71228	-1.0
457.7186	-1.0
457.7224	-1.0
457.74	-1.0
457.75104	-1.0
457.76633	-1.0
457.77612	-1.0
457.7903	-1.0
457.80872	-1.0
457.82288	-1.0
457.83203	-1.0
457.85147	-1.0
457.87747	-1.0
457.89285	-1.0
457.90405	-1.0
457.93127	-1.0
457.9475	-1.0
457.95905	-1.0
457.9777	-1.0
457.989	-1.0
458.01324	-1.0
458.02084	-1.0
458.03525	-1.0
458.06995	1.0
458.1162	-1.0
458.14725	-1.0
458.181	-1.0
460.7151	-1.0
460.72037	-1.0
460.73184	-1.0
460.7358	-1.0
460.7418	-1.0
460.7461	-1.0
460.75113	-1.0
460.75504	-1.0
460.76636	-1.0
460.77344	-1.0
460.77872	-1.0
460.78296	-1.0
460.78943	-1.0
460.7953	-1.0
460.7986	-1.0
460.81155	-1.0
460.81772	-1.0
460.82047	-1.0
460.8305	-1.0
460.8415	-1.0
460.84485	-1.0
460.84735	-1.0
460.85593	-1.0
460.87155	-1.0
460.87473	-1.0
460.88205	-1.0
460.89612	-1.0
460.90997	-1.0
460.91733	-1.0
460.92117	-1.0
460.9352	-1.0
460.94397	-1.0
460.95825	-1.0
460.97955	-1.0
460.98853	-1.0
461.00827	-1.0
461.03036	-1.0
461.04785	-1.0
461.06235	-1.0
461.07327	-1.0
461.08636	-1.0
461.09897	-1.0
461.1058	-1.0
461.10983	-1.0
461.12344	-1.0
461.1322	-1.0
461.15024	-1.0
461.1641	-1.0
461.18628	-1.0
461.19547	-1.0
461.2156	-1.0
461.23105	-1.0
461.26172	-1.0
461.275	-1.0
461.31985	-1.0
461.33627	-1.0
461.35593	-1.0
461.37708	-1.0
461.4153	-1.0
464.1644	-1.0
464.17307	-1.0
464.17877	-1.0
464.18256	-1.0
464.18976	-1.0
464.1945	-1.0
464.2012	-1.0
464.2048	-1.0
464.20795	-1.0
464.21735	-1.0
464.22592	-1.0
464.23093	-1.0
464.24615	-1.0
464.25244	-1.0
464.25497	-1.0
464.25803	-1.0
464.26755	-1.0
464.2762	-1.0
464.28857	-1.0
464.29373	-1.0
464.30984	-1.0
464.31668	-1.0
464.3348	-1.0
464.3509	-1.0
464.35965	-1.0
464.364	-1.0
464.37177	-1.0
464.38608	-1.0
464.40317	-1.0
464.4072	-1.0
464.41083	-1.0
464.41885	-1.0
464.43015	-1.0
464.43567	-1.0
464.44672	-1.0
464.45364	-1.0
464.45624	-1.0
464.47287	-1.0
464.4849	-1.0
464.4941	-1.0
464.50925	-1.0
464.5225	-1.0
464.5461	-1.0
464.56577	-1.0
464.5731	-1.0
464.59375	-1.0
464.61777	-1.0
464.64252	-1.0
464.65747	-1.0
464.66797	-1.0
464.70044	-1.0
464.72952	-1.0
464.76456	-1.0
464.78336	-1.0
464.8158	-1.0
464.81836	-1.0
464.85315	-1.0
464.87607	-1.0
467.66425	-1.0
467.679	-1.0
467.68643	-1.0
467.69147	-1.0
467.69492	-1.0
467.69855	-1.0
467.70355	-1.0
467.70764	-1.0
467.71152	-1.0
467.71588	-1.0
467.72113	-1.0
467.7285	-1.0
467.73605	-1.0
467.73984	-1.0
467.74817	-1.0
467.7535	1.0
467.76184	-1.0
467.76913	-1.0
467.7748	-1.0
467.7855	-1.0
467.788	-1.0
467.7909	-1.0
467.80627	-1.0
467.81104	-1.0
467.82953	-1.0
467.835	-1.0
467.84747	-1.0
467.8534	-1.0
467.8683	-1.0
467.87296	-1.0
467.88815	-1.0
467.89908	-1.0
467.908	-1.0
467.9255	-1.0
467.93915	-1.0
467.9482	-1.0
467.95392	-1.0
467.9677	-1.0
467.97537	-1.0
467.98096	-1.0
468.01596	-1.0
468.02344	-1.0
468.04456	-1.0
468.04736	-1.0
468.05304	-1.0
468.07016	-1.0
468.08835	-1.0
468.1094	-1.0
468.12643	-1.0
468.1513	-1.0
468.19812	-1.0
468.2128	-1.0
468.23715	-1.0
468.27896	-1.0
468.32193	-1.0
468.36337	-1.0
470.95053	-1.0
470.95895	-1.0
470.9705	-1.0
470.98465	-1.0
470.99036	-1.0
470.99384	-1.0
471.00613	-1.0
471.02393	-1.0
471.02695	-1.0
471.04077	-1.0
471.0562	-1.0
471.06375	-1.0
471.07645	-1.0
471.08057	-1.0
471.08444	-1.0
471.08707	-1.0
471.09692	-1.0
471.10355	-1.0
471.11395	-1.0
471.1227	-1.0
471.1394	-1.0
471.14835	-1.0
471.17075	-1.0
471.1849	-1.0
471.18747	-1.0
471.19348	-1.0
471.2235	-1.0
471.2293	1.0
471.24252	-1.0
471.25977	-1.0
471.28177	-1.0
471.28488	-1.0
471.29388	-1.0
471.31348	-1.0
471.32755	-1.0
471.34573	-1.0
471.35745	-1.0
471.36688	-1.0
471.3937	-1.0
471.39865	-1.0
471.4028	-1.0
471.41672	-1.0
471.43045	-1.0
471.437	-1.0
471.44772	-1.0
471.48416	-1.0
471.49655	-1.0
471.5103	-1.0
471.52145	-1.0
471.53064	-1.0
471.55896	-1.0
471.5855	-1.0
471.5915	-1.0
471.6003	-1.0
471.63632	-1.0
471.7087	-1.0
473.90933	-1.0
473.91733	-1.0
473.9309	-1.0
473.9394	-1.0
473.94684	-1.0
473.9552	-1.0
473.9593	-1.0
473.96347	-1.0
473.96924	-1.0
473.9772	-1.0
473.9825	-1.0
473.98996	-1.0
474.005	-1.0
474.01028	-1.0
474.0184	-1.0
474.02673	-1.0
474.0315	-1.0
474.04437	-1.0
474.0551	-1.0
474.07132	-1.0
474.08865	-1.0
474.09473	-1.0
474.0987	-1.0
474.10712	-1.0
474.11612	-1.0
474.119	-1.0
474.12204	-1.0
474.1386	-1.0
474.1511	-1.0
474.18033	-1.0
474.19135	-1.0
474.20255	-1.0
474.22415	-1.0
474.24857	1.0
474.2728	-1.0
474.3029	-1.0
474.3266	-1.0
474.35938	-1.0
474.3677	-1.0
474.37955	-1.0
474.38785	-1.0
474.41763	-1.0
474.43585	-1.0
474.44492	-1.0
474.4634	-1.0
474.48337	-1.0
476.9032	-1.0
476.91528	-1.0
476.92505	-1.0
476.93167	-1.0
476.93552	-1.0
476.94153	-1.0
476.9485	-1.0
476.95493	-1.0
476.9642	-1.0
476.96713	-1.0
476.97903	-1.0
476.98483	-1.0
476.98932	-1.0
476.99265	-1.0
476.99872	-1.0
477.0085	-1.0
477.0176	-1.0
477.0258	-1.0
477.03076	-1.0
477.04303	-1.0
477.0508	-1.0
477.05917	-1.0
477.0686	-1.0
477.08	-1.0
477.09137	-1.0
477.1067	-1.0
477.1151	-1.0
477.1341	-1.0
477.14337	-1.0
477.15884	-1.0
477.18307	-1.0
477.20856	-1.0
477.23	-1.0
477.24344	-1.0
477.24924	-1.0
477.2666	-1.0
477.2824	-1.0
477.29633	-1.0
477.32388	-1.0
477.33698	-1.0
477.37253	-1.0
477.39145	-1.0
477.4274	-1.0
479.79764	-1.0
479.80817	-1.0
479.8188	-1.0
479.82263	-1.0
479.82727	-1.0
479.83423	-1.0
479.83835	-1.0
479.84332	-1.0
479.848	-1.0
479.85635	-1.0
479.86105	-1.0
479.86636	-1.0
479.86948	1.0
479.88147	-1.0
479.8919	-1.0
479.89474	-1.0
479.89957	-1.0
479.9066	-1.0
479.9113	-1.0
479.91757	-1.0
479.9296	-1.0
479.93973	-1.0
479.9525	-1.0
479.95755	-1.0
479.9601	-1.0
479.9627	-1.0
479.98056	-1.0
479.98715	-1.0
479.99927	-1.0
480.02365	-1.0
480.02847	-1.0
480.04913	-1.0
480.0787	-1.0
480.10468	-1.0
480.1316	-1.0
480.16757	-1.0
480.1952	-1.0
480.20383	-1.0
480.23337	1.0
480.25995	-1.0
480.29297	-1.0
480.3098	-1.0
480.34067	-1.0
480.36603	-1.0
480.38196	1.0
480.3938	-1.0
480.42575	-1.0
482.47827	-1.0
482.4849	-1.0
482.49673	-1.0
482.50763	-1.0
482.51276	-1.0
482.52252	-1.0
482.5288	-1.0
482.53336	-1.0
482.53595	-1.0
482.543	-1.0
482.55255	-1.0
482.55948	-1.0
482.57413	-1.0
482.58057	-1.0
482.58597	-1.0
482.5985	-1.0
482.60825	-1.0
482.61383	-1.0
482.61664	-1.0
482.62283	-1.0
482.627	-1.0
482.64023	-1.0
482.64755	-1.0
482.65277	-1.0
482.68625	-1.0
482.69257	-1.0
482.71304	-1.0
482.7331	-1.0
482.7463	-1.0
482.7528	-1.0
482.7705	-1.0
482.7828	1.0
482.82108	-1.0
482.83865	-1.0
482.84747	-1.0
482.87436	-1.0
482.8886	-1.0
482.92932	-1.0
485.70908	-1.0
485.72485	-1.0
485.73132	-1.0
485.7385	-1.0
485.7472	-1.0
485.75287	-1.0
485.7625	-1.0
485.76917	-1.0
485.7737	-1.0
485.781	-1.0
485.78964	-1.0
485.80048	-1.0
485.80765	-1.0
485.81168	-1.0
485.8207	-1.0
485.83328	-1.0
485.84073	-1.0
485.8466	-1.0
485.85803	-1.0
485.8688	-1.0
485.8799	-1.0
485.88327	-1.0
485.903	-1.0
485.92023	-1.0
485.93356	-1.0
485.93607	-1.0
485.9569	1.0
485.96588	-1.0
485.98355	-1.0
486.007	-1.0
486.01407	-1.0
486.03387	-1.0
486.0594	-1.0
486.0766	-1.0
486.0882	-1.0
486.1107	-1.0
486.131	-1.0
486.1462	-1.0
486.16977	-1.0
486.19452	-1.0
486.2186	-1.0
486.28833	-1.0
489.05124	-1.0
489.06104	-1.0
489.07013	-1.0
489.07635	-1.0
489.08127	-1.0
489.08676	-1.0
489.0905	-1.0
489.09473	-1.0
489.09824	-1.0
489.1008	-1.0
489.10672	-1.0
489.11804	-1.0
489.12152	-1.0
489.12656	-1.0
489.13467	-1.0
489.1392	-1.0
489.1448	-1.0
489.15665	-1.0
489.16083	-1.0
489.1636	-1.0
489.1717	-1.0
489.17847	-1.0
489.18433	-1.0
489.19415	-1.0
489.20288	-1.0
489.21356	-1.0
489.22052	-1.0
489.24185	-1.0
489.25247	-1.0
489.25873	-1.0
489.2711	-1.0
489.27448	-1.0
489.27792	-1.0
489.29327	-1.0
489.29993	-1.0
489.30893	-1.0
489.31876	-1.0
489.33148	-1.0
489.36008	-1.0
489.37695	-1.0
489.4095	-1.0
489.41635	-1.0
489.43387	-1.0
489.454	-1.0
489.4686	-1.0
489.48755	-1.0
489.49615	1.0
489.51413	-1.0
489.5315	-1.0
489.54807	-1.0
489.56723	-1.0
489.60464	-1.0
489.64563	-1.0
489.66953	-1.0
489.6828	-1.0
492.65353	-1.0
492.67175	-1.0
492.67688	-1.0
492.68927	-1.0
492.698	-1.0
492.7016	-1.0
492.71033	-1.0
492.7147	-1.0
492.71933	-1.0
492.724	-1.0
492.73083	-1.0
492.73672	-1.0
492.7454	1.0
492.75375	-1.0
492.75925	-1.0
492.76974	-1.0
492.7748	-1.0
492.78668	-1.0
492.7952	-1.0
492.79922	-1.0
492.8083	-1.0
492.81815	-1.0
492.83575	-1.0
492.8383	-1.0
492.8531	-1.0
492.87177	-1.0
492.8844	-1.0
492.88724	-1.0
492.90353	-1.0
492.9242	-1.0
492.92792	-1.0
492.9421	-1.0
492.952	-1.0
492.9702	-1.0
492.98355	-1.0
492.99304	-1.0
493.01288	-1.0
493.0225	-1.0
493.03937	-1.0
493.06244	-1.0
493.07755	-1.0
493.0948	-1.0
493.12213	-1.0
493.1443	-1.0
493.16223	-1.0
493.18225	-1.0
493.18497	-1.0
493.20865	-1.0
493.22955	-1.0
493.2481	-1.0
493.26804	1.0
493.2926	-1.0
493.30457	-1.0
493.3178	-1.0
493.33936	-1.0
493.37973	-1.0
494.7115	-1.0
495.45053	-1.0
495.4552	-1.0
495.46417	-1.0
495.47015	-1.0
495.4745	-1.0
495.4867	-1.0
495.49292	-1.0
495.49643	-1.0
495.50854	-1.0
495.51505	-1.0
495.52252	1.0
495.52515	-1.0
495.52905	-1.0
495.54413	-1.0
495.55325	-1.0
495.55576	-1.0
495.56097	-1.0
495.57224	-1.0
495.58673	-1.0
495.59277	-1.0
495.6092	-1.0
495.62933	-1.0
495.63983	-1.0
495.6605	-1.0
495.663	-1.0
495.67923	-1.0
495.68576	-1.0
495.70786	-1.0
495.7286	-1.0
495.76736	-1.0
495.77625	-1.0
495.89093	-1.0
498.47275	-1.0
498.48587	-1.0
498.49417	-1.0
498.5014	-1.0
498.51013	-1.0
498.51724	-1.0
498.52188	-1.0
498.53152	-1.0
498.5381	-1.0
498.54553	-1.0
498.54868	-1.0
498.55157	-1.0
498.55573	-1.0
498.55963	-1.0
498.5638	-1.0
498.56635	-1.0
498.57068	-1.0
498.5799	-1.0
498.58395	-1.0
498.58875	-1.0
498.59833	-1.0
498.60492	-1.0
498.61176	-1.0
498.61792	-1.0
498.62604	-1.0
498.639	-1.0
498.64417	-1.0
498.6595	-1.0
498.67468	-1.0
498.6917	-1.0
498.7007	-1.0
498.70352	-1.0
498.71143	-1.0
498.73325	-1.0
498.74652	-1.0
498.75223	-1.0
498.75552	-1.0
498.7743	-1.0
498.78937	-1.0
498.794	-1.0
498.8228	-1.0
498.8361	-1.0
498.84924	-1.0
498.86523	-1.0
498.8742	-1.0
498.87747	-1.0
498.89777	-1.0
498.90717	-1.0
498.93103	-1.0
498.94675	-1.0
498.9894	-1.0
499.04605	-1.0
503.89655	-1.0
503.90173	-1.0
503.9062	-1.0
503.911	-1.0
503.91513	-1.0
503.91983	-1.0
503.92584	-1.0
503.9309	-1.0
503.94263	-1.0
503.94913	-1.0
503.95316	-1.0
503.9629	-1.0
503.9753	-1.0
503.98083	-1.0
503.9835	1.0
503.99255	-1.0
503.99765	-1.0
504.0035	-1.0
504.01523	-1.0
504.0248	-1.0
504.04095	-1.0
504.0514	-1.0
504.06555	-1.0
504.07056	-1.0
504.09393	-1.0
504.1049	-1.0
504.1223	-1.0
504.136	-1.0
504.1581	-1.0
504.16315	-1.0
504.17007	-1.0
504.1732	-1.0
504.18015	-1.0
504.20493	-1.0
504.22665	-1.0
504.23413	-1.0
504.2588	-1.0
504.27484	-1.0
504.2882	-1.0
504.31213	-1.0
504.32162	-1.0
504.33612	1.0
504.34735	-1.0
504.3744	-1.0
504.38516	-1.0
504.4022	-1.0
504.40723	-1.0
504.42395	-1.0
504.4333	-1.0
504.44843	-1.0
504.49915	-1.0
504.52875	-1.0
504.57648	-1.0
504.60727	-1.0
504.63852	-1.0
504.72595	-1.0
506.854	-1.0
506.8622	-1.0
506.8746	-1.0
506.87875	-1.0
506.8865	-1.0
506.8922	-1.0
506.89816	-1.0
506.91263	-1.0
506.92172	-1.0
506.93408	-1.0
506.93832	-1.0
506.94647	-1.0
506.95197	-1.0
506.9594	-1.0
506.9741	-1.0
506.97906	-1.0
506.9836	-1.0
506.99857	-1.0
507.00427	-1.0
507.01892	-1.0
507.0349	-1.0
507.04184	-1.0
507.0645	-1.0
507.07208	-1.0
507.09515	-1.0
507.09775	-1.0
507.12637	-1.0
507.1846	-1.0
509.3772	-1.0
509.39252	-1.0
509.4024	-1.0
509.40912	-1.0
509.421	-1.0
509.4253	-1.0
509.43237	-1.0
509.4387	-1.0
509.44485	-1.0
509.45013	-1.0
509.4612	-1.0
509.46384	-1.0
509.46667	-1.0
509.473	-1.0
509.48123	-1.0
509.4875	-1.0
509.4969	-1.0
509.5125	-1.0
509.5185	-1.0
509.53717	-1.0
509.55252	-1.0
509.56152	-1.0
509.5846	-1.0
509.59457	-1.0
509.6076	-1.0
509.62457	-1.0
509.64133	-1.0
509.65445	-1.0
509.6834	1.0
509.6859	-1.0
509.7119	-1.0
512.58044	-1.0
512.58545	-1.0
512.5919	-1.0
512.60425	-1.0
512.6106	-1.0
512.61487	-1.0
512.6223	-1.0
512.62616	-1.0
512.62994	-1.0
512.6383	-1.0
512.6416	-1.0
512.6478	-1.0
512.6532	-1.0
512.66736	-1.0
512.67346	-1.0
512.68054	-1.0
512.68414	-1.0
512.68726	-1.0
512.6902	-1.0
512.7052	-1.0
512.71326	-1.0
512.71967	-1.0
512.7247	-1.0
512.73206	-1.0
512.7461	-1.0
512.7511	-1.0
512.7759	-1.0
512.78894	-1.0
512.8016	-1.0
512.8173	-1.0
512.8694	-1.0
512.88574	-1.0
512.9064	-1.0
512.9339	-1.0
512.96893	-1.0
513.689	1.0
515.2963	-1.0
515.30994	-1.0
515.3148	-1.0
515.32544	-1.0
515.3313	-1.0
515.3429	-1.0
515.34717	-1.0
515.359	-1.0
515.3654	-1.0
515.36914	-1.0
515.3731	-1.0
515.37976	-1.0
515.3836	-1.0
515.40106	-1.0
515.4074	1.0
515.4175	-1.0
515.4217	-1.0
515.42957	-1.0
515.4425	-1.0
515.45026	-1.0
515.4554	-1.0
515.45795	-1.0
515.4766	-1.0
515.4912	-1.0
515.51117	1.0
515.5159	-1.0
515.5261	-1.0
515.5289	-1.0
515.5425	-1.0
515.5542	-1.0
515.5873	-1.0
515.61255	-1.0
515.64075	-1.0
515.6897	-1.0
518.2312	-1.0
518.23816	-1.0
518.25867	-1.0
518.2659	-1.0
518.27325	-1.0
518.28204	-1.0
518.2895	-1.0
518.29486	-1.0
518.3025	-1.0
518.3071	-1.0
518.31006	-1.0
518.31726	-1.0
518.3218	-1.0
518.33014	-1.0
518.33514	-1.0
518.3452	-1.0
518.35547	-1.0
518.3614	-1.0
518.37695	-1.0
518.3827	-1.0
518.3971	-1.0
518.4031	-1.0
518.40796	-1.0
518.4215	-1.0
518.42944	-1.0
518.4548	-1.0
518.46265	-1.0
518.4705	-1.0
518.4939	-1.0
518.5027	-1.0
518.5159	-1.0
518.5368	-1.0
518.5442	-1.0
518.5589	-1.0
518.59283	-1.0
518.61707	-1.0
521.36865	-1.0
521.3809	-1.0
521.3892	-1.0
521.40454	-1.0
521.4108	-1.0
521.41724	-1.0
521.4286	-1.0
521.4323	-1.0
521.43994	-1.0
521.4446	1.0
521.4535	-1.0
521.45874	-1.0
521.4648	-1.0
521.4729	-1.0
521.48065	1.0
521.4871	-1.0
521.4958	-1.0
521.5065	-1.0
521.51215	-1.0
521.51825	-1.0
521.5264	-1.0
521.5299	-1.0
521.53766	-1.0
521.5582	-1.0
521.58044	-1.0
521.5972	-1.0
521.60315	-1.0
521.6107	-1.0
521.6176	-1.0
521.62024	-1.0
521.6498	-1.0
521.6776	-1.0
521.6987	-1.0
524.17053	-1.0
524.1805	-1.0
524.18915	-1.0
524.1995	-1.0
524.2085	-1.0
524.21716	-1.0
524.22327	-1.0
524.23267	-1.0
524.2387	-1.0
524.2413	-1.0
524.2493	-1.0
524.2575	-1.0
524.2615	-1.0
524.27435	-1.0
524.27875	-1.0
524.28204	-1.0
524.29144	-1.0
524.30945	-1.0
524.3187	-1.0
524.3212	1.0
524.3272	-1.0
524.3361	-1.0
524.3476	-1.0
524.3623	-1.0
524.37823	-1.0
524.3889	-1.0
524.416	-1.0
524.42377	-1.0
524.44446	-1.0
524.46533	-1.0
524.5046	-1.0
524.5136	-1.0
524.54565	-1.0
526.6446	-1.0
526.656	-1.0
526.66895	-1.0
526.67566	-1.0
526.6882	-1.0
526.7035	-1.0
526.71533	-1.0
526.7233	-1.0
526.7283	-1.0
526.73615	-1.0
526.75366	-1.0
526.7714	-1.0
526.776	-1.0
526.78906	-1.0
526.7938	-1.0
526.80237	-1.0
526.813	-1.0
526.81903	-1.0
526.8299	-1.0
526.8382	-1.0
526.84106	-1.0
526.85205	-1.0
526.8586	-1.0
526.8689	-1.0
526.8794	-1.0
526.8819	-1.0
526.8944	-1.0
526.9097	-1.0
526.9327	-1.0
526.944	-1.0
526.99304	-1.0
527.0133	-1.0
530.0579	-1.0
530.0693	-1.0
530.0805	-1.0
530.08746	-1.0
530.0947	-1.0
530.10095	-1.0
530.10535	-1.0
530.1087	-1.0
530.121	-1.0
530.1254	-1.0
530.1332	-1.0
530.14	-1.0
530.1508	-1.0
530.1535	-1.0
530.15955	-1.0
530.1642	-1.0
530.1701	-1.0
530.1787	1.0
530.1867	-1.0
530.18994	-1.0
530.1952	-1.0
530.2054	-1.0
530.21545	-1.0
530.22125	-1.0
530.2354	-1.0
530.2439	-1.0
530.24646	-1.0
530.24963	-1.0
530.2634	-1.0
530.2808	-1.0
530.2922	-1.0
530.31067	-1.0
530.32336	-1.0
530.34314	-1.0
530.364	-1.0
530.3918	-1.0
530.4297	-1.0
532.7996	-1.0
532.84674	-1.0
532.8843	-1.0
533.4702	-1.0
533.49646	-1.0
533.50024	-1.0
533.51056	-1.0
533.51807	-1.0
533.5306	-1.0
533.5392	-1.0
533.5506	-1.0
533.5638	-1.0
533.5706	-1.0
533.5777	-1.0
533.5864	-1.0
533.59534	-1.0
533.6091	-1.0
533.61505	-1.0
533.61755	-1.0
533.6235	-1.0
533.638	-1.0
533.6435	-1.0
533.6484	-1.0
533.6637	-1.0
533.66626	-1.0
533.6751	-1.0
533.68207	-1.0
533.692	-1.0
533.70654	-1.0
533.71204	-1.0
533.7292	-1.0
533.77747	-1.0
533.83093	-1.0
535.73987	-1.0
535.7727	-1.0
535.8001	-1.0
535.80817	-1.0
535.8268	-1.0
535.836	-1.0
535.8414	-1.0
535.8604	-1.0
535.87775	-1.0
535.886	-1.0
535.8962	-1.0
535.9008	-1.0
535.9274	-1.0
535.9454	-1.0
535.95245	-1.0
535.97473	-1.0
535.98474	-1.0
536.00616	-1.0
536.01965	-1.0
536.04614	-1.0
536.0936	-1.0
536.121	-1.0
536.2706	-1.0
536.289	-1.0
536.30927	-1.0
536.31476	-1.0
536.32745	-1.0
536.33984	-1.0
536.3479	-1.0
536.3554	-1.0
536.3626	-1.0
536.3652	1.0
536.3734	-1.0
536.3782	-1.0
536.3949	-1.0
536.402	-1.0
536.4075	-1.0
536.4372	-1.0
536.45166	-1.0
536.48944	-1.0
538.3176	-1.0
538.34705	-1.0
538.3572	-1.0
538.37494	-1.0
538.3876	-1.0
538.39813	-1.0
538.40405	-1.0
538.4102	-1.0
538.4176	-1.0
538.42554	-1.0
538.4304	-1.0
538.4385	-1.0
538.4491	-1.0
538.4536	-1.0
538.4685	-1.0
538.4763	-1.0
538.4788	-1.0
538.4814	-1.0
538.4881	-1.0
538.4938	-1.0
538.50665	-1.0
538.5176	1.0
538.52106	-1.0
538.5348	-1.0
538.54254	-1.0
538.56055	-1.0
538.57666	-1.0
538.591	-1.0
538.60406	-1.0
538.60754	-1.0
541.89514	-1.0
541.91376	-1.0
541.9285	-1.0
541.93964	-1.0
541.9457	-1.0
541.95294	-1.0
541.95746	-1.0
541.962	-1.0
541.9677	-1.0
541.978	-1.0
541.9845	-1.0
541.9874	-1.0
541.9974	-1.0
542.0076	-1.0
542.0136	-1.0
542.0207	-1.0
542.0358	-1.0
542.0405	-1.0
542.0451	-1.0
542.05334	-1.0
542.07153	-1.0
542.08093	-1.0
542.0966	-1.0
542.10175	-1.0
542.10944	-1.0
542.1167	-1.0
542.13214	-1.0
542.1517	-1.0
542.1699	-1.0
542.18494	-1.0
544.4394	-1.0
544.44635	-1.0
544.47766	-1.0
544.4956	-1.0
544.5169	-1.0
544.5448	-1.0
544.5511	-1.0
544.5719	-1.0
544.5906	-1.0
544.61334	-1.0
544.6376	-1.0
547.00195	-1.0
547.0302	-1.0
547.0437	-1.0
547.049	-1.0
547.0565	-1.0
547.06177	-1.0
547.06793	-1.0
547.07135	-1.0
547.07983	-1.0
547.08276	-1.0
547.0884	-1.0
547.09595	-1.0
547.10095	-1.0
547.1086	-1.0
547.1162	-1.0
547.12445	-1.0
547.1325	-1.0
547.14233	-1.0
547.15027	-1.0
547.1714	-1.0
547.1807	-1.0
547.1952	-1.0
547.21704	-1.0
547.23846	-1.0
547.2612	-1.0
547.2864	-1.0
547.3152	-1.0
547.3414	-1.0
547.35803	-1.0
547.3942	-1.0
551.71674	-1.0
551.72675	-1.0
551.74146	-1.0
551.7485	-1.0
551.7546	-1.0
551.76184	-1.0
551.7683	-1.0
551.7852	1.0
551.79083	-1.0
551.7999	-1.0
551.8121	-1.0
551.82556	-1.0
551.83026	-1.0
551.8336	-1.0
551.8443	-1.0
551.8498	-1.0
551.8622	-1.0
551.8718	-1.0
551.8752	-1.0
551.8855	-1.0
551.8949	-1.0
551.898	-1.0
551.9006	-1.0
551.9263	-1.0
551.9288	-1.0
551.93976	-1.0
551.9472	-1.0
551.9684	-1.0
552.0093	-1.0
552.0205	-1.0
552.06635	-1.0
552.09625	-1.0
555.9089	-1.0
555.9188	-1.0
555.9297	-1.0
555.93744	-1.0
555.9483	-1.0
555.98035	-1.0
555.9876	-1.0
555.99994	-1.0
556.0065	-1.0
556.0266	-1.0
556.0307	-1.0
556.03845	-1.0
556.04254	1.0
556.0516	-1.0
556.059	-1.0
556.0687	-1.0
556.0753	-1.0
556.079	-1.0
556.0861	-1.0
556.0957	-1.0
556.1015	-1.0
556.1081	-1.0
556.1139	-1.0
556.1165	-1.0
556.12726	-1.0
556.1339	-1.0
556.14087	-1.0
556.14435	-1.0
556.1747	-1.0
556.18536	-1.0
556.2052	-1.0
559.6234	-1.0
559.666	-1.0
559.701	-1.0
559.71313	-1.0
559.7228	-1.0
559.7397	-1.0
559.74915	-1.0
559.75464	-1.0
559.77045	-1.0
559.788	-1.0
559.8066	-1.0
559.8226	-1.0
559.8319	-1.0
559.83966	-1.0
559.8484	-1.0
559.85565	-1.0
559.8591	-1.0
559.8748	-1.0
559.8798	-1.0
559.88525	-1.0
559.89136	-1.0
559.901	-1.0
559.90784	-1.0
559.9186	-1.0
559.9286	-1.0
559.9389	-1.0
559.9478	-1.0
559.96106	-1.0
559.97955	-1.0
560.0113	-1.0
560.0497	-1.0
560.07587	-1.0
562.7792	-1.0
562.8143	-1.0
562.85114	-1.0
562.8661	-1.0
562.8913	-1.0
562.8975	-1.0
562.91656	-1.0
562.9235	-1.0
562.9293	-1.0
562.9472	-1.0
562.9534	-1.0
562.9641	-1.0
562.971	-1.0
562.9858	-1.0
562.99524	-1.0
563.0092	-1.0
563.01855	-1.0
563.0228	-1.0
563.03235	-1.0
563.0554	-1.0
563.0621	-1.0
566.44086	-1.0
566.46204	-1.0
566.5346	-1.0
566.56134	-1.0
566.58527	-1.0
566.6043	-1.0
566.61926	-1.0
567.09796	-1.0
567.135	-1.0
567.1499	-1.0
567.157	-1.0
567.1625	-1.0
567.1702	-1.0
567.17737	-1.0
567.18286	-1.0
567.18774	1.0
567.201	-1.0
567.20575	-1.0
567.21	-1.0
567.213	-1.0
567.23413	-1.0
567.2409	-1.0
567.244	-1.0
567.2505	-1.0
567.26166	-1.0
567.26465	-1.0
567.2737	-1.0
567.2914	-1.0
567.3234	-1.0
567.3365	-1.0
567.3465	-1.0
567.39325	-1.0
571.01746	-1.0
571.0513	-1.0
571.1288	-1.0
574.82263	-1.0
574.8459	-1.0
574.8506	-1.0
574.8573	-1.0
574.86053	-1.0
574.867	-1.0
574.874	-1.0
574.8779	1.0
574.88464	-1.0
574.89374	1.0
574.9016	-1.0
574.90576	1.0
574.91125	-1.0
574.91534	-1.0
574.9262	-1.0
574.92914	-1.0
574.9397	-1.0
574.94446	-1.0
574.97754	-1.0
574.98065	-1.0
574.99945	-1.0
575.0197	-1.0
575.0292	-1.0
575.0423	-1.0
575.0673	-1.0
575.08734	-1.0
575.1204	-1.0
578.4834	-1.0
578.49695	-1.0
578.5182	-1.0
578.5334	-1.0
578.5468	-1.0
578.5602	-1.0
578.5694	-1.0
578.57776	-1.0
578.5868	-1.0
578.592	-1.0
578.59845	-1.0
578.60986	-1.0
578.6189	-1.0
578.62463	-1.0
578.62714	-1.0
578.6297	-1.0
578.6463	-1.0
578.6583	-1.0
578.66614	-1.0
578.6687	-1.0
578.67566	-1.0
578.6913	-1.0
578.70166	-1.0
578.7058	-1.0
578.7324	-1.0
578.7402	-1.0
578.7705	-1.0
581.8364	-1.0
581.87006	-1.0
581.87573	-1.0
581.8926	-1.0
581.8984	-1.0
581.9038	-1.0
581.91296	-1.0
581.92084	-1.0
581.92993	-1.0
581.94305	-1.0
581.95166	-1.0
581.96185	-1.0
581.9679	-1.0
581.9853	-1.0
582.00195	-1.0
582.0261	-1.0
582.0389	-1.0
582.05634	-1.0
582.07904	-1.0
582.1117	-1.0
582.14465	-1.0
582.16583	-1.0
586.6962	-1.0
586.70026	-1.0
586.7149	-1.0
586.74786	-1.0
586.76373	-1.0
586.7748	-1.0
586.7844	-1.0
586.79083	-1.0
586.8189	-1.0
586.8293	-1.0
586.835	-1.0
586.8445	-1.0
586.8536	-1.0
586.86	1.0
586.87054	-1.0
586.87775	1.0
586.89496	-1.0
586.90454	-1.0
586.9313	-1.0
586.9509	-1.0
586.9657	-1.0
586.9751	-1.0
587.00836	-1.0
587.03125	-1.0
587.04126	-1.0
587.07385	-1.0
587.11914	-1.0
587.4355	-1.0
587.4505	-1.0
587.46796	-1.0
587.48047	-1.0
587.50604	-1.0
590.4883	-1.0
590.53094	-1.0
590.7102	-1.0
593.16907	-1.0
593.19653	-1.0
593.2043	-1.0
593.2112	-1.0
593.2192	-1.0
593.22485	-1.0
593.2302	-1.0
593.24493	-1.0
593.24805	-1.0
593.2549	-1.0
593.27356	-1.0
593.27747	-1.0
593.28033	-1.0
593.2996	-1.0
593.3372	-1.0
593.3654	-1.0
593.5005	-1.0
597.1432	-1.0
597.169	-1.0
597.1765	-1.0
597.1971	-1.0
597.2018	-1.0
597.21045	-1.0
597.21686	-1.0
597.2239	-1.0
597.236	-1.0
597.247	-1.0
597.2576	-1.0
597.26294	-1.0
597.2692	-1.0
597.2774	-1.0
597.3009	-1.0
597.32544	-1.0
597.35156	-1.0
597.3734	-1.0
597.3847	-1.0
597.41724	-1.0
597.4648	-1.0
597.5364	-1.0
597.652	-1.0
