0.00692	-1.0
0.04	1.0
0.0806	-1.0
0.10072	-1.0
0.26096	1.0
0.37736	-1.0
0.38552	-1.0
0.42188	-1.0
0.53748	1.0
0.7558	1.0
1.54204	-1.0
5.42424	-1.0
5.44408	-1.0
5.45052	-1.0
5.47016	-1.0
5.47512	1.0
5.48124	-1.0
5.48412	-1.0
5.5064	-1.0
5.5092	1.0
5.51252	-1.0
5.52096	-1.0
5.58992	-1.0
5.96292	-1.0
6.52348	-1.0
6.64504	-1.0
6.78992	-1.0
6.80752	-1.0
9.0018	-1.0
9.03368	-1.0
9.05296	-1.0
9.05676	-1.0
9.07988	1.0
9.0836	-1.0
9.09096	-1.0
9.09692	-1.0
9.10064	-1.0
9.23824	-1.0
9.43624	-1.0
9.55488	-1.0
9.5932	-1.0
9.5974	-1.0
9.74808	-1.0
9.79436	1.0
9.87924	1.0
11.7764	-1.0
11.7878	-1.0
11.89188	1.0
11.92068	-1.0
11.95196	1.0
12.00048	-1.0
12.08768	-1.0
12.1478	-1.0
14.96232	-1.0
14.97036	-1.0
15.01912	-1.0
15.04212	-1.0
15.04484	-1.0
15.06244	1.0
15.06744	1.0
15.07024	-1.0
15.08708	-1.0
15.09476	1.0
15.14724	-1.0
15.22724	-1.0
15.25096	-1.0
15.31096	-1.0
15.42092	-1.0
15.69188	1.0
19.39088	-1.0
19.40332	-1.0
19.41844	-1.0
19.43948	1.0
19.46792	-1.0
19.47904	-1.0
19.48364	-1.0
19.49432	-1.0
19.50112	-1.0
19.5092	-1.0
19.53948	-1.0
19.5494	-1.0
19.57632	-1.0
19.61168	-1.0
19.7546	1.0
19.98572	1.0
20.20956	-1.0
20.40012	-1.0
20.46264	1.0
20.65992	-1.0
24.86744	1.0
24.86996	-1.0
24.89232	-1.0
24.90844	1.0
24.91156	-1.0
24.9274	-1.0
24.936	-1.0
24.93852	-1.0
24.94724	-1.0
24.95048	-1.0
24.95372	-1.0
24.98928	-1.0
24.99532	-1.0
25.06384	1.0
25.21628	-1.0
25.26344	-1.0
25.26916	-1.0
25.27208	-1.0
25.629	-1.0
25.75972	-1.0
26.02432	-1.0
26.14488	-1.0
26.20084	-1.0
29.8288	-1.0
29.83372	-1.0
29.86132	-1.0
29.90732	-1.0
29.91136	-1.0
29.91388	-1.0
29.95684	-1.0
30.13932	1.0
30.41508	1.0
30.53768	-1.0
30.95108	1.0
31.32652	-1.0
35.70664	1.0
35.70972	-1.0
35.71788	-1.0
35.76404	-1.0
35.78456	-1.0
35.79516	-1.0
35.81388	-1.0
35.82216	-1.0
35.8314	-1.0
35.84588	1.0
35.86152	-1.0
36.04848	-1.0
36.21032	-1.0
36.40808	-1.0
36.4814	-1.0
36.53428	1.0
36.66624	-1.0
36.77848	-1.0
37.8554	-1.0
38.00488	-1.0
40.44904	1.0
40.456	-1.0
40.50548	-1.0
40.52036	-1.0
40.52696	-1.0
40.54548	-1.0
40.56524	-1.0
40.57268	-1.0
40.58672	-1.0
40.62176	-1.0
40.707	-1.0
40.77216	1.0
41.2882	-1.0
41.54548	-1.0
41.61004	-1.0
41.80116	-1.0
44.68364	-1.0
44.68848	-1.0
44.71592	-1.0
44.71968	-1.0
44.75688	-1.0
44.7838	-1.0
44.81228	-1.0
44.83068	-1.0
44.8528	-1.0
45.0844	-1.0
45.17076	-1.0
45.20016	-1.0
45.43104	-1.0
45.61064	-1.0
45.91848	-1.0
49.24068	-1.0
49.25232	-1.0
49.28204	1.0
49.29532	-1.0
49.35084	-1.0
49.38768	-1.0
49.41296	-1.0
49.56904	-1.0
49.58748	-1.0
49.84656	-1.0
49.84916	-1.0
50.31052	-1.0
50.4112	-1.0
50.59924	-1.0
54.4676	1.0
54.50852	-1.0
54.52632	-1.0
54.5352	-1.0
54.55056	-1.0
54.56664	-1.0
54.57216	-1.0
54.598	-1.0
54.6134	-1.0
54.72684	-1.0
55.04392	1.0
55.38856	-1.0
55.78952	-1.0
59.582	-1.0
59.5916	-1.0
59.62588	-1.0
59.6286	-1.0
59.6348	-1.0
59.64956	-1.0
59.67564	-1.0
59.71544	-1.0
59.786	1.0
59.79632	-1.0
59.83	-1.0
59.85784	-1.0
59.96508	1.0
60.11452	1.0
60.11776	-1.0
60.19124	1.0
60.42924	1.0
60.49336	1.0
60.50812	-1.0
60.5198	-1.0
60.53472	-1.0
60.66408	-1.0
60.69116	1.0
63.8568	-1.0
63.8796	-1.0
63.89212	-1.0
63.91336	1.0
63.9436	1.0
63.94676	-1.0
63.96472	-1.0
64.04844	-1.0
64.05932	-1.0
64.14212	-1.0
64.15424	-1.0
64.18776	-1.0
64.2828	1.0
64.48424	-1.0
64.7812	-1.0
68.27828	-1.0
68.31968	-1.0
68.32996	-1.0
68.35096	-1.0
68.3918	-1.0
68.55524	1.0
68.60688	-1.0
68.66028	-1.0
68.74612	1.0
68.99428	-1.0
69.26596	1.0
73.52536	-1.0
73.5324	-1.0
73.54312	-1.0
73.57432	-1.0
73.60072	-1.0
73.64252	-1.0
73.64564	-1.0
73.79088	-1.0
73.98056	-1.0
74.02928	-1.0
74.17772	-1.0
74.4286	-1.0
74.57668	-1.0
78.55076	-1.0
78.55452	1.0
78.56692	-1.0
78.60364	-1.0
78.73356	1.0
78.77056	1.0
78.88612	1.0
78.92608	-1.0
79.04904	-1.0
79.104	-1.0
79.1434	-1.0
79.14612	1.0
79.47224	-1.0
79.56548	-1.0
79.76172	-1.0
83.87112	-1.0
83.87364	1.0
83.87876	1.0
83.89956	-1.0
83.91608	-1.0
83.94808	-1.0
84.00796	-1.0
84.3074	-1.0
84.33628	-1.0
84.35652	-1.0
84.40544	1.0
84.51484	-1.0
84.67172	1.0
84.70352	-1.0
84.7114	-1.0
84.8026	-1.0
84.85164	-1.0
88.38952	1.0
88.42472	-1.0
88.43748	-1.0
88.47572	1.0
88.5066	1.0
88.5326	-1.0
88.55912	-1.0
88.59024	-1.0
88.64948	1.0
88.71	1.0
88.76644	-1.0
88.82124	-1.0
88.86544	-1.0
88.90468	1.0
88.98864	-1.0
89.10172	-1.0
89.22508	-1.0
89.28228	1.0
93.21276	-1.0
93.2652	-1.0
93.29584	-1.0
93.30908	-1.0
93.3648	-1.0
93.40968	1.0
93.50396	-1.0
93.7248	1.0
93.77536	1.0
93.82312	1.0
93.9676	-1.0
94.05812	-1.0
94.47788	-1.0
99.32112	-1.0
99.32632	-1.0
99.3338	-1.0
99.35756	-1.0
99.3718	1.0
99.38808	1.0
99.40176	-1.0
99.44436	1.0
99.44928	-1.0
99.48744	-1.0
99.5454	-1.0
99.57324	-1.0
99.60524	-1.0
99.63168	-1.0
99.67488	-1.0
99.80348	-1.0
99.89016	-1.0
99.99076	-1.0
100.0198	-1.0
100.12752	-1.0
100.35396	-1.0
100.35872	-1.0
100.6644	1.0
100.727	-1.0
100.81168	-1.0
104.5936	-1.0
104.6014	-1.0
104.60576	-1.0
104.6106	-1.0
104.65008	-1.0
104.65312	-1.0
104.70956	1.0
104.74644	-1.0
104.79664	-1.0
104.81392	1.0
104.88376	-1.0
104.9228	-1.0
105.00096	-1.0
105.22192	-1.0
105.27848	-1.0
105.47912	-1.0
105.5126	-1.0
105.93596	-1.0
106.06592	-1.0
106.07088	-1.0
109.73236	-1.0
109.75812	-1.0
109.7932	-1.0
109.81484	-1.0
109.84768	-1.0
109.89868	-1.0
110.0038	-1.0
110.12536	-1.0
110.27096	-1.0
110.52524	-1.0
110.678	-1.0
110.69624	1.0
110.7908	1.0
111.07096	-1.0
114.83336	-1.0
114.84296	-1.0
114.85284	-1.0
114.861	-1.0
114.86408	-1.0
114.8678	-1.0
114.88544	-1.0
114.90692	-1.0
114.91276	-1.0
114.9294	-1.0
114.947	-1.0
114.98496	-1.0
115.04848	-1.0
115.08372	-1.0
115.10864	-1.0
115.13724	-1.0
115.22632	-1.0
115.33712	-1.0
115.349	-1.0
115.40728	-1.0
115.44912	1.0
115.5872	-1.0
115.64252	-1.0
115.67772	-1.0
115.796	-1.0
115.97568	-1.0
116.05056	-1.0
116.3342	-1.0
116.33844	-1.0
116.34124	-1.0
116.35572	-1.0
119.74292	1.0
119.77272	-1.0
119.80588	-1.0
119.8094	-1.0
119.8256	1.0
119.86548	-1.0
119.92152	1.0
119.97232	-1.0
120.00756	1.0
120.03852	-1.0
120.06508	-1.0
120.44468	-1.0
120.46148	-1.0
120.95016	-1.0
121.22824	-1.0
121.23704	-1.0
124.86688	-1.0
124.87676	-1.0
124.8872	-1.0
124.92396	-1.0
124.93004	-1.0
124.9416	-1.0
124.94492	-1.0
124.99988	1.0
125.03152	1.0
125.0358	-1.0
125.09284	1.0
125.13172	1.0
125.16772	1.0
125.17024	-1.0
125.55056	-1.0
125.8676	1.0
126.33988	1.0
126.43264	-1.0
126.48528	-1.0
130.59505	-1.0
130.60472	1.0
130.60876	-1.0
130.61584	-1.0
130.65012	-1.0
130.65804	-1.0
130.6888	-1.0
130.69728	-1.0
130.70029	-1.0
130.71832	1.0
130.74036	-1.0
130.77864	-1.0
130.80652	-1.0
130.85648	1.0
130.88136	-1.0
130.90108	-1.0
130.90572	-1.0
130.9472	-1.0
131.01813	-1.0
131.04929	-1.0
131.06229	-1.0
131.08585	-1.0
131.08997	-1.0
131.1496	-1.0
131.23576	-1.0
131.25432	-1.0
131.49677	-1.0
131.64212	-1.0
131.68423	-1.0
131.8408	1.0
131.91489	-1.0
131.97176	-1.0
136.48572	1.0
136.49208	1.0
136.5008	-1.0
136.50484	-1.0
136.50824	-1.0
136.52036	-1.0
136.52428	-1.0
136.52808	-1.0
136.53336	-1.0
136.57532	-1.0
136.59567	-1.0
136.60316	-1.0
136.64056	-1.0
136.64745	-1.0
136.68832	-1.0
136.69188	-1.0
136.76611	-1.0
136.79349	-1.0
136.81328	-1.0
136.87608	-1.0
136.90848	-1.0
136.9184	-1.0
136.96529	-1.0
137.0236	-1.0
137.12608	-1.0
137.17352	1.0
137.3418	-1.0
137.57712	-1.0
137.86372	-1.0
137.88348	-1.0
142.43596	-1.0
142.4432	-1.0
142.47592	-1.0
142.48544	-1.0
142.5024	-1.0
142.52048	1.0
142.54468	-1.0
142.57828	-1.0
142.60677	1.0
142.62537	-1.0
142.6486	-1.0
142.73843	-1.0
142.7572	-1.0
142.80992	-1.0
142.81476	-1.0
142.82423	1.0
142.8486	-1.0
142.9206	-1.0
142.94656	-1.0
142.96208	1.0
143.08464	-1.0
143.08844	-1.0
143.10805	-1.0
143.2592	-1.0
143.42044	-1.0
143.54008	1.0
143.61472	-1.0
143.86015	-1.0
143.93295	-1.0
144.29596	-1.0
148.68172	-1.0
148.69264	-1.0
148.69768	-1.0
148.7068	-1.0
148.71068	-1.0
148.71857	-1.0
148.73668	-1.0
148.75629	-1.0
148.77795	-1.0
148.80045	1.0
148.80405	1.0
148.82768	-1.0
148.83136	-1.0
148.84752	-1.0
148.90768	-1.0
148.92996	-1.0
148.93716	-1.0
148.9524	-1.0
148.96724	-1.0
149.09624	-1.0
149.20728	-1.0
149.2306	1.0
149.28217	-1.0
149.33112	-1.0
149.35388	-1.0
149.48	-1.0
149.59888	-1.0
149.66615	-1.0
149.73412	1.0
149.79692	-1.0
149.79944	-1.0
149.94704	-1.0
149.95572	-1.0
149.97044	1.0
150.31017	-1.0
150.39816	1.0
153.68684	-1.0
153.68983	1.0
153.7558	-1.0
153.76009	1.0
153.76263	-1.0
153.76675	1.0
153.77647	-1.0
153.78008	1.0
153.80272	-1.0
153.82072	-1.0
153.8266	-1.0
153.85704	-1.0
153.86037	1.0
153.87492	1.0
153.87808	-1.0
153.90231	1.0
153.9342	-1.0
153.99684	-1.0
154.00533	-1.0
154.01263	1.0
154.09828	-1.0
154.11484	-1.0
154.13376	-1.0
154.14848	-1.0
154.1642	-1.0
154.24065	-1.0
154.2682	-1.0
154.35236	1.0
154.45663	-1.0
154.56007	-1.0
154.6084	1.0
155.12547	-1.0
155.23717	-1.0
159.96796	-1.0
159.97896	-1.0
159.98732	-1.0
159.9906	-1.0
159.9932	-1.0
159.99573	1.0
160.00523	-1.0
160.01453	-1.0
160.0174	1.0
160.0394	-1.0
160.05869	-1.0
160.12668	-1.0
160.13593	-1.0
160.14488	-1.0
160.15855	1.0
160.16176	-1.0
160.17908	-1.0
160.3056	-1.0
160.35088	-1.0
160.51172	-1.0
160.566	-1.0
160.6326	-1.0
160.81915	-1.0
160.83636	-1.0
160.931	-1.0
161.20544	-1.0
161.34505	1.0
161.36868	1.0
161.56796	-1.0
161.75224	-1.0
166.25848	-1.0
166.26384	-1.0
166.27452	1.0
166.2822	-1.0
166.2908	-1.0
166.30696	-1.0
166.31264	1.0
166.3204	1.0
166.33025	-1.0
166.3346	1.0
166.34663	-1.0
166.3572	-1.0
166.37572	-1.0
166.39752	-1.0
166.41228	1.0
166.4152	1.0
166.41812	1.0
166.42064	-1.0
166.44531	-1.0
166.45464	-1.0
166.46413	-1.0
166.52632	-1.0
166.53688	-1.0
166.60008	-1.0
166.621	1.0
166.62367	-1.0
166.70044	-1.0
166.80373	-1.0
166.83832	-1.0
166.94412	1.0
166.97417	-1.0
166.9982	1.0
167.10544	-1.0
167.11096	-1.0
167.26776	-1.0
167.29572	1.0
167.3544	-1.0
167.36047	-1.0
167.60973	-1.0
167.72008	-1.0
167.726	-1.0
167.83844	-1.0
167.9686	-1.0
168.02704	-1.0
172.90463	1.0
172.9084	-1.0
172.91512	1.0
172.91956	1.0
172.9342	-1.0
172.93684	-1.0
172.94003	-1.0
172.95357	-1.0
172.96889	-1.0
173.03271	-1.0
173.04224	-1.0
173.0452	-1.0
173.07108	-1.0
173.08772	1.0
173.09148	-1.0
173.11343	-1.0
173.17624	-1.0
173.20535	1.0
173.269	-1.0
173.30064	-1.0
173.31503	-1.0
173.32944	-1.0
173.33672	1.0
173.36256	-1.0
173.44328	-1.0
173.47232	-1.0
173.50153	-1.0
173.65448	-1.0
173.73236	-1.0
173.90428	-1.0
173.92567	-1.0
174.0032	-1.0
174.00668	-1.0
174.10408	-1.0
174.23076	1.0
174.24872	-1.0
174.34155	-1.0
174.57973	1.0
179.04124	-1.0
179.0568	1.0
179.05933	-1.0
179.062	-1.0
179.0672	-1.0
179.0802	-1.0
179.08356	-1.0
179.10504	-1.0
179.12093	-1.0
179.12512	-1.0
179.13055	-1.0
179.13324	-1.0
179.14597	-1.0
179.15128	1.0
179.15408	-1.0
179.16817	-1.0
179.18465	-1.0
179.19247	-1.0
179.277	-1.0
179.31483	-1.0
179.31992	-1.0
179.34468	-1.0
179.367	-1.0
179.38068	-1.0
179.51332	-1.0
179.588	-1.0
179.59547	-1.0
179.68924	-1.0
179.81964	-1.0
179.87184	-1.0
179.91087	-1.0
179.96536	-1.0
180.02068	-1.0
180.03308	-1.0
180.10092	-1.0
180.11652	-1.0
180.2852	-1.0
180.418	1.0
184.82504	-1.0
184.83424	1.0
184.8372	1.0
184.84576	-1.0
184.84853	-1.0
184.86664	-1.0
184.86977	-1.0
184.88509	1.0
184.89323	-1.0
184.9058	1.0
184.91164	-1.0
184.92636	-1.0
184.93645	1.0
184.94067	-1.0
184.95004	-1.0
184.99136	-1.0
185.00648	1.0
185.04636	1.0
185.0548	-1.0
185.07684	-1.0
185.09537	-1.0
185.09831	-1.0
185.1248	1.0
185.12816	-1.0
185.18076	-1.0
185.20464	-1.0
185.23093	-1.0
185.24876	-1.0
185.253	-1.0
185.37032	-1.0
185.38252	-1.0
185.40404	-1.0
185.41708	-1.0
185.47804	-1.0
185.50212	-1.0
186.3268	-1.0
190.20708	1.0
190.22015	-1.0
190.22572	-1.0
190.24149	1.0
190.27003	1.0
190.27383	1.0
190.28564	-1.0
190.29732	-1.0
190.30795	-1.0
190.33617	-1.0
190.34177	-1.0
190.35876	-1.0
190.36208	-1.0
190.39204	-1.0
190.39476	-1.0
190.41972	-1.0
190.43764	-1.0
190.46835	-1.0
190.4838	-1.0
190.51376	-1.0
190.5374	-1.0
190.60132	1.0
190.61745	-1.0
190.62212	-1.0
190.67432	1.0
190.6918	-1.0
190.70312	1.0
190.9106	-1.0
191.04643	-1.0
191.20044	1.0
191.2796	-1.0
191.29495	-1.0
191.51956	-1.0
191.65495	1.0
191.85216	-1.0
196.03812	-1.0
196.05392	1.0
196.06187	-1.0
196.065	-1.0
196.06789	-1.0
196.07053	-1.0
196.08656	-1.0
196.09853	-1.0
196.10216	-1.0
196.12231	-1.0
196.1324	-1.0
196.13551	-1.0
196.15929	-1.0
196.16388	-1.0
196.17715	-1.0
196.19469	-1.0
196.21204	-1.0
196.24568	1.0
196.2622	-1.0
196.272	-1.0
196.29665	-1.0
196.3196	-1.0
196.36671	-1.0
196.41968	-1.0
196.44	-1.0
196.55116	-1.0
196.61671	1.0
196.62932	-1.0
196.6792	-1.0
196.7984	-1.0
196.84663	-1.0
196.86252	-1.0
196.98148	-1.0
197.26315	-1.0
197.43549	-1.0
201.93909	-1.0
201.94408	1.0
201.95448	-1.0
201.9632	-1.0
201.98424	-1.0
201.98816	1.0
201.9944	-1.0
202.00597	-1.0
202.01328	-1.0
202.02644	-1.0
202.02904	-1.0
202.03252	-1.0
202.0374	-1.0
202.0474	1.0
202.06416	1.0
202.07248	-1.0
202.07635	-1.0
202.08832	-1.0
202.09917	-1.0
202.10297	1.0
202.107	-1.0
202.1204	1.0
202.14	-1.0
202.16151	-1.0
202.16844	-1.0
202.26115	-1.0
202.28008	-1.0
202.29944	-1.0
202.311	-1.0
202.33064	-1.0
202.43076	-1.0
202.77968	-1.0
202.7928	1.0
203.04465	-1.0
203.0924	-1.0
203.14432	-1.0
203.17812	-1.0
203.2852	-1.0
203.33876	-1.0
203.47084	-1.0
203.4752	-1.0
207.84071	-1.0
207.85532	-1.0
207.87	-1.0
207.88596	-1.0
207.89064	-1.0
207.9194	1.0
207.92264	-1.0
207.96127	-1.0
207.96828	-1.0
207.9752	-1.0
207.99812	-1.0
208.03024	-1.0
208.0476	-1.0
208.0512	-1.0
208.12148	-1.0
208.12456	-1.0
208.13573	-1.0
208.15324	-1.0
208.23404	-1.0
208.25572	-1.0
208.29845	-1.0
208.30235	-1.0
208.34505	-1.0
208.367	-1.0
208.39272	-1.0
208.4152	-1.0
208.43976	-1.0
208.45152	-1.0
208.47964	-1.0
208.5474	-1.0
208.57233	-1.0
208.57684	-1.0
208.84656	-1.0
208.8738	-1.0
208.8902	-1.0
209.01328	-1.0
209.01788	-1.0
209.06856	-1.0
209.12276	-1.0
209.40736	-1.0
213.7004	-1.0
213.70988	1.0
213.7124	-1.0
213.7246	-1.0
213.7302	-1.0
213.76988	-1.0
213.7828	-1.0
213.78735	-1.0
213.79832	1.0
213.80595	-1.0
213.83269	-1.0
213.83736	-1.0
213.83997	-1.0
213.85516	-1.0
213.87505	-1.0
213.87769	-1.0
213.9058	-1.0
213.94711	-1.0
213.95232	-1.0
213.97528	-1.0
213.98283	-1.0
213.9944	-1.0
214.03185	-1.0
214.061	-1.0
214.1102	-1.0
214.11996	-1.0
214.14172	-1.0
214.15128	-1.0
214.18716	-1.0
214.2466	-1.0
214.27208	-1.0
214.30692	-1.0
214.46996	-1.0
214.52425	-1.0
214.68243	-1.0
215.177	-1.0
219.31705	1.0
219.32623	-1.0
219.34456	1.0
219.3584	-1.0
219.36116	-1.0
219.36417	-1.0
219.3826	-1.0
219.39565	-1.0
219.40308	-1.0
219.42	-1.0
219.42291	-1.0
219.444	-1.0
219.4528	-1.0
219.4628	-1.0
219.4764	-1.0
219.47987	-1.0
219.50728	-1.0
219.54796	-1.0
219.55511	-1.0
219.6424	-1.0
219.72908	-1.0
219.76424	-1.0
219.864	-1.0
219.88316	-1.0
219.9126	-1.0
220.15732	-1.0
220.27524	-1.0
220.37892	-1.0
220.4058	-1.0
220.46468	-1.0
220.63869	-1.0
220.75352	-1.0
225.26337	-1.0
225.26968	-1.0
225.27563	1.0
225.28693	1.0
225.29092	-1.0
225.3024	-1.0
225.30763	-1.0
225.33237	-1.0
225.34364	-1.0
225.34831	-1.0
225.37115	-1.0
225.37633	-1.0
225.39392	-1.0
225.39928	-1.0
225.4096	-1.0
225.4248	-1.0
225.43924	-1.0
225.44353	-1.0
225.44817	-1.0
225.46783	-1.0
225.48524	-1.0
225.52968	-1.0
225.54956	-1.0
225.61116	-1.0
225.63324	-1.0
225.6492	-1.0
225.65468	-1.0
225.67256	-1.0
225.694	-1.0
225.7614	1.0
225.76408	-1.0
225.78584	-1.0
225.86967	-1.0
225.9414	-1.0
225.97688	-1.0
225.98293	-1.0
225.98924	-1.0
226.0576	-1.0
226.08311	-1.0
226.12396	-1.0
226.12752	-1.0
226.20695	-1.0
226.2442	-1.0
226.27164	-1.0
226.27605	-1.0
226.4168	-1.0
226.46095	-1.0
226.4876	-1.0
226.59288	-1.0
226.60728	-1.0
226.71645	-1.0
226.72	-1.0
226.97469	1.0
230.77252	-1.0
230.78944	1.0
230.81148	-1.0
230.81412	1.0
230.832	-1.0
230.83568	-1.0
230.87032	-1.0
230.88995	-1.0
230.9194	1.0
230.94405	-1.0
230.9474	-1.0
230.96028	-1.0
230.96584	-1.0
230.99052	-1.0
231.03012	-1.0
231.03323	1.0
231.05612	-1.0
231.0604	-1.0
231.0992	-1.0
231.14671	-1.0
231.17188	-1.0
231.27664	-1.0
231.35164	-1.0
231.37347	-1.0
231.41888	-1.0
231.53693	-1.0
231.5552	-1.0
231.563	-1.0
231.66708	-1.0
231.7318	-1.0
231.76093	-1.0
231.87164	-1.0
236.61528	-1.0
236.621	1.0
236.62772	1.0
236.63628	-1.0
236.64755	-1.0
236.66748	-1.0
236.67136	-1.0
236.71576	-1.0
236.74716	-1.0
236.77988	-1.0
236.7882	1.0
236.8178	-1.0
236.83829	-1.0
236.89671	-1.0
236.91245	-1.0
236.95905	-1.0
236.96364	-1.0
236.96877	-1.0
236.98752	-1.0
237.02852	-1.0
237.04095	-1.0
237.06796	-1.0
237.19888	-1.0
237.283	-1.0
237.30856	-1.0
237.31313	-1.0
237.34557	-1.0
237.48352	-1.0
237.60172	-1.0
237.60464	-1.0
237.60835	-1.0
237.6152	-1.0
237.66356	-1.0
237.6666	-1.0
237.69672	-1.0
237.90636	-1.0
237.91672	-1.0
237.92508	-1.0
242.1638	-1.0
242.18053	-1.0
242.18324	-1.0
242.19543	-1.0
242.19888	-1.0
242.21452	-1.0
242.22112	-1.0
242.22797	-1.0
242.23048	-1.0
242.24615	-1.0
242.25871	-1.0
242.26216	-1.0
242.26833	-1.0
242.29749	-1.0
242.30128	-1.0
242.32465	-1.0
242.32716	-1.0
242.3408	-1.0
242.367	-1.0
242.3844	-1.0
242.4082	-1.0
242.42136	-1.0
242.4586	-1.0
242.483	-1.0
242.53616	-1.0
242.58296	-1.0
242.58807	-1.0
242.61244	-1.0
242.64787	-1.0
242.66689	-1.0
242.71092	-1.0
242.8932	-1.0
242.901	-1.0
242.91484	-1.0
243.02632	-1.0
243.24828	1.0
243.46252	-1.0
248.63408	-1.0
248.6432	1.0
248.64584	1.0
248.65315	1.0
248.65652	-1.0
248.66544	-1.0
248.67256	-1.0
248.68591	-1.0
248.69872	-1.0
248.70927	-1.0
248.71432	-1.0
248.72755	-1.0
248.75424	-1.0
248.7576	-1.0
248.78464	-1.0
248.79732	-1.0
248.80132	-1.0
248.8062	-1.0
248.80884	-1.0
248.81372	-1.0
248.82011	-1.0
248.82304	-1.0
248.84752	-1.0
248.85588	-1.0
248.87804	-1.0
248.91084	-1.0
248.9366	-1.0
248.95448	-1.0
248.97296	-1.0
249.0048	-1.0
249.02432	-1.0
249.04152	-1.0
249.0444	-1.0
249.0818	-1.0
249.08928	-1.0
249.14204	1.0
249.17628	-1.0
249.26633	-1.0
249.31056	-1.0
249.36424	-1.0
249.38672	1.0
249.49928	-1.0
249.50256	-1.0
249.54507	-1.0
249.54784	-1.0
249.8618	-1.0
250.12273	-1.0
250.17863	-1.0
254.9996	1.0
255.01288	1.0
255.0156	-1.0
255.02228	1.0
255.02625	-1.0
255.03851	-1.0
255.046	-1.0
255.04868	-1.0
255.05457	-1.0
255.06323	-1.0
255.06656	-1.0
255.0696	1.0
255.0872	-1.0
255.09416	-1.0
255.09831	-1.0
255.1058	-1.0
255.11015	-1.0
255.11464	-1.0
255.13608	-1.0
255.13908	1.0
255.15944	-1.0
255.16212	-1.0
255.1652	-1.0
255.191	-1.0
255.19464	-1.0
255.21104	-1.0
255.23308	-1.0
255.23643	-1.0
255.2784	-1.0
255.34656	-1.0
255.41568	-1.0
255.4704	1.0
255.49648	-1.0
255.50005	-1.0
255.52837	-1.0
255.5698	-1.0
255.58308	-1.0
255.67616	-1.0
255.81165	-1.0
255.87376	1.0
256.02667	-1.0
256.1214	-1.0
256.37073	-1.0
256.59503	-1.0
260.22928	-1.0
260.24524	1.0
260.24805	1.0
260.26196	-1.0
260.2761	1.0
260.27936	-1.0
260.29996	-1.0
260.3032	-1.0
260.31723	-1.0
260.32147	-1.0
260.34064	-1.0
260.34363	-1.0
260.35184	-1.0
260.3596	-1.0
260.39227	-1.0
260.4089	-1.0
260.4125	-1.0
260.41815	-1.0
260.4915	-1.0
260.4987	-1.0
260.50635	-1.0
260.555	-1.0
260.57364	-1.0
260.59756	-1.0
260.6176	-1.0
260.63812	-1.0
260.7065	-1.0
260.78516	-1.0
260.82587	-1.0
261.0924	-1.0
261.2519	-1.0
261.3428	-1.0
265.71417	-1.0
265.7222	-1.0
265.7383	-1.0
265.75137	-1.0
265.76227	-1.0
265.76816	-1.0
265.78983	-1.0
265.7935	-1.0
265.8265	-1.0
265.8329	-1.0
265.85617	1.0
265.859	1.0
265.88156	-1.0
265.90384	-1.0
265.9103	-1.0
265.91425	-1.0
265.94672	-1.0
265.9703	-1.0
266.01297	-1.0
266.08423	-1.0
266.1505	-1.0
266.1919	-1.0
266.2147	-1.0
266.31348	-1.0
266.38928	-1.0
266.43933	-1.0
266.486	-1.0
266.51285	-1.0
266.51663	-1.0
266.58093	-1.0
266.7231	-1.0
266.75287	-1.0
267.0707	-1.0
271.2582	1.0
271.26605	1.0
271.28073	1.0
271.28723	-1.0
271.30383	1.0
271.31033	-1.0
271.33997	1.0
271.3546	-1.0
271.3736	-1.0
271.38745	-1.0
271.4132	1.0
271.4262	-1.0
271.4418	-1.0
271.44852	-1.0
271.4655	-1.0
271.50833	-1.0
271.5758	-1.0
271.58652	-1.0
271.60828	-1.0
271.77917	-1.0
271.849	-1.0
271.97052	-1.0
272.11523	-1.0
274.84537	-1.0
274.87515	-1.0
274.8834	-1.0
274.89584	1.0
274.89908	-1.0
274.9028	-1.0
274.93176	-1.0
274.9525	-1.0
274.9745	-1.0
274.981	-1.0
274.99692	-1.0
275.00824	-1.0
275.0183	-1.0
275.0228	-1.0
275.0373	-1.0
275.04507	-1.0
275.09244	-1.0
275.1555	-1.0
275.18744	-1.0
275.28427	-1.0
275.28937	-1.0
275.3073	-1.0
275.3539	-1.0
275.37967	-1.0
275.40952	-1.0
275.6214	-1.0
275.65973	1.0
275.73004	-1.0
275.93933	-1.0
275.99872	1.0
276.03217	-1.0
281.37292	-1.0
281.3782	-1.0
281.38245	1.0
281.38632	-1.0
281.39673	-1.0
281.40155	-1.0
281.41187	-1.0
281.43167	-1.0
281.4608	-1.0
281.48383	-1.0
281.49512	-1.0
281.51804	-1.0
281.55707	-1.0
281.60867	-1.0
281.62387	-1.0
281.65433	-1.0
281.65805	-1.0
281.68527	-1.0
281.70587	-1.0
281.71213	-1.0
281.7386	-1.0
281.77728	-1.0
281.80603	-1.0
281.86075	-1.0
281.9144	-1.0
281.94345	1.0
282.0172	-1.0
282.02448	-1.0
282.0832	-1.0
282.10876	-1.0
282.21643	-1.0
282.4276	-1.0
282.4348	-1.0
282.4489	-1.0
282.86823	-1.0
286.42487	-1.0
286.43295	1.0
286.4395	-1.0
286.447	1.0
286.45425	-1.0
286.47296	-1.0
286.47916	1.0
286.4838	1.0
286.48715	-1.0
286.5278	-1.0
286.56775	-1.0
286.57208	-1.0
286.59464	-1.0
286.59924	-1.0
286.602	1.0
286.623	-1.0
286.65103	-1.0
286.74557	-1.0
286.78983	-1.0
286.81543	-1.0
286.86768	-1.0
286.9364	-1.0
286.96573	-1.0
286.97	-1.0
286.97464	-1.0
286.99643	-1.0
287.03345	-1.0
287.38675	-1.0
290.0102	1.0
290.02386	1.0
290.05304	-1.0
290.07495	-1.0
290.08057	-1.0
290.08356	-1.0
290.09543	1.0
290.11127	-1.0
290.19824	-1.0
290.23187	-1.0
290.2392	-1.0
290.25836	-1.0
290.30615	-1.0
290.3106	-1.0
290.34433	-1.0
290.37347	-1.0
290.46204	-1.0
290.5125	-1.0
290.57437	-1.0
290.63785	-1.0
295.45895	-1.0
295.46747	1.0
295.49896	-1.0
295.51477	-1.0
295.52493	-1.0
295.53732	-1.0
295.5427	-1.0
295.55145	-1.0
295.56943	1.0
295.57263	-1.0
295.57745	-1.0
295.61023	-1.0
295.61407	-1.0
295.6428	-1.0
295.64835	-1.0
295.6788	-1.0
295.7653	-1.0
295.79916	-1.0
295.8281	-1.0
295.83344	-1.0
295.90015	-1.0
295.99072	-1.0
296.01837	-1.0
296.04663	-1.0
296.23492	-1.0
296.2858	-1.0
296.4423	-1.0
296.5128	-1.0
296.55908	-1.0
296.7788	1.0
300.4015	-1.0
300.40445	-1.0
300.4184	1.0
300.4355	-1.0
300.45193	1.0
300.47543	1.0
300.49667	-1.0
300.5078	-1.0
300.52448	-1.0
300.55795	-1.0
300.57236	-1.0
300.59485	-1.0
300.6026	1.0
300.6284	-1.0
300.6317	-1.0
300.64215	-1.0
300.68353	-1.0
300.69284	-1.0
300.72736	-1.0
300.77713	-1.0
300.81104	-1.0
301.03772	-1.0
301.0785	-1.0
301.11987	-1.0
301.21832	-1.0
301.45895	-1.0
301.55508	-1.0
305.4424	-1.0
305.45532	-1.0
305.47427	-1.0
305.51715	1.0
305.54855	-1.0
305.5768	-1.0
305.583	-1.0
305.60144	-1.0
305.6419	-1.0
305.6616	-1.0
305.67795	-1.0
305.71216	-1.0
305.77295	-1.0
305.82953	-1.0
305.8728	-1.0
305.9319	-1.0
305.96692	-1.0
306.13727	-1.0
306.38043	-1.0
306.74677	-1.0
310.24988	-1.0
310.2737	1.0
310.2813	1.0
310.2949	1.0
310.3172	-1.0
310.34015	-1.0
310.34268	1.0
310.34656	-1.0
310.35495	-1.0
310.3713	-1.0
310.3978	-1.0
310.5309	1.0
310.56833	-1.0
310.5734	-1.0
310.64523	-1.0
310.6493	-1.0
310.76163	-1.0
310.76456	-1.0
310.88425	-1.0
310.91147	-1.0
311.41003	-1.0
315.84152	1.0
315.8803	-1.0
315.9065	1.0
315.94345	1.0
315.96597	-1.0
315.96848	-1.0
315.986	-1.0
316.05237	-1.0
316.0574	1.0
316.0858	-1.0
316.0892	-1.0
316.10797	-1.0
316.14395	-1.0
316.17056	-1.0
316.1999	-1.0
316.20795	-1.0
316.22488	1.0
316.36475	1.0
316.40012	-1.0
316.5452	-1.0
316.67776	-1.0
316.8248	-1.0
316.9359	-1.0
320.98557	-1.0
320.99945	-1.0
321.00397	-1.0
321.0273	-1.0
321.05203	-1.0
321.07547	-1.0
321.078	-1.0
321.08124	-1.0
321.08768	-1.0
321.12125	-1.0
321.12912	-1.0
321.1903	-1.0
321.21216	-1.0
321.23404	-1.0
321.352	-1.0
321.3688	-1.0
321.38004	-1.0
321.38525	-1.0
321.52737	-1.0
321.70563	-1.0
325.9331	-1.0
325.9752	1.0
326.00757	-1.0
326.0915	1.0
326.12772	1.0
326.13824	-1.0
326.21225	-1.0
326.21576	-1.0
326.22375	-1.0
326.2589	-1.0
326.27396	-1.0
326.3072	-1.0
326.40936	-1.0
326.41245	-1.0
326.44287	-1.0
326.45786	-1.0
326.49863	-1.0
326.53192	-1.0
326.7119	-1.0
326.76163	1.0
326.7856	-1.0
326.9186	-1.0
331.81793	-1.0
331.8296	1.0
331.85516	-1.0
331.86963	-1.0
331.8728	-1.0
331.87592	-1.0
331.91373	-1.0
331.92773	1.0
331.93185	-1.0
331.9517	-1.0
331.96573	-1.0
331.99457	-1.0
332.02747	-1.0
332.0447	1.0
332.07727	-1.0
332.09488	-1.0
332.1097	-1.0
332.17664	-1.0
332.18097	-1.0
332.20056	-1.0
332.2034	-1.0
332.2188	-1.0
332.2707	-1.0
332.568	-1.0
332.7516	-1.0
332.80804	-1.0
332.8199	-1.0
337.32748	1.0
338.18463	1.0
338.1971	1.0
338.21045	-1.0
338.21323	1.0
338.2161	-1.0
338.22592	-1.0
338.24057	-1.0
338.26163	-1.0
338.2647	-1.0
338.2676	-1.0
338.29224	-1.0
338.29825	-1.0
338.325	-1.0
338.33127	1.0
338.34393	-1.0
338.3806	1.0
338.41107	1.0
338.42953	-1.0
338.45435	-1.0
338.49457	-1.0
338.52386	-1.0
338.53583	-1.0
338.55893	-1.0
338.65335	-1.0
338.6564	-1.0
338.75613	-1.0
338.77133	-1.0
338.7765	-1.0
338.82104	-1.0
338.8238	-1.0
338.8527	-1.0
338.98972	-1.0
343.23157	1.0
343.2407	1.0
343.27112	1.0
343.2795	-1.0
343.31537	-1.0
343.3546	-1.0
343.40988	-1.0
343.41904	-1.0
343.53763	-1.0
343.5634	-1.0
343.60797	-1.0
343.63013	-1.0
343.6343	-1.0
343.6672	-1.0
343.72763	-1.0
343.78647	-1.0
343.8016	-1.0
343.82867	-1.0
344.04965	-1.0
348.6081	-1.0
348.61932	-1.0
348.62415	1.0
348.629	-1.0
348.639	1.0
348.67072	-1.0
348.68463	-1.0
348.68973	-1.0
348.7242	-1.0
348.74026	-1.0
348.75632	-1.0
348.84787	1.0
348.9068	1.0
348.93744	-1.0
348.9495	-1.0
349.0891	-1.0
349.11624	1.0
349.161	1.0
349.18445	-1.0
349.18768	-1.0
349.27267	-1.0
349.33716	1.0
349.38867	-1.0
349.44275	1.0
353.5894	-1.0
353.6039	1.0
353.61664	-1.0
353.621	1.0
353.64243	-1.0
353.659	1.0
353.66977	-1.0
353.70847	-1.0
353.71555	1.0
353.7368	-1.0
353.76764	-1.0
353.82437	-1.0
353.8522	-1.0
353.86813	1.0
353.89792	-1.0
353.901	-1.0
354.0645	1.0
354.09024	-1.0
354.1049	-1.0
354.1128	-1.0
354.12177	-1.0
354.1253	-1.0
354.50015	-1.0
358.3648	-1.0
358.37427	-1.0
358.378	1.0
358.40085	1.0
358.44177	1.0
358.4982	-1.0
358.50165	-1.0
358.532	-1.0
358.53732	-1.0
358.58752	-1.0
358.6081	-1.0
358.61133	-1.0
358.65137	-1.0
358.72095	-1.0
358.79373	-1.0
358.83545	1.0
358.98175	-1.0
359.0635	-1.0
359.27875	-1.0
359.33035	-1.0
363.51804	1.0
363.52792	1.0
363.56912	-1.0
363.58575	-1.0
363.59067	1.0
363.59332	1.0
363.5981	-1.0
363.65067	1.0
363.70496	-1.0
363.72153	-1.0
363.7849	-1.0
363.8359	-1.0
363.91425	-1.0
363.91824	1.0
363.93036	-1.0
363.934	-1.0
363.95395	-1.0
363.9584	-1.0
363.96408	-1.0
363.96786	-1.0
364.2994	-1.0
364.71027	1.0
368.40887	-1.0
368.41833	-1.0
368.43097	-1.0
368.46512	-1.0
368.48132	-1.0
368.48935	-1.0
368.5003	-1.0
368.50528	-1.0
368.52	-1.0
368.54736	-1.0
368.55536	-1.0
368.5591	-1.0
368.58325	1.0
368.64148	-1.0
368.65833	-1.0
368.78384	1.0
368.8391	1.0
368.8719	1.0
368.914	-1.0
368.99313	1.0
373.12677	-1.0
373.16312	1.0
373.21448	-1.0
373.2332	-1.0
373.2722	-1.0
373.2827	1.0
373.28763	-1.0
373.29053	-1.0
373.29868	-1.0
373.30292	-1.0
373.3082	-1.0
373.3117	-1.0
373.31973	-1.0
373.32993	-1.0
373.3334	-1.0
373.33688	-1.0
373.35916	-1.0
373.3682	-1.0
373.38354	-1.0
373.4235	-1.0
373.44073	-1.0
373.457	-1.0
373.46716	-1.0
373.4836	-1.0
373.50504	-1.0
373.51562	-1.0
373.52063	-1.0
373.52484	-1.0
373.5284	-1.0
373.5357	-1.0
373.55167	-1.0
373.88364	-1.0
374.16867	-1.0
374.18185	1.0
377.97192	-1.0
377.98108	1.0
378.02667	1.0
378.04697	-1.0
378.05045	-1.0
378.10608	-1.0
378.1138	-1.0
378.11987	-1.0
378.13232	-1.0
378.13797	-1.0
378.14056	-1.0
378.14703	-1.0
378.1565	-1.0
378.16324	-1.0
378.17743	-1.0
378.1909	-1.0
378.19412	-1.0
378.19724	-1.0
378.22852	-1.0
378.2402	-1.0
378.2745	-1.0
378.46765	-1.0
378.48468	1.0
378.5104	-1.0
378.54477	-1.0
378.57513	-1.0
378.58698	-1.0
378.59485	-1.0
378.61316	-1.0
378.6159	-1.0
378.64163	-1.0
378.64816	1.0
378.70312	-1.0
383.0205	-1.0
383.04623	1.0
383.0906	-1.0
383.1057	-1.0
383.12415	-1.0
383.13348	-1.0
383.13773	-1.0
383.14984	-1.0
383.15384	-1.0
383.1746	1.0
383.1788	-1.0
383.1884	1.0
383.2239	-1.0
383.3054	-1.0
383.32953	-1.0
383.33417	1.0
383.3695	-1.0
383.37332	-1.0
383.37872	-1.0
383.41748	-1.0
383.4302	-1.0
383.448	-1.0
383.46375	-1.0
383.4726	-1.0
383.49677	-1.0
383.63293	-1.0
383.67636	1.0
383.7209	-1.0
383.7234	-1.0
384.007	-1.0
388.0574	1.0
388.0938	-1.0
388.14136	1.0
388.1549	-1.0
388.16333	-1.0
388.1668	-1.0
388.16937	1.0
388.17783	-1.0
388.1846	-1.0
388.18964	-1.0
388.22244	1.0
388.22583	-1.0
388.22845	-1.0
388.27203	-1.0
388.3262	-1.0
388.35083	-1.0
388.36325	-1.0
388.38425	-1.0
388.39316	-1.0
388.41647	-1.0
388.4467	-1.0
388.4582	-1.0
388.4821	-1.0
388.49564	-1.0
388.52768	-1.0
388.54517	-1.0
388.54935	-1.0
388.56668	-1.0
388.64636	-1.0
388.76056	1.0
388.80347	-1.0
392.77356	1.0
392.79285	-1.0
392.856	1.0
392.8936	-1.0
392.898	-1.0
392.9011	-1.0
392.91757	-1.0
392.92053	1.0
392.93	-1.0
392.93875	-1.0
392.95035	-1.0
392.9561	-1.0
392.99683	-1.0
392.9999	-1.0
393.01636	-1.0
393.04196	-1.0
393.0728	-1.0
393.09784	-1.0
393.17963	-1.0
393.19577	-1.0
393.26288	-1.0
393.30057	1.0
393.31732	-1.0
393.36273	-1.0
393.37204	-1.0
393.6404	-1.0
393.70544	-1.0
393.75943	-1.0
397.1784	-1.0
397.2678	-1.0
397.2804	-1.0
397.28955	-1.0
397.29532	-1.0
397.3004	-1.0
397.30295	-1.0
397.30692	-1.0
397.31183	-1.0
397.3357	-1.0
397.3396	-1.0
397.3437	-1.0
397.35785	-1.0
397.3751	1.0
397.39148	-1.0
397.39407	-1.0
397.42624	-1.0
397.4443	1.0
397.4528	-1.0
397.4778	-1.0
397.49875	-1.0
397.5146	-1.0
397.54053	-1.0
397.54367	-1.0
397.55	-1.0
397.55368	-1.0
397.5982	-1.0
397.61487	-1.0
397.7093	-1.0
402.10812	-1.0
402.16772	-1.0
402.17856	1.0
402.18625	-1.0
402.1892	1.0
402.19565	-1.0
402.19824	-1.0
402.20297	-1.0
402.211	-1.0
402.21796	-1.0
402.22107	1.0
402.2277	1.0
402.23996	-1.0
402.243	-1.0
402.2611	-1.0
402.26816	1.0
402.29395	-1.0
402.2965	-1.0
402.32596	-1.0
402.3299	-1.0
402.35413	-1.0
402.3604	-1.0
402.3845	-1.0
402.39233	-1.0
402.40723	-1.0
402.4327	-1.0
402.45172	-1.0
402.45456	-1.0
402.45737	-1.0
402.51743	-1.0
402.5202	-1.0
402.5229	-1.0
402.56296	-1.0
402.58633	-1.0
402.62463	-1.0
407.4026	-1.0
407.44827	-1.0
407.46585	-1.0
407.4848	-1.0
407.489	-1.0
407.49335	-1.0
407.49612	1.0
407.50024	-1.0
407.50308	-1.0
407.51285	-1.0
407.51535	-1.0
407.51837	-1.0
407.5341	-1.0
407.54608	1.0
407.55652	-1.0
407.56073	-1.0
407.57495	-1.0
407.58984	-1.0
407.59503	-1.0
407.60757	1.0
407.62207	-1.0
407.64267	1.0
407.64532	-1.0
407.65384	-1.0
407.65637	-1.0
407.66733	-1.0
407.68933	-1.0
407.7066	-1.0
407.7428	-1.0
407.78085	-1.0
407.8301	-1.0
407.86972	-1.0
407.88916	-1.0
407.89633	1.0
407.91492	-1.0
408.1318	-1.0
408.3206	-1.0
411.78247	-1.0
411.81973	-1.0
411.82568	1.0
411.83368	-1.0
411.8372	-1.0
411.84152	-1.0
411.84515	1.0
411.84915	-1.0
411.86633	-1.0
411.8691	-1.0
411.87268	1.0
411.89355	-1.0
411.9109	-1.0
411.9262	-1.0
411.9296	-1.0
411.94955	-1.0
411.97415	-1.0
411.97684	-1.0
411.98315	-1.0
412.02155	1.0
412.03552	-1.0
412.0566	-1.0
412.06073	-1.0
412.07547	-1.0
412.11948	-1.0
412.1326	-1.0
412.22147	-1.0
412.2278	-1.0
412.31995	-1.0
416.62775	1.0
416.64377	-1.0
416.6464	-1.0
416.65167	-1.0
416.66113	-1.0
416.66476	1.0
416.6804	1.0
416.6872	-1.0
416.6972	-1.0
416.7082	-1.0
416.7176	-1.0
416.7448	-1.0
416.74753	-1.0
416.7536	-1.0
416.7686	-1.0
416.77332	-1.0
416.77585	-1.0
416.80887	-1.0
416.82635	-1.0
416.8412	-1.0
416.8535	-1.0
416.86908	1.0
416.8952	-1.0
416.9018	-1.0
416.9237	-1.0
416.9513	-1.0
417.0139	-1.0
417.0164	-1.0
417.1612	1.0
417.17572	-1.0
417.18344	-1.0
417.22797	-1.0
417.3841	-1.0
417.3883	-1.0
421.2814	-1.0
421.30707	-1.0
421.31503	-1.0
421.31815	-1.0
421.3222	-1.0
421.32477	-1.0
421.3325	-1.0
421.33536	-1.0
421.33932	1.0
421.35025	-1.0
421.3563	-1.0
421.37723	-1.0
421.3841	-1.0
421.389	-1.0
421.40384	-1.0
421.4131	-1.0
421.4254	-1.0
421.42996	-1.0
421.44797	-1.0
421.4536	-1.0
421.47925	-1.0
421.50003	-1.0
421.53052	-1.0
421.55457	-1.0
421.56436	-1.0
421.57315	-1.0
421.5999	-1.0
421.63376	-1.0
421.63736	-1.0
421.6613	-1.0
421.68887	-1.0
421.71243	-1.0
421.76416	-1.0
421.7893	-1.0
421.8763	-1.0
421.9426	-1.0
425.66708	-1.0
425.71436	-1.0
425.72095	-1.0
425.7317	-1.0
425.7344	-1.0
425.73816	-1.0
425.75253	-1.0
425.75525	1.0
425.77573	-1.0
425.80103	1.0
425.8043	-1.0
425.81042	-1.0
425.84375	-1.0
425.84695	-1.0
425.8832	-1.0
425.89	1.0
425.9392	-1.0
425.94452	-1.0
425.9489	1.0
425.98672	-1.0
425.99857	-1.0
426.01755	-1.0
426.02045	-1.0
426.03976	-1.0
426.09488	-1.0
426.1013	-1.0
426.1094	-1.0
426.1495	-1.0
426.19647	-1.0
426.20575	-1.0
426.23123	-1.0
429.6367	-1.0
429.64407	1.0
429.65817	-1.0
429.67096	-1.0
429.67545	1.0
429.67795	1.0
429.68793	-1.0
429.692	-1.0
429.7053	-1.0
429.7101	-1.0
429.71585	-1.0
429.72318	-1.0
429.74854	-1.0
429.75223	-1.0
429.78073	-1.0
429.7979	-1.0
429.80295	-1.0
429.806	-1.0
429.80856	-1.0
429.833	1.0
429.836	-1.0
429.8719	-1.0
429.87476	-1.0
429.8817	-1.0
429.94647	-1.0
429.9542	-1.0
429.9991	-1.0
430.02747	-1.0
430.095	-1.0
430.11288	-1.0
430.12173	-1.0
433.64	-1.0
433.64667	-1.0
433.67404	-1.0
433.68503	-1.0
433.68756	-1.0
433.6908	-1.0
433.70367	-1.0
433.70633	1.0
433.72055	-1.0
433.72595	-1.0
433.74283	-1.0
433.754	-1.0
433.76184	-1.0
433.76727	-1.0
433.78732	-1.0
433.79276	-1.0
433.8072	-1.0
433.81357	-1.0
433.85284	-1.0
433.8971	-1.0
433.9	-1.0
433.94592	1.0
433.95233	-1.0
434.00528	-1.0
434.00787	-1.0
434.05188	-1.0
434.06052	1.0
434.07935	-1.0
434.08463	-1.0
434.15424	-1.0
437.42737	-1.0
437.46555	-1.0
437.49893	-1.0
437.50735	-1.0
437.50995	-1.0
437.5174	-1.0
437.5205	-1.0
437.52567	-1.0
437.53244	-1.0
437.53497	-1.0
437.5384	-1.0
437.55765	-1.0
437.57965	-1.0
437.58243	-1.0
437.5999	-1.0
437.623	-1.0
437.6259	-1.0
437.62848	-1.0
437.6526	-1.0
437.66544	-1.0
437.6684	-1.0
437.7181	-1.0
437.72095	-1.0
437.7497	-1.0
437.8092	-1.0
437.84045	-1.0
437.86703	-1.0
437.9436	-1.0
438.18488	-1.0
442.4668	-1.0
442.4799	-1.0
442.49832	-1.0
442.5034	-1.0
442.50748	-1.0
442.51068	-1.0
442.51773	-1.0
442.52136	-1.0
442.53363	-1.0
442.54105	-1.0
442.54385	1.0
442.56253	-1.0
442.56808	-1.0
442.57428	-1.0
442.5778	-1.0
442.58286	-1.0
442.59796	-1.0
442.61737	-1.0
442.62808	-1.0
442.64536	-1.0
442.66296	-1.0
442.67172	-1.0
442.6762	-1.0
442.67975	-1.0
442.7147	-1.0
442.73337	-1.0
442.7488	-1.0
442.7563	-1.0
442.7964	-1.0
442.81625	-1.0
442.83972	-1.0
442.88852	-1.0
442.89233	-1.0
442.96332	-1.0
443.0504	-1.0
446.34756	-1.0
446.3553	1.0
446.36105	-1.0
446.36688	1.0
446.37827	-1.0
446.38147	-1.0
446.39923	-1.0
446.4019	1.0
446.40704	-1.0
446.4282	-1.0
446.43124	1.0
446.4395	1.0
446.45236	-1.0
446.45557	-1.0
446.4674	-1.0
446.4786	1.0
446.48383	-1.0
446.51443	-1.0
446.5382	-1.0
446.54605	-1.0
446.57843	-1.0
446.60928	1.0
446.6512	-1.0
446.73996	-1.0
446.76996	-1.0
446.8448	-1.0
446.91757	-1.0
450.38553	-1.0
450.39288	1.0
450.40283	1.0
450.4098	-1.0
450.41248	-1.0
450.41785	-1.0
450.42056	1.0
450.43005	-1.0
450.43375	-1.0
450.43753	-1.0
450.4566	-1.0
450.46048	-1.0
450.4784	-1.0
450.49252	-1.0
450.49545	-1.0
450.5166	-1.0
450.5278	-1.0
450.53967	-1.0
450.54245	-1.0
450.564	-1.0
450.59064	-1.0
450.6205	-1.0
450.6466	-1.0
450.70328	-1.0
450.7222	-1.0
450.8211	-1.0
450.82745	-1.0
453.94543	1.0
453.94843	-1.0
453.95645	-1.0
453.9622	-1.0
453.97208	-1.0
453.97592	-1.0
453.98035	1.0
453.9831	-1.0
453.99664	-1.0
454.00128	-1.0
454.00403	1.0
454.02084	-1.0
454.02597	-1.0
454.04263	-1.0
454.05997	-1.0
454.06247	-1.0
454.0685	-1.0
454.10364	-1.0
454.14523	-1.0
454.1829	-1.0
454.1968	-1.0
454.29037	-1.0
454.3202	-1.0
454.35797	-1.0
457.4492	1.0
457.4778	-1.0
457.48605	-1.0
457.48892	-1.0
457.49756	-1.0
457.50537	-1.0
457.50903	-1.0
457.51868	-1.0
457.52713	-1.0
457.54248	-1.0
457.5466	-1.0
457.54968	-1.0
457.57068	-1.0
457.59457	-1.0
457.6007	-1.0
457.62897	-1.0
457.68936	-1.0
457.6971	-1.0
457.7536	-1.0
457.805	-1.0
457.80884	-1.0
457.86096	-1.0
460.69873	-1.0
460.72668	1.0
460.72943	-1.0
460.73877	-1.0
460.74255	-1.0
460.74515	-1.0
460.74768	-1.0
460.75876	-1.0
460.7629	-1.0
460.77753	1.0
460.78204	-1.0
460.80313	1.0
460.807	-1.0
460.81107	-1.0
460.8297	-1.0
460.84375	-1.0
460.847	-1.0
460.88397	-1.0
460.9203	-1.0
460.94403	-1.0
460.97223	-1.0
460.99847	1.0
461.01425	-1.0
461.07687	-1.0
461.11087	-1.0
461.11508	-1.0
461.119	-1.0
461.2387	-1.0
464.1662	-1.0
464.17227	-1.0
464.1762	-1.0
464.19028	1.0
464.1935	-1.0
464.20355	-1.0
464.20697	1.0
464.2126	-1.0
464.219	-1.0
464.22208	-1.0
464.23672	-1.0
464.24084	1.0
464.24335	1.0
464.24655	-1.0
464.25864	-1.0
464.27032	-1.0
464.27512	-1.0
464.30103	-1.0
464.3134	-1.0
464.33405	-1.0
464.35663	-1.0
464.3794	-1.0
464.382	-1.0
464.40216	-1.0
464.41632	-1.0
464.43777	-1.0
464.4601	-1.0
464.46317	-1.0
464.57132	-1.0
464.58624	-1.0
464.63556	-1.0
467.681	1.0
467.6898	-1.0
467.6962	-1.0
467.70193	-1.0
467.70517	-1.0
467.71497	-1.0
467.71893	-1.0
467.73608	-1.0
467.73907	-1.0
467.7442	-1.0
467.75696	1.0
467.76157	-1.0
467.7649	-1.0
467.76892	-1.0
467.77496	-1.0
467.80283	-1.0
467.8094	-1.0
467.83197	1.0
467.8354	-1.0
467.84625	-1.0
467.85696	-1.0
467.8838	-1.0
467.88867	-1.0
467.94836	1.0
467.9558	-1.0
467.96225	-1.0
468.06525	-1.0
470.9423	-1.0
470.94836	-1.0
470.9757	-1.0
470.98264	-1.0
470.98972	-1.0
470.9929	-1.0
470.99664	1.0
471.00912	-1.0
471.01285	-1.0
471.028	-1.0
471.03104	-1.0
471.0354	-1.0
471.0493	-1.0
471.0662	-1.0
471.09604	-1.0
471.12485	-1.0
471.13516	-1.0
471.17072	-1.0
471.2003	-1.0
471.23553	-1.0
471.2408	-1.0
471.29672	-1.0
471.31476	-1.0
471.3206	-1.0
471.4359	-1.0
471.51337	-1.0
473.93857	-1.0
473.94348	-1.0
473.94696	-1.0
473.9539	-1.0
473.95663	1.0
473.9714	-1.0
473.9739	-1.0
473.98373	-1.0
473.99207	-1.0
473.9965	-1.0
474.02316	-1.0
474.0278	-1.0
474.0316	-1.0
474.0618	-1.0
474.07452	-1.0
474.08548	-1.0
474.09415	-1.0
474.1128	-1.0
474.14713	-1.0
474.16052	-1.0
474.2195	-1.0
474.24237	-1.0
476.91504	-1.0
476.92413	-1.0
476.92664	-1.0
476.9341	-1.0
476.94168	1.0
476.9444	1.0
476.9553	-1.0
476.963	-1.0
476.98648	-1.0
476.9911	-1.0
477.0136	-1.0
477.0409	-1.0
477.05008	-1.0
477.05484	-1.0
477.07724	-1.0
477.0824	-1.0
477.09128	-1.0
477.11072	-1.0
477.12436	-1.0
479.80872	-1.0
479.81183	-1.0
479.82208	-1.0
479.8326	-1.0
479.8364	-1.0
479.8391	1.0
479.8431	-1.0
479.8486	-1.0
479.8571	-1.0
479.8683	-1.0
479.88123	-1.0
479.88467	-1.0
479.9088	-1.0
479.91592	-1.0
479.92953	-1.0
479.935	-1.0
479.95224	1.0
479.96088	-1.0
479.9685	-1.0
479.9757	-1.0
480.0179	-1.0
480.02985	-1.0
480.03757	-1.0
480.11	-1.0
482.5016	-1.0
482.50455	-1.0
482.5138	-1.0
482.52213	-1.0
482.52463	-1.0
482.52716	-1.0
482.52972	-1.0
482.53964	-1.0
482.54712	-1.0
482.55316	1.0
482.56992	-1.0
482.57584	-1.0
482.59677	-1.0
482.60013	-1.0
482.60437	-1.0
482.60715	-1.0
482.6269	-1.0
482.64908	-1.0
482.6743	-1.0
482.68396	-1.0
482.70593	-1.0
482.74472	-1.0
482.75845	-1.0
482.76572	1.0
485.71555	-1.0
485.7391	-1.0
485.75272	1.0
485.75867	-1.0
485.76285	-1.0
485.7737	-1.0
485.78845	-1.0
485.79117	-1.0
485.79388	1.0
485.79736	-1.0
485.81488	-1.0
485.8221	-1.0
485.8418	-1.0
485.8575	-1.0
485.86044	-1.0
485.86316	-1.0
485.88837	-1.0
485.89172	-1.0
485.9077	-1.0
485.934	-1.0
485.99316	-1.0
486.2855	-1.0
489.06168	-1.0
489.0694	-1.0
489.074	1.0
489.08148	-1.0
489.08508	-1.0
489.08923	-1.0
489.09512	-1.0
489.0991	-1.0
489.10333	-1.0
489.11017	-1.0
489.12363	-1.0
489.12964	-1.0
489.14993	1.0
489.15244	-1.0
489.15607	-1.0
489.17108	-1.0
489.18225	-1.0
489.19	-1.0
489.21344	-1.0
489.21616	-1.0
489.25436	-1.0
489.26392	-1.0
489.2822	-1.0
489.2892	-1.0
489.31937	-1.0
492.67236	-1.0
492.69904	-1.0
492.70343	-1.0
492.71036	-1.0
492.723	-1.0
492.73	-1.0
492.73737	-1.0
492.7521	-1.0
492.75873	-1.0
492.77927	-1.0
492.7818	-1.0
492.79752	-1.0
492.81497	1.0
492.82523	-1.0
492.84964	-1.0
492.85217	-1.0
492.85733	-1.0
492.91016	-1.0
492.93384	-1.0
492.96915	-1.0
492.97717	-1.0
493.05463	-1.0
495.44592	-1.0
495.4514	-1.0
495.4575	1.0
495.46164	-1.0
495.47113	-1.0
495.47363	-1.0
495.48657	-1.0
495.48993	-1.0
495.4965	-1.0
495.50772	-1.0
495.5148	-1.0
495.53217	-1.0
495.55304	-1.0
495.5613	-1.0
495.57944	-1.0
495.58493	-1.0
495.60452	-1.0
495.6277	-1.0
495.6317	-1.0
495.6349	-1.0
498.47693	-1.0
498.4872	-1.0
498.5031	-1.0
498.51068	1.0
498.52	-1.0
498.5227	1.0
498.528	-1.0
498.5375	-1.0
498.54004	-1.0
498.54697	-1.0
498.55005	-1.0
498.55417	-1.0
498.56763	-1.0
498.60095	-1.0
498.60443	-1.0
498.60828	-1.0
498.6258	-1.0
498.63736	-1.0
498.6437	-1.0
498.65463	-1.0
498.6775	-1.0
503.92172	-1.0
503.93307	-1.0
503.9373	-1.0
503.94135	1.0
503.9449	-1.0
503.94843	1.0
503.95227	-1.0
503.95956	-1.0
503.96207	-1.0
503.96564	-1.0
503.98148	-1.0
503.9851	-1.0
503.997	-1.0
503.9995	-1.0
504.0064	-1.0
504.0244	-1.0
504.02704	-1.0
504.0358	-1.0
504.07077	-1.0
504.09036	-1.0
504.10596	-1.0
504.1564	-1.0
504.2512	-1.0
504.26608	-1.0
504.31345	-1.0
504.32336	-1.0
504.3529	-1.0
504.3558	-1.0
504.35907	-1.0
504.506	1.0
506.93768	1.0
506.9459	-1.0
506.9535	-1.0
506.95605	-1.0
506.95905	-1.0
506.9619	-1.0
506.9755	-1.0
506.98	-1.0
507.00653	-1.0
507.01004	-1.0
507.0411	-1.0
507.0466	-1.0
507.0631	-1.0
507.1097	-1.0
507.14667	1.0
509.3821	1.0
509.4037	1.0
509.4163	-1.0
509.42368	-1.0
509.4292	-1.0
509.43195	-1.0
509.43704	-1.0
509.44452	-1.0
509.4497	-1.0
509.4701	-1.0
509.48468	-1.0
509.48752	-1.0
509.49164	-1.0
509.52023	-1.0
509.52386	-1.0
509.567	-1.0
509.57507	-1.0
509.59415	1.0
512.53485	1.0
512.5663	-1.0
512.5877	1.0
512.59247	-1.0
512.6031	-1.0
512.60803	-1.0
512.6116	-1.0
512.6152	1.0
512.6221	1.0
512.6265	-1.0
512.6296	-1.0
512.6419	-1.0
512.6445	-1.0
512.6652	-1.0
512.66846	-1.0
512.6852	1.0
512.6905	-1.0
512.709	-1.0
512.7351	-1.0
512.8133	-1.0
512.8637	-1.0
515.34845	1.0
515.3535	-1.0
515.3697	-1.0
515.3724	-1.0
515.384	-1.0
515.3879	-1.0
515.39453	-1.0
515.39716	-1.0
515.408	-1.0
515.41064	-1.0
515.4407	-1.0
515.4439	-1.0
515.4701	-1.0
515.4732	1.0
515.5236	-1.0
515.527	-1.0
518.2359	1.0
518.2591	1.0
518.27374	-1.0
518.28375	-1.0
518.28625	-1.0
518.2897	-1.0
518.3046	-1.0
518.3127	-1.0
518.32	-1.0
518.33325	-1.0
518.3421	-1.0
518.3515	-1.0
518.3679	-1.0
518.37915	1.0
518.3868	-1.0
518.4274	-1.0
518.4576	-1.0
518.4702	-1.0
521.3472	-1.0
521.3694	-1.0
521.39825	1.0
521.4083	-1.0
521.41174	-1.0
521.4162	-1.0
521.42664	-1.0
521.42914	-1.0
521.43207	-1.0
521.4454	-1.0
521.4483	-1.0
521.4548	-1.0
521.4652	-1.0
521.4761	-1.0
521.4889	-1.0
521.505	-1.0
521.5096	1.0
521.5477	-1.0
521.5554	-1.0
521.6058	-1.0
521.62366	-1.0
521.6457	-1.0
524.1602	-1.0
524.19653	1.0
524.2162	-1.0
524.2191	-1.0
524.2333	-1.0
524.23926	-1.0
524.2425	1.0
524.2659	-1.0
524.26855	-1.0
524.2932	-1.0
524.29785	-1.0
524.31573	-1.0
524.3334	-1.0
524.3369	-1.0
524.3598	-1.0
524.37115	-1.0
524.47174	-1.0
526.76074	-1.0
526.7806	-1.0
526.8035	-1.0
526.80707	-1.0
526.8124	-1.0
526.82117	-1.0
526.8324	-1.0
526.8364	-1.0
526.84076	-1.0
526.85443	1.0
526.86346	-1.0
526.88354	-1.0
526.89246	-1.0
526.9029	-1.0
527.5248	-1.0
529.8689	-1.0
530.08435	1.0
530.09406	-1.0
530.09924	-1.0
530.10205	1.0
530.10474	1.0
530.11426	1.0
530.11694	-1.0
530.1195	-1.0
530.1233	-1.0
530.1398	-1.0
530.1423	-1.0
530.1542	-1.0
530.16675	-1.0
530.16925	-1.0
530.19214	-1.0
530.1982	-1.0
530.20087	1.0
530.20337	-1.0
530.27594	-1.0
530.36053	-1.0
533.5734	-1.0
533.5861	-1.0
533.5997	-1.0
533.60754	-1.0
533.61066	1.0
533.62067	1.0
533.6336	-1.0
533.639	-1.0
533.64825	1.0
533.6728	-1.0
533.6836	1.0
533.688	1.0
533.7155	-1.0
533.75995	-1.0
535.9514	-1.0
535.9832	1.0
536.0578	-1.0
536.2837	1.0
536.3004	-1.0
536.3207	-1.0
536.32416	-1.0
536.33374	-1.0
536.33954	-1.0
536.3476	1.0
536.352	-1.0
536.3609	-1.0
536.3659	-1.0
536.3712	-1.0
536.3955	-1.0
536.40027	-1.0
536.4044	-1.0
536.42975	-1.0
536.4406	-1.0
536.497	-1.0
538.4447	-1.0
538.4489	-1.0
538.4557	1.0
538.4632	-1.0
538.4749	-1.0
538.4781	-1.0
538.49146	-1.0
538.50006	-1.0
538.5026	-1.0
538.51886	-1.0
538.52246	-1.0
538.5665	-1.0
538.5859	1.0
541.8698	-1.0
541.9172	-1.0
541.9319	1.0
541.9372	-1.0
541.94696	1.0
541.95056	-1.0
541.957	-1.0
541.9746	-1.0
541.97754	-1.0
541.9814	-1.0
542.0123	-1.0
542.0546	1.0
542.0577	-1.0
542.0603	-1.0
542.0813	-1.0
542.0886	-1.0
542.1272	-1.0
544.5913	-1.0
547.02374	-1.0
547.0272	1.0
547.044	1.0
547.047	-1.0
547.0495	-1.0
547.0524	-1.0
547.0553	-1.0
547.06256	-1.0
547.0687	-1.0
547.0796	-1.0
547.08246	-1.0
547.0855	-1.0
547.1048	-1.0
547.12573	-1.0
547.1301	-1.0
547.13605	1.0
547.15424	-1.0
547.1638	-1.0
547.17914	-1.0
547.19965	-1.0
547.20526	-1.0
547.2693	-1.0
547.31586	-1.0
551.82935	1.0
551.8331	-1.0
551.8471	-1.0
551.8526	-1.0
551.86	-1.0
551.8673	1.0
551.8703	-1.0
551.8869	-1.0
551.89325	-1.0
551.89667	-1.0
551.9022	-1.0
551.9173	-1.0
551.9344	-1.0
551.9559	-1.0
551.96	-1.0
551.99097	-1.0
552.00836	-1.0
552.03326	-1.0
556.0634	-1.0
556.0777	-1.0
556.0854	-1.0
556.0913	-1.0
556.0988	1.0
556.1141	-1.0
556.13324	-1.0
556.1437	-1.0
556.1816	-1.0
556.1849	-1.0
559.7798	-1.0
559.8018	1.0
559.84064	1.0
559.8438	-1.0
559.8567	-1.0
559.8642	-1.0
559.8712	-1.0
559.8759	-1.0
559.87933	-1.0
559.8894	-1.0
559.89966	-1.0
559.90466	-1.0
559.91394	-1.0
559.92126	-1.0
559.95135	-1.0
559.9568	-1.0
559.9628	-1.0
559.9729	-1.0
559.9841	-1.0
560.0464	-1.0
562.7447	-1.0
562.77716	-1.0
562.839	-1.0
562.89087	-1.0
562.89777	1.0
562.9259	-1.0
562.93176	1.0
562.944	-1.0
562.94666	-1.0
562.95374	-1.0
562.97406	-1.0
562.97815	-1.0
562.98346	-1.0
562.98926	-1.0
563.01324	-1.0
563.0365	-1.0
563.07623	-1.0
567.0858	1.0
567.14465	-1.0
567.14856	1.0
567.16187	-1.0
567.16437	-1.0
567.17053	-1.0
567.17505	-1.0
567.18097	-1.0
567.196	-1.0
567.2003	-1.0
567.2035	-1.0
567.20966	-1.0
567.2142	-1.0
567.2192	-1.0
567.2466	-1.0
567.2652	-1.0
567.2727	-1.0
567.2755	-1.0
567.3385	-1.0
574.8079	1.0
574.8384	1.0
574.84753	-1.0
574.8658	-1.0
574.86926	-1.0
574.87286	-1.0
574.8754	-1.0
574.8797	-1.0
574.89246	-1.0
574.90497	-1.0
574.9106	-1.0
574.9351	-1.0
574.9512	-1.0
574.957	-1.0
574.98694	-1.0
575.0118	-1.0
575.0608	-1.0
575.0697	-1.0
578.43585	-1.0
578.48956	-1.0
578.53253	-1.0
578.551	-1.0
578.5547	-1.0
578.56464	-1.0
578.5689	-1.0
578.5822	-1.0
578.5853	-1.0
578.60614	-1.0
578.611	-1.0
578.6239	-1.0
578.63043	1.0
578.6428	-1.0
578.6806	-1.0
578.6896	-1.0
578.69635	-1.0
578.7528	-1.0
581.59845	-1.0
581.8264	-1.0
581.89087	-1.0
581.90137	1.0
581.90753	-1.0
581.9159	-1.0
581.9196	-1.0
581.93335	-1.0
581.9362	-1.0
581.9397	-1.0
581.9541	-1.0
581.96423	-1.0
581.97314	-1.0
582.00525	-1.0
582.0298	-1.0
582.0343	-1.0
582.0404	-1.0
582.0542	-1.0
582.05774	-1.0
582.12213	-1.0
582.1763	-1.0
586.7728	-1.0
586.7785	-1.0
586.7826	-1.0
586.8355	-1.0
586.8416	-1.0
586.85205	-1.0
586.8604	-1.0
586.8697	-1.0
586.87244	-1.0
586.931	-1.0
586.9346	-1.0
586.9375	-1.0
586.9643	-1.0
586.9958	-1.0
587.04333	-1.0
587.04785	-1.0
587.05273	-1.0
587.4723	-1.0
593.18866	-1.0
593.1925	-1.0
593.21655	-1.0
593.21954	-1.0
593.2221	-1.0
593.226	-1.0
593.23035	-1.0
593.2338	-1.0
593.24304	-1.0
593.2557	1.0
593.2756	-1.0
593.2782	-1.0
593.29974	-1.0
593.31036	-1.0
593.3137	-1.0
593.3229	-1.0
593.32745	-1.0
593.36224	1.0
593.3658	-1.0
593.37854	-1.0
593.38226	-1.0
597.0754	-1.0
597.0927	-1.0
597.0993	1.0
597.10443	-1.0
597.14044	1.0
597.1829	-1.0
597.1869	-1.0
597.2037	-1.0
597.2073	-1.0
597.21014	-1.0
597.22394	-1.0
597.22906	-1.0
597.2358	-1.0
597.2444	-1.0
597.26013	-1.0
597.2672	-1.0
597.2738	-1.0
597.2771	-1.0
597.33154	-1.0
597.33636	-1.0
597.3792	-1.0
597.3934	1.0
597.402	-1.0
597.42	1.0
597.4392	-1.0
597.4876	-1.0
