0.0992	-1.0
0.12444	-1.0
0.14872	1.0
0.18864	1.0
0.25612	-1.0
0.27404	-1.0
0.31324	-1.0
0.33976	-1.0
0.3654	1.0
0.37692	1.0
0.40724	1.0
0.41252	1.0
0.42748	-1.0
0.44816	-1.0
0.5318	-1.0
0.57528	-1.0
0.62456	-1.0
0.65656	1.0
0.71232	-1.0
0.81684	1.0
0.84044	1.0
0.88052	1.0
0.91592	1.0
1.04024	1.0
1.11892	1.0
1.13948	-1.0
1.15944	-1.0
1.3226	1.0
1.3444	1.0
1.35424	1.0
1.37816	1.0
1.42692	-1.0
1.47656	1.0
1.57052	-1.0
5.3632	1.0
5.38364	1.0
5.39968	-1.0
5.42024	-1.0
5.42956	-1.0
5.44736	-1.0
5.45272	-1.0
5.46588	1.0
5.47776	-1.0
5.5056	-1.0
5.51368	-1.0
5.63212	1.0
5.68208	-1.0
5.72312	-1.0
5.83656	-1.0
5.88056	1.0
6.04052	1.0
6.04412	-1.0
6.07008	-1.0
6.07552	1.0
6.12264	1.0
6.15048	1.0
6.1752	1.0
6.18264	1.0
6.2662	1.0
6.30748	1.0
6.40876	-1.0
6.46708	1.0
6.47512	1.0
6.632	-1.0
6.64652	-1.0
6.7256	-1.0
6.7382	1.0
6.77004	1.0
6.77548	1.0
6.8304	-1.0
7.13292	1.0
7.17936	1.0
8.97464	1.0
8.98956	-1.0
9.00572	-1.0
9.0488	-1.0
9.10036	-1.0
9.12308	-1.0
9.20108	-1.0
9.22164	-1.0
9.25292	1.0
9.27304	1.0
9.2902	1.0
9.30344	-1.0
9.31312	1.0
9.33764	1.0
9.42052	1.0
9.45244	1.0
9.52356	1.0
9.5288	1.0
9.57568	1.0
9.5904	1.0
9.67844	1.0
9.711	-1.0
9.74844	-1.0
9.78208	1.0
9.87044	1.0
9.8886	-1.0
9.9126	1.0
9.92864	1.0
9.98176	1.0
9.99696	1.0
10.03476	1.0
10.15212	1.0
10.39632	1.0
10.81532	1.0
10.85596	1.0
10.89304	1.0
10.98604	1.0
11.22752	1.0
11.6586	1.0
11.68224	1.0
11.69608	-1.0
11.73396	1.0
11.7412	-1.0
11.75872	1.0
11.77796	1.0
11.83072	-1.0
11.85052	-1.0
11.87608	-1.0
11.89736	-1.0
11.93544	-1.0
11.97536	-1.0
11.99584	1.0
12.0244	1.0
12.11272	-1.0
12.11916	1.0
12.1356	1.0
12.30988	1.0
12.33012	1.0
12.34252	-1.0
12.45072	1.0
12.48012	-1.0
12.51576	1.0
12.64628	-1.0
12.67348	-1.0
14.90604	1.0
14.91756	-1.0
14.92704	1.0
14.94812	-1.0
14.96736	1.0
14.9766	-1.0
14.9818	-1.0
14.99004	1.0
15.00112	-1.0
15.01236	-1.0
15.01636	1.0
15.02472	-1.0
15.03744	-1.0
15.06752	-1.0
15.08976	-1.0
15.11916	-1.0
15.1232	1.0
15.12628	-1.0
15.15104	1.0
15.1852	1.0
15.20556	1.0
15.23164	1.0
15.24924	1.0
15.28144	-1.0
15.32648	-1.0
15.34328	1.0
15.3968	-1.0
15.5016	1.0
15.566	-1.0
15.58108	1.0
15.6126	-1.0
15.68768	1.0
15.70204	-1.0
15.79276	1.0
15.81412	1.0
15.88052	1.0
15.91392	-1.0
15.91832	1.0
15.94428	1.0
15.97336	1.0
16.01788	1.0
16.10124	-1.0
16.113	1.0
16.13148	1.0
16.27516	1.0
16.28632	-1.0
16.3112	1.0
16.32076	1.0
16.40596	1.0
16.43756	1.0
16.46812	-1.0
19.3618	1.0
19.37372	-1.0
19.39124	1.0
19.40356	-1.0
19.41376	1.0
19.4332	-1.0
19.44308	-1.0
19.44696	-1.0
19.4624	-1.0
19.51532	-1.0
19.56584	1.0
19.6644	1.0
19.75268	1.0
19.78692	1.0
19.82336	-1.0
19.85212	-1.0
19.8626	1.0
19.92856	-1.0
19.9396	1.0
20.04588	-1.0
20.1174	-1.0
20.15764	1.0
20.3196	-1.0
20.34424	-1.0
20.36768	1.0
20.4558	1.0
20.46116	-1.0
20.59292	1.0
20.6574	1.0
20.73488	1.0
20.766	1.0
20.80712	-1.0
20.83376	1.0
20.87944	1.0
20.974	1.0
24.79524	1.0
24.81712	1.0
24.84932	1.0
24.86104	-1.0
24.86564	-1.0
24.87184	1.0
24.89328	-1.0
24.90268	1.0
24.92572	-1.0
24.97124	-1.0
24.97916	1.0
24.98876	1.0
24.9976	-1.0
25.05804	1.0
25.06864	-1.0
25.0794	-1.0
25.13884	-1.0
25.16444	-1.0
25.18384	-1.0
25.2278	-1.0
25.25496	1.0
25.27048	-1.0
25.38144	1.0
25.39588	1.0
25.43896	1.0
25.44752	1.0
25.49456	-1.0
25.4974	-1.0
25.58292	-1.0
25.59216	1.0
25.63484	1.0
25.65296	1.0
25.76328	1.0
25.78836	1.0
26.18808	1.0
26.19968	-1.0
26.26784	1.0
26.28604	1.0
26.38008	1.0
26.4508	1.0
26.52252	1.0
29.80988	1.0
29.8144	-1.0
29.82016	1.0
29.82652	-1.0
29.83748	-1.0
29.8448	1.0
29.8474	1.0
29.856	1.0
29.86268	1.0
29.87724	-1.0
29.8832	1.0
29.95712	1.0
30.0208	1.0
30.04924	1.0
30.07992	1.0
30.14012	1.0
30.15388	-1.0
30.2034	-1.0
30.24272	1.0
30.2462	1.0
30.25536	1.0
30.28488	1.0
30.3072	-1.0
30.34348	1.0
30.3648	-1.0
30.41132	-1.0
30.54016	1.0
30.55056	1.0
30.71268	1.0
30.7418	-1.0
30.885	-1.0
30.91376	-1.0
30.92928	1.0
31.12408	-1.0
31.32276	1.0
31.35164	-1.0
31.36824	1.0
35.66368	1.0
35.68396	1.0
35.69104	-1.0
35.70168	-1.0
35.71476	1.0
35.72108	-1.0
35.72768	-1.0
35.74156	1.0
35.76144	-1.0
35.7808	-1.0
35.78612	1.0
35.84268	1.0
35.85888	1.0
35.89832	1.0
35.99932	-1.0
36.07796	1.0
36.08408	-1.0
36.09016	1.0
36.13116	1.0
36.23052	-1.0
36.25076	1.0
36.31448	1.0
36.32732	1.0
36.36352	1.0
36.42368	1.0
36.45288	1.0
36.5088	1.0
36.54012	1.0
36.58672	1.0
36.73232	1.0
36.83872	1.0
36.91448	1.0
36.91816	1.0
36.98656	1.0
37.06784	1.0
37.7702	1.0
37.81116	1.0
37.83944	1.0
37.85104	-1.0
37.8708	-1.0
37.88268	-1.0
37.8884	1.0
37.94236	-1.0
37.95524	-1.0
38.0156	1.0
40.44672	1.0
40.45224	1.0
40.45708	-1.0
40.46424	-1.0
40.47528	1.0
40.4872	1.0
40.50448	1.0
40.51636	-1.0
40.52276	-1.0
40.5318	1.0
40.54096	-1.0
40.54696	-1.0
40.56488	-1.0
40.58492	-1.0
40.62024	-1.0
40.63452	1.0
40.64136	-1.0
40.6612	1.0
40.6862	1.0
40.70524	1.0
40.718	1.0
40.77212	-1.0
40.77924	-1.0
40.8088	1.0
40.89128	1.0
40.89568	-1.0
40.92324	-1.0
40.93288	1.0
41.04284	-1.0
41.04808	1.0
41.05648	1.0
41.06004	-1.0
41.08904	1.0
41.09516	1.0
41.105	1.0
41.14484	1.0
41.15112	1.0
41.26108	1.0
41.26628	1.0
41.27932	-1.0
41.50728	1.0
41.51312	-1.0
41.56428	-1.0
41.62864	-1.0
41.7964	1.0
41.81464	1.0
41.85596	1.0
41.91244	-1.0
42.01328	1.0
44.64664	1.0
44.65744	1.0
44.66272	-1.0
44.67596	-1.0
44.68492	1.0
44.68828	-1.0
44.70488	-1.0
44.71772	-1.0
44.7256	-1.0
44.7318	-1.0
44.74028	1.0
44.7514	-1.0
44.7562	-1.0
44.78148	1.0
44.85396	1.0
44.8816	1.0
44.88456	-1.0
44.9014	1.0
44.91388	-1.0
44.92796	-1.0
44.9538	1.0
44.96556	1.0
44.96956	1.0
45.00716	1.0
45.02168	1.0
45.05432	-1.0
45.08144	-1.0
45.1238	1.0
45.13152	1.0
45.14136	-1.0
45.1798	-1.0
45.20932	1.0
45.2292	-1.0
45.24832	1.0
45.2596	-1.0
45.3602	-1.0
45.46184	1.0
45.56648	-1.0
45.57688	1.0
45.60452	1.0
45.70084	1.0
45.78252	1.0
45.79172	-1.0
45.81736	-1.0
45.84336	1.0
45.90032	-1.0
46.02532	1.0
49.20628	-1.0
49.22332	1.0
49.24328	-1.0
49.24588	-1.0
49.25584	-1.0
49.26516	1.0
49.2814	1.0
49.306	-1.0
49.32196	1.0
49.32968	1.0
49.3654	-1.0
49.36912	1.0
49.40764	-1.0
49.43072	-1.0
49.45068	-1.0
49.51112	1.0
49.57264	1.0
49.58184	1.0
49.60588	-1.0
49.65536	1.0
49.81404	1.0
49.9072	1.0
49.98504	-1.0
50.05852	1.0
50.0846	-1.0
50.26796	1.0
50.29868	-1.0
50.305	-1.0
50.37984	1.0
50.3948	-1.0
50.43212	1.0
50.56868	-1.0
50.6242	1.0
50.823	1.0
50.83376	-1.0
50.84176	1.0
50.86596	1.0
50.891	1.0
50.90416	1.0
50.94324	-1.0
54.4194	1.0
54.44444	1.0
54.44852	-1.0
54.45432	-1.0
54.4692	-1.0
54.47928	-1.0
54.48712	1.0
54.49928	1.0
54.50572	-1.0
54.50868	-1.0
54.5118	-1.0
54.52008	1.0
54.52612	1.0
54.5392	-1.0
54.54652	-1.0
54.57268	1.0
54.6108	1.0
54.67924	-1.0
54.70692	1.0
54.73208	1.0
54.94732	-1.0
55.09432	-1.0
55.10824	1.0
55.20172	1.0
55.20668	-1.0
55.33684	-1.0
55.38692	1.0
55.45232	1.0
55.45712	-1.0
55.47248	-1.0
55.56552	1.0
55.67816	1.0
55.72092	-1.0
55.74504	1.0
59.5734	1.0
59.57916	1.0
59.58628	1.0
59.58908	1.0
59.59872	-1.0
59.61156	-1.0
59.62844	1.0
59.64612	1.0
59.65048	-1.0
59.66544	1.0
59.67536	-1.0
59.693	-1.0
59.69692	1.0
59.72624	1.0
59.73872	1.0
59.75132	-1.0
59.76228	1.0
59.78972	1.0
59.79676	1.0
59.82356	-1.0
59.85668	-1.0
59.88036	1.0
59.90052	-1.0
59.94292	1.0
59.95964	-1.0
59.97316	1.0
60.01188	1.0
60.05772	-1.0
60.07856	1.0
60.08492	-1.0
60.1166	1.0
60.15868	1.0
60.16728	-1.0
60.20624	1.0
60.24756	-1.0
60.28028	-1.0
60.28476	-1.0
60.34724	1.0
60.361	1.0
60.3836	1.0
60.3934	1.0
60.41604	1.0
60.49764	1.0
60.5466	1.0
60.57796	1.0
60.61096	1.0
60.63508	1.0
60.6644	1.0
60.78476	1.0
63.814	1.0
63.82032	1.0
63.83456	1.0
63.84212	1.0
63.85128	1.0
63.86008	-1.0
63.87236	1.0
63.8908	1.0
63.89848	-1.0
63.91036	-1.0
63.92572	-1.0
63.93908	-1.0
63.94368	-1.0
63.97268	-1.0
63.9808	-1.0
63.98688	1.0
64.00032	1.0
64.02324	1.0
64.03084	1.0
64.06316	1.0
64.10128	1.0
64.13888	1.0
64.15332	-1.0
64.22724	1.0
64.25088	1.0
64.25388	-1.0
64.26744	1.0
64.31052	1.0
64.33376	1.0
64.33808	-1.0
64.35156	1.0
64.399	-1.0
64.5306	-1.0
64.53772	-1.0
64.6128	1.0
64.6556	-1.0
64.71332	-1.0
64.7396	1.0
64.77168	1.0
64.86156	1.0
64.91344	-1.0
64.92864	1.0
64.95044	-1.0
65.02736	1.0
65.0606	1.0
65.1498	1.0
68.225	1.0
68.23124	-1.0
68.24412	1.0
68.25204	-1.0
68.255	1.0
68.25908	-1.0
68.26776	-1.0
68.28044	1.0
68.28956	-1.0
68.297	1.0
68.3032	-1.0
68.34416	-1.0
68.38944	-1.0
68.4018	-1.0
68.42268	1.0
68.45332	-1.0
68.5362	-1.0
68.55232	-1.0
68.5578	1.0
68.57464	1.0
68.61196	-1.0
68.62824	-1.0
68.6596	-1.0
68.67396	1.0
68.71964	-1.0
68.79016	1.0
68.80324	-1.0
68.8114	1.0
68.83676	-1.0
68.85488	1.0
68.86752	-1.0
68.88844	1.0
68.92372	-1.0
68.95332	1.0
68.9986	1.0
69.01064	1.0
69.044	1.0
69.079	1.0
69.30704	-1.0
69.32328	1.0
69.33644	1.0
69.34596	1.0
69.40188	-1.0
73.506	1.0
73.51548	1.0
73.51896	1.0
73.52472	-1.0
73.534	1.0
73.53732	-1.0
73.5574	1.0
73.5692	-1.0
73.57388	-1.0
73.58716	1.0
73.59464	-1.0
73.6046	-1.0
73.62668	-1.0
73.6388	1.0
73.67628	-1.0
73.68128	1.0
73.68864	-1.0
73.70464	1.0
73.73584	-1.0
73.746	-1.0
73.76792	-1.0
73.78764	-1.0
73.81368	-1.0
73.83756	-1.0
73.88508	1.0
73.9672	-1.0
73.9904	1.0
74.08348	1.0
74.09028	-1.0
74.13952	1.0
74.15568	1.0
74.18776	-1.0
74.20768	1.0
74.23068	1.0
74.25312	-1.0
74.27556	-1.0
74.34716	1.0
74.40276	1.0
74.40604	-1.0
74.42944	1.0
74.52732	1.0
74.5608	1.0
74.58204	1.0
74.65212	1.0
74.7256	-1.0
74.7786	-1.0
78.46932	1.0
78.47788	-1.0
78.49092	-1.0
78.4944	1.0
78.5002	1.0
78.51132	1.0
78.5248	1.0
78.5312	-1.0
78.54816	1.0
78.56472	-1.0
78.57408	-1.0
78.59512	-1.0
78.60536	1.0
78.61252	-1.0
78.63248	1.0
78.66116	-1.0
78.68376	1.0
78.69432	-1.0
78.73164	-1.0
78.73688	-1.0
78.75964	-1.0
78.76996	1.0
78.77452	-1.0
78.82348	-1.0
78.86044	-1.0
78.8648	1.0
78.88032	-1.0
78.885	1.0
78.91268	-1.0
78.92164	1.0
78.95172	1.0
78.96156	-1.0
79.05084	-1.0
79.07668	-1.0
79.10984	1.0
79.1164	1.0
79.14256	1.0
79.20492	1.0
79.2334	1.0
79.25152	-1.0
79.27064	1.0
79.2922	-1.0
79.3536	-1.0
79.36384	1.0
79.4546	1.0
79.46492	1.0
79.63172	1.0
79.67228	1.0
79.75256	1.0
83.8686	1.0
83.87316	-1.0
83.8758	1.0
83.88256	1.0
83.88548	-1.0
83.89604	-1.0
83.89956	1.0
83.91592	-1.0
83.92392	-1.0
83.95028	1.0
83.96396	-1.0
83.98776	-1.0
83.99536	1.0
84.0138	1.0
84.01832	-1.0
84.02736	-1.0
84.05288	-1.0
84.08344	-1.0
84.10216	-1.0
84.11456	1.0
84.13192	1.0
84.15008	-1.0
84.1726	1.0
84.22192	-1.0
84.26112	1.0
84.28192	-1.0
84.3332	1.0
84.36868	-1.0
84.3992	-1.0
84.40196	-1.0
84.43416	1.0
84.47204	-1.0
84.49352	1.0
84.49956	1.0
84.52764	-1.0
84.5534	1.0
84.62204	1.0
84.64868	-1.0
84.66028	-1.0
84.7422	1.0
84.7914	1.0
84.79704	-1.0
84.86168	-1.0
84.87116	-1.0
84.88392	1.0
84.89672	-1.0
84.91816	1.0
84.92524	-1.0
84.95288	1.0
84.9988	1.0
85.02624	-1.0
85.10936	1.0
88.36572	1.0
88.3688	1.0
88.38056	1.0
88.38972	1.0
88.40288	1.0
88.40572	-1.0
88.41016	1.0
88.42592	-1.0
88.45616	-1.0
88.47568	1.0
88.48488	-1.0
88.49516	1.0
88.5056	1.0
88.51584	-1.0
88.55144	-1.0
88.572	-1.0
88.58784	-1.0
88.59288	1.0
88.64632	-1.0
88.65292	-1.0
88.678	-1.0
88.78792	-1.0
88.80456	1.0
88.8436	1.0
88.8828	1.0
88.90568	-1.0
88.92088	1.0
88.98692	-1.0
89.01512	1.0
89.02084	1.0
89.03744	1.0
89.06832	-1.0
89.1316	1.0
89.14272	1.0
89.25156	-1.0
89.2756	1.0
89.30708	1.0
89.36968	1.0
89.3906	1.0
89.4354	1.0
89.44856	1.0
89.4606	1.0
89.51384	-1.0
89.54756	-1.0
93.1802	1.0
93.19904	1.0
93.21072	1.0
93.22848	-1.0
93.23856	-1.0
93.24984	1.0
93.258	1.0
93.26144	-1.0
93.26904	-1.0
93.27716	1.0
93.29124	-1.0
93.30608	1.0
93.31856	-1.0
93.33312	-1.0
93.33792	1.0
93.35436	1.0
93.38204	-1.0
93.4032	1.0
93.40944	-1.0
93.44364	-1.0
93.4514	-1.0
93.45396	1.0
93.48424	1.0
93.48836	-1.0
93.50132	-1.0
93.52484	-1.0
93.55292	1.0
93.57396	-1.0
93.58952	1.0
93.6152	1.0
93.65556	-1.0
93.68732	-1.0
93.69828	-1.0
93.7008	1.0
93.75784	-1.0
93.78292	1.0
93.81552	-1.0
93.84568	1.0
93.885	1.0
93.96476	-1.0
93.96912	1.0
93.98456	1.0
93.99368	1.0
94.0876	1.0
94.11256	-1.0
94.13268	1.0
94.14644	-1.0
94.23076	1.0
94.2942	-1.0
94.3828	-1.0
94.41152	-1.0
94.424	1.0
94.44152	1.0
94.44824	-1.0
94.4764	1.0
94.50676	1.0
94.55116	1.0
94.61456	1.0
99.31904	-1.0
99.32244	1.0
99.32532	1.0
99.32788	1.0
99.3396	1.0
99.3422	-1.0
99.35728	1.0
99.36824	-1.0
99.3742	1.0
99.38648	1.0
99.39808	-1.0
99.41876	-1.0
99.43688	1.0
99.43984	-1.0
99.4652	1.0
99.48716	1.0
99.50828	-1.0
99.53832	1.0
99.56224	1.0
99.5748	1.0
99.60012	1.0
99.60912	-1.0
99.62212	1.0
99.69136	-1.0
99.6952	1.0
99.71372	-1.0
99.742	-1.0
99.77816	-1.0
99.79548	-1.0
99.79808	1.0
99.84456	-1.0
99.85968	-1.0
99.90404	1.0
99.90772	-1.0
99.93604	-1.0
99.95468	-1.0
99.9786	1.0
100.05776	-1.0
100.128	1.0
100.17844	1.0
100.25776	-1.0
100.27384	-1.0
100.27688	1.0
100.31176	1.0
100.32104	-1.0
100.45396	1.0
100.51764	1.0
100.5314	1.0
100.58852	1.0
100.6344	-1.0
100.63844	1.0
100.65836	-1.0
100.66516	1.0
100.67664	1.0
100.722	-1.0
100.74632	-1.0
100.847	-1.0
100.85916	-1.0
100.90452	1.0
100.91192	-1.0
100.96036	1.0
100.98168	-1.0
101.01916	1.0
101.14144	1.0
101.16396	1.0
104.58604	1.0
104.58856	-1.0
104.59152	-1.0
104.59596	-1.0
104.61016	-1.0
104.6214	1.0
104.63216	-1.0
104.67492	1.0
104.68912	-1.0
104.70944	-1.0
104.7302	-1.0
104.7426	1.0
104.76656	-1.0
104.819	1.0
104.84796	-1.0
104.87648	-1.0
104.89292	1.0
104.89544	-1.0
104.9162	-1.0
104.94608	-1.0
104.95868	-1.0
104.9768	-1.0
105.00112	1.0
105.01652	-1.0
105.03692	-1.0
105.0658	-1.0
105.08844	-1.0
105.09788	-1.0
105.15488	-1.0
105.17324	1.0
105.20984	1.0
105.259	1.0
105.27504	-1.0
105.29508	1.0
105.3004	-1.0
105.3438	1.0
105.38104	1.0
105.45076	1.0
105.47344	1.0
105.50876	1.0
105.51472	1.0
105.53956	1.0
105.5644	-1.0
105.57452	1.0
105.64948	-1.0
105.66724	-1.0
105.69664	-1.0
105.78512	1.0
105.81336	1.0
105.90484	1.0
105.91768	1.0
105.94728	1.0
105.96104	-1.0
105.99364	1.0
106.00652	1.0
106.01568	-1.0
106.07036	1.0
109.67484	1.0
109.6982	1.0
109.70384	-1.0
109.7188	1.0
109.72572	-1.0
109.7426	1.0
109.74776	-1.0
109.76488	-1.0
109.77196	1.0
109.7982	-1.0
109.81084	-1.0
109.826	-1.0
109.83356	1.0
109.87132	-1.0
109.90024	-1.0
109.93152	-1.0
109.95256	1.0
109.99252	-1.0
110.00968	-1.0
110.04984	-1.0
110.06096	-1.0
110.07832	1.0
110.09844	-1.0
110.13352	-1.0
110.15656	1.0
110.17952	1.0
110.19912	-1.0
110.231	1.0
110.25696	-1.0
110.31048	-1.0
110.35444	-1.0
110.38272	1.0
110.401	-1.0
110.45548	-1.0
110.5074	1.0
110.51528	1.0
110.54084	-1.0
110.54736	1.0
110.55604	1.0
110.61308	1.0
110.62212	1.0
110.64408	-1.0
110.66084	1.0
110.67	-1.0
110.7034	-1.0
110.71488	1.0
110.73168	1.0
110.77352	1.0
110.78016	-1.0
110.79436	-1.0
110.8042	1.0
110.85012	-1.0
110.9346	1.0
110.99136	-1.0
111.03592	-1.0
111.064	1.0
111.09712	-1.0
111.15116	1.0
114.81864	-1.0
114.82496	-1.0
114.82828	-1.0
114.8328	-1.0
114.83636	-1.0
114.84188	1.0
114.84524	-1.0
114.85912	1.0
114.86348	-1.0
114.89452	1.0
114.91476	1.0
114.92792	1.0
114.93108	-1.0
114.95116	-1.0
114.95656	1.0
114.9712	1.0
114.985	1.0
114.99404	1.0
115.00572	1.0
115.01944	-1.0
115.10152	1.0
115.10644	-1.0
115.16052	1.0
115.16416	-1.0
115.19112	1.0
115.19684	-1.0
115.20376	1.0
115.22712	-1.0
115.23916	1.0
115.24808	1.0
115.2806	-1.0
115.28324	-1.0
115.3472	-1.0
115.3604	1.0
115.3798	-1.0
115.38632	-1.0
115.39808	1.0
115.41236	-1.0
115.44696	1.0
115.46852	1.0
115.57072	-1.0
115.57924	1.0
115.59	1.0
115.62892	-1.0
115.6404	1.0
115.649	-1.0
115.65564	-1.0
115.66396	-1.0
115.7054	1.0
115.73024	-1.0
115.74048	1.0
115.76428	1.0
115.77792	1.0
115.78536	1.0
115.79088	-1.0
115.80668	-1.0
115.82352	1.0
115.85076	-1.0
115.869	1.0
115.88924	1.0
115.92848	1.0
115.93952	1.0
115.98164	-1.0
115.9886	-1.0
115.99892	-1.0
116.05112	-1.0
116.08356	1.0
116.17352	1.0
116.21908	1.0
116.30188	1.0
116.32668	-1.0
116.3748	-1.0
116.40532	-1.0
116.52384	-1.0
119.72684	1.0
119.74088	1.0
119.748	-1.0
119.753	-1.0
119.76632	-1.0
119.78552	-1.0
119.82664	1.0
119.83756	-1.0
119.8454	1.0
119.85448	-1.0
119.89764	-1.0
119.90836	1.0
119.91668	1.0
119.931	1.0
120.0252	1.0
120.03728	1.0
120.07344	-1.0
120.08096	-1.0
120.16212	1.0
120.1982	-1.0
120.21684	1.0
120.25116	1.0
120.25368	-1.0
120.272	1.0
120.35964	-1.0
120.40136	1.0
120.41448	1.0
120.41784	-1.0
120.42908	-1.0
120.45464	1.0
120.4822	-1.0
120.54168	1.0
120.56436	1.0
120.60084	1.0
120.6566	-1.0
120.6646	1.0
120.72604	1.0
120.73228	1.0
120.78916	1.0
120.83676	1.0
120.90224	1.0
120.95272	-1.0
121.02664	1.0
121.05968	1.0
121.06964	1.0
121.13028	-1.0
121.14112	1.0
121.20896	-1.0
121.23624	1.0
121.2846	1.0
121.31784	1.0
121.45444	-1.0
124.86788	-1.0
124.87084	-1.0
124.8796	-1.0
124.88308	-1.0
124.8856	-1.0
124.89388	-1.0
124.90296	-1.0
124.91668	1.0
124.93508	-1.0
124.94024	1.0
124.94636	-1.0
124.95768	1.0
124.99352	1.0
125.00152	1.0
125.03076	-1.0
125.08224	-1.0
125.11012	-1.0
125.12632	1.0
125.16968	1.0
125.18696	-1.0
125.24276	-1.0
125.26024	-1.0
125.26368	-1.0
125.299	1.0
125.30404	-1.0
125.34968	-1.0
125.36584	-1.0
125.42224	-1.0
125.45552	1.0
125.46288	1.0
125.52412	1.0
125.54224	-1.0
125.54552	1.0
125.54824	1.0
125.62164	-1.0
125.6784	1.0
125.69112	1.0
125.70756	-1.0
125.72384	1.0
125.74284	1.0
125.78912	-1.0
125.9102	1.0
125.92268	-1.0
125.94892	1.0
125.97664	1.0
126.0072	1.0
126.0588	-1.0
126.07304	1.0
126.08492	1.0
126.16752	1.0
126.17556	1.0
126.2016	1.0
126.27388	1.0
126.27948	-1.0
126.32788	1.0
126.33568	1.0
126.35524	1.0
126.39752	1.0
126.50716	-1.0
130.6024	-1.0
130.60504	-1.0
130.618	-1.0
130.62727	1.0
130.6356	-1.0
130.63924	-1.0
130.65764	1.0
130.66965	-1.0
130.68088	-1.0
130.68613	-1.0
130.69997	1.0
130.74008	1.0
130.79536	-1.0
130.8068	1.0
130.83308	-1.0
130.84483	1.0
130.85588	-1.0
130.86676	1.0
130.90276	1.0
130.94992	-1.0
130.96208	1.0
131.08128	-1.0
131.08405	1.0
131.109	-1.0
131.11156	1.0
131.13576	-1.0
131.23463	-1.0
131.25417	-1.0
131.26816	1.0
131.34148	-1.0
131.34544	1.0
131.41656	1.0
131.44077	1.0
131.48672	-1.0
131.55516	1.0
131.57408	-1.0
131.62695	1.0
131.6444	1.0
131.699	1.0
131.72523	1.0
131.8176	1.0
131.86636	1.0
131.88672	-1.0
131.974	-1.0
132.0902	-1.0
132.1024	1.0
132.22884	1.0
136.47356	1.0
136.4824	-1.0
136.48653	1.0
136.49252	1.0
136.49692	-1.0
136.50967	-1.0
136.51764	1.0
136.53468	1.0
136.55644	-1.0
136.57396	-1.0
136.62135	-1.0
136.65164	1.0
136.66656	-1.0
136.72728	-1.0
136.75664	-1.0
136.777	-1.0
136.78271	-1.0
136.79988	-1.0
136.83984	1.0
136.85825	1.0
136.91092	-1.0
136.93512	1.0
136.94456	-1.0
136.96776	-1.0
136.99612	-1.0
136.999	-1.0
137.05045	-1.0
137.08844	1.0
137.16	1.0
137.18349	-1.0
137.19057	1.0
137.20084	1.0
137.25597	-1.0
137.29872	1.0
137.30952	-1.0
137.33936	-1.0
137.35487	1.0
137.39644	1.0
137.5528	1.0
137.564	-1.0
137.56876	1.0
137.84853	-1.0
137.88203	1.0
137.92789	1.0
137.93268	-1.0
138.11084	1.0
138.30812	1.0
142.44173	-1.0
142.44775	-1.0
142.45216	-1.0
142.45557	-1.0
142.47644	1.0
142.49344	-1.0
142.50388	-1.0
142.5078	-1.0
142.52908	-1.0
142.53957	-1.0
142.56424	1.0
142.5768	-1.0
142.5892	1.0
142.59412	1.0
142.60188	-1.0
142.6044	1.0
142.62653	1.0
142.63943	1.0
142.6448	-1.0
142.705	-1.0
142.70811	-1.0
142.73412	1.0
142.74277	1.0
142.75607	-1.0
142.82404	-1.0
142.86333	1.0
142.89607	1.0
142.91864	1.0
142.93996	1.0
142.94556	-1.0
142.96268	1.0
143.00027	-1.0
143.00328	1.0
143.01608	1.0
143.03276	-1.0
143.04897	1.0
143.07591	-1.0
143.10857	1.0
143.13065	1.0
143.15717	-1.0
143.16151	1.0
143.19595	1.0
143.26628	-1.0
143.28156	1.0
143.36856	1.0
143.40848	1.0
143.50792	1.0
143.5194	1.0
143.54	-1.0
143.58212	-1.0
143.5952	1.0
143.71677	-1.0
143.73885	1.0
143.948	1.0
144.19832	-1.0
144.23756	1.0
148.68867	1.0
148.69373	-1.0
148.69968	-1.0
148.70335	-1.0
148.70612	-1.0
148.7288	1.0
148.73392	-1.0
148.75404	1.0
148.79932	1.0
148.97627	1.0
148.9946	1.0
148.9978	-1.0
149.00072	-1.0
149.02524	1.0
149.08891	-1.0
149.09367	1.0
149.15096	1.0
149.17989	-1.0
149.21127	1.0
149.22787	1.0
149.25424	1.0
149.26768	1.0
149.28471	1.0
149.36047	-1.0
149.41684	1.0
149.42476	1.0
149.448	1.0
149.48676	-1.0
149.53036	1.0
149.57623	1.0
149.68317	1.0
149.69348	1.0
149.78084	-1.0
149.78864	-1.0
149.81316	1.0
149.97385	1.0
149.9988	-1.0
150.0062	1.0
150.03976	1.0
150.05312	1.0
150.08733	-1.0
150.10808	1.0
150.15424	1.0
150.20708	1.0
150.21884	1.0
150.28868	1.0
150.38684	1.0
153.68132	1.0
153.69136	-1.0
153.70145	-1.0
153.71909	1.0
153.72552	-1.0
153.73964	1.0
153.74736	-1.0
153.7684	1.0
153.77544	1.0
153.7978	-1.0
153.8018	1.0
153.8544	-1.0
153.91615	1.0
153.94743	-1.0
153.964	1.0
153.98717	1.0
153.9986	-1.0
154.0036	1.0
154.03412	1.0
154.04272	-1.0
154.07285	1.0
154.0888	1.0
154.11484	-1.0
154.19244	1.0
154.2394	-1.0
154.26952	1.0
154.28708	1.0
154.29964	-1.0
154.34184	1.0
154.41328	1.0
154.4272	1.0
154.55696	1.0
154.61652	1.0
154.69649	-1.0
154.76517	1.0
154.79744	1.0
154.84744	-1.0
154.85255	1.0
154.91864	1.0
154.94836	1.0
155.02492	1.0
155.03828	1.0
155.05916	-1.0
155.12508	1.0
159.96016	1.0
159.97336	-1.0
159.97588	1.0
159.98708	-1.0
160.01492	-1.0
160.0202	1.0
160.05228	1.0
160.1314	-1.0
160.14288	-1.0
160.147	1.0
160.26768	1.0
160.2752	-1.0
160.2978	1.0
160.40044	-1.0
160.40707	1.0
160.447	1.0
160.45663	1.0
160.50323	1.0
160.55284	1.0
160.57635	1.0
160.62988	1.0
160.68887	1.0
160.7162	1.0
160.75192	1.0
160.75664	-1.0
160.79495	1.0
160.90717	1.0
160.95308	1.0
161.00948	1.0
161.04568	1.0
161.07729	1.0
161.12868	1.0
161.13393	-1.0
161.13773	-1.0
161.28757	1.0
161.33871	1.0
161.35275	1.0
161.36612	1.0
161.50836	-1.0
161.56696	1.0
161.81548	-1.0
161.87492	1.0
166.25668	1.0
166.26204	-1.0
166.26707	1.0
166.27588	-1.0
166.2796	-1.0
166.28864	-1.0
166.3112	-1.0
166.32564	1.0
166.334	-1.0
166.37856	1.0
166.38596	-1.0
166.41476	-1.0
166.47844	-1.0
166.52425	-1.0
166.53084	1.0
166.57452	1.0
166.59496	-1.0
166.61508	1.0
166.67747	-1.0
166.70332	-1.0
166.77464	-1.0
166.77995	-1.0
166.79485	1.0
166.80592	1.0
166.82149	1.0
166.89268	1.0
166.94244	1.0
166.97336	-1.0
167.01236	1.0
167.0282	1.0
167.05289	1.0
167.06557	1.0
167.11491	1.0
167.15685	1.0
167.22395	-1.0
167.23444	1.0
167.2698	1.0
167.34668	1.0
167.3944	1.0
167.47533	1.0
167.48029	-1.0
167.54344	-1.0
167.56776	1.0
167.6584	1.0
167.7068	1.0
167.86888	-1.0
167.88605	1.0
167.9736	1.0
167.98643	1.0
172.89664	1.0
172.90411	-1.0
172.90776	-1.0
172.9116	-1.0
172.91696	-1.0
172.91956	-1.0
172.93764	-1.0
173.02287	1.0
173.03816	1.0
173.0466	-1.0
173.06577	1.0
173.11288	1.0
173.16068	1.0
173.23724	-1.0
173.24408	1.0
173.26772	-1.0
173.28932	1.0
173.30489	1.0
173.3214	1.0
173.32487	1.0
173.36124	1.0
173.48656	1.0
173.49384	-1.0
173.52924	1.0
173.55109	-1.0
173.5826	1.0
173.60036	1.0
173.76907	-1.0
173.86111	-1.0
174.01524	1.0
174.042	1.0
174.09932	-1.0
174.13608	1.0
174.1506	1.0
174.1934	1.0
174.21036	1.0
174.23456	1.0
174.24107	1.0
174.28064	1.0
174.31017	-1.0
174.35156	1.0
174.55376	1.0
174.5828	1.0
174.60736	1.0
174.66028	-1.0
179.0408	1.0
179.04808	-1.0
179.05328	-1.0
179.05948	-1.0
179.0688	-1.0
179.07712	-1.0
179.0896	-1.0
179.17172	-1.0
179.19296	-1.0
179.2026	1.0
179.21288	1.0
179.2336	-1.0
179.2444	-1.0
179.2514	1.0
179.30832	1.0
179.31912	1.0
179.34155	1.0
179.48604	-1.0
179.59212	1.0
179.6428	1.0
179.66536	1.0
179.68832	1.0
179.697	-1.0
179.71216	1.0
179.73004	-1.0
179.78712	-1.0
179.79332	1.0
179.81328	1.0
179.82011	-1.0
179.87068	1.0
180.03116	-1.0
180.08736	1.0
180.11935	1.0
180.12712	-1.0
180.17644	1.0
180.20496	1.0
180.2586	-1.0
180.31764	1.0
180.36192	1.0
180.42651	1.0
180.4902	1.0
180.69016	1.0
180.76653	-1.0
184.82043	1.0
184.82487	1.0
184.82892	1.0
184.83524	-1.0
184.84631	-1.0
184.8534	1.0
184.86084	1.0
184.86716	-1.0
184.91156	1.0
184.9622	1.0
185.0078	-1.0
185.09251	1.0
185.12144	1.0
185.15128	1.0
185.1928	1.0
185.28252	1.0
185.34996	-1.0
185.3698	1.0
185.41176	1.0
185.42165	-1.0
185.45488	1.0
185.47025	1.0
185.57716	1.0
185.60709	1.0
185.62537	1.0
185.6964	-1.0
185.73804	1.0
185.7904	-1.0
185.86636	1.0
185.88889	1.0
185.9114	-1.0
185.94316	1.0
185.9714	1.0
185.99072	1.0
186.02176	-1.0
186.09564	1.0
186.10571	-1.0
186.15556	1.0
186.28165	1.0
186.4168	-1.0
186.43304	1.0
190.18349	1.0
190.20673	1.0
190.2144	1.0
190.22057	-1.0
190.2326	1.0
190.2398	1.0
190.26012	-1.0
190.26764	1.0
190.27264	-1.0
190.28848	1.0
190.29564	-1.0
190.321	-1.0
190.36168	-1.0
190.36636	1.0
190.41235	1.0
190.48744	1.0
190.49248	-1.0
190.49692	1.0
190.53809	1.0
190.70012	1.0
190.7306	1.0
190.84448	1.0
190.8524	1.0
190.91328	-1.0
190.93317	1.0
190.95544	1.0
191.00096	1.0
191.0262	1.0
191.06544	1.0
191.31212	1.0
191.34476	1.0
191.35847	1.0
191.58984	1.0
191.59296	-1.0
191.65404	1.0
191.66785	1.0
191.80656	1.0
191.814	1.0
196.0446	1.0
196.055	-1.0
196.05888	1.0
196.06656	-1.0
196.0738	-1.0
196.0816	1.0
196.09424	1.0
196.11876	-1.0
196.1398	1.0
196.16109	-1.0
196.18243	1.0
196.20367	-1.0
196.21455	1.0
196.22543	-1.0
196.2742	1.0
196.28952	-1.0
196.29712	1.0
196.35432	-1.0
196.45345	1.0
196.47745	1.0
196.5186	1.0
196.57292	1.0
196.59685	1.0
196.6048	1.0
196.63864	-1.0
196.66595	1.0
196.68352	-1.0
196.77373	-1.0
196.91908	1.0
196.92696	1.0
196.95604	-1.0
197.0166	1.0
197.09512	1.0
197.10413	-1.0
197.12016	-1.0
197.184	1.0
197.24004	1.0
197.3214	1.0
197.4374	1.0
197.51547	1.0
201.94012	1.0
201.95976	-1.0
201.96504	-1.0
201.99144	-1.0
202.0436	1.0
202.05092	1.0
202.063	1.0
202.14992	1.0
202.30087	1.0
202.32571	1.0
202.38972	1.0
202.44257	1.0
202.49652	1.0
202.54507	1.0
202.82571	1.0
202.85204	1.0
203.01704	1.0
203.02356	1.0
203.04884	1.0
203.08807	-1.0
203.09148	1.0
203.10376	1.0
203.26	1.0
203.2826	1.0
203.41624	1.0
203.44492	1.0
207.83716	1.0
207.84184	1.0
207.85112	-1.0
207.85364	-1.0
207.85847	1.0
207.88129	-1.0
207.8974	-1.0
207.9206	-1.0
207.93011	-1.0
207.9876	1.0
208.00632	1.0
208.0614	1.0
208.06508	-1.0
208.08617	1.0
208.10992	1.0
208.1622	1.0
208.16763	1.0
208.17776	-1.0
208.22945	1.0
208.2882	-1.0
208.37505	1.0
208.43248	-1.0
208.55792	1.0
208.57127	1.0
208.7086	1.0
208.79063	-1.0
208.8294	1.0
208.93887	1.0
209.01216	1.0
209.04712	1.0
209.05472	1.0
209.06316	1.0
209.088	1.0
209.18132	-1.0
209.28069	1.0
209.3666	1.0
209.42757	1.0
213.69876	1.0
213.70451	1.0
213.71117	-1.0
213.71973	-1.0
213.73157	-1.0
213.73412	1.0
213.78436	-1.0
213.79263	1.0
213.80424	1.0
213.83733	-1.0
213.85352	1.0
213.97131	-1.0
213.98796	1.0
214.00392	1.0
214.06348	-1.0
214.13412	1.0
214.1784	1.0
214.30904	1.0
214.3638	1.0
214.49728	-1.0
214.55388	1.0
214.62263	-1.0
214.82307	-1.0
214.85316	1.0
214.88112	1.0
214.89896	1.0
214.98508	1.0
215.00044	1.0
215.07776	1.0
215.09135	1.0
215.10625	1.0
215.20663	1.0
219.29771	1.0
219.31256	1.0
219.32072	-1.0
219.34312	-1.0
219.35896	1.0
219.36224	-1.0
219.3666	-1.0
219.3778	1.0
219.43956	1.0
219.4422	-1.0
219.497	1.0
219.54556	1.0
219.6026	1.0
219.61876	1.0
219.64587	1.0
219.77864	1.0
219.85544	1.0
219.93924	1.0
219.94604	1.0
220.0346	-1.0
220.10127	1.0
220.128	1.0
220.15872	1.0
220.2394	1.0
220.35292	1.0
220.4512	1.0
220.56404	1.0
220.63568	1.0
220.64536	1.0
220.79236	1.0
220.80585	1.0
225.26295	1.0
225.26695	1.0
225.27348	-1.0
225.27856	-1.0
225.30048	-1.0
225.30849	-1.0
225.3578	1.0
225.37907	1.0
225.39348	1.0
225.41544	1.0
225.4238	-1.0
225.44353	-1.0
225.53664	1.0
225.66872	1.0
225.71024	1.0
225.72131	1.0
225.76244	1.0
225.8632	1.0
225.91672	1.0
226.08104	1.0
226.20932	1.0
226.24472	1.0
226.26152	1.0
226.32423	1.0
226.48628	1.0
226.64165	1.0
230.76932	1.0
230.78712	1.0
230.7906	-1.0
230.80856	-1.0
230.81136	-1.0
230.82416	-1.0
230.84853	1.0
230.92175	1.0
230.95724	-1.0
230.99332	-1.0
230.99712	-1.0
231.02975	1.0
231.07156	1.0
231.07729	1.0
231.0976	-1.0
231.1912	1.0
231.21815	1.0
231.34428	1.0
231.37332	1.0
231.41704	-1.0
231.59616	1.0
231.6328	1.0
231.7572	-1.0
231.79588	-1.0
232.02892	1.0
232.0948	1.0
232.19437	1.0
236.61484	1.0
236.6182	1.0
236.6284	-1.0
236.64348	-1.0
236.65125	1.0
236.687	-1.0
236.73248	-1.0
236.91568	1.0
237.0234	1.0
237.06404	1.0
237.08923	1.0
237.10931	1.0
237.26791	1.0
237.28568	1.0
237.349	-1.0
237.42323	1.0
237.54031	1.0
237.59904	1.0
237.60687	1.0
237.66924	1.0
237.79147	1.0
237.903	1.0
237.93504	1.0
237.96329	-1.0
238.0194	1.0
238.03304	1.0
242.15604	1.0
242.16109	1.0
242.1636	-1.0
242.16995	-1.0
242.1838	1.0
242.22772	1.0
242.23592	1.0
242.2592	1.0
242.26633	-1.0
242.30952	-1.0
242.3312	1.0
242.48068	1.0
242.48488	1.0
242.5318	1.0
242.62843	1.0
242.64607	1.0
242.73676	1.0
242.85396	1.0
243.0518	1.0
243.18048	-1.0
243.28336	1.0
243.36716	1.0
243.42268	1.0
243.56883	1.0
243.6524	-1.0
248.63264	1.0
248.6372	1.0
248.64111	-1.0
248.64484	1.0
248.65685	-1.0
248.662	1.0
248.66856	1.0
248.68845	1.0
248.7022	-1.0
248.70927	-1.0
248.7372	1.0
248.77776	-1.0
248.79655	1.0
248.8304	-1.0
248.8644	-1.0
248.88336	1.0
248.9298	1.0
248.99916	1.0
249.009	1.0
249.05669	-1.0
249.06392	1.0
249.1442	1.0
249.23167	1.0
249.40376	1.0
249.44208	1.0
249.46317	1.0
249.70616	1.0
249.71584	1.0
249.76804	-1.0
249.88828	-1.0
249.90068	1.0
250.0324	1.0
254.99985	1.0
255.00864	1.0
255.01305	1.0
255.01932	1.0
255.02788	-1.0
255.0386	-1.0
255.05489	-1.0
255.06248	1.0
255.10751	1.0
255.1428	1.0
255.29164	1.0
255.41608	1.0
255.46304	1.0
255.49432	1.0
255.52171	1.0
255.59576	1.0
255.74176	1.0
255.78564	1.0
255.81648	1.0
255.9092	1.0
256.0749	1.0
256.21808	1.0
256.24216	1.0
256.35016	1.0
260.20715	1.0
260.2351	1.0
260.24323	1.0
260.25876	-1.0
260.29504	1.0
260.3006	1.0
260.35184	1.0
260.37668	1.0
260.4094	-1.0
260.4625	1.0
260.5227	1.0
260.632	1.0
260.66437	1.0
260.884	1.0
260.90247	1.0
261.15393	1.0
261.185	1.0
261.3608	1.0
261.41904	1.0
261.55457	1.0
261.60916	1.0
261.6201	1.0
265.71143	1.0
265.74585	1.0
265.7528	-1.0
265.7676	-1.0
265.8022	-1.0
265.8186	1.0
265.8812	-1.0
265.9265	1.0
265.9813	1.0
265.9922	1.0
266.06476	1.0
266.15024	-1.0
266.18536	1.0
266.21408	1.0
266.26974	1.0
266.30005	1.0
266.3452	1.0
266.3686	1.0
266.4385	1.0
266.4583	1.0
266.4874	-1.0
266.57443	1.0
266.81747	1.0
271.23785	1.0
271.25195	1.0
271.31113	-1.0
271.335	1.0
271.342	1.0
271.36777	-1.0
271.5377	-1.0
271.60623	-1.0
271.6256	1.0
271.70493	1.0
271.74173	1.0
271.80692	1.0
271.85455	1.0
271.89172	1.0
271.90417	1.0
272.02515	1.0
272.0436	1.0
272.56616	1.0
272.58524	1.0
274.81497	1.0
274.8437	1.0
274.89276	-1.0
274.8997	1.0
274.9114	1.0
274.9547	-1.0
274.97137	1.0
274.97537	-1.0
274.98212	-1.0
274.9937	1.0
275.00964	1.0
275.0562	-1.0
275.09543	-1.0
275.139	1.0
275.15192	1.0
275.34952	1.0
275.40372	1.0
275.43484	1.0
275.48026	-1.0
275.63083	1.0
275.91888	-1.0
275.94696	1.0
275.9978	1.0
281.36932	1.0
281.37427	1.0
281.37888	1.0
281.38345	-1.0
281.39136	-1.0
281.41177	1.0
281.43143	-1.0
281.445	1.0
281.45468	-1.0
281.5219	-1.0
281.61252	-1.0
281.7339	1.0
281.8898	-1.0
281.91272	1.0
281.9736	1.0
281.98444	1.0
282.18213	1.0
282.2522	1.0
282.26013	1.0
282.35095	1.0
282.58035	1.0
282.6737	1.0
282.68292	1.0
286.4269	1.0
286.43127	1.0
286.45563	1.0
286.4667	1.0
286.47183	1.0
286.47684	-1.0
286.5057	-1.0
286.56628	-1.0
286.58383	-1.0
286.59296	1.0
286.59793	1.0
286.645	1.0
286.6549	1.0
286.74716	1.0
286.7872	1.0
287.10083	-1.0
287.24905	1.0
287.27896	1.0
287.3771	1.0
287.39008	1.0
287.40692	1.0
287.4634	1.0
287.65497	1.0
289.93036	1.0
289.98123	1.0
290.017	1.0
290.02203	-1.0
290.0368	-1.0
290.0404	1.0
290.05368	1.0
290.0614	-1.0
290.18167	1.0
290.18768	-1.0
290.33548	1.0
290.36624	1.0
290.7768	1.0
290.81195	1.0
290.96136	1.0
295.4216	1.0
295.43784	1.0
295.4583	1.0
295.5027	-1.0
295.5233	-1.0
295.5474	1.0
295.5874	-1.0
295.5899	1.0
295.64	-1.0
295.71655	1.0
295.83252	1.0
295.84265	1.0
295.95453	1.0
296.07077	1.0
296.17203	1.0
296.22357	1.0
296.26868	1.0
296.2928	1.0
296.43124	1.0
296.4865	1.0
296.4972	1.0
296.54132	1.0
300.33325	1.0
300.37943	1.0
300.39215	1.0
300.39896	1.0
300.41055	1.0
300.4131	-1.0
300.44693	-1.0
300.48273	1.0
300.5003	1.0
300.5396	-1.0
300.57376	-1.0
300.57825	1.0
300.62344	-1.0
300.64493	1.0
300.6654	1.0
300.70273	1.0
300.70856	1.0
300.72263	1.0
300.9266	1.0
300.96463	-1.0
300.9781	1.0
301.00836	1.0
301.01303	1.0
301.14743	1.0
301.32553	1.0
301.40005	1.0
301.4579	1.0
301.50833	-1.0
301.53983	1.0
301.62564	1.0
305.40164	1.0
305.4352	1.0
305.45053	1.0
305.49265	1.0
305.50195	1.0
305.50476	-1.0
305.52057	-1.0
305.52533	1.0
305.5333	1.0
305.53595	-1.0
305.55737	1.0
305.60028	1.0
305.63763	1.0
305.70523	1.0
305.75665	1.0
306.12192	1.0
306.1349	1.0
306.1798	1.0
306.2289	1.0
306.25195	1.0
306.32816	1.0
306.46423	1.0
306.47092	-1.0
306.5327	1.0
306.575	1.0
306.65128	1.0
306.67422	1.0
306.738	-1.0
310.23752	1.0
310.24533	1.0
310.2626	1.0
310.2764	1.0
310.28345	-1.0
310.28683	-1.0
310.2925	-1.0
310.29807	-1.0
310.304	1.0
310.3169	1.0
310.32968	1.0
310.33377	-1.0
310.36633	1.0
310.393	-1.0
310.43857	1.0
310.46735	-1.0
310.5052	1.0
310.5132	1.0
310.527	1.0
310.60144	1.0
310.67932	1.0
310.73672	1.0
310.95547	-1.0
311.02075	1.0
311.17004	1.0
311.1982	1.0
311.27576	1.0
311.36652	1.0
311.40952	1.0
311.44473	1.0
315.8408	1.0
315.85263	1.0
315.87128	1.0
315.89337	1.0
315.89825	-1.0
315.90265	1.0
315.93033	1.0
315.94644	-1.0
315.94904	-1.0
315.95477	1.0
315.96	-1.0
315.99112	1.0
316.01517	-1.0
316.0408	-1.0
316.0829	1.0
316.10168	1.0
316.12976	-1.0
316.139	1.0
316.16025	1.0
316.29733	-1.0
316.30188	1.0
316.35925	1.0
316.4189	1.0
316.53683	1.0
316.66983	1.0
316.6985	1.0
316.75888	1.0
316.87704	1.0
321.01407	-1.0
321.04303	-1.0
321.05676	1.0
321.06085	-1.0
321.09116	-1.0
321.10535	-1.0
321.16132	-1.0
321.21527	-1.0
321.31216	1.0
321.35587	1.0
321.37637	-1.0
321.45535	1.0
321.50363	1.0
321.53333	-1.0
321.5388	-1.0
321.63007	1.0
321.73395	1.0
321.7514	1.0
321.78616	1.0
321.7947	1.0
321.80545	1.0
321.8747	1.0
321.89447	1.0
322.1321	1.0
325.93085	1.0
325.93655	1.0
325.94135	-1.0
325.9458	-1.0
325.9636	1.0
325.9735	1.0
325.9825	-1.0
325.99765	-1.0
326.0019	1.0
326.0451	-1.0
326.10275	-1.0
326.17795	-1.0
326.1971	1.0
326.2062	-1.0
326.25372	-1.0
326.27557	-1.0
326.30396	1.0
326.3199	1.0
326.3405	-1.0
326.4776	1.0
326.53635	1.0
326.60724	1.0
326.63425	1.0
326.80103	1.0
326.82507	1.0
326.8925	1.0
326.96545	1.0
326.98132	-1.0
327.0294	1.0
327.03827	1.0
327.12387	-1.0
327.18204	1.0
331.81784	1.0
331.84912	-1.0
331.8629	-1.0
331.87024	1.0
331.8771	-1.0
331.88733	-1.0
331.89368	1.0
331.90497	-1.0
331.92416	1.0
331.931	1.0
331.94904	-1.0
332.02548	-1.0
332.04227	-1.0
332.0938	-1.0
332.1158	1.0
332.15628	-1.0
332.16968	1.0
332.17422	-1.0
332.19376	1.0
332.3074	1.0
332.3615	1.0
332.3802	1.0
332.41177	1.0
332.4677	1.0
332.4915	1.0
332.66364	1.0
332.67813	1.0
332.8127	-1.0
332.94556	1.0
332.9698	1.0
338.20575	-1.0
338.2133	1.0
338.2209	-1.0
338.23572	1.0
338.2389	1.0
338.25815	-1.0
338.28107	1.0
338.31384	-1.0
338.3186	-1.0
338.3287	1.0
338.34265	-1.0
338.36005	1.0
338.36465	-1.0
338.36765	1.0
338.37656	-1.0
338.42212	-1.0
338.43445	1.0
338.53384	-1.0
338.58237	-1.0
338.60068	-1.0
338.6132	1.0
338.6298	-1.0
338.7119	1.0
338.71735	1.0
338.82297	1.0
338.84113	-1.0
338.904	-1.0
338.92453	1.0
338.9291	-1.0
338.997	-1.0
339.00244	-1.0
339.05023	-1.0
339.08832	1.0
339.10965	1.0
339.1458	1.0
339.1587	1.0
339.18488	1.0
339.21912	1.0
343.22717	1.0
343.23755	1.0
343.2588	1.0
343.27295	-1.0
343.281	1.0
343.29095	-1.0
343.30408	1.0
343.32523	-1.0
343.33368	1.0
343.3692	1.0
343.38843	1.0
343.43924	1.0
343.46783	1.0
343.47125	-1.0
343.48425	1.0
343.4916	1.0
343.49948	-1.0
343.5331	1.0
343.53717	1.0
343.54504	1.0
343.6099	-1.0
343.67175	1.0
343.705	-1.0
343.7194	1.0
343.7362	-1.0
343.76205	-1.0
343.7813	-1.0
343.79263	1.0
343.804	-1.0
343.82468	1.0
343.8588	-1.0
343.94333	-1.0
344.02896	-1.0
344.05527	1.0
344.192	1.0
348.60605	1.0
348.61465	1.0
348.6244	-1.0
348.635	-1.0
348.6636	-1.0
348.66656	-1.0
348.66977	1.0
348.6873	-1.0
348.69955	-1.0
348.70285	-1.0
348.7123	-1.0
348.72073	-1.0
348.7246	-1.0
348.75284	-1.0
348.79004	-1.0
348.81964	1.0
348.82715	-1.0
348.83075	1.0
348.84317	-1.0
348.85007	-1.0
348.85397	-1.0
348.88943	-1.0
348.9026	-1.0
348.9363	-1.0
348.95108	1.0
349.02094	1.0
349.02747	-1.0
349.05713	1.0
349.07925	1.0
349.0969	1.0
349.17468	1.0
349.22556	1.0
349.24292	1.0
349.27325	1.0
349.2982	1.0
349.3326	1.0
349.3684	1.0
349.3883	-1.0
349.4597	1.0
349.48615	-1.0
349.51617	-1.0
349.52585	-1.0
349.52887	1.0
349.6452	1.0
353.60388	1.0
353.608	1.0
353.61383	-1.0
353.62393	-1.0
353.627	-1.0
353.633	1.0
353.6437	-1.0
353.65408	1.0
353.67395	-1.0
353.7163	1.0
353.74332	-1.0
353.75433	1.0
353.77863	1.0
353.78543	1.0
353.80792	1.0
353.836	-1.0
353.87448	-1.0
353.9479	-1.0
354.008	1.0
354.06775	1.0
354.10727	-1.0
354.11276	1.0
354.17917	1.0
354.1957	1.0
354.2124	1.0
354.2231	1.0
354.22833	1.0
354.2684	-1.0
354.33176	-1.0
354.39276	1.0
354.4359	1.0
354.4424	1.0
354.51773	1.0
354.5619	1.0
354.57397	1.0
354.63916	1.0
354.81015	1.0
358.3782	-1.0
358.39575	-1.0
358.41583	-1.0
358.4403	-1.0
358.47836	-1.0
358.48743	1.0
358.49832	1.0
358.50665	-1.0
358.51312	-1.0
358.53275	-1.0
358.5789	-1.0
358.58316	-1.0
358.62357	1.0
358.63495	-1.0
358.7926	1.0
358.81207	1.0
358.82697	1.0
358.85443	-1.0
358.8789	1.0
358.91568	-1.0
358.92828	1.0
358.99503	-1.0
359.0402	1.0
359.1927	1.0
359.22833	1.0
359.26865	-1.0
359.289	1.0
363.45288	-1.0
363.4717	-1.0
363.47733	-1.0
363.48663	-1.0
363.49033	-1.0
363.50146	1.0
363.5113	-1.0
363.5179	1.0
363.53107	1.0
363.53943	1.0
363.5501	1.0
363.55463	-1.0
363.59787	1.0
363.60837	1.0
363.62836	-1.0
363.6498	-1.0
363.6528	1.0
363.68228	1.0
363.7084	1.0
363.74396	-1.0
363.7838	1.0
363.7934	-1.0
363.81915	1.0
363.8249	-1.0
363.83743	-1.0
363.86423	1.0
363.87888	1.0
363.89005	1.0
363.93124	-1.0
363.9385	-1.0
364.07068	1.0
364.08987	1.0
364.15997	1.0
364.1757	1.0
364.21124	1.0
364.23355	-1.0
364.4132	1.0
364.42545	1.0
364.46768	-1.0
364.51416	1.0
364.54575	1.0
364.576	1.0
364.6823	1.0
364.71497	1.0
364.72757	1.0
364.8062	-1.0
368.4029	1.0
368.41916	-1.0
368.4268	1.0
368.43192	1.0
368.43585	-1.0
368.45224	-1.0
368.46088	-1.0
368.4663	1.0
368.4947	1.0
368.50836	-1.0
368.51828	-1.0
368.52936	1.0
368.55084	1.0
368.55792	-1.0
368.59695	-1.0
368.61533	1.0
368.64273	1.0
368.6901	1.0
368.70276	-1.0
368.71912	-1.0
368.7391	-1.0
368.75552	1.0
368.7662	1.0
368.77637	1.0
368.80743	1.0
368.83307	1.0
368.88565	-1.0
368.92523	1.0
368.9314	1.0
368.953	1.0
368.97507	1.0
369.00372	-1.0
369.03812	-1.0
369.1064	1.0
369.1566	1.0
369.20685	-1.0
369.2512	1.0
369.28152	1.0
369.33472	1.0
369.34036	1.0
373.12027	1.0
373.14383	1.0
373.14865	1.0
373.1628	-1.0
373.17883	1.0
373.18713	-1.0
373.2105	-1.0
373.21667	1.0
373.22064	1.0
373.2368	-1.0
373.25403	1.0
373.259	1.0
373.27115	-1.0
373.2839	-1.0
373.2866	-1.0
373.29047	1.0
373.3014	-1.0
373.33493	1.0
373.36435	1.0
373.3892	1.0
373.43335	1.0
373.45435	1.0
373.46265	-1.0
373.54196	1.0
373.54587	-1.0
373.5814	1.0
373.6078	1.0
373.63895	-1.0
373.65887	1.0
373.69107	1.0
373.7082	1.0
373.7272	1.0
373.7553	-1.0
373.8547	1.0
373.89273	-1.0
373.9298	1.0
373.94345	1.0
373.96835	1.0
374.0371	1.0
374.0604	1.0
374.07553	1.0
374.1554	-1.0
374.16724	-1.0
374.17136	1.0
374.18845	-1.0
374.22073	1.0
377.95685	1.0
377.97116	1.0
377.9774	1.0
378.01733	-1.0
378.0282	1.0
378.03137	-1.0
378.07648	-1.0
378.08652	-1.0
378.10187	-1.0
378.11224	1.0
378.12045	-1.0
378.1232	1.0
378.14505	-1.0
378.2148	1.0
378.23987	1.0
378.25485	1.0
378.28543	1.0
378.37332	1.0
378.42407	-1.0
378.43665	1.0
378.44992	-1.0
378.4701	1.0
378.48636	-1.0
378.4894	1.0
378.50903	-1.0
378.55853	-1.0
378.57443	1.0
378.58972	-1.0
378.59836	1.0
378.61783	1.0
378.7935	-1.0
378.83115	-1.0
378.8617	1.0
378.95328	1.0
383.01135	1.0
383.022	1.0
383.02908	1.0
383.03436	1.0
383.05853	-1.0
383.0762	-1.0
383.0833	-1.0
383.10193	1.0
383.10828	1.0
383.11145	-1.0
383.1147	-1.0
383.12088	1.0
383.13065	1.0
383.19965	1.0
383.26324	1.0
383.33203	1.0
383.37766	1.0
383.48065	1.0
383.49445	1.0
383.5758	-1.0
383.60693	1.0
383.62915	1.0
383.65652	1.0
383.70312	1.0
383.72403	-1.0
383.8778	1.0
383.89175	-1.0
383.9089	1.0
383.9459	1.0
384.01212	-1.0
384.02988	1.0
384.05475	1.0
384.1121	1.0
388.03577	1.0
388.0512	1.0
388.07407	-1.0
388.07913	1.0
388.09387	1.0
388.1003	-1.0
388.10693	1.0
388.1214	-1.0
388.13052	-1.0
388.166	-1.0
388.17035	-1.0
388.19296	-1.0
388.21448	-1.0
388.224	1.0
388.23935	1.0
388.34488	1.0
388.34976	1.0
388.38184	-1.0
388.4336	1.0
388.46457	1.0
388.47153	1.0
388.4858	1.0
388.52682	1.0
388.66003	1.0
388.69275	1.0
388.75867	1.0
388.7855	1.0
388.80707	1.0
388.93732	1.0
388.95328	1.0
388.95663	-1.0
388.97525	1.0
388.9838	-1.0
389.00504	1.0
389.02856	-1.0
392.7888	1.0
392.79385	1.0
392.81543	1.0
392.83444	-1.0
392.85287	-1.0
392.85995	-1.0
392.87036	-1.0
392.87753	-1.0
392.88748	1.0
392.91403	1.0
392.93585	-1.0
392.93848	-1.0
392.9929	1.0
393.08597	-1.0
393.1688	1.0
393.1834	1.0
393.2234	1.0
393.2656	1.0
393.2834	-1.0
393.3036	1.0
393.35416	1.0
393.3805	-1.0
393.4106	1.0
393.51367	-1.0
393.57516	1.0
393.60565	1.0
393.60968	-1.0
393.73788	1.0
393.7946	1.0
393.79712	-1.0
397.16608	1.0
397.17923	1.0
397.18613	-1.0
397.19925	1.0
397.22513	1.0
397.22833	-1.0
397.24097	-1.0
397.25012	-1.0
397.27197	-1.0
397.27484	1.0
397.2882	-1.0
397.35123	1.0
397.3858	1.0
397.41544	-1.0
397.4402	1.0
397.46884	1.0
397.47876	1.0
397.5082	1.0
397.5464	1.0
397.56628	-1.0
397.64203	1.0
397.65128	1.0
397.66287	1.0
397.68704	1.0
397.71008	1.0
397.7441	1.0
397.7718	1.0
397.8807	1.0
397.91373	-1.0
397.92624	1.0
397.94604	-1.0
398.1532	-1.0
402.10733	1.0
402.1103	-1.0
402.1157	1.0
402.128	1.0
402.14075	1.0
402.1436	-1.0
402.15225	1.0
402.16013	1.0
402.1927	1.0
402.208	-1.0
402.2107	-1.0
402.21463	-1.0
402.21872	-1.0
402.23892	1.0
402.28415	1.0
402.3218	-1.0
402.3659	1.0
402.3886	1.0
402.44965	1.0
402.47287	-1.0
402.4955	1.0
402.5022	-1.0
402.53497	1.0
402.54504	1.0
402.64975	1.0
402.89188	1.0
402.93683	1.0
403.05927	-1.0
403.0649	1.0
403.10147	1.0
407.41812	1.0
407.4461	-1.0
407.45413	-1.0
407.45917	-1.0
407.46237	1.0
407.46536	1.0
407.46967	-1.0
407.47693	1.0
407.49585	-1.0
407.50412	1.0
407.50955	-1.0
407.6068	1.0
407.65237	1.0
407.67422	-1.0
407.72437	1.0
407.7892	1.0
407.841	1.0
407.85938	1.0
407.92865	1.0
407.96396	1.0
408.0533	-1.0
408.09213	-1.0
408.11975	1.0
408.23657	-1.0
408.32315	1.0
408.34064	1.0
411.74753	-1.0
411.75687	1.0
411.77512	1.0
411.79083	1.0
411.79745	-1.0
411.8064	-1.0
411.8132	-1.0
411.82578	-1.0
411.8419	1.0
411.84525	-1.0
411.85284	1.0
411.8791	1.0
411.9022	-1.0
411.9838	-1.0
412.0528	1.0
412.06775	1.0
412.0725	-1.0
412.10468	1.0
412.1509	1.0
412.16788	1.0
412.19052	-1.0
412.2593	1.0
412.2654	-1.0
412.2994	1.0
412.3752	-1.0
412.39597	1.0
412.44843	1.0
412.5414	1.0
412.57147	-1.0
412.6476	-1.0
412.75455	-1.0
416.60132	-1.0
416.61847	1.0
416.63153	-1.0
416.64203	1.0
416.68857	1.0
416.76245	1.0
416.78192	1.0
416.85745	1.0
416.87457	1.0
416.90643	1.0
416.926	1.0
416.98587	1.0
417.00037	1.0
417.08197	1.0
417.089	1.0
417.1578	-1.0
417.26785	1.0
417.27237	1.0
417.2884	1.0
417.3417	1.0
417.4113	-1.0
417.4213	1.0
417.44244	1.0
417.47403	1.0
417.5659	1.0
421.25085	-1.0
421.25723	1.0
421.2618	-1.0
421.26965	-1.0
421.28003	1.0
421.2854	-1.0
421.29797	1.0
421.302	-1.0
421.30643	-1.0
421.3116	-1.0
421.3152	1.0
421.3247	-1.0
421.33948	1.0
421.4594	1.0
421.5075	1.0
421.59363	-1.0
421.61636	1.0
421.73047	1.0
421.75235	1.0
421.77905	1.0
421.7874	1.0
421.8227	1.0
422.01343	1.0
422.0557	1.0
422.0729	-1.0
422.14355	-1.0
425.6475	1.0
425.65717	1.0
425.67307	1.0
425.70877	-1.0
425.71463	-1.0
425.72647	-1.0
425.73215	-1.0
425.75656	1.0
425.79263	-1.0
425.8409	-1.0
425.844	1.0
425.8722	-1.0
425.93542	1.0
426.0591	1.0
426.08087	1.0
426.1603	1.0
426.2737	1.0
426.31387	-1.0
426.43167	1.0
429.59787	1.0
429.6232	-1.0
429.6357	-1.0
429.6444	-1.0
429.6483	1.0
429.6519	-1.0
429.66367	1.0
429.67136	-1.0
429.72745	-1.0
429.80484	-1.0
429.85483	1.0
429.88043	1.0
429.94647	1.0
429.95367	1.0
429.97467	1.0
430.06375	1.0
430.16663	1.0
430.2931	-1.0
430.38052	-1.0
433.61517	1.0
433.63556	-1.0
433.64297	1.0
433.66077	1.0
433.68448	-1.0
433.68958	-1.0
433.69507	-1.0
433.7026	-1.0
433.8119	1.0
433.853	-1.0
433.8828	1.0
433.9445	-1.0
434.00476	1.0
434.12317	1.0
434.15277	1.0
434.2242	1.0
434.342	1.0
434.39587	-1.0
434.425	-1.0
434.51553	-1.0
437.4634	-1.0
437.48672	1.0
437.50516	1.0
437.5088	-1.0
437.5147	-1.0
437.5184	1.0
437.5967	1.0
437.75204	1.0
437.83005	1.0
437.83945	-1.0
437.97195	1.0
438.10663	1.0
438.1247	-1.0
442.44632	-1.0
442.467	1.0
442.47565	-1.0
442.47952	-1.0
442.49103	-1.0
442.4988	-1.0
442.50992	-1.0
442.52203	-1.0
442.53925	-1.0
442.5541	1.0
442.57913	-1.0
442.746	1.0
443.01016	1.0
443.0357	-1.0
443.1696	1.0
443.21292	-1.0
443.22296	1.0
443.40207	-1.0
446.30936	1.0
446.3478	-1.0
446.35425	1.0
446.37613	-1.0
446.38123	-1.0
446.40048	1.0
446.4038	1.0
446.6328	-1.0
446.653	1.0
446.7167	1.0
446.80112	-1.0
446.86075	-1.0
450.3574	1.0
450.36548	-1.0
450.38763	1.0
450.39108	1.0
450.39993	1.0
450.4033	-1.0
450.4784	-1.0
450.54468	-1.0
450.6029	1.0
450.6609	1.0
450.82748	1.0
450.88	1.0
450.8827	-1.0
450.93436	1.0
451.0468	-1.0
451.0649	1.0
453.90503	-1.0
453.9084	1.0
453.9232	-1.0
453.92972	-1.0
453.94763	-1.0
453.9536	1.0
453.976	-1.0
453.9816	1.0
454.06076	1.0
454.17947	1.0
454.2684	1.0
454.2884	1.0
454.30685	1.0
454.31467	-1.0
454.4148	1.0
454.48285	1.0
457.42407	1.0
457.43768	-1.0
457.4488	-1.0
457.46344	1.0
457.49857	-1.0
457.5236	-1.0
457.56836	1.0
457.62375	-1.0
457.67285	-1.0
457.81583	-1.0
457.91437	1.0
458.05823	-1.0
458.08957	1.0
458.1748	1.0
460.68542	-1.0
460.69296	1.0
460.7137	-1.0
460.74152	1.0
460.7483	-1.0
460.7559	-1.0
460.80225	-1.0
460.84543	-1.0
460.93927	1.0
460.9658	-1.0
460.97037	-1.0
461.0703	1.0
461.08936	1.0
461.095	1.0
461.15253	1.0
464.13928	1.0
464.14273	-1.0
464.16608	1.0
464.17877	-1.0
464.189	-1.0
464.19455	-1.0
464.208	-1.0
464.41992	-1.0
464.47287	-1.0
464.5801	-1.0
464.73364	1.0
464.81128	1.0
467.646	1.0
467.678	1.0
467.70068	1.0
467.71503	1.0
467.73026	-1.0
467.95053	-1.0
468.09924	1.0
468.129	1.0
470.9365	1.0
470.9412	-1.0
470.96725	-1.0
470.97308	-1.0
470.99557	1.0
471.00183	-1.0
471.0301	1.0
471.04657	1.0
471.09192	1.0
471.21567	1.0
471.30045	1.0
471.61536	1.0
471.67484	-1.0
473.8585	-1.0
473.90128	-1.0
473.91257	1.0
473.93793	-1.0
473.94885	-1.0
473.95428	1.0
473.97195	-1.0
473.97516	1.0
474.0236	-1.0
474.12427	-1.0
474.14612	1.0
474.22284	-1.0
474.29813	-1.0
474.36423	1.0
474.53244	-1.0
476.88605	1.0
476.90692	-1.0
476.91592	1.0
476.93524	1.0
476.94165	-1.0
476.94965	-1.0
476.96893	-1.0
476.97723	-1.0
476.9862	-1.0
477.1016	1.0
477.20575	1.0
477.2304	1.0
477.25235	1.0
477.2924	1.0
477.36343	-1.0
477.51755	-1.0
479.80215	-1.0
479.82587	-1.0
479.83237	-1.0
479.8422	-1.0
479.84848	1.0
479.8658	-1.0
480.02573	-1.0
480.09897	1.0
480.32428	-1.0
482.47537	-1.0
482.5125	1.0
482.53305	-1.0
482.58444	1.0
482.7642	1.0
482.93112	1.0
485.72604	1.0
485.7342	1.0
485.7495	1.0
485.75296	-1.0
485.76913	-1.0
485.77335	-1.0
485.77676	-1.0
485.7864	1.0
485.83713	-1.0
485.9377	-1.0
485.95276	-1.0
485.99857	-1.0
486.0038	1.0
486.01053	1.0
486.12375	-1.0
486.3092	1.0
486.31815	-1.0
489.05035	-1.0
489.06723	1.0
489.08167	-1.0
489.098	1.0
489.1711	-1.0
489.3474	1.0
489.35016	-1.0
489.3704	-1.0
489.5514	1.0
489.6174	1.0
489.7074	-1.0
492.6582	1.0
492.66968	-1.0
492.68	1.0
492.68597	-1.0
492.6887	-1.0
492.70273	-1.0
492.71927	1.0
492.73093	-1.0
492.8187	-1.0
492.96017	1.0
493.08243	-1.0
493.17035	-1.0
493.18237	1.0
493.34604	-1.0
495.4384	-1.0
495.44653	1.0
495.45087	1.0
495.46368	-1.0
495.4703	-1.0
495.51907	-1.0
495.53165	-1.0
495.55063	1.0
498.44016	-1.0
498.4472	-1.0
498.4723	-1.0
498.49493	1.0
498.49988	-1.0
498.5108	-1.0
498.52	1.0
498.5645	-1.0
498.57516	-1.0
498.58572	-1.0
498.7787	-1.0
499.04575	-1.0
503.91135	-1.0
503.92255	-1.0
503.95743	1.0
503.99588	-1.0
504.10696	1.0
504.27505	1.0
504.31833	-1.0
504.61148	-1.0
504.66864	1.0
506.90472	1.0
506.91507	-1.0
506.92065	-1.0
506.9294	1.0
506.96265	1.0
506.9775	-1.0
507.14368	1.0
507.32315	-1.0
509.37592	1.0
509.3803	-1.0
509.38867	-1.0
509.39517	-1.0
509.40216	-1.0
509.44128	-1.0
509.44943	-1.0
509.47165	-1.0
509.69217	-1.0
509.7142	1.0
512.51434	1.0
512.54486	1.0
512.587	-1.0
512.59796	1.0
512.60376	-1.0
512.6437	-1.0
512.8254	1.0
512.8948	1.0
513.0387	-1.0
515.3281	1.0
515.3328	-1.0
515.33594	-1.0
515.3754	-1.0
515.61914	1.0
515.6919	-1.0
515.71765	-1.0
518.1788	1.0
518.19324	-1.0
518.1997	-1.0
518.22534	-1.0
518.2296	1.0
518.29663	1.0
518.31274	-1.0
518.34125	-1.0
518.38196	1.0
518.5182	-1.0
518.52167	-1.0
518.66547	-1.0
521.33	1.0
521.3514	-1.0
521.368	1.0
521.3768	-1.0
521.4256	1.0
521.4299	-1.0
521.46747	1.0
521.5856	-1.0
521.67615	1.0
521.74066	-1.0
524.11993	1.0
524.159	1.0
524.17145	1.0
524.18567	-1.0
524.2925	-1.0
524.3285	-1.0
526.66943	-1.0
526.73773	1.0
526.7542	1.0
526.7666	-1.0
526.7735	-1.0
526.7908	1.0
526.825	-1.0
526.8552	-1.0
526.99146	-1.0
529.9924	1.0
530.0322	1.0
530.07715	-1.0
530.09595	-1.0
530.0989	1.0
530.1036	-1.0
530.11707	1.0
530.12195	-1.0
530.14636	-1.0
530.442	-1.0
532.80304	-1.0
532.82904	1.0
533.52374	-1.0
533.55206	-1.0
533.55756	1.0
533.5864	-1.0
533.592	1.0
533.6111	1.0
535.8382	-1.0
535.87854	-1.0
535.8874	-1.0
535.99786	1.0
536.05597	-1.0
536.232	-1.0
536.2366	-1.0
536.2438	1.0
536.2684	-1.0
536.27386	-1.0
536.28284	-1.0
536.3096	1.0
536.33093	1.0
536.352	-1.0
536.36865	1.0
538.3862	-1.0
538.41376	1.0
538.44086	-1.0
538.4968	1.0
541.82135	1.0
541.8715	1.0
541.89795	-1.0
541.9034	-1.0
541.9362	1.0
541.95526	1.0
542.01074	-1.0
542.0308	-1.0
542.0922	1.0
542.14264	1.0
542.2345	-1.0
544.6325	-1.0
546.9311	1.0
546.97174	1.0
546.97754	-1.0
546.9993	-1.0
547.0252	1.0
547.04407	-1.0
547.0493	-1.0
547.0945	-1.0
547.12524	1.0
547.17694	-1.0
549.81805	1.0
551.77655	-1.0
551.8017	-1.0
551.8319	-1.0
551.8371	-1.0
551.84454	1.0
551.87494	-1.0
551.8985	-1.0
552.0453	1.0
552.16254	-1.0
554.69495	1.0
556.0069	1.0
556.0214	1.0
556.02405	-1.0
556.0347	-1.0
556.04034	1.0
556.0572	1.0
556.0848	-1.0
556.1002	-1.0
559.7294	-1.0
559.77014	-1.0
559.77966	1.0
559.79755	-1.0
559.8061	1.0
559.82294	-1.0
559.83	-1.0
559.8524	-1.0
559.88947	-1.0
562.6939	1.0
562.70905	-1.0
562.775	1.0
562.8129	1.0
562.85114	-1.0
562.8665	-1.0
562.90576	-1.0
562.91815	1.0
562.9251	-1.0
562.975	-1.0
562.986	1.0
567.057	1.0
567.0923	1.0
567.11646	-1.0
567.1244	-1.0
567.128	-1.0
567.1342	1.0
567.1667	-1.0
567.1745	1.0
567.2129	-1.0
570.0136	1.0
574.7836	1.0
574.8107	1.0
574.81366	-1.0
574.84906	-1.0
574.8667	-1.0
574.87506	-1.0
574.8939	1.0
574.94806	-1.0
575.00836	1.0
575.168	1.0
578.4352	1.0
578.4416	1.0
578.4564	-1.0
578.4629	-1.0
578.46594	1.0
578.4996	1.0
578.51086	-1.0
578.5241	1.0
578.5364	-1.0
578.5487	1.0
578.5668	-1.0
578.5971	1.0
578.6954	-1.0
578.76105	1.0
581.5928	1.0
581.59753	1.0
581.6011	-1.0
581.7914	1.0
581.8039	-1.0
581.82495	1.0
581.8373	-1.0
581.86005	1.0
581.89685	1.0
581.90454	-1.0
581.92224	-1.0
581.9371	1.0
581.9398	-1.0
582.05304	1.0
586.7595	-1.0
586.7816	-1.0
586.7952	1.0
586.8275	1.0
586.8451	-1.0
586.8546	1.0
586.923	1.0
586.9506	1.0
587.0194	-1.0
587.4368	1.0
587.46985	1.0
590.15265	1.0
593.1529	-1.0
593.1566	1.0
593.16284	1.0
593.178	1.0
593.1832	-1.0
593.19226	-1.0
593.1968	-1.0
593.20795	-1.0
593.2178	-1.0
593.2308	-1.0
593.2394	1.0
593.3839	1.0
593.39795	1.0
593.431	1.0
597.00934	-1.0
597.0452	1.0
597.09204	1.0
597.12994	-1.0
597.1706	1.0
597.17645	-1.0
597.184	1.0
597.1899	1.0
597.20575	-1.0
597.22107	1.0
597.2265	-1.0
597.2338	-1.0
597.24866	1.0
597.263	-1.0
597.3761	1.0
597.3922	1.0
