0.01544	-1.0
0.04876	-1.0
0.08296	-1.0
0.10256	-1.0
0.15844	-1.0
0.18708	-1.0
0.21112	-1.0
0.23076	-1.0
0.25628	-1.0
0.27456	-1.0
0.29928	-1.0
0.35496	-1.0
0.38444	-1.0
0.40896	-1.0
0.42972	-1.0
0.487	-1.0
0.53012	-1.0
0.57032	-1.0
0.59908	-1.0
0.63408	-1.0
0.69404	-1.0
0.71652	-1.0
0.76128	-1.0
0.79652	-1.0
0.85296	-1.0
0.88816	-1.0
0.92056	-1.0
0.97792	-1.0
1.02576	-1.0
1.12856	-1.0
1.32328	-1.0
1.41268	-1.0
1.48304	-1.0
5.43504	-1.0
5.45352	-1.0
5.47312	-1.0
5.4988	-1.0
5.50304	-1.0
5.5306	-1.0
5.5694	-1.0
5.60164	-1.0
5.61872	-1.0
5.65348	-1.0
5.68208	-1.0
5.72928	-1.0
5.75912	-1.0
5.78888	-1.0
5.81056	-1.0
5.8344	-1.0
5.8724	-1.0
5.9124	-1.0
5.95828	-1.0
5.98836	-1.0
6.0178	-1.0
6.04672	-1.0
6.12032	-1.0
6.15712	-1.0
6.19308	-1.0
6.24108	-1.0
6.28524	-1.0
6.32092	-1.0
6.3534	-1.0
6.38616	-1.0
6.42356	-1.0
6.54072	-1.0
6.62124	-1.0
6.67216	-1.0
6.74636	-1.0
6.82864	-1.0
8.99084	-1.0
9.01588	-1.0
9.04992	-1.0
9.079	-1.0
9.11748	-1.0
9.151	-1.0
9.18428	-1.0
9.23508	-1.0
9.23812	-1.0
9.26992	-1.0
9.30972	-1.0
9.34768	-1.0
9.37812	-1.0
9.40676	-1.0
9.43812	-1.0
9.48716	-1.0
9.52512	-1.0
9.57212	-1.0
9.60464	-1.0
9.63812	-1.0
9.68108	-1.0
9.78712	-1.0
9.81768	-1.0
9.85952	-1.0
9.94008	-1.0
10.01036	-1.0
11.80452	-1.0
11.81848	-1.0
11.83904	-1.0
11.8686	-1.0
11.90024	-1.0
11.9774	-1.0
12.03484	-1.0
12.08628	-1.0
12.1392	-1.0
12.1852	-1.0
12.25096	-1.0
12.31664	-1.0
12.33512	-1.0
12.40168	-1.0
12.50536	-1.0
12.62056	-1.0
14.98464	-1.0
15.0032	-1.0
15.01412	-1.0
15.0422	-1.0
15.06776	-1.0
15.08936	-1.0
15.09476	-1.0
15.12488	-1.0
15.1598	-1.0
15.18912	-1.0
15.21848	-1.0
15.233	-1.0
15.23784	-1.0
15.27244	-1.0
15.30956	-1.0
15.33416	-1.0
15.36296	-1.0
15.38364	-1.0
15.42344	-1.0
15.4682	-1.0
15.50176	-1.0
15.53976	-1.0
15.55644	-1.0
15.6104	-1.0
15.65724	-1.0
15.70328	-1.0
15.7384	-1.0
15.81728	-1.0
15.8592	-1.0
15.91592	-1.0
15.9888	-1.0
16.09312	-1.0
16.1572	-1.0
19.41612	-1.0
19.43564	-1.0
19.45552	-1.0
19.48348	-1.0
19.52016	-1.0
19.543	-1.0
19.57412	-1.0
19.60716	-1.0
19.63172	-1.0
19.66688	-1.0
19.68532	-1.0
19.70728	-1.0
19.73196	-1.0
19.76088	-1.0
19.802	-1.0
19.84608	-1.0
19.87064	-1.0
19.8972	-1.0
19.93504	-1.0
19.95392	-1.0
19.9818	-1.0
20.01256	-1.0
20.0342	-1.0
20.05024	-1.0
20.07756	-1.0
20.08748	-1.0
20.132	-1.0
20.14004	-1.0
20.18824	-1.0
20.22524	-1.0
20.24372	-1.0
20.27996	-1.0
20.30924	-1.0
20.34964	-1.0
20.41108	-1.0
20.46212	-1.0
20.51056	-1.0
20.54564	-1.0
20.60092	-1.0
20.65644	-1.0
20.71828	-1.0
24.86168	-1.0
24.87384	-1.0
24.89268	-1.0
24.91224	-1.0
24.9312	-1.0
24.95684	-1.0
24.97272	-1.0
24.99528	-1.0
25.01988	-1.0
25.04356	-1.0
25.06616	-1.0
25.09012	-1.0
25.11736	-1.0
25.14032	-1.0
25.16376	-1.0
25.20076	-1.0
25.24236	-1.0
25.2744	-1.0
25.29852	-1.0
25.32564	-1.0
25.34492	-1.0
25.37176	-1.0
25.38044	-1.0
25.39908	-1.0
25.4286	-1.0
25.4434	-1.0
25.4736	-1.0
25.496	-1.0
25.51112	-1.0
25.52952	-1.0
25.55928	-1.0
25.59128	-1.0
25.61968	-1.0
25.65776	-1.0
25.6806	-1.0
25.71016	-1.0
25.76676	-1.0
25.80208	-1.0
25.82364	-1.0
25.88596	-1.0
25.92856	-1.0
25.9802	-1.0
26.0248	-1.0
26.099	-1.0
26.1892	-1.0
29.85084	-1.0
29.86388	-1.0
29.88412	-1.0
29.91512	-1.0
29.94064	-1.0
29.95744	-1.0
29.98544	-1.0
30.00728	-1.0
30.03192	-1.0
30.0576	-1.0
30.0836	-1.0
30.10992	-1.0
30.1396	-1.0
30.16032	-1.0
30.18108	-1.0
30.20472	-1.0
30.2274	-1.0
30.25432	-1.0
30.27612	-1.0
30.3044	-1.0
30.33296	-1.0
30.34896	-1.0
30.36432	-1.0
30.38764	-1.0
30.40916	-1.0
30.44064	-1.0
30.4738	-1.0
30.50456	-1.0
30.53228	-1.0
30.553	-1.0
30.58936	-1.0
30.61748	-1.0
30.66736	-1.0
30.721	-1.0
30.74236	-1.0
30.77524	-1.0
30.81204	-1.0
30.86256	-1.0
30.90316	-1.0
30.95752	-1.0
30.99556	-1.0
31.02588	-1.0
31.069	-1.0
31.12244	-1.0
31.17772	-1.0
31.27136	-1.0
31.3382	-1.0
35.73724	-1.0
35.7518	-1.0
35.76332	-1.0
35.76696	-1.0
35.787	-1.0
35.80304	-1.0
35.8248	-1.0
35.84132	-1.0
35.86776	-1.0
35.88784	-1.0
35.91196	-1.0
35.94264	-1.0
35.96368	-1.0
35.98216	-1.0
35.99836	-1.0
36.02188	-1.0
36.04288	-1.0
36.0662	-1.0
36.08744	-1.0
36.10912	-1.0
36.13704	-1.0
36.15904	-1.0
36.18476	-1.0
36.20584	-1.0
36.23024	-1.0
36.25424	-1.0
36.285	-1.0
36.31468	-1.0
36.33872	-1.0
36.37036	-1.0
36.39768	-1.0
36.42452	-1.0
36.457	-1.0
36.51516	-1.0
36.56136	-1.0
36.592	-1.0
36.63992	-1.0
36.6698	-1.0
36.70888	-1.0
36.77396	-1.0
36.80856	-1.0
36.84392	-1.0
36.89588	-1.0
36.90988	-1.0
36.98028	-1.0
36.99776	-1.0
37.923	-1.0
37.965	-1.0
40.45972	-1.0
40.46384	-1.0
40.4762	-1.0
40.48988	-1.0
40.50556	-1.0
40.52268	-1.0
40.5466	-1.0
40.56608	-1.0
40.58372	-1.0
40.60988	-1.0
40.63124	-1.0
40.65928	-1.0
40.68652	-1.0
40.7248	-1.0
40.7536	-1.0
40.78216	-1.0
40.80656	-1.0
40.82216	-1.0
40.8428	-1.0
40.86568	-1.0
40.89016	-1.0
40.92004	-1.0
40.94888	-1.0
40.98168	-1.0
41.0028	-1.0
41.0246	-1.0
41.06204	-1.0
41.0858	-1.0
41.12248	-1.0
41.1738	-1.0
41.20388	-1.0
41.23408	-1.0
41.27232	-1.0
41.31952	-1.0
41.36548	-1.0
41.39384	-1.0
41.43964	-1.0
41.47876	-1.0
41.508	-1.0
41.5532	-1.0
41.60028	-1.0
41.67364	-1.0
44.70652	-1.0
44.71872	-1.0
44.72856	-1.0
44.74784	-1.0
44.76004	-1.0
44.78836	-1.0
44.81244	-1.0
44.8356	-1.0
44.85748	-1.0
44.88656	-1.0
44.9122	-1.0
44.92848	-1.0
44.94384	-1.0
44.96288	-1.0
44.98972	-1.0
45.01812	-1.0
45.0502	-1.0
45.08452	-1.0
45.1036	-1.0
45.13324	-1.0
45.16116	-1.0
45.17828	-1.0
45.21196	-1.0
45.248	-1.0
45.2862	-1.0
45.32	-1.0
45.34604	-1.0
45.36044	-1.0
45.37856	-1.0
45.42632	-1.0
45.44228	-1.0
45.47216	-1.0
45.52196	-1.0
45.53884	-1.0
45.58692	-1.0
45.60488	-1.0
45.62464	-1.0
45.67104	-1.0
45.70504	-1.0
45.73432	-1.0
45.77972	-1.0
45.85896	-1.0
45.9304	-1.0
45.9548	-1.0
49.27492	-1.0
49.27756	-1.0
49.29468	-1.0
49.31104	-1.0
49.32796	-1.0
49.3446	-1.0
49.36688	-1.0
49.38832	-1.0
49.40956	-1.0
49.42848	-1.0
49.45052	-1.0
49.46956	-1.0
49.48864	-1.0
49.51236	-1.0
49.54308	-1.0
49.5562	-1.0
49.58704	-1.0
49.60692	-1.0
49.62996	-1.0
49.65696	-1.0
49.67676	-1.0
49.70904	-1.0
49.74088	-1.0
49.77908	-1.0
49.7932	-1.0
49.81884	-1.0
49.84932	-1.0
49.87872	-1.0
49.90852	-1.0
49.93968	-1.0
49.97836	-1.0
50.04292	-1.0
50.09064	-1.0
50.15824	-1.0
50.19168	-1.0
50.22468	-1.0
50.25064	-1.0
50.30596	-1.0
50.3534	-1.0
50.40484	-1.0
50.46184	-1.0
50.507	-1.0
50.56676	-1.0
54.4902	-1.0
54.50456	-1.0
54.52516	-1.0
54.54528	-1.0
54.56664	-1.0
54.5896	-1.0
54.60796	-1.0
54.63796	-1.0
54.6618	-1.0
54.68052	-1.0
54.70376	-1.0
54.72552	-1.0
54.7528	-1.0
54.77556	-1.0
54.80512	-1.0
54.8258	-1.0
54.8348	-1.0
54.8574	-1.0
54.88372	-1.0
54.89212	-1.0
54.91792	-1.0
54.945	-1.0
54.9842	-1.0
55.00628	-1.0
55.02544	-1.0
55.05216	-1.0
55.0858	-1.0
55.12208	-1.0
55.14232	-1.0
55.16912	-1.0
55.20108	-1.0
55.23416	-1.0
55.26684	-1.0
55.28884	-1.0
55.30988	-1.0
55.35364	-1.0
55.37504	-1.0
55.4158	-1.0
55.43936	-1.0
55.45984	-1.0
55.50304	-1.0
55.61592	-1.0
55.68356	-1.0
55.72508	-1.0
59.611	-1.0
59.62972	-1.0
59.64936	-1.0
59.665	-1.0
59.68328	-1.0
59.69968	-1.0
59.7244	-1.0
59.75352	-1.0
59.78164	-1.0
59.80472	-1.0
59.835	-1.0
59.85496	-1.0
59.8816	-1.0
59.91172	-1.0
59.936	-1.0
59.96556	-1.0
59.98716	-1.0
60.017	-1.0
60.02836	-1.0
60.05444	-1.0
60.08264	-1.0
60.11464	-1.0
60.1356	-1.0
60.1688	-1.0
60.19972	-1.0
60.22592	-1.0
60.26236	-1.0
60.28968	-1.0
60.32736	-1.0
60.34832	-1.0
60.3922	-1.0
60.41724	-1.0
60.44804	-1.0
60.4588	-1.0
60.485	-1.0
60.52432	-1.0
60.57468	-1.0
60.6084	-1.0
60.71248	-1.0
60.74644	-1.0
60.8314	-1.0
63.88076	-1.0
63.89452	-1.0
63.91708	-1.0
63.93976	-1.0
63.96332	-1.0
63.98604	-1.0
64.00456	-1.0
64.02148	-1.0
64.04276	-1.0
64.06184	-1.0
64.08096	-1.0
64.10316	-1.0
64.12996	-1.0
64.15184	-1.0
64.18808	-1.0
64.2116	-1.0
64.22856	-1.0
64.2516	-1.0
64.2814	-1.0
64.30808	-1.0
64.3326	-1.0
64.36092	-1.0
64.39068	-1.0
64.423	-1.0
64.466	-1.0
64.49208	-1.0
64.53576	-1.0
64.57128	-1.0
64.59096	-1.0
64.63084	-1.0
64.66312	-1.0
64.68004	-1.0
64.737	-1.0
64.76244	-1.0
64.7978	-1.0
64.82012	-1.0
64.82344	-1.0
64.87176	-1.0
64.90712	-1.0
64.9392	-1.0
64.95632	-1.0
64.98148	-1.0
65.03616	-1.0
68.28544	-1.0
68.29932	-1.0
68.31976	-1.0
68.34252	-1.0
68.36548	-1.0
68.38668	-1.0
68.40464	-1.0
68.4296	-1.0
68.4542	-1.0
68.47128	-1.0
68.50356	-1.0
68.5308	-1.0
68.55588	-1.0
68.58232	-1.0
68.58952	-1.0
68.61016	-1.0
68.63512	-1.0
68.65608	-1.0
68.68016	-1.0
68.71432	-1.0
68.74708	-1.0
68.77548	-1.0
68.80304	-1.0
68.83704	-1.0
68.8634	-1.0
68.89648	-1.0
68.91984	-1.0
68.93644	-1.0
68.9522	-1.0
68.97632	-1.0
69.01656	-1.0
69.04628	-1.0
69.08352	-1.0
69.1112	-1.0
69.14388	-1.0
69.18176	-1.0
69.30884	-1.0
69.3422	-1.0
69.3882	-1.0
70.7208	1.0
73.53524	1.0
73.55452	-1.0
73.5714	-1.0
73.58952	-1.0
73.60616	-1.0
73.62128	-1.0
73.66016	-1.0
73.68656	-1.0
73.70572	-1.0
73.73184	-1.0
73.75504	-1.0
73.76888	-1.0
73.791	-1.0
73.81604	-1.0
73.81924	-1.0
73.8408	-1.0
73.86692	-1.0
73.88944	-1.0
73.8922	-1.0
73.91028	-1.0
73.93696	-1.0
73.9656	-1.0
73.9918	-1.0
74.01856	-1.0
74.04544	-1.0
74.05872	-1.0
74.08876	-1.0
74.12192	-1.0
74.1508	-1.0
74.17728	-1.0
74.20828	-1.0
74.25244	-1.0
74.27872	-1.0
74.31628	-1.0
74.34912	-1.0
74.37264	-1.0
74.39404	-1.0
74.42584	-1.0
74.4382	-1.0
74.47272	-1.0
74.4882	-1.0
74.59168	-1.0
74.64448	-1.0
74.7104	-1.0
78.5318	-1.0
78.54348	-1.0
78.5528	-1.0
78.56696	-1.0
78.5906	-1.0
78.61224	-1.0
78.63232	-1.0
78.65944	-1.0
78.68756	-1.0
78.707	-1.0
78.73112	-1.0
78.7536	-1.0
78.774	-1.0
78.79696	-1.0
78.80004	-1.0
78.83268	-1.0
78.8568	-1.0
78.86768	-1.0
78.88952	-1.0
78.91208	-1.0
78.94528	-1.0
78.97144	-1.0
78.99384	-1.0
79.0246	-1.0
79.04864	-1.0
79.08168	-1.0
79.11776	-1.0
79.14676	-1.0
79.17712	-1.0
79.21688	-1.0
79.26168	-1.0
79.28524	-1.0
79.32332	-1.0
79.36888	-1.0
79.40512	-1.0
79.48068	-1.0
79.52696	-1.0
83.88632	-1.0
83.90016	-1.0
83.9162	-1.0
83.93764	-1.0
83.95892	-1.0
83.98384	-1.0
84.00996	-1.0
84.03156	-1.0
84.05676	-1.0
84.07868	-1.0
84.10516	-1.0
84.12952	-1.0
84.14996	-1.0
84.17208	-1.0
84.1978	-1.0
84.22872	-1.0
84.2504	-1.0
84.2676	-1.0
84.28288	-1.0
84.30688	-1.0
84.33396	-1.0
84.36644	-1.0
84.4028	-1.0
84.43392	-1.0
84.46076	-1.0
84.47372	-1.0
84.5024	-1.0
84.5296	-1.0
84.55876	-1.0
84.6112	-1.0
84.65216	-1.0
84.69656	-1.0
84.75604	-1.0
84.79864	-1.0
84.80596	-1.0
84.83168	-1.0
84.84944	-1.0
84.91792	-1.0
84.99128	-1.0
85.02068	-1.0
85.06416	-1.0
85.13156	-1.0
88.43576	-1.0
88.45716	-1.0
88.46092	-1.0
88.48256	-1.0
88.50808	-1.0
88.53032	-1.0
88.55464	-1.0
88.5716	-1.0
88.59176	-1.0
88.64256	-1.0
88.6622	-1.0
88.69592	-1.0
88.71468	-1.0
88.71872	-1.0
88.73988	-1.0
88.77468	-1.0
88.80332	-1.0
88.8438	-1.0
88.87768	-1.0
88.9046	-1.0
88.93568	-1.0
88.95392	-1.0
88.98968	-1.0
89.01732	-1.0
89.04816	-1.0
89.0724	1.0
89.08096	-1.0
89.11148	-1.0
89.14776	-1.0
89.15752	-1.0
89.1976	-1.0
89.23632	-1.0
89.29428	-1.0
89.34192	-1.0
89.39828	-1.0
89.45052	-1.0
89.53812	-1.0
89.576	-1.0
93.26932	-1.0
93.27436	-1.0
93.29172	-1.0
93.31396	-1.0
93.33688	-1.0
93.36	-1.0
93.38144	-1.0
93.4094	-1.0
93.43484	-1.0
93.46816	-1.0
93.51208	-1.0
93.55032	-1.0
93.59724	-1.0
93.6344	-1.0
93.67184	-1.0
93.70364	-1.0
93.73252	-1.0
93.76208	-1.0
93.79636	-1.0
93.81996	-1.0
93.85484	-1.0
93.9146	-1.0
93.94648	-1.0
93.96836	-1.0
94.03128	-1.0
94.06884	-1.0
94.11836	-1.0
94.15164	-1.0
94.18496	-1.0
94.2132	-1.0
94.27176	-1.0
94.34196	-1.0
94.418	-1.0
99.31988	-1.0
99.32988	-1.0
99.34308	-1.0
99.35784	-1.0
99.37584	-1.0
99.39656	-1.0
99.42108	-1.0
99.45156	-1.0
99.48636	-1.0
99.51404	-1.0
99.54016	-1.0
99.56848	-1.0
99.58408	-1.0
99.60788	-1.0
99.6286	-1.0
99.6566	-1.0
99.69488	-1.0
99.72292	-1.0
99.74652	-1.0
99.77688	-1.0
99.80512	-1.0
99.8418	-1.0
99.88676	-1.0
99.93924	-1.0
99.96152	-1.0
99.99236	-1.0
100.02072	-1.0
100.05436	-1.0
100.09028	-1.0
100.1424	-1.0
100.18104	-1.0
100.22328	-1.0
100.313	-1.0
100.3582	-1.0
100.4088	-1.0
100.68128	-1.0
104.62096	-1.0
104.63428	-1.0
104.65112	-1.0
104.67188	-1.0
104.69456	-1.0
104.71912	-1.0
104.74148	-1.0
104.76732	-1.0
104.79464	-1.0
104.8264	-1.0
104.85596	-1.0
104.87688	-1.0
104.8988	-1.0
104.923	-1.0
104.96092	-1.0
105.00016	-1.0
105.03744	-1.0
105.06864	-1.0
105.09172	-1.0
105.12712	-1.0
105.15484	-1.0
105.18576	-1.0
105.23472	-1.0
105.27204	-1.0
105.31632	-1.0
105.35232	-1.0
105.38548	-1.0
105.4826	-1.0
105.5532	-1.0
105.57372	-1.0
105.60724	-1.0
105.69976	-1.0
106.0768	-1.0
109.74736	-1.0
109.77048	-1.0
109.7938	-1.0
109.81376	-1.0
109.83472	-1.0
109.87672	-1.0
109.8818	-1.0
109.933	-1.0
109.953	-1.0
109.98556	-1.0
110.01464	-1.0
110.06252	-1.0
110.10024	-1.0
110.13228	-1.0
110.19328	-1.0
110.22624	-1.0
110.26052	-1.0
110.30828	-1.0
110.39752	-1.0
110.44808	-1.0
110.51892	-1.0
110.62628	-1.0
110.67308	-1.0
110.73648	-1.0
110.83364	-1.0
111.026	-1.0
114.832	-1.0
114.84252	-1.0
114.86224	-1.0
114.88288	1.0
114.90592	-1.0
114.93244	-1.0
114.94724	-1.0
114.95084	-1.0
114.97144	-1.0
115.01564	-1.0
115.06556	-1.0
115.09276	-1.0
115.1092	-1.0
115.13068	-1.0
115.17	-1.0
115.20788	-1.0
115.2472	-1.0
115.28396	-1.0
115.3234	-1.0
115.3278	-1.0
115.35216	-1.0
115.3832	-1.0
115.4462	1.0
115.45028	-1.0
115.48756	-1.0
115.529	-1.0
115.56168	-1.0
115.67108	-1.0
115.7426	-1.0
115.79088	-1.0
115.83264	-1.0
115.84172	-1.0
116.10976	-1.0
119.77748	-1.0
119.79012	-1.0
119.79884	-1.0
119.82416	-1.0
119.84612	-1.0
119.8706	-1.0
119.89736	-1.0
119.92508	-1.0
119.97068	-1.0
120.01584	-1.0
120.04552	-1.0
120.08692	-1.0
120.12864	-1.0
120.16672	-1.0
120.243	-1.0
120.25776	-1.0
120.32328	-1.0
120.36568	-1.0
120.4664	-1.0
120.52432	-1.0
120.56844	-1.0
120.70248	-1.0
120.73788	-1.0
120.95044	-1.0
121.27104	-1.0
124.8888	-1.0
124.90564	-1.0
124.92384	-1.0
124.92716	-1.0
124.97724	-1.0
125.01572	-1.0
125.04016	-1.0
125.07048	-1.0
125.07396	-1.0
125.11132	-1.0
125.1344	-1.0
125.16044	-1.0
125.19676	-1.0
125.25376	-1.0
125.29916	-1.0
125.33256	-1.0
125.39844	-1.0
125.46468	-1.0
125.49636	-1.0
125.55084	-1.0
125.62128	-1.0
125.71508	-1.0
125.8012	-1.0
125.93504	-1.0
125.99336	-1.0
126.34648	-1.0
130.61812	-1.0
130.63635	-1.0
130.65971	-1.0
130.68448	-1.0
130.72047	-1.0
130.7546	-1.0
130.7806	-1.0
130.81544	-1.0
130.85796	-1.0
130.90332	-1.0
130.93004	-1.0
130.95096	-1.0
130.98885	-1.0
131.045	-1.0
131.09348	-1.0
131.09688	-1.0
131.17996	-1.0
131.24136	-1.0
131.28476	-1.0
131.40208	-1.0
131.66225	-1.0
131.86713	-1.0
131.97392	-1.0
132.1476	-1.0
136.51628	-1.0
136.53535	-1.0
136.55556	-1.0
136.57664	-1.0
136.60576	-1.0
136.62663	-1.0
136.6678	-1.0
136.69489	-1.0
136.737	-1.0
136.786	-1.0
136.81384	-1.0
136.84251	-1.0
136.912	-1.0
136.91452	1.0
136.96864	-1.0
137.02477	-1.0
137.04448	-1.0
137.07448	-1.0
137.12596	-1.0
137.20444	-1.0
137.25	-1.0
137.33784	-1.0
137.36728	-1.0
137.47556	-1.0
137.51125	-1.0
137.6684	-1.0
137.71436	-1.0
142.45856	-1.0
142.47832	-1.0
142.50044	-1.0
142.533	-1.0
142.55856	-1.0
142.60909	-1.0
142.64784	-1.0
142.67915	-1.0
142.70956	-1.0
142.74632	-1.0
142.7834	-1.0
142.814	-1.0
142.86224	-1.0
142.92812	-1.0
142.95029	-1.0
142.98128	-1.0
143.0306	-1.0
143.06831	-1.0
143.13136	-1.0
143.17863	-1.0
143.22928	-1.0
143.23984	-1.0
143.28244	-1.0
143.31812	-1.0
143.42336	-1.0
143.47713	-1.0
143.6214	-1.0
143.78548	-1.0
148.68529	-1.0
148.70392	-1.0
148.71732	-1.0
148.74048	-1.0
148.76312	-1.0
148.78407	-1.0
148.80588	-1.0
148.84332	-1.0
148.87515	-1.0
148.91827	-1.0
148.94864	-1.0
148.98364	-1.0
148.99773	-1.0
149.02696	-1.0
149.0494	-1.0
149.071	-1.0
149.12125	-1.0
149.17683	-1.0
149.20876	-1.0
149.29147	-1.0
149.32623	-1.0
149.35352	-1.0
149.43944	-1.0
149.52837	-1.0
149.76083	-1.0
149.83195	-1.0
149.95184	-1.0
149.98907	-1.0
150.24425	-1.0
153.73335	-1.0
153.7584	-1.0
153.78365	-1.0
153.80452	-1.0
153.83412	-1.0
153.8634	-1.0
153.9	-1.0
153.92268	-1.0
153.95345	-1.0
153.99149	-1.0
154.0246	-1.0
154.0722	-1.0
154.1142	-1.0
154.16116	-1.0
154.2128	-1.0
154.29964	-1.0
154.35728	-1.0
154.392	-1.0
154.4466	-1.0
154.54388	-1.0
154.66827	-1.0
154.73648	-1.0
155.08585	-1.0
155.22424	-1.0
159.975	-1.0
159.98569	-1.0
160.00703	-1.0
160.03712	-1.0
160.0608	-1.0
160.08228	-1.0
160.10065	-1.0
160.13008	-1.0
160.14612	-1.0
160.17345	-1.0
160.20409	-1.0
160.27255	-1.0
160.30328	-1.0
160.34984	-1.0
160.3778	-1.0
160.40308	-1.0
160.42969	-1.0
160.48875	-1.0
160.54536	-1.0
160.57487	-1.0
160.65552	-1.0
160.6946	-1.0
160.73328	-1.0
160.78703	-1.0
160.8624	-1.0
160.96016	-1.0
160.99467	-1.0
161.17128	-1.0
161.22205	-1.0
166.27104	-1.0
166.28893	-1.0
166.30516	-1.0
166.31808	-1.0
166.35275	-1.0
166.38324	-1.0
166.40292	-1.0
166.43724	-1.0
166.48476	-1.0
166.52847	-1.0
166.56165	-1.0
166.57892	-1.0
166.60228	-1.0
166.64632	-1.0
166.69948	-1.0
166.72829	-1.0
166.77869	-1.0
166.80753	-1.0
166.843	-1.0
166.88033	-1.0
166.92175	-1.0
166.95984	-1.0
167.00027	-1.0
167.05605	-1.0
167.116	-1.0
167.14656	-1.0
167.23164	-1.0
167.31116	-1.0
167.37556	-1.0
167.56212	-1.0
167.69296	-1.0
167.83888	-1.0
167.92204	-1.0
168.01791	-1.0
172.91956	-1.0
172.94124	-1.0
172.971	-1.0
173.00291	-1.0
173.02548	-1.0
173.03397	1.0
173.0528	-1.0
173.1216	-1.0
173.14684	-1.0
173.17392	-1.0
173.20364	-1.0
173.24223	-1.0
173.27304	-1.0
173.31335	-1.0
173.33884	-1.0
173.41472	-1.0
173.44228	-1.0
173.52336	-1.0
173.58188	-1.0
173.6448	-1.0
173.68304	-1.0
173.73	-1.0
173.77216	-1.0
173.83533	-1.0
173.88008	-1.0
173.93127	-1.0
173.96584	-1.0
174.0314	-1.0
174.14165	-1.0
174.21973	-1.0
174.29211	-1.0
179.06216	-1.0
179.08237	-1.0
179.10376	-1.0
179.1274	-1.0
179.1526	-1.0
179.19052	-1.0
179.23012	-1.0
179.27316	-1.0
179.31757	-1.0
179.32088	-1.0
179.35176	-1.0
179.38943	-1.0
179.42271	-1.0
179.45049	-1.0
179.49132	-1.0
179.53476	-1.0
179.594	-1.0
179.61832	-1.0
179.64044	-1.0
179.69652	-1.0
179.73552	-1.0
179.76527	-1.0
179.79124	-1.0
179.84644	-1.0
179.88148	-1.0
179.89864	-1.0
179.97644	-1.0
180.02632	-1.0
180.1178	-1.0
180.19489	-1.0
180.25365	-1.0
184.84232	-1.0
184.86533	-1.0
184.8898	-1.0
184.91573	-1.0
184.9338	-1.0
184.96487	-1.0
184.98949	-1.0
185.0302	-1.0
185.05412	-1.0
185.074	-1.0
185.1222	-1.0
185.15031	-1.0
185.20708	-1.0
185.28004	-1.0
185.34592	-1.0
185.44228	-1.0
185.52457	-1.0
185.58844	-1.0
185.64407	-1.0
185.70224	-1.0
185.76369	-1.0
185.80016	-1.0
185.8282	-1.0
185.88657	-1.0
185.93768	-1.0
186.02556	-1.0
190.2346	-1.0
190.24963	-1.0
190.27576	-1.0
190.30405	-1.0
190.32524	-1.0
190.36464	-1.0
190.38448	-1.0
190.42044	-1.0
190.47104	-1.0
190.5144	-1.0
190.5404	-1.0
190.56355	-1.0
190.60728	-1.0
190.6552	-1.0
190.73224	-1.0
190.768	-1.0
190.82108	-1.0
190.87396	-1.0
190.91743	-1.0
191.02596	-1.0
191.08168	-1.0
191.1616	-1.0
191.22797	-1.0
191.31631	-1.0
191.39484	-1.0
191.40396	-1.0
191.56628	-1.0
196.0604	-1.0
196.08276	-1.0
196.10664	-1.0
196.14449	-1.0
196.15083	-1.0
196.18504	-1.0
196.2252	-1.0
196.25308	-1.0
196.29672	-1.0
196.32951	-1.0
196.37416	-1.0
196.44415	-1.0
196.53156	-1.0
196.58984	-1.0
196.63048	-1.0
196.68011	-1.0
196.772	-1.0
196.83336	-1.0
196.88963	-1.0
196.96652	-1.0
197.10368	-1.0
197.20328	-1.0
197.279	-1.0
197.48737	-1.0
201.96004	-1.0
201.97807	-1.0
201.98436	-1.0
201.99277	-1.0
202.02711	-1.0
202.0556	-1.0
202.0932	-1.0
202.1322	-1.0
202.16731	-1.0
202.19247	-1.0
202.23184	-1.0
202.28468	-1.0
202.3466	-1.0
202.41096	-1.0
202.43164	-1.0
202.4628	-1.0
202.50037	-1.0
202.58476	-1.0
202.6304	-1.0
202.66544	-1.0
202.92664	-1.0
203.02373	-1.0
207.85828	-1.0
207.88033	-1.0
207.90744	-1.0
207.92664	-1.0
207.94753	-1.0
207.99696	-1.0
208.06372	-1.0
208.09357	-1.0
208.15189	-1.0
208.1982	-1.0
208.23712	-1.0
208.25195	-1.0
208.29729	-1.0
208.3644	-1.0
208.39812	-1.0
208.43292	-1.0
208.48024	-1.0
208.56416	-1.0
208.59624	-1.0
208.70251	-1.0
208.80524	-1.0
208.9208	-1.0
209.1204	-1.0
209.27847	-1.0
213.71956	-1.0
213.7418	-1.0
213.77188	-1.0
213.81204	-1.0
213.8314	-1.0
213.8612	-1.0
213.90256	-1.0
213.94289	-1.0
214.014	-1.0
214.0698	-1.0
214.09364	-1.0
214.11864	-1.0
214.15305	-1.0
214.215	-1.0
214.31123	-1.0
214.43616	-1.0
214.49648	-1.0
214.62135	-1.0
214.79492	-1.0
214.83264	-1.0
214.88788	-1.0
219.32857	-1.0
219.34315	-1.0
219.3492	-1.0
219.36824	-1.0
219.40176	-1.0
219.4402	-1.0
219.47104	-1.0
219.48352	-1.0
219.51024	-1.0
219.55257	-1.0
219.5946	-1.0
219.63852	-1.0
219.70357	-1.0
219.76865	-1.0
219.8172	-1.0
219.86607	-1.0
219.94504	-1.0
220.00168	-1.0
220.14555	-1.0
220.24364	-1.0
220.4834	-1.0
225.288	-1.0
225.31384	-1.0
225.3352	-1.0
225.34444	-1.0
225.37495	-1.0
225.40636	-1.0
225.44476	-1.0
225.4846	-1.0
225.52692	-1.0
225.57983	-1.0
225.61368	-1.0
225.66412	-1.0
225.71036	-1.0
225.76488	-1.0
225.80524	-1.0
225.9438	-1.0
226.00536	-1.0
226.16708	-1.0
226.23009	-1.0
226.36896	-1.0
226.52129	-1.0
230.80112	-1.0
230.82112	-1.0
230.85292	-1.0
230.8918	-1.0
230.92365	-1.0
230.95863	-1.0
230.99445	-1.0
231.09944	-1.0
231.15051	-1.0
231.19052	-1.0
231.2568	-1.0
231.3302	-1.0
231.40404	-1.0
231.45268	-1.0
231.97664	-1.0
232.11925	-1.0
236.63264	-1.0
236.66168	-1.0
236.69447	-1.0
236.7316	-1.0
236.7536	-1.0
236.83124	-1.0
236.89725	-1.0
236.94652	-1.0
237.01369	-1.0
237.08817	-1.0
237.11932	-1.0
237.18031	-1.0
237.25912	-1.0
237.42809	-1.0
237.5544	-1.0
237.67104	-1.0
237.88512	-1.0
242.15717	-1.0
242.1822	-1.0
242.19652	-1.0
242.20992	-1.0
242.22195	-1.0
242.24176	-1.0
242.27393	-1.0
242.3004	-1.0
242.32928	-1.0
242.38516	-1.0
242.46136	-1.0
242.50476	-1.0
242.61945	-1.0
242.8328	-1.0
242.83955	-1.0
242.95969	-1.0
243.01157	-1.0
243.10472	-1.0
243.26917	-1.0
248.65475	-1.0
248.6818	-1.0
248.70988	-1.0
248.74672	-1.0
248.78204	-1.0
248.81456	-1.0
248.9302	-1.0
248.99825	-1.0
249.19328	-1.0
249.27245	-1.0
249.31516	-1.0
249.3618	-1.0
249.46628	-1.0
249.91956	-1.0
250.09528	-1.0
255.02016	-1.0
255.04832	-1.0
255.07024	-1.0
255.0936	-1.0
255.13872	-1.0
255.19864	-1.0
255.25227	-1.0
255.28604	-1.0
255.3634	-1.0
255.49603	-1.0
255.63824	-1.0
255.70232	-1.0
255.759	-1.0
255.92609	-1.0
256.00015	-1.0
260.27756	-1.0
260.3082	-1.0
260.34225	-1.0
260.38727	-1.0
260.41635	-1.0
260.47556	-1.0
260.53287	-1.0
260.59888	-1.0
260.79996	-1.0
260.90036	-1.0
260.99875	-1.0
261.22516	-1.0
261.44965	-1.0
261.59903	-1.0
265.7506	-1.0
265.77896	-1.0
265.8052	-1.0
265.83344	-1.0
265.87997	-1.0
266.02417	-1.0
266.1249	-1.0
266.17133	-1.0
266.21176	-1.0
266.37653	-1.0
266.43213	-1.0
266.65973	-1.0
266.83768	-1.0
271.29257	-1.0
271.3167	-1.0
271.35016	-1.0
271.391	-1.0
271.4629	-1.0
271.54904	-1.0
271.6621	-1.0
271.74823	-1.0
271.907	-1.0
272.25052	-1.0
272.36288	-1.0
274.89737	-1.0
274.93985	-1.0
274.9808	-1.0
275.01828	-1.0
275.17035	-1.0
275.24677	-1.0
275.30545	-1.0
275.37888	-1.0
275.5959	-1.0
275.8104	-1.0
275.8434	-1.0
275.8522	-1.0
275.947	-1.0
281.39688	-1.0
281.42328	-1.0
281.46036	-1.0
281.4843	-1.0
281.52777	-1.0
281.6124	-1.0
281.78793	-1.0
281.8644	-1.0
281.90848	-1.0
282.0932	-1.0
282.1718	-1.0
283.95688	-1.0
286.46323	-1.0
286.4966	-1.0
286.5205	-1.0
286.53415	-1.0
286.569	-1.0
286.6346	-1.0
286.6877	-1.0
286.75787	-1.0
286.9423	-1.0
286.99707	-1.0
287.07205	-1.0
287.3732	-1.0
287.51013	-1.0
290.04764	-1.0
290.07645	-1.0
290.08453	-1.0
290.13004	-1.0
290.19177	-1.0
290.25864	-1.0
290.34476	-1.0
290.4016	-1.0
290.701	-1.0
290.7752	-1.0
290.89212	-1.0
290.9665	-1.0
291.08228	-1.0
295.51276	-1.0
295.5468	-1.0
295.58057	-1.0
295.61505	-1.0
295.70547	-1.0
295.89288	-1.0
295.9813	-1.0
296.0316	-1.0
296.50568	-1.0
300.4401	-1.0
300.48184	-1.0
300.50577	-1.0
300.57205	-1.0
300.7347	-1.0
300.79117	-1.0
300.90445	-1.0
301.01163	-1.0
301.0942	-1.0
301.37308	-1.0
305.48495	-1.0
305.538	-1.0
305.58667	-1.0
305.62167	-1.0
305.6641	-1.0
305.8875	-1.0
305.9561	-1.0
306.02713	-1.0
306.13992	-1.0
306.27176	-1.0
306.39703	-1.0
306.6788	-1.0
310.29025	-1.0
310.3228	-1.0
310.34387	-1.0
310.36115	-1.0
310.42252	-1.0
310.42935	-1.0
310.48868	-1.0
310.7678	-1.0
310.83353	-1.0
310.93784	-1.0
311.0351	-1.0
311.12225	-1.0
315.91876	-1.0
315.969	-1.0
315.9775	-1.0
316.01175	-1.0
316.01816	-1.0
316.03403	-1.0
316.06876	-1.0
316.197	-1.0
316.2852	-1.0
316.50888	-1.0
316.678	-1.0
319.16632	-1.0
321.01016	-1.0
321.05087	-1.0
321.08698	-1.0
321.15085	-1.0
321.19485	-1.0
321.35413	-1.0
321.42587	-1.0
321.5431	-1.0
321.82867	-1.0
321.91907	-1.0
325.9626	-1.0
326.00635	-1.0
326.04535	-1.0
326.0778	-1.0
326.162	-1.0
326.179	-1.0
326.22003	-1.0
326.3105	-1.0
326.37	-1.0
326.65887	-1.0
326.78815	-1.0
326.90137	-1.0
331.8441	-1.0
331.8832	-1.0
331.93143	-1.0
331.99185	-1.0
332.13376	-1.0
332.29736	-1.0
332.49637	-1.0
332.821	-1.0
338.20425	-1.0
338.24146	-1.0
338.27417	-1.0
338.3245	-1.0
338.39764	-1.0
338.5604	-1.0
338.88916	-1.0
338.92996	-1.0
343.25537	-1.0
343.29507	-1.0
343.36185	-1.0
343.4136	-1.0
343.47556	-1.0
343.53888	-1.0
343.95132	-1.0
348.63632	-1.0
348.67197	-1.0
348.70935	-1.0
348.72433	-1.0
348.75403	-1.0
348.75824	-1.0
348.91525	-1.0
348.9977	-1.0
349.1917	-1.0
353.61676	-1.0
353.65555	-1.0
353.67233	-1.0
353.69363	-1.0
353.794	-1.0
353.86472	-1.0
353.93024	-1.0
354.07047	-1.0
354.1128	-1.0
354.23755	-1.0
354.47412	-1.0
354.72675	-1.0
358.3962	-1.0
358.43097	-1.0
358.47873	-1.0
358.49036	-1.0
358.54596	-1.0
358.63968	-1.0
358.72137	-1.0
358.85513	-1.0
358.90936	-1.0
359.25037	-1.0
363.4929	-1.0
363.5416	-1.0
363.589	-1.0
363.6541	-1.0
363.71884	-1.0
363.78687	-1.0
363.8473	-1.0
363.92316	-1.0
363.9646	-1.0
364.2604	-1.0
364.4893	-1.0
368.44324	-1.0
368.4804	-1.0
368.48517	-1.0
368.53668	-1.0
368.5417	-1.0
368.57162	-1.0
368.60217	-1.0
368.65308	-1.0
368.70764	-1.0
368.84604	-1.0
368.97833	-1.0
369.14984	-1.0
373.1622	-1.0
373.20288	-1.0
373.2463	-1.0
373.30997	-1.0
373.36816	-1.0
373.44296	-1.0
373.49512	-1.0
373.7382	-1.0
373.84592	-1.0
378.0072	-1.0
378.0563	-1.0
378.09213	-1.0
378.1457	-1.0
378.1999	-1.0
378.29984	-1.0
378.44012	-1.0
378.52417	-1.0
383.05167	-1.0
383.0869	-1.0
383.12292	-1.0
383.1588	-1.0
383.19647	-1.0
383.37372	-1.0
383.41467	-1.0
383.47153	-1.0
383.514	-1.0
383.57428	-1.0
384.03296	-1.0
388.082	-1.0
388.13235	-1.0
388.16287	-1.0
388.17017	-1.0
388.195	-1.0
388.20053	-1.0
388.22433	-1.0
388.27975	-1.0
388.35956	-1.0
388.41885	-1.0
388.50977	-1.0
388.8059	-1.0
389.00253	-1.0
392.7993	-1.0
392.83963	-1.0
392.8771	-1.0
392.91895	-1.0
392.9438	-1.0
392.9718	-1.0
393.06427	-1.0
393.09763	-1.0
393.22345	-1.0
393.36032	-1.0
393.64993	-1.0
397.2166	-1.0
397.26752	-1.0
397.29877	-1.0
397.32236	-1.0
397.3567	-1.0
397.48688	-1.0
397.5232	-1.0
397.5807	-1.0
397.6303	-1.0
397.743	-1.0
397.95847	-1.0
402.12607	-1.0
402.1693	-1.0
402.19705	-1.0
402.22015	-1.0
402.2458	-1.0
402.27588	-1.0
402.32904	-1.0
402.359	-1.0
402.38788	-1.0
402.42563	-1.0
402.47137	-1.0
402.50443	-1.0
402.58545	-1.0
402.66248	-1.0
403.0765	-1.0
407.44693	-1.0
407.48505	-1.0
407.51596	-1.0
407.53485	-1.0
407.54532	-1.0
407.55936	-1.0
407.59363	-1.0
407.62024	-1.0
407.64844	-1.0
407.67712	-1.0
407.70377	-1.0
407.73267	-1.0
407.77386	-1.0
407.80032	-1.0
407.82803	-1.0
407.87036	-1.0
407.90405	-1.0
407.93988	-1.0
408.01517	-1.0
408.05908	-1.0
408.16013	-1.0
411.79797	-1.0
411.82788	-1.0
411.85428	-1.0
411.87003	-1.0
411.87323	-1.0
411.88348	-1.0
411.9135	-1.0
411.92172	-1.0
411.93723	-1.0
411.9665	-1.0
412.00476	-1.0
412.00784	-1.0
412.05188	-1.0
412.08417	-1.0
412.10867	-1.0
412.12335	-1.0
412.1631	-1.0
412.2166	-1.0
412.37155	-1.0
416.63388	-1.0
416.6505	-1.0
416.67264	-1.0
416.69583	-1.0
416.71368	-1.0
416.72137	-1.0
416.7455	-1.0
416.77148	-1.0
416.8005	-1.0
416.83472	-1.0
416.86987	-1.0
416.8992	-1.0
416.92676	-1.0
416.96347	-1.0
417.01736	-1.0
417.05515	-1.0
417.12323	-1.0
417.22717	-1.0
417.3263	-1.0
421.2886	-1.0
421.31976	-1.0
421.32977	-1.0
421.3391	-1.0
421.34308	-1.0
421.34848	-1.0
421.36783	-1.0
421.38788	-1.0
421.41165	-1.0
421.43613	-1.0
421.4598	-1.0
421.4799	-1.0
421.50177	-1.0
421.52243	-1.0
421.53467	-1.0
421.5502	-1.0
421.57263	-1.0
421.59668	-1.0
421.63657	-1.0
421.657	-1.0
421.68573	-1.0
421.71228	-1.0
421.74136	-1.0
421.76996	-1.0
421.802	-1.0
421.83304	-1.0
421.97305	-1.0
425.70248	-1.0
425.73563	-1.0
425.75085	-1.0
425.7556	-1.0
425.7774	-1.0
425.79825	-1.0
425.80652	-1.0
425.82272	-1.0
425.85016	-1.0
425.87207	-1.0
425.8982	-1.0
425.9422	-1.0
425.96613	-1.0
425.9933	-1.0
426.03107	-1.0
426.05313	-1.0
426.0802	-1.0
426.10397	-1.0
426.1448	-1.0
426.1771	-1.0
426.24683	-1.0
429.64517	-1.0
429.66095	-1.0
429.68472	-1.0
429.70856	-1.0
429.7285	-1.0
429.75253	-1.0
429.77386	-1.0
429.8098	-1.0
429.84195	-1.0
429.86807	-1.0
429.90057	-1.0
429.93185	-1.0
429.96848	-1.0
430.0084	-1.0
430.09088	-1.0
430.1343	-1.0
430.1646	-1.0
430.2105	-1.0
433.6742	-1.0
433.697	-1.0
433.7058	-1.0
433.7112	-1.0
433.72983	-1.0
433.74997	-1.0
433.77292	-1.0
433.79724	-1.0
433.8227	-1.0
433.838	-1.0
433.86	-1.0
433.88596	-1.0
433.9029	-1.0
433.9206	-1.0
433.96744	-1.0
434.0056	-1.0
434.0301	-1.0
434.05045	-1.0
434.07764	-1.0
434.11172	-1.0
434.16864	-1.0
434.207	-1.0
434.34357	-1.0
437.49356	-1.0
437.52036	-1.0
437.53827	-1.0
437.55908	-1.0
437.5812	-1.0
437.60416	-1.0
437.6281	-1.0
437.64853	-1.0
437.67065	-1.0
437.69147	-1.0
437.7172	-1.0
437.76184	-1.0
437.78848	-1.0
437.8144	-1.0
437.8437	-1.0
437.86993	-1.0
437.91995	-1.0
437.9864	-1.0
438.05765	-1.0
442.45355	-1.0
442.4762	1.0
442.48148	-1.0
442.50732	-1.0
442.5222	-1.0
442.53723	-1.0
442.5569	-1.0
442.57812	-1.0
442.6013	-1.0
442.6367	-1.0
442.66248	-1.0
442.6858	-1.0
442.69736	-1.0
442.7282	-1.0
442.75424	-1.0
442.78064	-1.0
442.82095	-1.0
442.84384	-1.0
442.86804	-1.0
442.89487	-1.0
442.92273	-1.0
442.9442	-1.0
442.97845	-1.0
443.0102	-1.0
443.06503	-1.0
443.10007	-1.0
443.16873	-1.0
446.3674	-1.0
446.38892	-1.0
446.39764	-1.0
446.4088	-1.0
446.42648	-1.0
446.45343	-1.0
446.4796	-1.0
446.51285	-1.0
446.5463	-1.0
446.57587	-1.0
446.62244	-1.0
446.66748	-1.0
446.7178	-1.0
446.74924	-1.0
446.77676	-1.0
446.8069	-1.0
446.86237	-1.0
446.92255	-1.0
450.40857	-1.0
450.4252	-1.0
450.43997	-1.0
450.4582	-1.0
450.47812	-1.0
450.5021	-1.0
450.5205	-1.0
450.54208	-1.0
450.5631	-1.0
450.58533	-1.0
450.62848	-1.0
450.6515	-1.0
450.68515	-1.0
450.71588	-1.0
450.7473	-1.0
450.7818	-1.0
450.8194	-1.0
450.84433	-1.0
450.89508	-1.0
450.9364	-1.0
450.98016	-1.0
453.92288	-1.0
453.9318	-1.0
453.9606	-1.0
453.98026	-1.0
453.98547	-1.0
454.00015	-1.0
454.02164	-1.0
454.036	-1.0
454.04147	-1.0
454.06357	-1.0
454.08527	-1.0
454.09952	-1.0
454.12772	-1.0
454.148	-1.0
454.17065	-1.0
454.19815	-1.0
454.22757	-1.0
454.26495	-1.0
454.30017	-1.0
454.32648	-1.0
454.35547	-1.0
454.38684	-1.0
454.41302	-1.0
454.4794	-1.0
454.52008	-1.0
457.46713	-1.0
457.49615	-1.0
457.5124	-1.0
457.5276	1.0
457.552	-1.0
457.57504	-1.0
457.5964	-1.0
457.62332	-1.0
457.6515	-1.0
457.6761	-1.0
457.69473	-1.0
457.73483	-1.0
457.76877	-1.0
457.7875	-1.0
457.8242	-1.0
457.8599	-1.0
457.89532	-1.0
457.94272	-1.0
458.01416	-1.0
460.72867	-1.0
460.74512	-1.0
460.76727	-1.0
460.7837	-1.0
460.80093	-1.0
460.81992	-1.0
460.828	-1.0
460.84613	-1.0
460.8812	-1.0
460.91095	-1.0
460.936	-1.0
460.97333	-1.0
461.00204	-1.0
461.031	-1.0
461.0735	-1.0
461.11996	-1.0
461.1646	-1.0
461.27576	-1.0
464.1888	-1.0
464.20953	-1.0
464.23276	-1.0
464.25116	-1.0
464.27316	-1.0
464.29608	-1.0
464.32315	-1.0
464.35812	-1.0
464.37354	-1.0
464.3974	-1.0
464.42984	-1.0
464.46512	-1.0
464.4844	-1.0
464.51077	-1.0
464.5431	-1.0
464.5794	-1.0
464.62173	-1.0
464.66895	-1.0
467.69855	-1.0
467.71472	-1.0
467.73456	-1.0
467.74423	-1.0
467.75024	-1.0
467.76648	-1.0
467.78247	-1.0
467.809	-1.0
467.83032	-1.0
467.86243	-1.0
467.88348	-1.0
467.91663	-1.0
467.95996	-1.0
468.0003	-1.0
468.0189	-1.0
468.05768	-1.0
468.08823	-1.0
468.14563	-1.0
468.20877	-1.0
470.97192	-1.0
470.99323	-1.0
471.00488	-1.0
471.0118	-1.0
471.0283	-1.0
471.03955	-1.0
471.04645	-1.0
471.07428	-1.0
471.1012	-1.0
471.12057	-1.0
471.14496	-1.0
471.1685	-1.0
471.20667	-1.0
471.2285	-1.0
471.24704	-1.0
471.27087	-1.0
471.30124	-1.0
471.328	-1.0
471.3575	-1.0
471.40393	-1.0
471.4636	-1.0
471.5286	-1.0
473.93716	-1.0
473.95593	-1.0
473.96375	1.0
473.97455	-1.0
473.9923	-1.0
474.0118	-1.0
474.02667	-1.0
474.0479	-1.0
474.07236	-1.0
474.0803	-1.0
474.09357	-1.0
474.12103	-1.0
474.1679	-1.0
474.18167	-1.0
474.19553	-1.0
474.25504	-1.0
474.3133	-1.0
474.3818	-1.0
476.93	-1.0
476.95193	-1.0
476.96884	-1.0
476.9886	-1.0
477.01196	-1.0
477.03256	-1.0
477.0544	-1.0
477.0832	-1.0
477.10687	-1.0
477.13867	-1.0
477.1743	-1.0
477.19595	-1.0
477.23163	-1.0
477.2742	-1.0
479.83267	-1.0
479.85092	-1.0
479.86996	-1.0
479.89062	-1.0
479.9128	-1.0
479.92075	-1.0
479.9315	-1.0
479.9573	-1.0
479.9601	-1.0
479.974	-1.0
479.9997	-1.0
480.0254	-1.0
480.05807	-1.0
480.08627	-1.0
480.11	-1.0
480.15363	-1.0
482.50333	-1.0
482.52557	-1.0
482.5426	-1.0
482.5577	-1.0
482.57895	-1.0
482.60373	-1.0
482.62625	-1.0
482.651	-1.0
482.67633	-1.0
482.70117	-1.0
482.72095	-1.0
482.76044	-1.0
482.82156	-1.0
485.74197	-1.0
485.7634	-1.0
485.78708	-1.0
485.8092	-1.0
485.82535	-1.0
485.8432	-1.0
485.8639	-1.0
485.88904	-1.0
485.91068	-1.0
485.93552	-1.0
485.9616	-1.0
485.9891	-1.0
486.0019	-1.0
486.03143	-1.0
486.08884	-1.0
486.14963	-1.0
489.06827	-1.0
489.0887	-1.0
489.1048	-1.0
489.11987	-1.0
489.13965	-1.0
489.15848	-1.0
489.1796	-1.0
489.1863	-1.0
489.20078	-1.0
489.21835	-1.0
489.25885	-1.0
489.28476	-1.0
489.32535	-1.0
489.37265	-1.0
489.41245	-1.0
489.44092	-1.0
489.49393	-1.0
489.54105	-1.0
492.68805	-1.0
492.70776	-1.0
492.72867	-1.0
492.7339	-1.0
492.7452	-1.0
492.7593	-1.0
492.77997	-1.0
492.7978	-1.0
492.82468	-1.0
492.8589	-1.0
492.88077	-1.0
492.90347	-1.0
492.93063	-1.0
492.94855	-1.0
492.98285	-1.0
493.01117	-1.0
493.05	-1.0
493.08337	-1.0
493.12305	-1.0
493.18488	-1.0
495.45743	-1.0
495.48563	-1.0
495.5098	-1.0
495.53152	-1.0
495.53455	-1.0
495.5562	-1.0
495.57227	-1.0
495.59097	-1.0
495.61673	-1.0
495.65405	-1.0
495.6887	-1.0
495.72137	-1.0
498.5076	-1.0
498.5277	-1.0
498.54877	-1.0
498.56012	-1.0
498.5674	-1.0
498.58676	-1.0
498.60956	-1.0
498.6312	-1.0
498.64853	-1.0
498.67615	-1.0
498.69003	-1.0
498.7111	-1.0
498.7483	-1.0
498.76364	-1.0
498.8082	-1.0
498.86063	-1.0
498.9512	-1.0
503.9298	-1.0
503.94592	-1.0
503.96188	-1.0
503.98065	-1.0
504.00235	-1.0
504.02136	-1.0
504.04105	-1.0
504.06577	-1.0
504.0898	-1.0
504.1208	-1.0
504.13837	-1.0
504.1529	-1.0
504.1807	-1.0
504.19348	-1.0
504.21463	-1.0
504.23575	-1.0
504.26636	-1.0
504.28384	-1.0
504.31848	-1.0
504.35416	-1.0
504.38293	-1.0
504.40897	-1.0
504.4703	-1.0
506.9215	-1.0
506.94388	-1.0
506.96628	-1.0
506.9883	-1.0
507.00323	-1.0
507.0152	-1.0
507.04153	-1.0
507.06955	-1.0
507.09644	-1.0
507.13373	-1.0
509.3956	-1.0
509.42328	-1.0
509.44916	-1.0
509.4757	-1.0
509.49777	-1.0
509.5216	-1.0
509.54633	-1.0
509.5837	-1.0
509.62473	-1.0
509.6512	-1.0
509.74023	-1.0
512.58105	-1.0
512.6131	-1.0
512.63763	-1.0
512.6431	-1.0
512.66174	-1.0
512.69104	-1.0
512.7123	-1.0
512.7413	-1.0
512.76587	-1.0
512.80524	-1.0
512.877	-1.0
515.3455	-1.0
515.3697	-1.0
515.3857	-1.0
515.40173	-1.0
515.4172	-1.0
515.43896	-1.0
515.46124	-1.0
515.4672	-1.0
515.49817	-1.0
515.5262	-1.0
515.5569	-1.0
515.6136	-1.0
518.23474	-1.0
518.2735	-1.0
518.3004	-1.0
518.3247	-1.0
518.3582	-1.0
518.3635	-1.0
518.38477	-1.0
518.4246	-1.0
518.454	-1.0
518.4828	-1.0
518.5149	-1.0
521.3721	-1.0
521.40753	-1.0
521.43207	-1.0
521.4492	-1.0
521.4534	-1.0
521.48303	-1.0
521.4872	-1.0
521.51514	-1.0
521.53766	-1.0
521.5632	-1.0
521.58563	-1.0
524.1774	-1.0
524.20764	-1.0
524.23944	-1.0
524.25275	-1.0
524.26074	-1.0
524.2793	-1.0
524.2977	-1.0
524.3021	-1.0
524.30493	-1.0
524.3282	-1.0
524.3597	-1.0
524.3945	-1.0
524.44037	-1.0
526.73895	-1.0
526.7714	-1.0
526.80896	-1.0
526.8349	-1.0
526.86285	-1.0
526.8893	-1.0
526.922	-1.0
530.08417	-1.0
530.1079	-1.0
530.13385	-1.0
530.1505	-1.0
530.15735	-1.0
530.16174	-1.0
530.1729	-1.0
530.19867	-1.0
530.2217	-1.0
530.2678	-1.0
530.3076	-1.0
530.32556	-1.0
532.7815	-1.0
532.88916	-1.0
533.559	-1.0
533.5897	-1.0
533.61505	-1.0
533.6425	-1.0
533.6704	-1.0
533.69965	-1.0
533.7206	-1.0
533.7295	-1.0
533.7734	-1.0
535.8771	-1.0
535.95447	-1.0
536.0251	-1.0
536.2896	-1.0
536.32513	-1.0
536.34753	-1.0
536.3747	-1.0
536.4048	-1.0
536.4874	-1.0
538.43353	-1.0
538.4669	-1.0
538.48834	-1.0
538.4954	-1.0
538.5222	-1.0
538.54785	-1.0
538.5792	-1.0
538.62115	-1.0
541.8848	-1.0
541.92944	-1.0
541.95807	-1.0
541.9787	-1.0
542.0024	-1.0
542.00726	-1.0
542.0346	-1.0
542.06537	-1.0
542.11816	-1.0
542.174	-1.0
544.5955	-1.0
547.0079	-1.0
547.0505	-1.0
547.0724	-1.0
547.0931	-1.0
547.1234	-1.0
547.15375	-1.0
547.18365	-1.0
547.21967	-1.0
547.2617	-1.0
547.32947	-1.0
551.8031	-1.0
551.8343	-1.0
551.8588	-1.0
551.88226	-1.0
551.8877	-1.0
551.9064	-1.0
551.93994	-1.0
551.96564	-1.0
556.01385	-1.0
556.05695	-1.0
556.0794	-1.0
556.1018	-1.0
556.1278	-1.0
556.1538	-1.0
556.1974	-1.0
559.7555	-1.0
559.8109	-1.0
559.84515	-1.0
559.87994	-1.0
559.9129	-1.0
559.9578	-1.0
562.77386	-1.0
562.8421	-1.0
562.90906	-1.0
562.9524	-1.0
562.96545	-1.0
562.98975	-1.0
563.04004	-1.0
563.0956	-1.0
563.11273	-1.0
567.096	-1.0
567.157	-1.0
567.193	-1.0
567.2144	-1.0
567.25354	-1.0
567.3296	-1.0
574.8151	-1.0
574.8188	-1.0
574.869	-1.0
574.89703	-1.0
574.9253	-1.0
574.95593	-1.0
574.98846	-1.0
575.02747	-1.0
575.0779	-1.0
578.472	-1.0
578.535	-1.0
578.5742	-1.0
578.6152	-1.0
578.6547	-1.0
578.7035	-1.0
581.6281	-1.0
581.8081	-1.0
581.87933	-1.0
581.944	-1.0
581.9846	-1.0
582.0304	-1.0
586.7873	-1.0
586.8372	-1.0
586.87604	-1.0
586.9217	-1.0
587.05554	-1.0
587.44135	-1.0
587.48663	-1.0
593.1634	-1.0
593.2078	-1.0
593.24854	-1.0
593.2568	-1.0
593.28656	-1.0
593.31635	-1.0
597.0586	-1.0
597.12085	-1.0
597.1948	-1.0
597.2345	-1.0
597.2682	-1.0
597.2757	-1.0
597.31287	-1.0
597.436	-1.0
