0.00584	-1.0
0.02496	1.0
0.33276	-1.0
0.42608	-1.0
0.53192	-1.0
0.84292	1.0
1.16424	-1.0
1.30424	-1.0
1.5308	1.0
5.39232	1.0
5.50176	-1.0
5.56672	1.0
5.70008	-1.0
5.82088	-1.0
5.8382	1.0
5.84428	-1.0
5.9982	-1.0
6.06756	-1.0
6.196	-1.0
6.23076	1.0
6.29076	1.0
6.53396	1.0
6.6016	-1.0
6.72312	-1.0
8.9886	1.0
9.13252	1.0
9.23828	-1.0
9.24984	1.0
9.32108	-1.0
9.36796	1.0
9.4182	1.0
9.4596	-1.0
9.68736	-1.0
10.08872	-1.0
10.14284	1.0
10.19448	-1.0
10.35432	-1.0
10.88124	-1.0
10.8944	1.0
10.93184	1.0
11.11072	1.0
11.15304	1.0
11.226	-1.0
11.56912	1.0
11.90072	1.0
12.05688	-1.0
12.30948	-1.0
12.36672	1.0
12.37136	-1.0
12.45052	1.0
12.47284	1.0
12.507	1.0
14.91868	1.0
15.00388	1.0
15.12532	-1.0
15.13424	1.0
15.18236	1.0
15.23724	-1.0
15.28976	1.0
15.50452	-1.0
15.56792	1.0
15.6868	1.0
15.69636	-1.0
15.70796	-1.0
15.75512	1.0
15.77948	-1.0
15.85084	1.0
15.85996	-1.0
16.01192	-1.0
16.0912	-1.0
16.23728	-1.0
16.30104	-1.0
16.43392	-1.0
16.46184	-1.0
16.46452	-1.0
16.63932	1.0
16.7934	1.0
19.3706	-1.0
19.38116	1.0
19.38484	-1.0
19.38804	-1.0
19.41948	-1.0
19.4366	1.0
19.47444	1.0
19.47952	-1.0
19.63216	1.0
19.6858	-1.0
19.70552	1.0
19.75676	-1.0
19.78008	1.0
19.83572	1.0
19.85136	-1.0
19.90536	-1.0
20.10472	-1.0
20.19964	1.0
20.20572	1.0
20.28848	-1.0
20.31884	-1.0
20.38216	-1.0
20.38624	1.0
20.423	-1.0
20.46496	-1.0
20.55448	1.0
20.63608	-1.0
20.65496	1.0
20.70964	1.0
20.7206	-1.0
20.7674	-1.0
20.87872	-1.0
20.98604	1.0
24.82008	1.0
24.84604	-1.0
24.85984	-1.0
24.89588	1.0
24.97204	-1.0
25.00144	1.0
25.02596	-1.0
25.05916	1.0
25.09192	-1.0
25.12244	-1.0
25.1722	1.0
25.26828	-1.0
25.291	1.0
25.2988	-1.0
25.35172	-1.0
25.40316	-1.0
25.44512	1.0
25.51688	-1.0
25.58192	-1.0
25.59356	1.0
25.70132	1.0
25.74444	-1.0
25.78552	-1.0
25.92388	-1.0
25.94728	-1.0
26.02152	-1.0
26.18596	1.0
26.19024	-1.0
26.41524	-1.0
29.81728	-1.0
29.82048	1.0
29.82752	1.0
29.83132	-1.0
29.86004	-1.0
29.87	-1.0
29.88264	1.0
29.92708	1.0
29.96112	-1.0
30.05132	-1.0
30.10124	-1.0
30.12668	1.0
30.14476	1.0
30.1622	-1.0
30.17856	-1.0
30.23328	1.0
30.2432	1.0
30.2458	1.0
30.2768	-1.0
30.2816	-1.0
30.3066	-1.0
30.34032	1.0
30.34288	-1.0
30.36576	-1.0
30.38496	-1.0
30.40636	-1.0
30.4254	-1.0
30.4498	-1.0
30.47492	-1.0
30.5152	-1.0
30.57872	-1.0
30.67832	-1.0
30.71964	-1.0
30.81152	-1.0
30.84732	-1.0
31.07196	-1.0
31.10456	-1.0
31.12204	1.0
31.2152	1.0
31.2436	1.0
31.2904	1.0
31.30128	-1.0
31.35744	1.0
31.36752	-1.0
35.70804	1.0
35.71196	-1.0
35.72844	-1.0
35.75528	1.0
35.76716	-1.0
35.77488	-1.0
35.7988	1.0
35.80564	-1.0
35.84176	1.0
35.8506	1.0
35.91644	-1.0
35.97176	-1.0
35.98744	1.0
36.03464	1.0
36.0372	1.0
36.11832	-1.0
36.1332	1.0
36.21168	-1.0
36.22356	1.0
36.25312	-1.0
36.34984	-1.0
36.40488	1.0
36.42676	-1.0
36.43908	-1.0
36.51756	-1.0
36.52952	-1.0
36.5656	-1.0
36.62136	1.0
36.62956	-1.0
36.72576	-1.0
36.7628	1.0
36.76904	-1.0
36.8204	-1.0
36.83468	-1.0
36.8384	-1.0
36.87152	-1.0
36.92084	-1.0
36.9328	-1.0
36.99648	-1.0
37.06952	-1.0
37.15748	-1.0
37.21656	-1.0
37.24876	-1.0
37.77916	-1.0
37.80564	1.0
37.832	1.0
37.914	1.0
37.96292	-1.0
40.46528	-1.0
40.48704	1.0
40.49088	1.0
40.49844	-1.0
40.58384	-1.0
40.59944	1.0
40.63076	-1.0
40.63804	-1.0
40.65312	1.0
40.65988	-1.0
40.68428	-1.0
40.6884	-1.0
40.74256	-1.0
40.80884	-1.0
40.8382	1.0
40.89024	-1.0
40.89348	-1.0
40.92244	-1.0
40.99084	-1.0
41.06044	-1.0
41.08788	-1.0
41.16656	1.0
41.20164	-1.0
41.23564	1.0
41.26952	1.0
41.28336	-1.0
41.28736	-1.0
41.34308	-1.0
41.4048	1.0
41.43036	-1.0
41.46452	-1.0
41.47576	1.0
41.48384	-1.0
41.51612	-1.0
41.55552	-1.0
41.56356	1.0
41.62948	-1.0
41.67424	-1.0
41.689	-1.0
41.76676	-1.0
41.83848	-1.0
41.85472	1.0
41.96036	-1.0
41.99156	-1.0
44.65924	-1.0
44.6712	1.0
44.68668	-1.0
44.73516	-1.0
44.76008	-1.0
44.79652	-1.0
44.83472	-1.0
44.84092	1.0
44.84516	1.0
44.89644	1.0
44.91032	-1.0
44.9348	-1.0
44.966	-1.0
44.96852	-1.0
45.03112	-1.0
45.06944	1.0
45.107	-1.0
45.11	1.0
45.14256	-1.0
45.21264	1.0
45.22444	1.0
45.2438	-1.0
45.29528	-1.0
45.35044	-1.0
45.38204	-1.0
45.46024	-1.0
45.51764	-1.0
45.57636	-1.0
45.61268	-1.0
45.65968	-1.0
45.68488	-1.0
45.68756	1.0
45.72076	-1.0
45.75408	-1.0
45.78532	-1.0
45.84876	-1.0
45.92376	1.0
46.02352	-1.0
46.08124	1.0
46.11252	-1.0
49.22492	1.0
49.29144	1.0
49.29796	-1.0
49.31336	1.0
49.31792	-1.0
49.3664	1.0
49.40508	1.0
49.43604	-1.0
49.46032	-1.0
49.46392	-1.0
49.51156	1.0
49.51748	-1.0
49.56496	1.0
49.62344	-1.0
49.6544	-1.0
49.7024	-1.0
49.72876	1.0
49.77316	-1.0
49.80784	1.0
49.81684	-1.0
49.88232	-1.0
49.93484	-1.0
49.98048	1.0
50.00136	-1.0
50.02396	-1.0
50.05544	-1.0
50.11732	-1.0
50.16136	1.0
50.19128	-1.0
50.21612	1.0
50.22252	1.0
50.2984	1.0
50.3498	-1.0
50.39468	-1.0
50.4284	1.0
50.48672	-1.0
50.4958	1.0
50.5642	1.0
50.56868	-1.0
50.71388	-1.0
50.78416	-1.0
50.81944	-1.0
50.84812	-1.0
50.87724	-1.0
50.94316	-1.0
54.44408	-1.0
54.46036	-1.0
54.4718	1.0
54.5062	-1.0
54.53448	1.0
54.54844	-1.0
54.56	1.0
54.6052	-1.0
54.62504	1.0
54.66076	-1.0
54.70124	1.0
54.70976	1.0
54.71508	-1.0
54.73856	1.0
54.75616	-1.0
54.76248	-1.0
54.7864	-1.0
54.79116	1.0
54.80384	-1.0
54.83384	-1.0
54.83744	-1.0
54.84672	-1.0
54.88756	1.0
54.94672	-1.0
54.96076	-1.0
54.97244	1.0
55.00456	-1.0
55.04068	-1.0
55.07156	-1.0
55.0926	-1.0
55.11608	1.0
55.20916	-1.0
55.23104	-1.0
55.25968	1.0
55.29592	-1.0
55.32544	-1.0
55.35332	-1.0
55.38872	-1.0
55.39148	-1.0
55.44504	1.0
55.449	-1.0
55.45296	-1.0
55.52028	-1.0
55.57272	-1.0
55.5818	1.0
55.64336	-1.0
55.71172	-1.0
55.768	-1.0
59.56596	1.0
59.57556	1.0
59.58148	-1.0
59.58564	-1.0
59.58844	1.0
59.5964	1.0
59.62564	-1.0
59.65224	-1.0
59.65476	1.0
59.68352	1.0
59.70928	-1.0
59.74032	-1.0
59.75664	1.0
59.77364	1.0
59.8036	-1.0
59.81516	-1.0
59.83812	1.0
59.86548	-1.0
59.90552	-1.0
59.93056	1.0
59.9424	-1.0
59.9758	-1.0
60.00424	1.0
60.00836	-1.0
60.01844	-1.0
60.05352	-1.0
60.05632	-1.0
60.09496	-1.0
60.11052	1.0
60.14056	-1.0
60.20976	-1.0
60.24564	-1.0
60.27476	1.0
60.28048	1.0
60.32364	-1.0
60.37012	-1.0
60.42156	-1.0
60.4568	-1.0
60.51352	-1.0
60.57672	-1.0
60.60728	-1.0
60.61364	1.0
60.6928	-1.0
60.69584	-1.0
60.78972	-1.0
60.80404	1.0
60.99608	-1.0
63.81772	1.0
63.83856	-1.0
63.84944	1.0
63.88036	-1.0
63.88624	-1.0
63.90836	1.0
63.91376	1.0
63.92196	1.0
63.96512	1.0
63.97936	-1.0
64.0272	-1.0
64.04204	1.0
64.10332	1.0
64.15736	-1.0
64.1874	1.0
64.1974	1.0
64.20204	-1.0
64.22992	1.0
64.2338	-1.0
64.29008	-1.0
64.31496	-1.0
64.33244	1.0
64.34612	-1.0
64.36336	-1.0
64.42396	-1.0
64.42856	-1.0
64.48232	1.0
64.48664	-1.0
64.56372	-1.0
64.61504	-1.0
64.63748	1.0
64.66348	-1.0
64.69452	1.0
64.70844	-1.0
64.74028	-1.0
64.77444	1.0
64.81944	-1.0
64.82544	-1.0
64.87988	1.0
64.8932	-1.0
64.94032	1.0
64.96488	-1.0
65.02308	-1.0
65.14644	-1.0
68.23556	1.0
68.23856	-1.0
68.2452	-1.0
68.2702	-1.0
68.29472	-1.0
68.31564	1.0
68.35324	-1.0
68.35884	1.0
68.37036	-1.0
68.43156	-1.0
68.4352	1.0
68.4586	1.0
68.47552	-1.0
68.5082	-1.0
68.5316	-1.0
68.55568	1.0
68.55948	-1.0
68.57624	-1.0
68.60888	-1.0
68.61544	-1.0
68.65764	-1.0
68.66048	-1.0
68.69852	1.0
68.70244	-1.0
68.74376	-1.0
68.74836	-1.0
68.81036	-1.0
68.83576	1.0
68.85752	-1.0
68.8656	-1.0
68.89384	-1.0
68.91624	1.0
68.94296	-1.0
68.98076	-1.0
69.01688	-1.0
69.02164	-1.0
69.04532	-1.0
69.06208	1.0
69.08672	-1.0
69.11156	-1.0
69.18372	-1.0
69.18892	-1.0
69.21508	1.0
69.24508	-1.0
69.28504	-1.0
69.30204	-1.0
69.31772	-1.0
69.39888	-1.0
69.49992	-1.0
69.54744	1.0
73.5134	1.0
73.51872	-1.0
73.53432	1.0
73.53748	-1.0
73.55628	-1.0
73.57872	-1.0
73.58824	1.0
73.60432	-1.0
73.62308	1.0
73.66056	-1.0
73.68112	-1.0
73.68784	1.0
73.71216	-1.0
73.71616	1.0
73.7524	-1.0
73.76952	-1.0
73.81556	-1.0
73.84064	-1.0
73.84348	-1.0
73.87716	-1.0
73.90844	1.0
73.9142	-1.0
73.95092	-1.0
73.97492	-1.0
74.01692	-1.0
74.0476	-1.0
74.07052	1.0
74.11596	-1.0
74.15268	-1.0
74.18348	1.0
74.18888	-1.0
74.23416	1.0
74.25912	-1.0
74.28336	-1.0
74.28792	-1.0
74.31712	1.0
74.35596	-1.0
74.382	-1.0
74.41852	-1.0
74.48032	-1.0
74.5044	-1.0
74.56528	-1.0
74.568	1.0
74.58128	-1.0
74.587	-1.0
74.64448	-1.0
74.68776	-1.0
78.46748	-1.0
78.4724	-1.0
78.47696	1.0
78.48148	-1.0
78.50796	1.0
78.5126	-1.0
78.54048	1.0
78.55372	-1.0
78.57956	-1.0
78.61856	-1.0
78.627	1.0
78.654	1.0
78.665	-1.0
78.68268	1.0
78.69372	-1.0
78.72036	-1.0
78.73484	-1.0
78.75988	1.0
78.77544	-1.0
78.77824	-1.0
78.8276	-1.0
78.83128	-1.0
78.84752	1.0
78.8672	1.0
78.879	-1.0
78.88556	-1.0
78.9076	1.0
78.91024	-1.0
78.9142	-1.0
78.93984	-1.0
78.96528	-1.0
79.00076	-1.0
79.02364	-1.0
79.04388	-1.0
79.05916	-1.0
79.08492	-1.0
79.12396	1.0
79.15172	-1.0
79.17632	-1.0
79.18168	-1.0
79.20128	-1.0
79.20828	1.0
79.25532	-1.0
79.26964	1.0
79.27436	-1.0
79.3684	-1.0
79.41756	1.0
79.44912	-1.0
79.49084	-1.0
79.52284	-1.0
79.59884	-1.0
79.61436	1.0
79.6834	-1.0
79.766	-1.0
83.87776	1.0
83.88356	1.0
83.88632	-1.0
83.9034	1.0
83.93296	-1.0
83.93808	-1.0
83.99008	1.0
84.00328	-1.0
84.0074	-1.0
84.05164	-1.0
84.07248	1.0
84.0782	-1.0
84.10884	-1.0
84.11268	-1.0
84.12384	1.0
84.15124	-1.0
84.16028	1.0
84.16472	-1.0
84.22172	1.0
84.22548	-1.0
84.25284	-1.0
84.27916	1.0
84.3104	-1.0
84.33112	1.0
84.36724	-1.0
84.39624	-1.0
84.4132	1.0
84.41828	-1.0
84.43696	1.0
84.47476	-1.0
84.49488	1.0
84.52432	-1.0
84.55756	-1.0
84.56524	1.0
84.58476	-1.0
84.61328	1.0
84.63532	1.0
84.64356	-1.0
84.6862	-1.0
84.7002	-1.0
84.72928	1.0
84.77556	-1.0
84.80428	-1.0
84.83564	-1.0
84.84612	1.0
84.90728	-1.0
84.92912	1.0
84.98256	-1.0
85.03984	-1.0
85.15552	-1.0
88.36008	1.0
88.37312	-1.0
88.39868	-1.0
88.40128	1.0
88.42624	1.0
88.45128	-1.0
88.4544	-1.0
88.48048	-1.0
88.484	-1.0
88.50136	1.0
88.51044	-1.0
88.53088	-1.0
88.53728	-1.0
88.59112	-1.0
88.61312	-1.0
88.63764	-1.0
88.65864	1.0
88.68172	1.0
88.71552	-1.0
88.75136	-1.0
88.7774	1.0
88.80176	-1.0
88.86232	-1.0
88.87656	1.0
88.89204	-1.0
88.89984	-1.0
88.93016	-1.0
88.94808	-1.0
88.9908	-1.0
89.00028	1.0
89.02508	-1.0
89.02912	-1.0
89.07352	-1.0
89.07772	-1.0
89.0886	-1.0
89.14024	-1.0
89.14324	-1.0
89.15556	-1.0
89.19336	1.0
89.19728	-1.0
89.2358	-1.0
89.26996	-1.0
89.3222	-1.0
89.32976	-1.0
89.37664	-1.0
89.3914	1.0
89.44596	-1.0
89.49776	1.0
89.50144	-1.0
89.51156	-1.0
89.54696	-1.0
89.55348	-1.0
89.57212	1.0
89.6142	-1.0
89.70344	-1.0
93.1926	1.0
93.21232	-1.0
93.2192	-1.0
93.22248	-1.0
93.23332	1.0
93.25516	-1.0
93.26684	1.0
93.28788	-1.0
93.30872	-1.0
93.33436	1.0
93.34452	-1.0
93.36604	1.0
93.37892	-1.0
93.38444	-1.0
93.41704	-1.0
93.43776	-1.0
93.45548	-1.0
93.48776	-1.0
93.51036	-1.0
93.53376	-1.0
93.57808	-1.0
93.58892	-1.0
93.64072	-1.0
93.64608	-1.0
93.67148	-1.0
93.69456	-1.0
93.72752	-1.0
93.73624	-1.0
93.7626	-1.0
93.78552	1.0
93.814	-1.0
93.818	-1.0
93.84304	1.0
93.89296	-1.0
93.95532	-1.0
94.00728	1.0
94.0374	1.0
94.0616	-1.0
94.07524	-1.0
94.08356	1.0
94.11328	-1.0
94.18128	-1.0
94.23404	-1.0
94.26816	-1.0
94.31036	-1.0
94.33228	-1.0
94.34724	-1.0
94.42344	-1.0
94.47728	-1.0
94.4924	-1.0
94.54192	-1.0
99.32844	-1.0
99.3374	-1.0
99.34008	1.0
99.34468	-1.0
99.3478	-1.0
99.3506	1.0
99.38248	-1.0
99.3856	-1.0
99.40564	1.0
99.41852	-1.0
99.42572	-1.0
99.43024	1.0
99.4552	-1.0
99.47356	-1.0
99.51012	-1.0
99.51672	-1.0
99.5196	1.0
99.53904	-1.0
99.54688	-1.0
99.55528	1.0
99.569	-1.0
99.574	-1.0
99.59712	-1.0
99.60324	-1.0
99.61416	1.0
99.62632	-1.0
99.62984	-1.0
99.63432	1.0
99.65128	-1.0
99.6562	-1.0
99.65976	-1.0
99.70212	-1.0
99.70676	1.0
99.71104	-1.0
99.74016	-1.0
99.75412	-1.0
99.75836	-1.0
99.77392	-1.0
99.77884	-1.0
99.80212	1.0
99.80688	-1.0
99.83708	-1.0
99.8418	-1.0
99.8464	1.0
99.8648	1.0
99.89444	-1.0
99.90628	-1.0
99.95064	-1.0
99.98052	-1.0
100.00716	-1.0
100.0318	-1.0
100.0812	-1.0
100.08396	1.0
100.08736	1.0
100.10152	-1.0
100.13668	-1.0
100.15556	1.0
100.16444	-1.0
100.19416	-1.0
100.22152	-1.0
100.26044	-1.0
100.30736	-1.0
100.31568	-1.0
100.35112	-1.0
100.40344	-1.0
100.43396	-1.0
100.56552	-1.0
100.59816	-1.0
100.60856	1.0
100.6396	-1.0
100.64324	-1.0
100.69276	1.0
100.6994	-1.0
100.82172	-1.0
100.85224	-1.0
100.9	-1.0
100.90376	-1.0
100.949	-1.0
100.95996	-1.0
101.0006	-1.0
101.01552	-1.0
101.09492	-1.0
101.18916	1.0
104.58432	1.0
104.58752	-1.0
104.59328	1.0
104.59772	1.0
104.60732	-1.0
104.63336	-1.0
104.636	1.0
104.65464	-1.0
104.67292	1.0
104.67668	-1.0
104.6952	-1.0
104.71244	-1.0
104.71876	1.0
104.73812	-1.0
104.74108	-1.0
104.7632	1.0
104.76588	-1.0
104.78012	-1.0
104.79356	1.0
104.82492	-1.0
104.82952	-1.0
104.83328	-1.0
104.85284	-1.0
104.87488	-1.0
104.8952	-1.0
104.91036	1.0
104.94468	1.0
104.94912	-1.0
104.98252	-1.0
105.02552	-1.0
105.04172	-1.0
105.05488	-1.0
105.08084	1.0
105.0904	-1.0
105.10272	-1.0
105.15468	-1.0
105.17792	-1.0
105.18272	1.0
105.20944	-1.0
105.22764	-1.0
105.26504	1.0
105.28328	-1.0
105.31428	-1.0
105.35164	-1.0
105.37892	1.0
105.40024	-1.0
105.42564	-1.0
105.42872	1.0
105.45728	-1.0
105.47	-1.0
105.53828	-1.0
105.54684	1.0
105.55848	-1.0
105.59892	1.0
105.61144	-1.0
105.65864	-1.0
105.68788	-1.0
105.69776	-1.0
105.7392	-1.0
105.74176	1.0
105.79124	1.0
105.79588	-1.0
105.79888	-1.0
105.80988	-1.0
105.8676	-1.0
105.89172	-1.0
105.92328	-1.0
105.97196	-1.0
106.00024	-1.0
106.01112	-1.0
106.05656	1.0
106.07456	-1.0
106.1596	1.0
109.67508	1.0
109.6918	1.0
109.69584	-1.0
109.70244	1.0
109.7242	1.0
109.72856	-1.0
109.77592	-1.0
109.79316	1.0
109.84136	1.0
109.85836	-1.0
109.8764	-1.0
109.9004	-1.0
109.90504	-1.0
109.93136	-1.0
109.95904	1.0
109.98332	-1.0
109.99232	-1.0
110.01108	-1.0
110.02976	1.0
110.0362	-1.0
110.04764	-1.0
110.0702	-1.0
110.0728	1.0
110.10368	-1.0
110.13984	-1.0
110.14992	-1.0
110.16112	-1.0
110.20784	-1.0
110.23216	-1.0
110.23964	-1.0
110.27696	-1.0
110.29852	-1.0
110.3122	-1.0
110.33216	-1.0
110.35492	-1.0
110.3944	-1.0
110.41388	-1.0
110.44768	-1.0
110.4864	-1.0
110.5168	-1.0
110.5442	-1.0
110.54916	-1.0
110.59964	-1.0
110.62552	1.0
110.65484	-1.0
110.66416	-1.0
110.7232	-1.0
110.75868	-1.0
110.7626	-1.0
110.83204	-1.0
110.88104	1.0
110.8956	-1.0
110.90324	-1.0
110.98208	-1.0
111.01628	-1.0
111.0418	-1.0
111.09652	-1.0
111.1278	-1.0
111.13392	-1.0
111.13824	1.0
114.82652	-1.0
114.83016	-1.0
114.8372	1.0
114.84176	-1.0
114.85232	-1.0
114.86564	-1.0
114.8956	-1.0
114.9118	-1.0
114.92876	-1.0
114.94144	1.0
114.9488	-1.0
114.95468	-1.0
114.98044	-1.0
114.98412	-1.0
115.0006	1.0
115.01612	-1.0
115.04356	-1.0
115.04976	-1.0
115.0608	-1.0
115.07464	1.0
115.08152	-1.0
115.11056	-1.0
115.1132	1.0
115.13872	-1.0
115.156	-1.0
115.17056	-1.0
115.1914	-1.0
115.22568	-1.0
115.24696	-1.0
115.262	-1.0
115.28236	-1.0
115.29024	-1.0
115.31628	-1.0
115.31952	-1.0
115.3462	1.0
115.35292	-1.0
115.3888	-1.0
115.4236	-1.0
115.44904	-1.0
115.46668	-1.0
115.5006	-1.0
115.52628	1.0
115.52972	-1.0
115.56132	-1.0
115.59316	-1.0
115.62844	-1.0
115.6506	-1.0
115.6768	-1.0
115.68384	-1.0
115.7056	-1.0
115.71568	1.0
115.75712	-1.0
115.78368	-1.0
115.85264	-1.0
115.88588	-1.0
115.91944	-1.0
115.94076	-1.0
115.97152	-1.0
115.9874	-1.0
116.04132	-1.0
116.04772	1.0
116.09232	-1.0
116.1048	-1.0
116.12056	1.0
116.18176	-1.0
116.237	1.0
116.26776	-1.0
116.32996	1.0
116.36004	-1.0
116.36616	-1.0
116.4002	1.0
116.52748	-1.0
119.725	1.0
119.74088	-1.0
119.74484	1.0
119.74808	-1.0
119.75492	-1.0
119.76608	1.0
119.77404	-1.0
119.79572	-1.0
119.7998	1.0
119.80592	-1.0
119.81596	-1.0
119.83184	1.0
119.83636	-1.0
119.85772	-1.0
119.88188	-1.0
119.90876	-1.0
119.91948	-1.0
119.94648	-1.0
119.96308	1.0
119.96948	-1.0
119.9926	-1.0
119.99568	-1.0
120.008	1.0
120.02592	1.0
120.04352	-1.0
120.04752	-1.0
120.07496	-1.0
120.078	-1.0
120.08392	-1.0
120.10908	-1.0
120.11232	-1.0
120.11852	1.0
120.14184	-1.0
120.16304	-1.0
120.175	-1.0
120.20144	-1.0
120.20556	-1.0
120.23168	-1.0
120.23648	-1.0
120.25956	1.0
120.29516	-1.0
120.29776	-1.0
120.31644	1.0
120.32764	-1.0
120.36288	-1.0
120.38312	-1.0
120.39736	1.0
120.41864	-1.0
120.43304	1.0
120.464	-1.0
120.46844	-1.0
120.47892	1.0
120.52328	-1.0
120.55624	-1.0
120.5714	-1.0
120.59776	-1.0
120.66748	-1.0
120.67096	-1.0
120.68236	-1.0
120.69328	1.0
120.72796	-1.0
120.7324	-1.0
120.76732	-1.0
120.80056	-1.0
120.80792	-1.0
120.85696	-1.0
120.87592	-1.0
120.90216	-1.0
120.93	-1.0
120.95208	-1.0
120.9872	-1.0
121.03608	-1.0
121.0758	1.0
121.08016	-1.0
121.11224	-1.0
121.1836	1.0
121.21084	-1.0
121.2386	-1.0
121.30232	-1.0
121.32968	-1.0
124.87492	1.0
124.87812	1.0
124.88868	-1.0
124.89748	1.0
124.90456	-1.0
124.91596	-1.0
124.92908	-1.0
124.93252	-1.0
124.9526	1.0
124.95796	-1.0
124.98204	-1.0
124.99824	-1.0
125.00588	-1.0
125.0204	1.0
125.03136	-1.0
125.05012	-1.0
125.06252	-1.0
125.08448	-1.0
125.08956	-1.0
125.10884	-1.0
125.1162	-1.0
125.12504	1.0
125.13488	-1.0
125.14272	-1.0
125.16524	-1.0
125.19524	-1.0
125.19952	-1.0
125.22752	-1.0
125.26056	-1.0
125.27196	-1.0
125.29208	-1.0
125.2952	-1.0
125.32552	-1.0
125.33008	-1.0
125.35672	-1.0
125.38292	-1.0
125.40636	-1.0
125.43116	-1.0
125.43376	-1.0
125.45148	1.0
125.47892	-1.0
125.5194	1.0
125.53008	1.0
125.54212	-1.0
125.5448	-1.0
125.57496	-1.0
125.59248	-1.0
125.61496	-1.0
125.62624	-1.0
125.66312	-1.0
125.697	-1.0
125.71692	1.0
125.73264	-1.0
125.74772	1.0
125.79532	-1.0
125.83644	-1.0
125.83924	-1.0
125.88632	-1.0
125.90948	-1.0
125.94432	-1.0
125.9858	-1.0
126.06048	-1.0
126.09688	-1.0
126.14392	-1.0
126.16112	1.0
126.16372	1.0
126.17104	-1.0
126.2282	-1.0
126.2502	1.0
126.28668	1.0
126.3086	-1.0
126.31468	-1.0
126.35784	-1.0
126.432	-1.0
126.55324	-1.0
126.5606	-1.0
130.6094	1.0
130.61296	-1.0
130.62096	1.0
130.66383	-1.0
130.6668	-1.0
130.68848	-1.0
130.69832	-1.0
130.70567	1.0
130.72792	1.0
130.738	-1.0
130.74072	-1.0
130.76431	-1.0
130.76917	-1.0
130.79752	-1.0
130.8162	-1.0
130.83112	1.0
130.83708	-1.0
130.85864	-1.0
130.87852	-1.0
130.88684	-1.0
130.90771	-1.0
130.94748	-1.0
130.95312	-1.0
130.97691	-1.0
131.01512	1.0
131.02124	-1.0
131.04936	-1.0
131.06071	-1.0
131.06335	-1.0
131.06612	-1.0
131.09084	1.0
131.1182	-1.0
131.15285	-1.0
131.17249	-1.0
131.189	1.0
131.21191	-1.0
131.2238	-1.0
131.25385	-1.0
131.26115	-1.0
131.28612	-1.0
131.3132	-1.0
131.34416	-1.0
131.34692	-1.0
131.36084	-1.0
131.381	-1.0
131.38612	-1.0
131.40964	1.0
131.43085	-1.0
131.46536	-1.0
131.47232	-1.0
131.50597	-1.0
131.50848	-1.0
131.552	-1.0
131.57872	-1.0
131.62177	-1.0
131.64323	1.0
131.66425	-1.0
131.7108	-1.0
131.73125	-1.0
131.74976	-1.0
131.77963	1.0
131.80724	-1.0
131.85408	-1.0
131.90436	1.0
131.9084	-1.0
131.91309	-1.0
131.93956	-1.0
131.9526	-1.0
131.98376	-1.0
132.00967	-1.0
132.06992	-1.0
132.07951	-1.0
132.1272	-1.0
132.16447	-1.0
132.21172	-1.0
136.46497	1.0
136.47852	1.0
136.48456	-1.0
136.48788	1.0
136.49176	-1.0
136.50404	-1.0
136.51224	-1.0
136.53352	-1.0
136.53964	1.0
136.54604	1.0
136.55392	-1.0
136.57372	-1.0
136.59505	-1.0
136.6144	-1.0
136.61829	1.0
136.6274	-1.0
136.6304	-1.0
136.65176	-1.0
136.68073	-1.0
136.69331	-1.0
136.71252	-1.0
136.7198	-1.0
136.73732	-1.0
136.76004	-1.0
136.76308	-1.0
136.78049	1.0
136.79031	-1.0
136.79572	-1.0
136.84344	-1.0
136.85876	-1.0
136.88763	-1.0
136.91528	-1.0
136.92012	-1.0
136.94608	-1.0
136.9792	-1.0
136.9842	1.0
137.01855	-1.0
137.0234	-1.0
137.02776	-1.0
137.03133	1.0
137.04976	-1.0
137.10136	-1.0
137.10648	-1.0
137.12885	-1.0
137.1554	-1.0
137.17088	-1.0
137.17792	-1.0
137.19792	-1.0
137.22784	-1.0
137.2514	1.0
137.29169	-1.0
137.30576	-1.0
137.33057	-1.0
137.34848	-1.0
137.36324	-1.0
137.3948	-1.0
137.41388	1.0
137.46127	-1.0
137.4742	-1.0
137.51884	-1.0
137.56303	-1.0
137.58476	-1.0
137.59888	1.0
137.66272	1.0
137.68823	-1.0
137.70276	-1.0
137.7392	1.0
137.77556	-1.0
137.82497	-1.0
137.8334	-1.0
137.88512	-1.0
137.92776	-1.0
137.96404	-1.0
137.99788	-1.0
138.00555	-1.0
138.02235	-1.0
138.11008	1.0
138.14108	-1.0
138.17567	1.0
138.30388	1.0
142.44987	1.0
142.45404	-1.0
142.4574	-1.0
142.46117	1.0
142.47052	-1.0
142.47304	1.0
142.48956	-1.0
142.50688	-1.0
142.52892	-1.0
142.55476	-1.0
142.55827	-1.0
142.57455	-1.0
142.62537	-1.0
142.63092	-1.0
142.6508	-1.0
142.65532	-1.0
142.67644	1.0
142.68172	1.0
142.7024	-1.0
142.70776	1.0
142.73488	-1.0
142.75748	-1.0
142.77045	-1.0
142.7924	-1.0
142.81133	-1.0
142.81609	-1.0
142.83208	-1.0
142.87076	-1.0
142.8924	1.0
142.89597	-1.0
142.92091	-1.0
142.94057	1.0
142.9478	1.0
142.97923	-1.0
143.00964	-1.0
143.03915	-1.0
143.05257	1.0
143.06367	1.0
143.07448	-1.0
143.08984	-1.0
143.09236	-1.0
143.09885	-1.0
143.10445	-1.0
143.12633	-1.0
143.16228	-1.0
143.16995	1.0
143.20528	-1.0
143.24496	-1.0
143.27556	-1.0
143.2802	-1.0
143.31303	-1.0
143.33772	-1.0
143.3712	-1.0
143.37495	-1.0
143.41188	-1.0
143.43544	-1.0
143.43864	-1.0
143.45387	-1.0
143.49332	-1.0
143.52608	-1.0
143.54504	1.0
143.59895	-1.0
143.60857	-1.0
143.61765	-1.0
143.6544	-1.0
143.65865	-1.0
143.69225	-1.0
143.70357	-1.0
143.75804	-1.0
143.80637	-1.0
143.87236	-1.0
143.87988	-1.0
143.9136	-1.0
143.93623	-1.0
144.01283	1.0
148.69536	-1.0
148.7	1.0
148.70612	-1.0
148.755	-1.0
148.77615	-1.0
148.79305	-1.0
148.79591	-1.0
148.80489	-1.0
148.82776	-1.0
148.84872	-1.0
148.87328	-1.0
148.88911	-1.0
148.89217	-1.0
148.89545	-1.0
148.90744	-1.0
148.92525	-1.0
148.9476	-1.0
148.95029	-1.0
148.96748	-1.0
148.9928	-1.0
148.99573	-1.0
149.01396	-1.0
149.02788	-1.0
149.04524	-1.0
149.05328	-1.0
149.07404	-1.0
149.09653	-1.0
149.12305	-1.0
149.14764	-1.0
149.15112	-1.0
149.15616	-1.0
149.17856	-1.0
149.20584	-1.0
149.2114	1.0
149.23409	1.0
149.2372	-1.0
149.25552	-1.0
149.29196	-1.0
149.30405	-1.0
149.3222	-1.0
149.32487	-1.0
149.36649	-1.0
149.38576	-1.0
149.4396	-1.0
149.45764	-1.0
149.47592	-1.0
149.5	-1.0
149.53229	-1.0
149.55952	-1.0
149.5896	-1.0
149.62744	-1.0
149.64407	-1.0
149.66992	-1.0
149.69836	-1.0
149.75388	-1.0
149.76228	-1.0
149.8036	-1.0
149.82349	-1.0
149.8594	-1.0
149.88708	-1.0
149.90504	1.0
149.91364	-1.0
149.95972	-1.0
149.96696	-1.0
149.98576	-1.0
150.01628	-1.0
150.04944	-1.0
150.15675	-1.0
150.19237	1.0
150.22816	-1.0
150.24176	-1.0
150.31429	-1.0
150.33836	-1.0
150.39343	1.0
153.6648	1.0
153.68105	1.0
153.69156	-1.0
153.69872	-1.0
153.71732	-1.0
153.72008	-1.0
153.72472	-1.0
153.74664	1.0
153.75227	-1.0
153.77872	-1.0
153.78168	1.0
153.802	-1.0
153.80669	-1.0
153.82835	1.0
153.83632	1.0
153.84436	-1.0
153.85455	-1.0
153.85724	-1.0
153.88864	-1.0
153.90044	-1.0
153.9036	-1.0
153.9272	-1.0
153.9316	-1.0
153.95345	-1.0
153.98969	-1.0
154.00375	-1.0
154.0088	-1.0
154.03264	-1.0
154.05284	-1.0
154.07803	-1.0
154.08124	1.0
154.10625	-1.0
154.11111	-1.0
154.11723	-1.0
154.14503	1.0
154.16928	-1.0
154.18872	-1.0
154.21169	-1.0
154.21497	-1.0
154.26704	-1.0
154.29712	-1.0
154.31952	-1.0
154.32475	-1.0
154.32924	-1.0
154.35388	-1.0
154.35748	-1.0
154.39996	-1.0
154.43288	-1.0
154.45532	-1.0
154.4666	-1.0
154.48856	-1.0
154.5032	-1.0
154.53192	-1.0
154.55696	-1.0
154.59708	-1.0
154.60075	-1.0
154.62144	-1.0
154.66563	-1.0
154.68088	-1.0
154.715	1.0
154.73416	-1.0
154.74191	-1.0
154.77304	-1.0
154.77785	-1.0
154.80284	-1.0
154.83237	-1.0
154.83936	-1.0
154.85963	-1.0
154.86676	-1.0
154.94528	-1.0
154.96552	-1.0
155.00555	1.0
155.04231	-1.0
155.07744	-1.0
155.08836	1.0
155.11552	-1.0
159.97792	-1.0
159.981	-1.0
159.98611	-1.0
159.98865	-1.0
160.00392	1.0
160.00912	-1.0
160.01572	-1.0
160.0246	-1.0
160.06396	-1.0
160.07053	-1.0
160.0732	1.0
160.08711	-1.0
160.10448	-1.0
160.10732	-1.0
160.1352	-1.0
160.15536	1.0
160.17232	-1.0
160.19304	-1.0
160.1988	-1.0
160.20308	-1.0
160.22272	-1.0
160.24728	-1.0
160.2528	-1.0
160.27364	-1.0
160.27744	-1.0
160.2844	-1.0
160.3028	-1.0
160.32352	-1.0
160.34976	-1.0
160.35667	-1.0
160.37724	-1.0
160.39792	-1.0
160.40665	-1.0
160.4118	-1.0
160.43448	1.0
160.44104	-1.0
160.4606	-1.0
160.47116	-1.0
160.49203	-1.0
160.49544	-1.0
160.51231	1.0
160.5196	-1.0
160.53516	1.0
160.57932	1.0
160.58684	-1.0
160.61513	1.0
160.63348	-1.0
160.63948	1.0
160.64577	-1.0
160.66612	-1.0
160.69328	-1.0
160.70332	-1.0
160.72644	-1.0
160.75412	1.0
160.77692	-1.0
160.79752	-1.0
160.81488	1.0
160.84192	1.0
160.86456	-1.0
160.87964	-1.0
160.90892	1.0
160.92296	-1.0
160.928	-1.0
160.96188	-1.0
160.99252	-1.0
161.0136	-1.0
161.01828	-1.0
161.0544	-1.0
161.08084	-1.0
161.10216	-1.0
161.13435	-1.0
161.14308	-1.0
161.16151	-1.0
161.20271	-1.0
161.25568	-1.0
161.27933	-1.0
161.32668	1.0
161.354	-1.0
161.43971	-1.0
161.46072	-1.0
161.56308	-1.0
161.56644	-1.0
161.63184	1.0
161.72008	1.0
166.26752	1.0
166.27084	1.0
166.27872	1.0
166.31372	-1.0
166.328	1.0
166.33316	-1.0
166.33568	-1.0
166.35384	-1.0
166.35645	-1.0
166.36572	1.0
166.38104	1.0
166.38452	-1.0
166.41316	-1.0
166.4212	-1.0
166.43704	1.0
166.448	-1.0
166.47096	-1.0
166.49329	-1.0
166.49632	-1.0
166.50136	-1.0
166.52104	-1.0
166.55392	-1.0
166.57684	-1.0
166.58084	-1.0
166.60352	-1.0
166.62344	-1.0
166.64404	-1.0
166.64935	-1.0
166.66896	-1.0
166.67148	-1.0
166.69312	-1.0
166.69664	-1.0
166.70052	1.0
166.72533	-1.0
166.73164	-1.0
166.73917	-1.0
166.75156	-1.0
166.78116	-1.0
166.80664	-1.0
166.8098	-1.0
166.83464	-1.0
166.84732	-1.0
166.8576	-1.0
166.87189	-1.0
166.887	-1.0
166.93716	-1.0
166.9426	-1.0
166.96832	-1.0
166.99911	-1.0
167.02512	1.0
167.0502	-1.0
167.09904	-1.0
167.10687	-1.0
167.14037	1.0
167.19136	-1.0
167.19524	-1.0
167.22649	-1.0
167.262	-1.0
167.26707	-1.0
167.31584	-1.0
167.356	-1.0
167.37865	1.0
167.38332	-1.0
167.4302	-1.0
167.47	-1.0
167.48224	-1.0
167.49773	-1.0
167.55203	1.0
167.5644	-1.0
167.71068	-1.0
167.72269	-1.0
167.75	-1.0
167.84868	1.0
167.85464	-1.0
167.86536	-1.0
167.89175	-1.0
167.98148	-1.0
168.00832	-1.0
168.01416	-1.0
172.91109	-1.0
172.91953	-1.0
172.92236	1.0
172.92496	1.0
172.92824	-1.0
172.95036	-1.0
172.9584	-1.0
172.96184	1.0
172.97612	-1.0
172.97903	-1.0
172.99632	-1.0
172.9996	-1.0
173.00385	-1.0
173.024	-1.0
173.02852	-1.0
173.04655	-1.0
173.06844	-1.0
173.07608	1.0
173.09377	-1.0
173.11644	-1.0
173.11952	-1.0
173.14032	-1.0
173.14752	-1.0
173.16553	1.0
173.21803	-1.0
173.2488	-1.0
173.25427	-1.0
173.27032	-1.0
173.27351	-1.0
173.27773	-1.0
173.30309	-1.0
173.307	-1.0
173.32571	-1.0
173.345	-1.0
173.35983	-1.0
173.36407	-1.0
173.38911	-1.0
173.41704	-1.0
173.42232	-1.0
173.4466	-1.0
173.45148	-1.0
173.47353	-1.0
173.4778	1.0
173.51056	1.0
173.5278	-1.0
173.54916	-1.0
173.58427	-1.0
173.60764	-1.0
173.63783	-1.0
173.66669	-1.0
173.69676	-1.0
173.73148	1.0
173.7476	-1.0
173.77203	-1.0
173.77773	-1.0
173.8044	-1.0
173.83733	1.0
173.8404	1.0
173.85388	-1.0
173.89528	-1.0
173.91916	-1.0
173.92432	1.0
173.92873	-1.0
173.94891	-1.0
173.98264	-1.0
174.00276	-1.0
174.01268	-1.0
174.0288	-1.0
174.07076	-1.0
174.10184	-1.0
174.12448	-1.0
174.15028	1.0
174.19836	-1.0
174.2108	-1.0
174.23608	1.0
174.2824	-1.0
174.32556	-1.0
174.37148	-1.0
174.38396	1.0
174.42355	1.0
174.4262	-1.0
174.4358	-1.0
174.45844	1.0
179.05676	-1.0
179.06303	1.0
179.0664	-1.0
179.07924	1.0
179.0952	-1.0
179.10056	1.0
179.1168	1.0
179.12073	-1.0
179.14336	-1.0
179.15475	-1.0
179.16608	-1.0
179.16928	-1.0
179.1818	-1.0
179.20103	-1.0
179.21796	-1.0
179.24544	-1.0
179.25291	-1.0
179.25652	-1.0
179.27112	-1.0
179.27435	1.0
179.28049	-1.0
179.3006	1.0
179.31483	-1.0
179.31737	-1.0
179.38184	-1.0
179.41216	-1.0
179.42863	-1.0
179.44568	-1.0
179.47208	-1.0
179.48172	1.0
179.50237	-1.0
179.50903	-1.0
179.53008	-1.0
179.5542	-1.0
179.57224	-1.0
179.59172	-1.0
179.63985	-1.0
179.64555	-1.0
179.66563	1.0
179.71748	-1.0
179.72264	-1.0
179.75496	-1.0
179.76556	-1.0
179.78355	-1.0
179.78812	-1.0
179.81224	1.0
179.83636	-1.0
179.839	1.0
179.87093	-1.0
179.90004	-1.0
179.92525	1.0
179.9298	-1.0
179.9618	1.0
179.98912	-1.0
179.99467	-1.0
180.02255	-1.0
180.0304	-1.0
180.04184	-1.0
180.07664	-1.0
180.09451	1.0
180.1132	-1.0
180.12804	-1.0
180.17992	-1.0
180.18988	-1.0
180.21356	-1.0
180.25708	-1.0
180.285	-1.0
180.29488	-1.0
180.2974	-1.0
180.34229	-1.0
180.37248	-1.0
180.42175	-1.0
180.42429	-1.0
180.45145	-1.0
180.774	1.0
184.83704	-1.0
184.8488	1.0
184.8604	-1.0
184.86588	-1.0
184.87036	-1.0
184.9078	-1.0
184.91452	-1.0
184.92976	-1.0
184.93272	-1.0
184.94469	1.0
184.9484	-1.0
184.9568	1.0
184.9796	-1.0
184.99796	-1.0
185.00204	-1.0
185.00829	-1.0
185.01093	1.0
185.02756	-1.0
185.03728	-1.0
185.05432	-1.0
185.06096	-1.0
185.08067	-1.0
185.09552	-1.0
185.10117	-1.0
185.10593	-1.0
185.10847	-1.0
185.12256	-1.0
185.12556	-1.0
185.14888	-1.0
185.1754	1.0
185.18036	-1.0
185.20212	-1.0
185.23044	-1.0
185.23604	-1.0
185.2548	-1.0
185.25787	-1.0
185.28429	-1.0
185.29024	-1.0
185.30788	-1.0
185.3184	-1.0
185.33289	-1.0
185.34396	-1.0
185.37108	-1.0
185.3742	1.0
185.37964	-1.0
185.4036	-1.0
185.43668	-1.0
185.455	-1.0
185.45996	-1.0
185.48376	1.0
185.511	-1.0
185.54492	-1.0
185.58131	-1.0
185.60608	-1.0
185.61217	-1.0
185.61812	-1.0
185.64268	-1.0
185.64523	-1.0
185.67424	-1.0
185.70248	1.0
185.74635	1.0
185.75656	-1.0
185.79468	-1.0
185.82564	-1.0
185.8386	-1.0
185.85751	-1.0
185.87009	-1.0
185.91496	-1.0
185.93692	-1.0
185.94112	-1.0
185.95895	-1.0
185.97385	-1.0
186.00449	-1.0
186.02856	-1.0
186.03688	-1.0
186.10393	-1.0
186.12288	-1.0
186.13344	-1.0
186.24176	-1.0
186.38776	1.0
186.4414	-1.0
190.18344	1.0
190.20052	1.0
190.21011	-1.0
190.21352	1.0
190.21751	-1.0
190.2446	-1.0
190.24973	-1.0
190.26624	-1.0
190.27013	1.0
190.28496	1.0
190.32248	-1.0
190.33447	-1.0
190.337	1.0
190.36343	-1.0
190.36671	-1.0
190.38768	1.0
190.40408	-1.0
190.41028	-1.0
190.44131	-1.0
190.463	-1.0
190.46588	-1.0
190.50504	-1.0
190.5202	-1.0
190.52509	1.0
190.54312	-1.0
190.55257	-1.0
190.562	-1.0
190.57756	-1.0
190.58168	-1.0
190.60164	-1.0
190.62724	-1.0
190.65083	-1.0
190.65608	-1.0
190.68256	-1.0
190.69284	-1.0
190.72728	-1.0
190.73875	-1.0
190.76488	-1.0
190.7674	1.0
190.78316	1.0
190.80309	-1.0
190.84404	-1.0
190.84784	-1.0
190.87804	-1.0
190.89587	-1.0
190.90804	-1.0
190.92892	-1.0
190.94504	-1.0
190.9524	-1.0
190.97888	1.0
191.00809	-1.0
191.01416	-1.0
191.03809	-1.0
191.04196	-1.0
191.05405	-1.0
191.08089	-1.0
191.11168	-1.0
191.14624	-1.0
191.1626	-1.0
191.20029	-1.0
191.20992	-1.0
191.22404	1.0
191.2486	-1.0
191.26073	-1.0
191.2794	-1.0
191.29475	-1.0
191.32043	-1.0
191.34392	-1.0
191.34789	-1.0
191.38112	1.0
191.40016	-1.0
191.43571	-1.0
191.46413	-1.0
191.54416	-1.0
191.55032	-1.0
191.59264	-1.0
191.61136	-1.0
191.70164	-1.0
191.73125	-1.0
191.869	1.0
192.96912	-1.0
196.05257	1.0
196.057	-1.0
196.06944	-1.0
196.07208	1.0
196.08072	1.0
196.08896	1.0
196.09972	1.0
196.10687	-1.0
196.12776	-1.0
196.13464	-1.0
196.15665	-1.0
196.1996	-1.0
196.20468	1.0
196.21536	-1.0
196.22923	-1.0
196.2376	-1.0
196.25575	-1.0
196.25984	-1.0
196.28049	-1.0
196.29776	-1.0
196.32031	-1.0
196.32352	1.0
196.3476	-1.0
196.36777	-1.0
196.39732	-1.0
196.40137	-1.0
196.42168	-1.0
196.4282	-1.0
196.44876	-1.0
196.462	-1.0
196.46892	-1.0
196.52052	-1.0
196.52312	-1.0
196.53392	-1.0
196.55405	-1.0
196.58136	-1.0
196.63864	-1.0
196.65492	-1.0
196.68048	-1.0
196.70576	-1.0
196.7116	-1.0
196.73552	-1.0
196.75829	-1.0
196.76352	-1.0
196.8124	-1.0
196.84209	-1.0
196.86555	-1.0
196.86856	-1.0
196.90344	-1.0
196.92476	-1.0
196.93332	-1.0
196.97797	1.0
196.988	-1.0
196.99756	1.0
197.024	1.0
197.05476	-1.0
197.06165	-1.0
197.0954	-1.0
197.09927	-1.0
197.13692	-1.0
197.1612	-1.0
197.18896	-1.0
197.21455	-1.0
197.22289	-1.0
197.27856	-1.0
197.28116	-1.0
197.31	-1.0
197.3376	-1.0
197.34064	1.0
197.36491	-1.0
197.37848	-1.0
197.4054	1.0
197.41576	-1.0
197.4434	-1.0
197.45296	1.0
197.52112	-1.0
197.71156	1.0
201.95396	-1.0
201.9624	1.0
201.97264	1.0
201.97585	-1.0
201.98956	-1.0
201.99208	1.0
202.01836	1.0
202.02408	-1.0
202.0424	-1.0
202.07336	-1.0
202.07751	-1.0
202.09715	-1.0
202.1154	-1.0
202.13652	-1.0
202.15865	1.0
202.16212	-1.0
202.18428	-1.0
202.19872	-1.0
202.21184	-1.0
202.21452	-1.0
202.22948	1.0
202.25545	1.0
202.2836	-1.0
202.29056	-1.0
202.30812	-1.0
202.3134	-1.0
202.33755	-1.0
202.34792	-1.0
202.36884	-1.0
202.40724	-1.0
202.42004	-1.0
202.4376	-1.0
202.45056	-1.0
202.48177	-1.0
202.50272	-1.0
202.5144	-1.0
202.52708	-1.0
202.53964	-1.0
202.567	-1.0
202.59464	-1.0
202.60196	-1.0
202.6058	-1.0
202.62636	-1.0
202.65495	-1.0
202.70451	-1.0
202.73164	-1.0
202.73836	-1.0
202.80304	-1.0
202.8252	1.0
202.84944	-1.0
202.85455	-1.0
202.88788	-1.0
202.91528	-1.0
202.92644	-1.0
202.94032	-1.0
202.95293	1.0
202.96616	-1.0
202.9854	-1.0
202.99464	-1.0
203.02805	-1.0
203.05975	-1.0
203.11148	1.0
203.11456	-1.0
203.14384	-1.0
203.20712	-1.0
203.24756	-1.0
203.2576	-1.0
203.28271	-1.0
203.29137	-1.0
203.332	-1.0
203.33936	-1.0
203.45276	-1.0
203.46487	-1.0
203.58252	1.0
207.84344	1.0
207.85616	1.0
207.87717	-1.0
207.87971	-1.0
207.884	-1.0
207.89732	1.0
207.91373	-1.0
207.92216	1.0
207.92831	-1.0
207.94151	-1.0
207.9626	-1.0
207.98537	-1.0
208.01009	-1.0
208.01273	-1.0
208.02467	-1.0
208.02911	-1.0
208.03828	-1.0
208.06044	-1.0
208.08612	-1.0
208.11484	1.0
208.12608	-1.0
208.13492	-1.0
208.1482	-1.0
208.15088	-1.0
208.1748	-1.0
208.17735	-1.0
208.19032	1.0
208.20364	-1.0
208.20828	-1.0
208.23352	-1.0
208.27689	-1.0
208.29156	-1.0
208.29616	-1.0
208.32492	-1.0
208.34505	-1.0
208.35692	-1.0
208.38487	-1.0
208.38872	-1.0
208.4204	-1.0
208.4426	-1.0
208.44923	-1.0
208.47688	-1.0
208.51695	-1.0
208.52016	-1.0
208.55193	-1.0
208.55647	-1.0
208.5634	-1.0
208.5916	-1.0
208.615	-1.0
208.64116	-1.0
208.66669	-1.0
208.67947	-1.0
208.683	-1.0
208.73524	-1.0
208.77869	-1.0
208.7938	-1.0
208.81972	1.0
208.8408	-1.0
208.84476	-1.0
208.85284	-1.0
208.85815	-1.0
208.89436	-1.0
208.89893	-1.0
208.93124	-1.0
208.96252	-1.0
208.9862	-1.0
209.01749	-1.0
209.13084	1.0
209.13632	-1.0
209.22704	-1.0
209.23648	-1.0
209.29115	-1.0
209.35316	-1.0
209.50365	1.0
209.72676	1.0
213.71672	1.0
213.71988	1.0
213.7294	-1.0
213.73653	1.0
213.74033	-1.0
213.75436	-1.0
213.77785	-1.0
213.78148	1.0
213.79623	-1.0
213.81355	-1.0
213.8368	-1.0
213.85156	-1.0
213.8554	-1.0
213.86836	1.0
213.88632	-1.0
213.90231	-1.0
213.92387	-1.0
213.9268	-1.0
213.94669	-1.0
213.95177	-1.0
213.97284	-1.0
213.97849	-1.0
214.02036	-1.0
214.02827	-1.0
214.04088	-1.0
214.047	-1.0
214.05743	-1.0
214.08836	-1.0
214.09251	-1.0
214.10968	-1.0
214.13869	-1.0
214.14175	-1.0
214.16884	-1.0
214.18704	-1.0
214.19511	1.0
214.21924	-1.0
214.24396	-1.0
214.27509	-1.0
214.28384	-1.0
214.3008	-1.0
214.31912	-1.0
214.33876	-1.0
214.36452	-1.0
214.37051	-1.0
214.411	-1.0
214.4268	-1.0
214.43748	1.0
214.46423	-1.0
214.50168	-1.0
214.50427	-1.0
214.5468	-1.0
214.57056	-1.0
214.5834	1.0
214.61276	-1.0
214.66331	-1.0
214.67172	-1.0
214.71948	-1.0
214.7438	-1.0
214.7694	-1.0
214.80544	-1.0
214.80804	-1.0
214.83047	-1.0
214.85252	-1.0
214.85793	-1.0
214.87305	-1.0
214.90408	-1.0
214.99188	-1.0
215.038	-1.0
215.0646	1.0
215.12904	1.0
215.2058	-1.0
215.22316	-1.0
219.30896	1.0
219.31268	-1.0
219.3184	-1.0
219.32784	-1.0
219.33084	-1.0
219.34676	-1.0
219.3598	1.0
219.3628	-1.0
219.37791	-1.0
219.39136	-1.0
219.41472	-1.0
219.44336	-1.0
219.45964	-1.0
219.48132	-1.0
219.50024	-1.0
219.50629	1.0
219.5268	-1.0
219.5514	-1.0
219.57603	-1.0
219.57951	-1.0
219.59932	-1.0
219.62292	-1.0
219.62633	-1.0
219.64468	-1.0
219.65784	-1.0
219.67957	-1.0
219.6964	1.0
219.72072	-1.0
219.73224	-1.0
219.75713	-1.0
219.76051	-1.0
219.78484	-1.0
219.79092	-1.0
219.82253	-1.0
219.8408	1.0
219.85976	-1.0
219.86353	-1.0
219.88573	-1.0
219.88948	-1.0
219.91516	-1.0
219.922	-1.0
219.94104	-1.0
219.95088	-1.0
219.97664	-1.0
219.997	-1.0
220.00856	-1.0
220.03908	-1.0
220.04572	-1.0
220.06584	-1.0
220.086	1.0
220.09128	-1.0
220.12132	-1.0
220.13408	-1.0
220.14044	-1.0
220.17648	1.0
220.21916	-1.0
220.26212	-1.0
220.27045	1.0
220.31197	-1.0
220.32948	-1.0
220.36148	-1.0
220.36536	-1.0
220.36977	-1.0
220.40031	-1.0
220.40968	-1.0
220.45705	-1.0
220.46497	1.0
220.52248	-1.0
220.52847	-1.0
220.56767	-1.0
220.58595	-1.0
220.6142	1.0
220.63736	-1.0
220.64252	-1.0
220.73325	-1.0
225.2768	-1.0
225.288	1.0
225.29083	1.0
225.29628	1.0
225.30052	-1.0
225.318	-1.0
225.33308	1.0
225.33711	-1.0
225.34584	1.0
225.3626	-1.0
225.36575	1.0
225.38364	-1.0
225.39392	-1.0
225.4196	-1.0
225.424	-1.0
225.42712	-1.0
225.43996	-1.0
225.46336	-1.0
225.46744	-1.0
225.4884	-1.0
225.51347	-1.0
225.51756	-1.0
225.54169	-1.0
225.5552	-1.0
225.57085	-1.0
225.57536	-1.0
225.59996	-1.0
225.63884	-1.0
225.65009	-1.0
225.6688	-1.0
225.69836	1.0
225.71571	-1.0
225.73692	-1.0
225.7598	-1.0
225.76295	-1.0
225.78725	-1.0
225.79192	-1.0
225.82948	-1.0
225.84843	-1.0
225.8824	-1.0
225.88928	-1.0
225.89296	-1.0
225.9158	-1.0
225.9252	-1.0
225.94952	-1.0
225.97896	-1.0
226.007	1.0
226.0114	-1.0
226.03636	-1.0
226.06969	-1.0
226.07973	-1.0
226.11092	-1.0
226.12036	-1.0
226.14832	-1.0
226.15211	-1.0
226.1576	-1.0
226.19392	1.0
226.21996	-1.0
226.22296	-1.0
226.27235	1.0
226.27551	-1.0
226.31264	-1.0
226.3284	-1.0
226.33176	-1.0
226.38351	-1.0
226.39777	-1.0
226.40968	-1.0
226.45895	-1.0
226.49632	-1.0
226.5612	-1.0
226.58368	1.0
226.60687	-1.0
226.63235	1.0
226.91324	1.0
230.7864	-1.0
230.78915	1.0
230.79172	1.0
230.7966	1.0
230.81007	-1.0
230.8282	-1.0
230.84108	-1.0
230.86676	1.0
230.86967	-1.0
230.8882	1.0
230.89088	1.0
230.9062	1.0
230.92651	-1.0
230.93668	-1.0
230.95084	-1.0
230.954	-1.0
230.96149	-1.0
230.9698	-1.0
230.99464	-1.0
231.04904	-1.0
231.05415	-1.0
231.07964	-1.0
231.10136	-1.0
231.14908	-1.0
231.16316	-1.0
231.19116	-1.0
231.21336	1.0
231.2202	-1.0
231.23895	-1.0
231.24416	1.0
231.25224	-1.0
231.27196	-1.0
231.2864	-1.0
231.31328	-1.0
231.33183	-1.0
231.33604	-1.0
231.34904	-1.0
231.35352	-1.0
231.3594	-1.0
231.3964	-1.0
231.40944	1.0
231.42308	-1.0
231.4256	-1.0
231.46088	1.0
231.4848	-1.0
231.50656	-1.0
231.5118	-1.0
231.54352	-1.0
231.56483	-1.0
231.57512	-1.0
231.6032	-1.0
231.62408	-1.0
231.62756	-1.0
231.64328	1.0
231.672	-1.0
231.72368	-1.0
231.72644	-1.0
231.75629	-1.0
231.76068	-1.0
231.80096	1.0
231.82112	-1.0
231.83612	-1.0
231.86047	-1.0
231.90924	-1.0
231.94876	-1.0
231.95187	1.0
232.00792	-1.0
232.03796	-1.0
232.07729	-1.0
232.10912	-1.0
232.27203	1.0
236.622	1.0
236.62984	-1.0
236.6442	1.0
236.66232	-1.0
236.66652	1.0
236.68484	-1.0
236.68964	-1.0
236.70128	-1.0
236.71556	1.0
236.72469	-1.0
236.73643	-1.0
236.74292	-1.0
236.7642	1.0
236.779	-1.0
236.78372	-1.0
236.80388	-1.0
236.8242	-1.0
236.834	-1.0
236.84224	-1.0
236.84616	-1.0
236.85544	-1.0
236.8626	-1.0
236.86513	-1.0
236.87892	1.0
236.8938	-1.0
236.8986	-1.0
236.92113	-1.0
236.9428	-1.0
236.94736	-1.0
236.95352	-1.0
236.97247	-1.0
236.98431	-1.0
237.00908	-1.0
237.03152	-1.0
237.035	-1.0
237.05888	-1.0
237.08553	-1.0
237.111	-1.0
237.12724	-1.0
237.15092	-1.0
237.16428	-1.0
237.17168	-1.0
237.18771	-1.0
237.19228	-1.0
237.22432	-1.0
237.24684	1.0
237.2864	-1.0
237.29996	-1.0
237.31024	-1.0
237.31969	-1.0
237.34673	-1.0
237.37589	-1.0
237.381	-1.0
237.42252	-1.0
237.44427	-1.0
237.46388	-1.0
237.47691	-1.0
237.49472	-1.0
237.53609	-1.0
237.54416	-1.0
237.60297	-1.0
237.60724	-1.0
237.64532	-1.0
237.65836	-1.0
237.66869	-1.0
237.68529	1.0
237.74435	-1.0
237.78952	-1.0
237.79816	-1.0
237.82944	1.0
237.8478	-1.0
237.85593	-1.0
237.86848	-1.0
237.94536	-1.0
237.94928	1.0
238.02837	-1.0
238.03204	-1.0
238.05617	-1.0
242.1704	-1.0
242.1836	-1.0
242.1876	1.0
242.19832	1.0
242.21068	-1.0
242.22812	-1.0
242.23148	-1.0
242.23463	1.0
242.25276	-1.0
242.26028	1.0
242.2754	-1.0
242.27815	-1.0
242.28192	-1.0
242.29848	1.0
242.30212	-1.0
242.3052	-1.0
242.32285	-1.0
242.32623	-1.0
242.34612	-1.0
242.35265	-1.0
242.38364	-1.0
242.41795	-1.0
242.44373	-1.0
242.44736	-1.0
242.47104	-1.0
242.4872	-1.0
242.51112	-1.0
242.5514	-1.0
242.56017	-1.0
242.56947	-1.0
242.58109	-1.0
242.5836	-1.0
242.58948	-1.0
242.61124	-1.0
242.634	-1.0
242.65944	-1.0
242.67809	-1.0
242.69955	-1.0
242.72247	-1.0
242.76833	-1.0
242.79749	-1.0
242.80164	-1.0
242.83252	-1.0
242.8438	-1.0
242.86836	-1.0
242.87633	-1.0
242.88824	-1.0
242.8938	-1.0
242.96584	-1.0
242.9924	-1.0
243.02292	-1.0
243.05328	-1.0
243.08797	1.0
243.12096	-1.0
243.15036	-1.0
243.1732	-1.0
243.18	-1.0
243.22417	-1.0
243.2548	-1.0
243.2944	-1.0
243.3246	-1.0
243.47504	-1.0
243.52309	-1.0
243.5438	-1.0
243.56088	-1.0
243.56816	1.0
243.6592	-1.0
243.67552	1.0
243.77563	1.0
248.64	1.0
248.64464	-1.0
248.64935	-1.0
248.65764	-1.0
248.66077	-1.0
248.66583	-1.0
248.68391	-1.0
248.68788	-1.0
248.69472	1.0
248.6986	-1.0
248.72412	-1.0
248.73	-1.0
248.75471	1.0
248.77768	-1.0
248.80168	-1.0
248.8238	1.0
248.82635	1.0
248.84624	-1.0
248.8496	-1.0
248.87608	-1.0
248.88916	-1.0
248.89745	-1.0
248.91776	-1.0
248.92264	-1.0
248.93712	-1.0
248.94556	-1.0
248.97308	-1.0
248.9756	-1.0
248.99452	-1.0
248.99872	-1.0
249.02356	-1.0
249.02736	-1.0
249.05225	-1.0
249.05576	-1.0
249.08743	1.0
249.10832	-1.0
249.14104	-1.0
249.14392	-1.0
249.17068	-1.0
249.19913	-1.0
249.20293	-1.0
249.21196	-1.0
249.2374	-1.0
249.26256	-1.0
249.2688	-1.0
249.28883	-1.0
249.29887	-1.0
249.31424	-1.0
249.3436	-1.0
249.34976	-1.0
249.35783	-1.0
249.38689	-1.0
249.39172	-1.0
249.41632	-1.0
249.45828	-1.0
249.46596	-1.0
249.5136	1.0
249.5366	-1.0
249.55363	1.0
249.57664	-1.0
249.60312	-1.0
249.62456	-1.0
249.65433	-1.0
249.66763	-1.0
249.69691	-1.0
249.7156	-1.0
249.7188	-1.0
249.72768	-1.0
249.75587	-1.0
249.82164	-1.0
249.8314	-1.0
249.90016	-1.0
249.90964	-1.0
249.91364	-1.0
249.98268	-1.0
249.98547	-1.0
250.0272	-1.0
250.053	-1.0
250.07292	-1.0
250.17404	-1.0
250.53851	1.0
255.01344	1.0
255.01616	1.0
255.02196	1.0
255.0268	-1.0
255.03555	1.0
255.03992	-1.0
255.06029	-1.0
255.07544	-1.0
255.07988	-1.0
255.09068	-1.0
255.09409	-1.0
255.11469	-1.0
255.14323	-1.0
255.16428	-1.0
255.18613	-1.0
255.21236	1.0
255.23029	-1.0
255.23347	-1.0
255.2394	1.0
255.25713	-1.0
255.26028	-1.0
255.28232	-1.0
255.28656	-1.0
255.31508	1.0
255.33548	-1.0
255.34377	-1.0
255.34888	-1.0
255.37184	-1.0
255.39296	-1.0
255.39864	-1.0
255.41956	-1.0
255.43852	-1.0
255.45325	-1.0
255.45868	-1.0
255.47745	-1.0
255.50488	-1.0
255.552	-1.0
255.56108	-1.0
255.57877	-1.0
255.5816	-1.0
255.60556	-1.0
255.6102	-1.0
255.61333	1.0
255.6392	-1.0
255.66563	1.0
255.69585	-1.0
255.70412	-1.0
255.74236	-1.0
255.75513	-1.0
255.78404	-1.0
255.80484	-1.0
255.8082	-1.0
255.8124	-1.0
255.84984	-1.0
255.8536	-1.0
255.87485	-1.0
255.8794	-1.0
255.89024	-1.0
255.93063	-1.0
255.93452	-1.0
255.95244	-1.0
255.97997	1.0
256.01788	-1.0
256.0316	-1.0
256.0359	-1.0
256.09537	-1.0
256.15103	-1.0
256.1778	-1.0
256.24652	-1.0
256.26944	-1.0
256.27475	-1.0
256.28784	-1.0
256.3654	-1.0
256.6119	1.0
260.21936	1.0
260.2282	1.0
260.2424	-1.0
260.245	-1.0
260.26343	-1.0
260.26907	-1.0
260.29852	-1.0
260.323	-1.0
260.33673	-1.0
260.35855	-1.0
260.3612	1.0
260.38467	1.0
260.4023	-1.0
260.40817	-1.0
260.43497	-1.0
260.43796	-1.0
260.46112	-1.0
260.46503	-1.0
260.49243	-1.0
260.49933	1.0
260.52884	-1.0
260.5504	-1.0
260.5596	-1.0
260.5826	-1.0
260.5968	-1.0
260.60797	-1.0
260.61057	-1.0
260.616	-1.0
260.6299	-1.0
260.6527	-1.0
260.68332	-1.0
260.70352	-1.0
260.7258	-1.0
260.7311	-1.0
260.75455	-1.0
260.78137	-1.0
260.78928	-1.0
260.82428	-1.0
260.84232	-1.0
260.84976	-1.0
260.87234	-1.0
260.87915	-1.0
260.9292	1.0
260.9574	-1.0
260.97165	-1.0
261.00027	-1.0
261.02216	-1.0
261.05423	-1.0
261.08353	-1.0
261.11783	-1.0
261.1578	-1.0
261.1899	-1.0
261.20163	1.0
261.208	-1.0
261.24985	-1.0
261.2786	-1.0
261.35797	1.0
261.36047	1.0
261.42288	-1.0
261.43216	-1.0
261.4362	-1.0
261.4892	-1.0
261.50464	-1.0
261.53973	-1.0
261.55917	-1.0
261.62827	-1.0
265.65128	1.0
265.68787	1.0
265.7028	1.0
265.71384	-1.0
265.71832	-1.0
265.74777	-1.0
265.76605	-1.0
265.7706	-1.0
265.7987	-1.0
265.80215	-1.0
265.82156	-1.0
265.8257	-1.0
265.8318	1.0
265.85147	-1.0
265.85437	-1.0
265.87515	1.0
265.8809	-1.0
265.90424	-1.0
265.90936	-1.0
265.92883	-1.0
265.9341	-1.0
265.93665	-1.0
265.96533	-1.0
265.96957	-1.0
265.99615	-1.0
265.9994	1.0
266.01917	-1.0
266.0315	1.0
266.04697	-1.0
266.0551	-1.0
266.06696	1.0
266.0803	-1.0
266.0895	-1.0
266.09235	-1.0
266.1112	-1.0
266.14716	-1.0
266.16467	-1.0
266.20096	1.0
266.21716	-1.0
266.228	1.0
266.25385	-1.0
266.2751	-1.0
266.2962	-1.0
266.3064	-1.0
266.34915	-1.0
266.37115	-1.0
266.39804	-1.0
266.43323	-1.0
266.45987	-1.0
266.4717	1.0
266.4832	1.0
266.50967	1.0
266.51416	1.0
266.53476	-1.0
266.5521	-1.0
266.583	-1.0
266.60544	-1.0
266.62592	-1.0
266.63217	-1.0
266.6538	-1.0
266.68753	1.0
266.69693	-1.0
266.7126	-1.0
266.7173	-1.0
266.73755	1.0
266.79425	-1.0
266.85043	-1.0
266.91083	-1.0
266.91788	-1.0
266.98935	-1.0
267.00916	-1.0
267.07108	-1.0
267.1058	1.0
271.23584	1.0
271.24445	1.0
271.26117	-1.0
271.26392	-1.0
271.26712	-1.0
271.2862	-1.0
271.2888	1.0
271.2922	-1.0
271.31396	1.0
271.33963	-1.0
271.37695	-1.0
271.4019	1.0
271.4044	-1.0
271.41675	-1.0
271.45087	-1.0
271.454	-1.0
271.47177	-1.0
271.48645	-1.0
271.49185	-1.0
271.5111	-1.0
271.51416	-1.0
271.53815	-1.0
271.54376	-1.0
271.5667	-1.0
271.59232	-1.0
271.61063	-1.0
271.61676	-1.0
271.6374	-1.0
271.66272	-1.0
271.69635	-1.0
271.69913	1.0
271.73544	-1.0
271.75012	-1.0
271.7764	-1.0
271.80353	-1.0
271.85928	-1.0
271.90555	-1.0
271.9228	-1.0
271.9257	-1.0
271.9326	-1.0
271.96725	1.0
271.9872	-1.0
271.99307	-1.0
272.02975	-1.0
272.03528	-1.0
272.04977	-1.0
272.10153	-1.0
272.1424	-1.0
272.16693	-1.0
272.1981	-1.0
272.21664	-1.0
272.24045	1.0
272.26212	-1.0
272.2934	-1.0
272.32327	-1.0
272.38504	1.0
272.43643	1.0
274.8156	1.0
274.8272	1.0
274.83435	1.0
274.83823	-1.0
274.87448	-1.0
274.87793	1.0
274.89572	-1.0
274.89908	-1.0
274.92697	-1.0
274.93475	1.0
274.9691	-1.0
274.97308	-1.0
274.9979	-1.0
275.02795	-1.0
275.037	-1.0
275.0595	-1.0
275.06384	-1.0
275.07245	-1.0
275.09628	-1.0
275.1024	-1.0
275.123	-1.0
275.13788	-1.0
275.15607	-1.0
275.18073	-1.0
275.1937	-1.0
275.23688	-1.0
275.24603	-1.0
275.26416	-1.0
275.2899	1.0
275.3001	-1.0
275.3316	-1.0
275.33475	-1.0
275.3624	-1.0
275.3859	-1.0
275.4157	-1.0
275.43958	-1.0
275.44653	-1.0
275.47653	-1.0
275.4916	-1.0
275.52203	-1.0
275.53604	-1.0
275.5411	-1.0
275.56677	-1.0
275.61063	-1.0
275.6175	-1.0
275.62384	-1.0
275.66092	-1.0
275.72275	-1.0
275.73853	-1.0
275.75256	-1.0
275.75928	-1.0
275.7917	-1.0
275.8449	-1.0
275.84927	-1.0
275.9196	-1.0
275.99896	-1.0
276.0041	-1.0
276.0081	-1.0
276.1273	-1.0
281.3828	-1.0
281.38593	1.0
281.39044	-1.0
281.39365	1.0
281.39853	-1.0
281.41452	-1.0
281.42844	-1.0
281.43192	-1.0
281.4516	-1.0
281.45703	-1.0
281.46405	-1.0
281.4739	1.0
281.48807	-1.0
281.49524	-1.0
281.5158	-1.0
281.52032	-1.0
281.53287	-1.0
281.54337	1.0
281.5667	-1.0
281.57004	-1.0
281.5844	-1.0
281.59708	-1.0
281.61096	-1.0
281.62677	-1.0
281.63284	-1.0
281.6548	-1.0
281.67422	-1.0
281.68164	-1.0
281.70712	-1.0
281.71075	-1.0
281.7159	-1.0
281.73788	-1.0
281.74536	-1.0
281.76987	-1.0
281.78223	1.0
281.80005	-1.0
281.80417	-1.0
281.83127	-1.0
281.8357	-1.0
281.85455	-1.0
281.86816	-1.0
281.8857	-1.0
281.89023	-1.0
281.91583	-1.0
281.92133	-1.0
281.95013	-1.0
281.95715	-1.0
281.99283	-1.0
282.01883	-1.0
282.03915	-1.0
282.06027	-1.0
282.06555	1.0
282.0935	-1.0
282.1143	-1.0
282.141	-1.0
282.15363	-1.0
282.17923	-1.0
282.20108	-1.0
282.222	-1.0
282.2478	-1.0
282.26324	-1.0
282.2688	1.0
282.27493	-1.0
282.2942	-1.0
282.31644	-1.0
282.345	-1.0
282.36084	-1.0
282.4251	-1.0
282.42825	1.0
282.4662	-1.0
282.48312	-1.0
282.5775	-1.0
282.71472	1.0
286.3933	1.0
286.40665	1.0
286.41992	-1.0
286.43777	-1.0
286.45483	-1.0
286.4656	-1.0
286.52716	-1.0
286.5358	-1.0
286.54065	-1.0
286.55203	-1.0
286.5812	-1.0
286.59348	-1.0
286.61523	-1.0
286.6258	-1.0
286.64505	-1.0
286.6635	-1.0
286.68433	-1.0
286.7204	-1.0
286.7254	1.0
286.74347	-1.0
286.77304	-1.0
286.77887	-1.0
286.80432	-1.0
286.8348	-1.0
286.83737	-1.0
286.8676	-1.0
286.89185	-1.0
286.89493	-1.0
286.926	-1.0
286.9395	-1.0
286.95544	-1.0
286.96	1.0
286.99036	-1.0
286.99597	-1.0
287.02127	-1.0
287.03357	-1.0
287.06488	-1.0
287.08997	-1.0
287.131	1.0
287.1518	-1.0
287.15472	1.0
287.20575	-1.0
287.2134	-1.0
287.24792	-1.0
287.2639	-1.0
287.28824	-1.0
287.30115	-1.0
287.3498	-1.0
287.38452	-1.0
287.4423	-1.0
287.4532	-1.0
287.4773	-1.0
287.51892	-1.0
287.57175	-1.0
287.57764	-1.0
287.58453	-1.0
287.6067	-1.0
287.64444	-1.0
287.8665	1.0
289.90033	1.0
289.93436	1.0
289.9764	1.0
289.9789	1.0
290.00543	-1.0
290.0167	-1.0
290.03513	-1.0
290.03983	-1.0
290.05933	-1.0
290.0684	-1.0
290.0783	1.0
290.1005	-1.0
290.10928	-1.0
290.112	-1.0
290.1394	-1.0
290.1464	1.0
290.16568	1.0
290.1724	-1.0
290.18787	-1.0
290.19772	-1.0
290.2231	-1.0
290.24677	-1.0
290.26028	-1.0
290.30325	1.0
290.3069	1.0
290.31564	-1.0
290.33536	-1.0
290.3379	-1.0
290.3676	-1.0
290.4107	-1.0
290.42404	-1.0
290.47675	-1.0
290.48645	-1.0
290.4896	-1.0
290.49445	-1.0
290.51968	-1.0
290.5288	-1.0
290.5532	-1.0
290.5893	-1.0
290.5973	-1.0
290.6367	-1.0
290.652	-1.0
290.7224	-1.0
290.78113	-1.0
290.8262	1.0
290.8442	-1.0
290.87003	-1.0
290.8741	-1.0
290.90317	-1.0
290.96927	-1.0
291.04504	1.0
291.05627	-1.0
291.068	-1.0
291.2106	-1.0
295.4221	1.0
295.44815	1.0
295.45932	-1.0
295.46368	-1.0
295.47995	1.0
295.49847	-1.0
295.53345	1.0
295.559	-1.0
295.5636	1.0
295.57437	-1.0
295.57733	-1.0
295.6065	1.0
295.63263	-1.0
295.63965	-1.0
295.6617	-1.0
295.6914	-1.0
295.7007	-1.0
295.72253	-1.0
295.73227	-1.0
295.7539	-1.0
295.78217	-1.0
295.80112	-1.0
295.804	1.0
295.81104	-1.0
295.8354	-1.0
295.8397	-1.0
295.8621	-1.0
295.889	-1.0
295.89227	-1.0
295.8953	-1.0
295.92792	-1.0
295.9504	-1.0
295.977	-1.0
295.99915	-1.0
296.0226	-1.0
296.0451	-1.0
296.06967	1.0
296.09592	-1.0
296.13885	-1.0
296.14267	-1.0
296.15927	-1.0
296.189	-1.0
296.21136	-1.0
296.2481	-1.0
296.27	-1.0
296.27396	-1.0
296.35764	-1.0
296.364	-1.0
296.4378	-1.0
296.44095	-1.0
296.49637	-1.0
296.50705	-1.0
296.56976	-1.0
296.73495	1.0
300.37354	-1.0
300.3776	1.0
300.39795	-1.0
300.4139	1.0
300.43967	1.0
300.44815	-1.0
300.46024	-1.0
300.46384	-1.0
300.47803	-1.0
300.48373	1.0
300.4901	-1.0
300.50647	-1.0
300.54224	-1.0
300.56277	-1.0
300.57187	-1.0
300.578	-1.0
300.59427	-1.0
300.63855	-1.0
300.64493	-1.0
300.6487	-1.0
300.66632	-1.0
300.69156	1.0
300.70505	-1.0
300.70792	-1.0
300.72855	-1.0
300.744	1.0
300.75854	-1.0
300.7812	-1.0
300.80273	-1.0
300.82135	-1.0
300.853	-1.0
300.87552	-1.0
300.89908	-1.0
300.9083	-1.0
300.9366	-1.0
300.9513	-1.0
301.0058	-1.0
301.0273	1.0
301.05615	-1.0
301.06256	1.0
301.0826	-1.0
301.11172	-1.0
301.15625	-1.0
301.16647	1.0
301.20743	-1.0
301.21017	-1.0
301.2414	-1.0
301.26288	-1.0
301.2666	-1.0
301.3162	-1.0
301.46512	-1.0
304.23535	1.0
305.3521	1.0
305.42773	1.0
305.4373	1.0
305.44888	-1.0
305.48724	-1.0
305.50696	-1.0
305.5475	-1.0
305.57635	-1.0
305.58035	-1.0
305.59036	-1.0
305.6183	-1.0
305.63855	-1.0
305.6586	-1.0
305.68228	-1.0
305.72272	-1.0
305.73557	-1.0
305.75037	-1.0
305.7616	1.0
305.77545	-1.0
305.79352	-1.0
305.80704	-1.0
305.8225	-1.0
305.82852	-1.0
305.83987	1.0
305.84973	-1.0
305.8553	-1.0
305.86075	-1.0
305.88687	-1.0
305.89484	-1.0
305.9203	-1.0
305.94077	-1.0
305.9444	-1.0
305.9676	-1.0
305.97537	-1.0
305.99304	-1.0
306.00964	-1.0
306.03708	-1.0
306.06857	-1.0
306.09628	-1.0
306.16284	-1.0
306.16663	-1.0
306.1895	-1.0
306.22223	1.0
306.23813	-1.0
306.24155	-1.0
306.28616	-1.0
306.30573	-1.0
306.32336	-1.0
306.3522	-1.0
306.40668	-1.0
306.45868	-1.0
306.4684	1.0
306.52917	-1.0
306.60788	-1.0
306.77176	1.0
306.8552	1.0
310.11795	1.0
310.1878	1.0
310.2118	-1.0
310.23245	1.0
310.24243	-1.0
310.2468	1.0
310.2548	-1.0
310.28427	-1.0
310.29477	-1.0
310.3246	1.0
310.34863	-1.0
310.3701	-1.0
310.39215	-1.0
310.397	-1.0
310.42053	-1.0
310.42328	-1.0
310.42773	-1.0
310.44595	1.0
310.4546	-1.0
310.4691	-1.0
310.4728	1.0
310.49313	-1.0
310.5095	-1.0
310.51877	-1.0
310.54895	-1.0
310.5689	-1.0
310.5963	-1.0
310.60056	-1.0
310.62024	-1.0
310.64197	-1.0
310.6537	-1.0
310.67307	-1.0
310.67728	-1.0
310.68167	-1.0
310.7136	-1.0
310.7204	-1.0
310.72516	-1.0
310.76224	-1.0
310.7688	-1.0
310.79996	-1.0
310.81592	-1.0
310.83676	-1.0
310.8611	-1.0
310.89728	-1.0
310.90768	-1.0
310.95767	-1.0
310.9797	-1.0
310.98547	-1.0
310.9901	1.0
311.03433	-1.0
311.05713	1.0
311.10376	-1.0
311.1294	-1.0
311.15164	-1.0
311.175	-1.0
311.3947	1.0
315.8296	-1.0
315.8326	-1.0
315.8454	1.0
315.87027	-1.0
315.8792	1.0
315.90057	1.0
315.9207	-1.0
315.9413	-1.0
315.9558	-1.0
315.96777	-1.0
316.0032	-1.0
316.02713	-1.0
316.0418	-1.0
316.053	-1.0
316.06943	-1.0
316.10556	-1.0
316.13504	-1.0
316.14157	-1.0
316.1451	-1.0
316.16757	-1.0
316.19812	-1.0
316.21848	-1.0
316.22128	-1.0
316.23083	-1.0
316.25644	-1.0
316.27148	-1.0
316.28802	-1.0
316.29852	-1.0
316.32553	-1.0
316.3629	-1.0
316.37152	-1.0
316.3787	-1.0
316.3942	-1.0
316.40616	-1.0
316.42767	-1.0
316.4302	-1.0
316.46945	-1.0
316.4924	-1.0
316.53317	-1.0
316.54575	-1.0
316.56256	-1.0
316.5797	-1.0
316.6138	1.0
316.65448	-1.0
316.6985	-1.0
316.704	-1.0
316.73505	-1.0
316.75433	-1.0
316.78296	-1.0
316.8365	-1.0
316.9233	-1.0
317.00577	1.0
321.00272	1.0
321.01047	1.0
321.01373	1.0
321.02548	1.0
321.03668	-1.0
321.05588	-1.0
321.09085	-1.0
321.13043	-1.0
321.1635	-1.0
321.1724	-1.0
321.19196	1.0
321.19568	-1.0
321.2	-1.0
321.22485	-1.0
321.24628	1.0
321.2566	-1.0
321.28	-1.0
321.32053	-1.0
321.3373	-1.0
321.3499	-1.0
321.37747	-1.0
321.38733	-1.0
321.40363	1.0
321.4251	-1.0
321.43497	-1.0
321.492	-1.0
321.52167	1.0
321.54556	-1.0
321.5935	-1.0
321.6478	-1.0
321.6663	1.0
321.70853	-1.0
321.719	1.0
321.72327	-1.0
321.75455	-1.0
321.7967	-1.0
321.86707	-1.0
321.9312	-1.0
321.93472	-1.0
321.9476	-1.0
322.0112	-1.0
322.04193	1.0
322.1124	-1.0
322.11896	1.0
325.9495	1.0
325.952	1.0
325.95947	-1.0
325.97168	1.0
325.9749	1.0
325.98032	-1.0
326.00113	-1.0
326.0074	-1.0
326.03873	1.0
326.05872	-1.0
326.07596	-1.0
326.1039	-1.0
326.1251	-1.0
326.18317	-1.0
326.2008	1.0
326.21536	-1.0
326.2442	-1.0
326.25064	-1.0
326.27295	-1.0
326.30847	-1.0
326.34592	-1.0
326.40256	-1.0
326.42883	-1.0
326.44412	-1.0
326.50012	-1.0
326.5658	-1.0
326.60315	-1.0
326.6101	-1.0
326.63354	-1.0
326.67456	-1.0
326.73993	-1.0
326.7504	-1.0
326.8106	-1.0
326.90125	-1.0
326.97928	-1.0
327.03568	-1.0
327.10767	-1.0
327.12363	-1.0
327.19547	-1.0
331.83063	1.0
331.8427	1.0
331.84818	-1.0
331.85287	1.0
331.8648	1.0
331.87036	-1.0
331.8754	-1.0
331.8955	-1.0
331.93008	-1.0
331.93365	-1.0
331.939	-1.0
331.98605	-1.0
331.9946	-1.0
332.0005	-1.0
332.0187	-1.0
332.04617	-1.0
332.06525	-1.0
332.0798	-1.0
332.10367	-1.0
332.13483	-1.0
332.1532	-1.0
332.17407	-1.0
332.17664	-1.0
332.18085	1.0
332.207	-1.0
332.2486	-1.0
332.2706	1.0
332.32907	-1.0
332.3619	-1.0
332.378	-1.0
332.40503	-1.0
332.44644	-1.0
332.4758	1.0
332.49097	-1.0
332.5331	1.0
332.54852	-1.0
332.57556	-1.0
332.5977	-1.0
332.6344	-1.0
332.68427	-1.0
332.69092	-1.0
332.74557	1.0
332.75488	-1.0
332.8061	1.0
332.81772	-1.0
332.87073	1.0
332.96207	-1.0
333.05508	1.0
338.19507	1.0
338.20123	-1.0
338.20477	1.0
338.20837	-1.0
338.21255	-1.0
338.22906	1.0
338.26276	-1.0
338.27045	-1.0
338.29013	-1.0
338.2986	1.0
338.3034	-1.0
338.3253	-1.0
338.33936	1.0
338.34888	-1.0
338.37625	-1.0
338.3897	-1.0
338.40793	-1.0
338.4251	-1.0
338.4466	-1.0
338.4944	1.0
338.52692	-1.0
338.55212	-1.0
338.56815	-1.0
338.61887	-1.0
338.646	-1.0
338.69153	-1.0
338.728	1.0
338.76337	-1.0
338.80243	-1.0
338.83163	-1.0
338.83847	-1.0
338.87485	-1.0
338.9107	-1.0
338.92752	-1.0
338.97552	-1.0
339.02576	-1.0
339.07053	-1.0
339.08475	-1.0
339.09076	-1.0
339.1471	1.0
339.14975	1.0
339.21304	-1.0
343.242	1.0
343.25848	-1.0
343.26175	1.0
343.27795	1.0
343.29016	1.0
343.3242	1.0
343.35187	-1.0
343.36728	1.0
343.37766	-1.0
343.41248	-1.0
343.4201	-1.0
343.4405	1.0
343.4511	-1.0
343.465	-1.0
343.47415	-1.0
343.50275	1.0
343.52087	1.0
343.52692	1.0
343.5613	-1.0
343.57812	-1.0
343.58063	-1.0
343.61276	-1.0
343.66	-1.0
343.6714	1.0
343.6906	-1.0
343.77225	-1.0
343.79727	-1.0
343.8001	1.0
343.8055	-1.0
343.8713	-1.0
343.89487	-1.0
343.9315	1.0
343.95145	-1.0
344.02756	-1.0
344.08728	-1.0
348.62393	1.0
348.62787	-1.0
348.6322	1.0
348.64655	1.0
348.65	-1.0
348.66348	-1.0
348.66815	-1.0
348.67264	1.0
348.68488	-1.0
348.72308	-1.0
348.75635	-1.0
348.77805	1.0
348.7841	-1.0
348.7964	-1.0
348.79913	-1.0
348.82724	-1.0
348.8727	-1.0
348.87704	-1.0
348.9149	-1.0
348.93292	1.0
348.94263	-1.0
348.94733	-1.0
348.9737	-1.0
349.00925	1.0
349.01773	-1.0
349.06207	-1.0
349.07553	-1.0
349.0986	1.0
349.1082	-1.0
349.1604	-1.0
349.2044	-1.0
349.216	1.0
349.29697	-1.0
349.29968	1.0
349.33032	-1.0
349.38403	1.0
349.39072	-1.0
349.48828	-1.0
349.534	-1.0
349.5431	1.0
353.60867	1.0
353.62592	1.0
353.63916	-1.0
353.64584	1.0
353.66177	1.0
353.66583	-1.0
353.68576	1.0
353.68948	1.0
353.7209	-1.0
353.74268	1.0
353.74527	-1.0
353.80548	-1.0
353.81088	-1.0
353.8228	-1.0
353.83615	-1.0
353.871	-1.0
353.87457	-1.0
353.9283	-1.0
353.96432	-1.0
353.98444	1.0
354.01395	-1.0
354.04065	1.0
354.05136	-1.0
354.08344	-1.0
354.1118	-1.0
354.1146	-1.0
354.14975	1.0
354.17032	-1.0
354.22623	-1.0
354.24265	1.0
354.2466	-1.0
354.3052	-1.0
354.3492	-1.0
354.36917	1.0
354.43695	-1.0
354.48013	-1.0
354.5399	-1.0
354.6242	-1.0
354.63345	-1.0
354.6401	1.0
354.72757	-1.0
354.77753	-1.0
358.37943	1.0
358.40616	-1.0
358.4342	1.0
358.452	1.0
358.4704	-1.0
358.48416	-1.0
358.5106	-1.0
358.52045	-1.0
358.54416	-1.0
358.67032	-1.0
358.69757	-1.0
358.74753	-1.0
358.81296	1.0
358.8458	-1.0
358.85184	-1.0
358.92523	-1.0
358.92813	-1.0
359.00525	-1.0
359.04633	-1.0
359.08984	-1.0
359.15985	-1.0
359.2392	-1.0
359.2833	1.0
359.28815	1.0
359.41907	1.0
363.44296	1.0
363.4564	1.0
363.47647	1.0
363.48157	-1.0
363.50452	1.0
363.52664	1.0
363.54233	1.0
363.58423	1.0
363.60892	1.0
363.61905	-1.0
363.62207	-1.0
363.653	-1.0
363.6823	-1.0
363.68484	-1.0
363.7084	1.0
363.77203	-1.0
363.7967	-1.0
363.8434	-1.0
363.97067	-1.0
364.03967	-1.0
364.07263	1.0
364.07687	-1.0
364.11465	-1.0
364.16116	1.0
364.19427	-1.0
364.2221	1.0
364.24368	-1.0
364.27664	1.0
364.3043	-1.0
364.33353	-1.0
364.41016	1.0
364.43433	-1.0
364.47504	-1.0
364.4887	1.0
364.5461	-1.0
364.5505	1.0
368.39288	-1.0
368.41388	1.0
368.42316	-1.0
368.43097	1.0
368.45078	1.0
368.46692	1.0
368.51083	1.0
368.5245	-1.0
368.54095	-1.0
368.55493	-1.0
368.5858	-1.0
368.60004	-1.0
368.60428	1.0
368.65247	-1.0
368.73663	-1.0
368.75317	-1.0
368.76764	1.0
368.77368	-1.0
368.79443	1.0
368.85632	-1.0
368.8876	-1.0
368.94785	-1.0
368.9927	-1.0
369.0688	-1.0
369.11197	-1.0
369.13303	1.0
369.20953	-1.0
369.29733	-1.0
373.1336	1.0
373.16364	1.0
373.1841	1.0
373.2106	-1.0
373.21448	-1.0
373.21924	1.0
373.22516	1.0
373.26825	-1.0
373.28323	-1.0
373.2885	-1.0
373.3315	-1.0
373.3646	-1.0
373.37076	-1.0
373.4127	-1.0
373.41873	1.0
373.45633	-1.0
373.5292	-1.0
373.53223	1.0
373.5848	-1.0
373.5967	1.0
373.6334	-1.0
373.65955	1.0
373.73105	-1.0
373.76788	-1.0
373.81064	-1.0
373.86832	-1.0
373.9196	-1.0
373.97513	1.0
374.02103	1.0
374.02356	-1.0
374.09204	-1.0
374.11832	-1.0
374.179	-1.0
374.20547	-1.0
378.0202	-1.0
378.02353	1.0
378.04208	1.0
378.05524	-1.0
378.07028	1.0
378.07315	1.0
378.0931	1.0
378.13925	-1.0
378.15295	1.0
378.1631	-1.0
378.178	-1.0
378.2073	-1.0
378.2664	-1.0
378.30536	-1.0
378.35324	-1.0
378.35977	1.0
378.3799	-1.0
378.4243	-1.0
378.4305	1.0
378.43512	-1.0
378.47516	1.0
378.4992	-1.0
378.5492	-1.0
378.61005	1.0
378.6184	-1.0
378.7818	1.0
378.84964	-1.0
382.09027	-1.0
383.0492	1.0
383.0599	-1.0
383.07803	1.0
383.12216	-1.0
383.16492	-1.0
383.1996	-1.0
383.2542	-1.0
383.2571	1.0
383.30685	-1.0
383.3097	1.0
383.32928	-1.0
383.33432	-1.0
383.3744	1.0
383.39743	-1.0
383.4041	1.0
383.43155	-1.0
383.49045	-1.0
383.50748	1.0
383.54233	-1.0
383.58215	1.0
383.70035	1.0
383.8379	-1.0
383.92148	-1.0
384.08093	-1.0
388.06235	1.0
388.09555	1.0
388.0984	-1.0
388.11252	1.0
388.1374	1.0
388.1708	-1.0
388.17587	1.0
388.19345	-1.0
388.206	-1.0
388.21844	1.0
388.32547	-1.0
388.35257	-1.0
388.39352	1.0
388.40216	-1.0
388.4216	-1.0
388.4524	-1.0
388.4569	1.0
388.51553	-1.0
388.5794	-1.0
388.60892	1.0
388.64813	-1.0
388.7591	1.0
388.78088	-1.0
388.84027	-1.0
388.85745	1.0
388.9228	1.0
388.93372	-1.0
388.97992	1.0
389.0003	-1.0
389.0768	-1.0
392.79855	1.0
392.83405	-1.0
392.8692	1.0
392.87527	-1.0
392.91663	-1.0
392.94064	-1.0
392.98563	-1.0
393.00568	-1.0
393.0207	1.0
393.0672	-1.0
393.19232	1.0
393.22156	-1.0
393.27115	-1.0
393.31607	-1.0
393.37207	1.0
393.3766	-1.0
393.48923	-1.0
393.50684	1.0
393.66565	-1.0
393.72232	-1.0
397.21503	-1.0
397.23663	1.0
397.24997	-1.0
397.2755	1.0
397.29932	1.0
397.30655	1.0
397.31113	-1.0
397.36533	-1.0
397.37576	-1.0
397.4184	-1.0
397.44073	1.0
397.5027	-1.0
397.55832	1.0
397.76	-1.0
397.90875	-1.0
397.93472	1.0
398.08997	-1.0
398.77957	1.0
398.79337	1.0
398.80948	1.0
398.83212	1.0
398.86087	1.0
398.92728	1.0
399.0984	1.0
399.14444	1.0
399.23947	1.0
399.29333	1.0
399.34045	1.0
399.47488	1.0
399.52963	1.0
399.64545	1.0
399.70755	1.0
399.78955	1.0
400.03488	1.0
400.13712	1.0
400.26697	1.0
402.11392	1.0
402.15256	-1.0
402.15933	1.0
402.1693	1.0
402.18915	-1.0
402.20215	-1.0
402.22308	-1.0
402.29007	-1.0
402.36368	-1.0
402.42725	-1.0
402.45355	-1.0
402.58698	1.0
402.6052	-1.0
402.68988	-1.0
402.7094	1.0
402.875	-1.0
402.9222	-1.0
403.01953	-1.0
403.04813	-1.0
403.16833	1.0
407.4758	1.0
407.489	-1.0
407.50836	-1.0
407.5146	1.0
407.5349	-1.0
407.60852	1.0
407.65756	-1.0
407.6718	1.0
407.72696	-1.0
407.77496	1.0
407.90735	-1.0
407.95737	1.0
408.30804	-1.0
411.8038	-1.0
411.82452	1.0
411.8293	-1.0
411.8456	-1.0
411.87543	-1.0
411.90027	-1.0
411.9364	-1.0
411.96765	1.0
412.00375	-1.0
412.05896	1.0
412.16992	1.0
412.28223	1.0
412.29767	-1.0
412.422	-1.0
412.55667	-1.0
412.7244	-1.0
416.63028	-1.0
416.64548	-1.0
416.65265	-1.0
416.65707	1.0
416.71432	-1.0
416.7302	1.0
416.7394	-1.0
416.83896	1.0
416.8925	-1.0
416.95047	-1.0
416.9701	1.0
417.22452	-1.0
417.22775	-1.0
417.27707	1.0
417.28876	-1.0
417.3164	-1.0
417.37265	-1.0
421.27197	-1.0
421.3021	-1.0
421.31305	-1.0
421.33887	-1.0
421.34213	-1.0
421.36108	1.0
421.37173	-1.0
421.4279	1.0
421.4555	-1.0
421.47433	-1.0
421.55023	1.0
421.6219	1.0
421.64856	1.0
421.67023	1.0
421.9672	-1.0
422.03345	1.0
425.72992	1.0
425.73425	-1.0
425.75717	-1.0
425.772	-1.0
425.7808	1.0
425.78812	-1.0
425.8745	1.0
425.98	1.0
426.0713	1.0
426.161	1.0
426.22272	-1.0
426.34973	-1.0
426.43872	1.0
426.6294	-1.0
429.6793	1.0
429.69852	-1.0
429.7038	1.0
429.7332	-1.0
429.78873	1.0
429.85455	1.0
429.95584	-1.0
429.9822	-1.0
430.29532	-1.0
433.66376	-1.0
433.6869	1.0
433.70227	-1.0
433.7048	-1.0
433.72372	-1.0
433.76227	1.0
433.78375	-1.0
433.81308	1.0
433.88724	1.0
434.05057	1.0
434.0562	-1.0
434.31808	1.0
437.5091	-1.0
437.52048	-1.0
437.5338	-1.0
437.53653	-1.0
437.6194	1.0
437.66656	-1.0
437.76605	1.0
437.894	1.0
437.95715	1.0
438.63583	1.0
438.6661	1.0
438.74747	1.0
438.84192	1.0
438.86505	1.0
438.92545	1.0
438.98148	1.0
439.02396	1.0
439.06003	1.0
439.0934	1.0
439.14276	1.0
439.19833	1.0
439.2625	1.0
439.31857	1.0
439.36252	1.0
439.4514	1.0
439.51068	1.0
439.66415	1.0
439.8574	1.0
439.9502	1.0
440.0714	1.0
442.4745	-1.0
442.4888	1.0
442.5055	1.0
442.5089	-1.0
442.5228	-1.0
442.5474	1.0
442.55463	-1.0
442.58157	1.0
442.6298	-1.0
442.64597	-1.0
442.7958	-1.0
442.83704	1.0
442.97424	1.0
443.0594	1.0
446.38388	1.0
446.3868	-1.0
446.3983	-1.0
446.4087	1.0
446.47543	1.0
446.54605	1.0
446.65256	1.0
446.78516	1.0
446.79852	-1.0
446.94153	1.0
447.0412	-1.0
450.39288	-1.0
450.437	-1.0
450.4579	-1.0
450.50815	1.0
450.51236	-1.0
450.58917	1.0
450.6573	-1.0
450.66925	-1.0
450.80545	-1.0
450.99615	1.0
451.05005	-1.0
451.10193	-1.0
451.18228	1.0
453.95593	1.0
453.9872	-1.0
454.01907	1.0
454.0691	1.0
454.22604	-1.0
454.2445	1.0
454.307	1.0
457.47507	-1.0
457.4869	1.0
457.49924	-1.0
457.5062	1.0
457.5469	-1.0
457.83884	1.0
458.07	-1.0
458.07364	1.0
458.11984	-1.0
460.74756	1.0
460.75833	1.0
460.77957	-1.0
460.80432	1.0
460.83603	1.0
461.04013	-1.0
461.1072	1.0
464.16928	-1.0
464.2092	1.0
464.29117	-1.0
464.29535	1.0
464.35263	1.0
464.53748	1.0
464.54813	-1.0
464.568	-1.0
464.58197	1.0
467.69305	1.0
467.7592	1.0
467.80325	1.0
467.84372	1.0
467.85568	-1.0
467.878	-1.0
467.93988	1.0
467.958	-1.0
468.1774	1.0
470.99844	1.0
471.00687	-1.0
471.0276	1.0
471.11588	1.0
471.1949	-1.0
471.34296	1.0
471.42676	-1.0
471.4421	1.0
471.5322	1.0
471.603	-1.0
473.94412	1.0
473.95233	-1.0
473.96457	1.0
473.99756	-1.0
474.08533	1.0
474.1656	1.0
474.4792	1.0
476.9247	-1.0
476.95248	1.0
476.99628	-1.0
477.07077	-1.0
477.12585	1.0
477.29803	-1.0
477.36987	1.0
479.82083	-1.0
479.8486	1.0
479.88916	1.0
479.9233	1.0
479.9586	-1.0
479.96173	1.0
479.97592	-1.0
480.17184	-1.0
480.23724	-1.0
480.29608	1.0
482.53387	1.0
482.55005	1.0
482.6546	1.0
482.71396	1.0
485.77725	1.0
485.7873	-1.0
485.81705	1.0
485.84436	-1.0
485.99084	1.0
486.18088	1.0
489.09665	1.0
489.1064	-1.0
489.14587	1.0
489.19775	1.0
492.68875	-1.0
492.72525	1.0
492.7414	-1.0
492.76587	1.0
492.7791	-1.0
492.80704	1.0
493.02383	1.0
495.4938	1.0
495.52713	1.0
495.5734	1.0
495.84216	1.0
498.5291	1.0
498.53445	1.0
498.56097	-1.0
498.57367	1.0
498.5839	-1.0
498.62613	1.0
498.9705	1.0
503.9185	-1.0
503.93643	1.0
503.9673	-1.0
504.0021	-1.0
504.0157	1.0
504.07297	1.0
504.07767	-1.0
504.15115	1.0
504.2161	1.0
504.2871	1.0
504.35092	-1.0
504.44427	-1.0
506.93167	1.0
506.95715	-1.0
506.98117	1.0
507.0068	-1.0
507.03677	1.0
507.1916	-1.0
509.43387	1.0
509.46924	1.0
509.4896	-1.0
509.57355	1.0
509.6292	1.0
512.62384	1.0
512.6854	1.0
512.707	-1.0
512.7332	1.0
512.75726	-1.0
515.3422	1.0
515.3507	-1.0
515.3654	1.0
515.3699	-1.0
515.3898	-1.0
515.4441	1.0
515.5379	1.0
518.2902	1.0
518.31287	1.0
518.35767	1.0
518.4165	1.0
518.5266	1.0
521.42706	1.0
521.51355	1.0
521.5291	-1.0
521.5324	1.0
521.5699	-1.0
521.7305	-1.0
524.2149	1.0
524.2487	1.0
524.3072	1.0
524.3338	1.0
526.7388	1.0
526.7926	1.0
526.82214	1.0
526.8999	-1.0
530.08344	1.0
530.11707	1.0
530.13806	-1.0
530.1508	1.0
530.21106	1.0
530.24445	1.0
530.441	-1.0
533.5278	-1.0
533.5467	-1.0
533.5706	1.0
533.5804	1.0
533.61584	1.0
533.6418	-1.0
533.7438	-1.0
535.9326	1.0
535.95197	1.0
536.0264	1.0
536.06305	1.0
536.20966	-1.0
536.27563	1.0
536.2784	1.0
536.3752	1.0
536.37854	-1.0
536.40674	1.0
538.42114	1.0
538.4514	1.0
538.477	1.0
538.5021	1.0
538.52155	-1.0
538.5299	1.0
538.5745	1.0
541.9282	1.0
541.97504	1.0
541.9847	-1.0
542.01465	1.0
542.1486	1.0
544.4909	-1.0
544.5407	1.0
544.60333	1.0
547.05585	1.0
547.12695	1.0
547.18616	1.0
547.3565	1.0
551.79297	1.0
551.82806	1.0
551.8453	1.0
551.8818	-1.0
551.9901	1.0
555.9525	1.0
556.01733	-1.0
556.02094	1.0
556.0365	1.0
556.0601	1.0
556.1246	-1.0
559.68066	-1.0
559.7504	1.0
559.78815	1.0
559.8064	1.0
559.8111	-1.0
559.83484	1.0
559.8554	1.0
562.93005	-1.0
562.9357	1.0
562.9537	-1.0
562.95807	1.0
562.9862	-1.0
562.9894	1.0
563.0169	-1.0
563.0346	1.0
566.5799	-1.0
567.1766	1.0
567.1928	1.0
567.2427	-1.0
567.28467	1.0
567.29395	-1.0
567.32043	1.0
567.5109	1.0
571.09674	-1.0
574.8775	1.0
574.8921	-1.0
574.9152	1.0
574.9302	1.0
574.9527	1.0
574.958	-1.0
578.43866	-1.0
578.47656	-1.0
578.5221	1.0
578.56616	1.0
578.60315	1.0
578.6146	-1.0
578.6504	-1.0
578.715	-1.0
581.90765	1.0
581.938	1.0
581.96185	1.0
582.00964	-1.0
582.0408	1.0
582.0585	-1.0
586.7106	1.0
586.73224	1.0
586.7714	1.0
586.78455	-1.0
586.7883	-1.0
586.7938	1.0
586.8261	1.0
586.89325	-1.0
586.91315	1.0
586.997	-1.0
587.48645	-1.0
587.49774	1.0
593.16174	-1.0
593.17456	1.0
593.2058	-1.0
593.2223	1.0
593.22974	1.0
593.2468	-1.0
593.2908	1.0
593.33093	1.0
593.3898	1.0
593.40405	-1.0
597.1332	1.0
597.16614	1.0
597.19336	-1.0
597.22485	1.0
597.2522	1.0
597.305	1.0
597.3594	1.0
597.3919	1.0
597.4228	-1.0
597.4527	1.0
