0.01784	1.0
0.05016	-1.0
0.11016	-1.0
0.20132	-1.0
0.2592	-1.0
0.3334	-1.0
0.76572	-1.0
0.8312	-1.0
0.96556	-1.0
0.9704	-1.0
1.40676	-1.0
1.525	-1.0
5.418	-1.0
5.42164	-1.0
5.42848	1.0
5.43488	-1.0
5.44696	-1.0
5.47688	-1.0
5.49668	1.0
5.50344	-1.0
5.51124	-1.0
5.51412	-1.0
5.51748	-1.0
5.56	-1.0
5.5902	-1.0
5.96088	-1.0
6.04612	-1.0
6.08268	-1.0
6.31884	-1.0
6.63364	-1.0
6.64	-1.0
8.97476	-1.0
9.01128	-1.0
9.04728	-1.0
9.2298	-1.0
9.59352	-1.0
9.7062	-1.0
9.953	-1.0
10.02924	-1.0
11.78732	-1.0
11.83908	-1.0
11.85372	-1.0
11.89204	-1.0
12.08888	-1.0
12.14976	-1.0
12.1752	-1.0
12.33052	1.0
12.34492	-1.0
12.43648	-1.0
12.48196	-1.0
12.639	-1.0
14.96368	-1.0
14.97104	-1.0
14.9766	-1.0
15.0138	-1.0
15.02148	1.0
15.07572	-1.0
15.12508	-1.0
15.1298	-1.0
15.13892	-1.0
15.40716	-1.0
15.5198	-1.0
15.61372	-1.0
15.712	-1.0
15.87996	-1.0
15.99924	-1.0
16.13688	-1.0
19.38668	1.0
19.39464	-1.0
19.3976	-1.0
19.40452	-1.0
19.42112	-1.0
19.47104	-1.0
19.51868	-1.0
19.52276	-1.0
19.63148	-1.0
19.82604	-1.0
20.04092	-1.0
20.08304	-1.0
20.39208	-1.0
20.46324	-1.0
20.65044	-1.0
20.89812	-1.0
24.85156	-1.0
24.8598	-1.0
24.8684	1.0
24.88352	-1.0
24.91328	-1.0
24.93764	-1.0
24.94512	-1.0
25.00764	-1.0
25.02692	-1.0
25.04528	-1.0
25.15204	-1.0
25.22428	-1.0
25.3864	-1.0
25.45736	-1.0
25.48076	-1.0
25.51032	-1.0
25.51968	-1.0
26.09868	-1.0
29.82472	-1.0
29.84148	-1.0
29.863	-1.0
29.8688	-1.0
29.90976	1.0
29.95436	-1.0
30.002	-1.0
30.03612	-1.0
30.08108	1.0
30.36632	1.0
30.40792	-1.0
30.54216	-1.0
30.644	-1.0
30.68048	-1.0
30.77008	-1.0
31.27756	-1.0
31.30392	-1.0
31.32624	-1.0
35.71128	-1.0
35.73684	1.0
35.75012	-1.0
35.7552	-1.0
35.76368	-1.0
35.80548	-1.0
35.84848	-1.0
35.87704	-1.0
35.91408	-1.0
35.93144	-1.0
36.03016	-1.0
36.09892	-1.0
36.20944	-1.0
36.25284	-1.0
36.353	-1.0
36.3686	-1.0
36.40024	-1.0
36.4226	-1.0
36.69608	-1.0
36.89864	-1.0
36.94068	-1.0
37.83188	-1.0
37.86732	-1.0
37.87244	-1.0
37.92176	-1.0
37.92976	-1.0
37.94848	-1.0
37.95696	1.0
38.02516	-1.0
40.44936	1.0
40.47044	-1.0
40.481	-1.0
40.50536	1.0
40.5212	-1.0
40.54708	-1.0
40.56084	-1.0
40.581	-1.0
40.586	-1.0
40.62032	-1.0
40.65964	-1.0
40.77532	-1.0
40.8956	-1.0
41.11284	-1.0
41.17468	-1.0
41.3548	-1.0
41.5224	-1.0
41.60688	-1.0
44.66364	1.0
44.67856	1.0
44.68672	-1.0
44.70304	-1.0
44.70596	-1.0
44.70964	-1.0
44.71748	-1.0
44.74544	-1.0
44.80868	-1.0
44.81432	-1.0
44.85604	1.0
44.9108	-1.0
44.9382	-1.0
44.96364	-1.0
45.08412	1.0
45.0994	-1.0
45.25512	-1.0
45.31116	-1.0
45.57316	-1.0
45.8172	-1.0
45.84144	-1.0
45.86648	-1.0
49.24172	-1.0
49.2528	1.0
49.29432	-1.0
49.30048	-1.0
49.30752	-1.0
49.32888	-1.0
49.3338	-1.0
49.36996	-1.0
49.38684	-1.0
49.41392	-1.0
49.50032	-1.0
49.59232	-1.0
49.60352	-1.0
49.65844	-1.0
49.87148	-1.0
49.9088	-1.0
50.01092	-1.0
50.11832	-1.0
50.21024	-1.0
50.42516	-1.0
50.96524	-1.0
54.46744	-1.0
54.47352	1.0
54.48004	-1.0
54.49224	-1.0
54.4974	-1.0
54.525	-1.0
54.52984	-1.0
54.54792	-1.0
54.57988	-1.0
54.5824	-1.0
54.61756	-1.0
54.66028	-1.0
54.78316	-1.0
54.80868	-1.0
54.8304	-1.0
54.85948	-1.0
54.88652	-1.0
54.97532	-1.0
55.02476	-1.0
55.20664	-1.0
55.259	-1.0
55.30336	-1.0
59.5934	-1.0
59.604	-1.0
59.60704	-1.0
59.61016	-1.0
59.62172	-1.0
59.62864	-1.0
59.63156	-1.0
59.6498	-1.0
59.65544	-1.0
59.6748	-1.0
59.7102	-1.0
59.74236	1.0
59.74576	-1.0
59.786	-1.0
59.82892	-1.0
59.88556	1.0
59.9416	-1.0
59.995	-1.0
60.01652	-1.0
60.06264	-1.0
60.08632	-1.0
60.13044	-1.0
60.14852	-1.0
60.21428	-1.0
60.392	-1.0
60.40944	-1.0
60.4202	1.0
60.51952	-1.0
60.68812	-1.0
63.87652	1.0
63.8794	-1.0
63.91184	1.0
63.91452	1.0
64.00328	-1.0
64.06228	-1.0
64.12592	-1.0
64.18992	-1.0
64.2276	-1.0
64.23592	-1.0
64.25788	-1.0
64.4188	-1.0
64.42504	-1.0
64.51092	-1.0
64.59544	-1.0
64.82584	-1.0
64.9444	-1.0
68.2558	-1.0
68.2588	1.0
68.26132	-1.0
68.27336	-1.0
68.28752	-1.0
68.3496	-1.0
68.42804	-1.0
68.45708	-1.0
68.46332	-1.0
68.50936	-1.0
68.51896	-1.0
68.59404	-1.0
68.60828	-1.0
68.65592	-1.0
68.66248	-1.0
68.74692	-1.0
68.81264	-1.0
68.92476	-1.0
68.93336	-1.0
69.01124	-1.0
69.11208	-1.0
69.14484	-1.0
69.3506	-1.0
69.37512	-1.0
73.53332	-1.0
73.54408	1.0
73.5574	-1.0
73.57508	-1.0
73.5844	-1.0
73.58984	-1.0
73.5938	-1.0
73.60332	-1.0
73.62508	-1.0
73.64416	-1.0
73.6596	-1.0
73.66276	-1.0
73.6862	-1.0
73.72164	-1.0
73.7958	-1.0
73.84376	-1.0
74.06432	-1.0
74.16728	-1.0
74.24812	-1.0
74.31232	-1.0
74.3242	-1.0
74.34344	1.0
74.34816	1.0
74.46624	-1.0
74.48796	-1.0
78.49992	-1.0
78.508	1.0
78.52728	1.0
78.52984	-1.0
78.53704	-1.0
78.55504	-1.0
78.563	-1.0
78.57848	-1.0
78.5828	-1.0
78.59636	-1.0
78.60844	-1.0
78.6362	-1.0
78.69348	-1.0
78.70316	1.0
78.70568	1.0
78.73584	-1.0
78.79968	-1.0
78.88704	-1.0
78.92424	-1.0
78.94204	-1.0
78.95276	1.0
78.95584	-1.0
78.99344	-1.0
79.01336	-1.0
79.05212	-1.0
79.08964	-1.0
79.18416	-1.0
79.40456	-1.0
79.42572	-1.0
83.8628	1.0
83.87188	-1.0
83.87788	1.0
83.88124	-1.0
83.8874	-1.0
83.94332	-1.0
83.94688	-1.0
84.01028	-1.0
84.05164	-1.0
84.05932	-1.0
84.07308	-1.0
84.10648	1.0
84.1284	-1.0
84.13268	-1.0
84.15004	-1.0
84.19876	1.0
84.23384	-1.0
84.33668	-1.0
84.3402	-1.0
84.36944	-1.0
84.40548	-1.0
84.41272	-1.0
84.43804	-1.0
84.46064	-1.0
84.50828	-1.0
84.53468	-1.0
84.53728	1.0
84.5954	-1.0
84.61672	-1.0
84.67224	-1.0
84.89984	-1.0
84.92616	-1.0
84.961	-1.0
85.01868	-1.0
88.43784	-1.0
88.44096	-1.0
88.45704	-1.0
88.46084	-1.0
88.46372	-1.0
88.47328	1.0
88.4838	-1.0
88.54888	1.0
88.58088	-1.0
88.59044	-1.0
88.63592	-1.0
88.65092	-1.0
88.68248	-1.0
88.7194	-1.0
88.74508	-1.0
88.7958	-1.0
88.80972	-1.0
88.904	-1.0
88.92716	-1.0
88.93344	-1.0
88.97116	-1.0
88.99004	-1.0
89.051	-1.0
89.05504	-1.0
89.08532	-1.0
89.27096	-1.0
89.33876	-1.0
89.44388	-1.0
89.4656	-1.0
89.49168	-1.0
89.64016	-1.0
93.23564	-1.0
93.24984	-1.0
93.26252	-1.0
93.27284	-1.0
93.27688	-1.0
93.30852	1.0
93.34548	-1.0
93.3784	-1.0
93.38224	-1.0
93.41484	-1.0
93.47292	-1.0
93.49096	1.0
93.52236	-1.0
93.53004	-1.0
93.55824	-1.0
93.58704	-1.0
93.59108	-1.0
93.67096	-1.0
93.73256	-1.0
93.75872	-1.0
93.81992	-1.0
93.87644	-1.0
93.89924	-1.0
93.95556	-1.0
93.96568	1.0
94.00772	-1.0
94.0324	-1.0
94.04268	-1.0
94.0676	-1.0
94.09296	-1.0
94.11128	-1.0
94.15596	-1.0
94.1864	-1.0
94.19504	-1.0
94.23448	-1.0
94.28472	-1.0
94.39084	-1.0
94.44448	-1.0
94.482	-1.0
99.32216	1.0
99.33376	-1.0
99.35384	-1.0
99.386	-1.0
99.39896	-1.0
99.44524	-1.0
99.4496	-1.0
99.4842	-1.0
99.53836	-1.0
99.57668	-1.0
99.58712	1.0
99.59576	-1.0
99.61048	-1.0
99.62936	-1.0
99.63328	-1.0
99.6358	-1.0
99.67564	-1.0
99.7098	-1.0
99.7148	-1.0
99.7416	-1.0
99.74608	-1.0
99.7816	-1.0
99.87824	-1.0
99.8906	-1.0
99.95864	-1.0
99.98752	-1.0
99.99724	-1.0
100.01496	1.0
100.19516	-1.0
100.31632	-1.0
100.32908	-1.0
100.3596	-1.0
100.65368	-1.0
100.68652	-1.0
100.78228	-1.0
100.86564	-1.0
100.90916	-1.0
100.9636	-1.0
104.60076	-1.0
104.61076	1.0
104.6134	1.0
104.63852	-1.0
104.65084	-1.0
104.67876	-1.0
104.69512	1.0
104.71144	-1.0
104.78292	-1.0
104.81132	-1.0
104.81388	-1.0
104.86612	-1.0
104.89932	-1.0
104.9172	-1.0
104.91996	-1.0
104.92276	-1.0
105.00136	-1.0
105.02656	1.0
105.04164	-1.0
105.12224	-1.0
105.14456	-1.0
105.15532	-1.0
105.19948	-1.0
105.21972	-1.0
105.2788	-1.0
105.32196	-1.0
105.439	-1.0
105.47064	-1.0
105.4734	-1.0
105.47672	-1.0
105.47976	-1.0
105.55408	-1.0
105.56332	-1.0
105.69188	1.0
105.70756	-1.0
105.93652	-1.0
105.95772	-1.0
106.01772	-1.0
106.06204	-1.0
109.72808	-1.0
109.74152	-1.0
109.74632	-1.0
109.79372	-1.0
109.83372	-1.0
109.83768	-1.0
109.85496	-1.0
109.87832	-1.0
109.95012	-1.0
109.9532	-1.0
110.0	-1.0
110.0058	-1.0
110.00832	-1.0
110.01208	1.0
110.01492	1.0
110.05468	-1.0
110.07068	-1.0
110.10048	-1.0
110.15936	-1.0
110.17088	-1.0
110.23184	-1.0
110.30924	-1.0
110.38148	-1.0
110.45504	-1.0
110.48352	-1.0
110.64612	-1.0
110.6762	-1.0
110.77436	-1.0
110.78332	-1.0
110.9166	-1.0
110.93124	-1.0
111.07252	-1.0
114.83028	-1.0
114.84528	-1.0
114.85264	-1.0
114.86172	1.0
114.8834	1.0
114.8876	-1.0
114.9236	-1.0
114.94708	1.0
114.99176	-1.0
115.06116	-1.0
115.1036	-1.0
115.10892	-1.0
115.2026	-1.0
115.20584	-1.0
115.24956	-1.0
115.42324	-1.0
115.44804	1.0
115.45272	-1.0
115.47332	-1.0
115.52544	1.0
115.74932	-1.0
115.78912	-1.0
115.83608	-1.0
115.9334	-1.0
115.98036	-1.0
116.37756	-1.0
119.75212	1.0
119.75464	1.0
119.77128	-1.0
119.78332	1.0
119.78796	-1.0
119.79608	-1.0
119.82496	-1.0
119.82876	-1.0
119.8466	1.0
119.86744	-1.0
119.89712	-1.0
119.96896	-1.0
119.97516	-1.0
119.9794	-1.0
120.00556	1.0
120.00916	-1.0
120.07644	-1.0
120.12532	-1.0
120.17308	-1.0
120.25592	1.0
120.29228	-1.0
120.32348	-1.0
120.36536	-1.0
120.39024	-1.0
120.41016	-1.0
120.41288	-1.0
120.43664	-1.0
120.46792	-1.0
120.56336	-1.0
120.6714	-1.0
120.81968	-1.0
120.84972	-1.0
120.95312	-1.0
121.043	-1.0
121.10184	-1.0
121.1548	-1.0
124.87352	-1.0
124.87664	-1.0
124.88904	-1.0
124.92552	-1.0
124.94232	1.0
124.94992	-1.0
124.97596	-1.0
124.97876	1.0
124.9884	-1.0
124.99968	-1.0
125.0338	1.0
125.03828	-1.0
125.06812	-1.0
125.16552	-1.0
125.16968	-1.0
125.192	-1.0
125.2112	-1.0
125.25384	-1.0
125.26412	1.0
125.27948	-1.0
125.29196	-1.0
125.3194	-1.0
125.39224	-1.0
125.4304	-1.0
125.46156	-1.0
125.5478	1.0
125.55096	-1.0
125.5546	-1.0
125.62744	-1.0
125.67076	-1.0
125.67728	-1.0
125.711	-1.0
125.95276	-1.0
125.99404	-1.0
126.00016	1.0
126.05448	-1.0
126.08332	-1.0
126.10416	-1.0
126.12236	-1.0
126.33352	-1.0
126.3786	-1.0
126.48504	-1.0
130.60432	1.0
130.61385	1.0
130.61925	-1.0
130.62611	-1.0
130.63908	-1.0
130.68256	-1.0
130.68564	-1.0
130.6966	-1.0
130.7224	-1.0
130.73572	-1.0
130.7774	-1.0
130.78116	1.0
130.78372	1.0
130.81808	-1.0
130.85564	-1.0
130.88072	-1.0
130.8962	-1.0
130.90771	-1.0
130.94852	-1.0
131.14764	-1.0
131.16132	-1.0
131.23608	-1.0
131.36945	-1.0
131.49228	-1.0
131.6262	-1.0
131.67313	-1.0
131.68507	1.0
131.7666	-1.0
131.86691	-1.0
131.90051	-1.0
132.18108	-1.0
132.25111	-1.0
136.49484	1.0
136.50668	-1.0
136.51744	-1.0
136.51996	-1.0
136.5388	-1.0
136.54845	1.0
136.5608	-1.0
136.56352	-1.0
136.57504	-1.0
136.59103	1.0
136.59988	-1.0
136.626	-1.0
136.63492	-1.0
136.7598	1.0
136.78036	-1.0
136.82468	-1.0
136.88756	-1.0
136.91573	-1.0
136.94328	-1.0
136.96376	-1.0
137.01431	-1.0
137.01796	-1.0
137.069	-1.0
137.1098	-1.0
137.12096	1.0
137.12347	1.0
137.20068	-1.0
137.2258	-1.0
137.36584	-1.0
137.36864	-1.0
137.432	-1.0
137.43571	1.0
137.48872	1.0
137.52168	-1.0
137.58884	-1.0
137.59564	-1.0
137.64148	-1.0
137.64745	-1.0
137.65088	-1.0
137.69936	-1.0
137.71532	-1.0
137.7938	-1.0
137.885	1.0
138.03136	-1.0
142.454	1.0
142.4628	-1.0
142.48796	-1.0
142.4956	-1.0
142.52776	1.0
142.53044	1.0
142.5682	-1.0
142.57524	-1.0
142.59976	-1.0
142.61304	-1.0
142.6412	-1.0
142.7062	1.0
142.714	-1.0
142.7194	-1.0
142.75192	1.0
142.77252	-1.0
142.81	-1.0
142.84663	-1.0
142.87949	-1.0
142.88808	-1.0
142.91447	-1.0
142.9492	-1.0
142.9836	-1.0
143.0914	1.0
143.27716	1.0
143.28024	-1.0
143.34071	-1.0
143.37476	-1.0
143.41432	-1.0
143.5304	-1.0
143.5384	-1.0
143.54176	-1.0
143.62209	-1.0
143.65611	-1.0
143.75876	-1.0
143.93036	-1.0
148.6892	-1.0
148.69289	1.0
148.706	-1.0
148.7098	-1.0
148.72096	-1.0
148.73448	-1.0
148.73888	1.0
148.75076	-1.0
148.76488	-1.0
148.78276	-1.0
148.79031	-1.0
148.80212	-1.0
148.80536	-1.0
148.82748	-1.0
148.83028	-1.0
148.8342	-1.0
148.85571	-1.0
148.91827	-1.0
148.9216	-1.0
149.03757	-1.0
149.09177	1.0
149.09636	-1.0
149.14604	-1.0
149.15736	-1.0
149.21529	-1.0
149.23051	-1.0
149.27232	-1.0
149.36797	-1.0
149.40096	-1.0
149.43068	-1.0
149.63297	-1.0
149.9566	1.0
149.96768	-1.0
150.02943	-1.0
150.0604	1.0
150.37897	-1.0
153.749	-1.0
153.77753	-1.0
153.78528	1.0
153.79736	-1.0
153.80016	-1.0
153.80331	-1.0
153.8178	1.0
153.85645	1.0
153.86604	-1.0
153.8728	-1.0
153.87643	-1.0
153.879	-1.0
153.90256	-1.0
153.94864	-1.0
153.95271	1.0
153.974	-1.0
154.00568	-1.0
154.07668	-1.0
154.09048	-1.0
154.09436	-1.0
154.0998	1.0
154.1146	-1.0
154.12184	-1.0
154.14444	-1.0
154.23865	-1.0
154.29648	1.0
154.299	1.0
154.35455	-1.0
154.45905	-1.0
154.46336	-1.0
154.57988	-1.0
154.60889	-1.0
154.75288	-1.0
154.76416	-1.0
154.79912	-1.0
154.86632	-1.0
154.86935	-1.0
154.9088	-1.0
154.94328	-1.0
155.21524	-1.0
159.98308	-1.0
159.98747	-1.0
159.99248	-1.0
159.99568	1.0
160.01125	1.0
160.01736	1.0
160.04327	-1.0
160.05428	-1.0
160.1094	-1.0
160.12772	-1.0
160.17873	-1.0
160.18208	-1.0
160.19876	1.0
160.233	-1.0
160.24593	-1.0
160.27097	-1.0
160.30556	-1.0
160.31084	-1.0
160.35127	-1.0
160.3546	-1.0
160.37244	-1.0
160.41568	-1.0
160.55652	-1.0
160.56029	-1.0
160.5636	-1.0
160.6932	1.0
160.76495	1.0
160.76791	-1.0
160.86304	-1.0
160.88	1.0
160.88309	-1.0
161.13144	-1.0
161.1362	-1.0
161.17091	-1.0
166.2584	1.0
166.26576	-1.0
166.27432	-1.0
166.28252	1.0
166.29083	-1.0
166.30644	-1.0
166.31335	-1.0
166.33212	-1.0
166.35432	1.0
166.39745	-1.0
166.4166	-1.0
166.44373	-1.0
166.45	-1.0
166.49832	-1.0
166.52328	-1.0
166.53088	-1.0
166.56071	-1.0
166.5808	-1.0
166.62189	1.0
166.6246	1.0
166.6466	-1.0
166.69536	-1.0
166.69975	-1.0
166.804	-1.0
166.82268	-1.0
166.8324	-1.0
166.94289	-1.0
166.97136	-1.0
167.00424	-1.0
167.04465	1.0
167.05376	-1.0
167.10368	-1.0
167.12004	-1.0
167.38396	-1.0
167.39047	-1.0
167.47713	-1.0
167.56224	-1.0
167.57404	-1.0
167.69708	-1.0
167.71492	-1.0
168.00195	-1.0
172.90488	-1.0
172.91164	-1.0
172.91637	-1.0
172.9204	-1.0
172.93793	-1.0
172.9548	-1.0
172.96848	-1.0
173.0466	-1.0
173.05563	-1.0
173.0666	-1.0
173.114	-1.0
173.14508	1.0
173.17468	-1.0
173.17848	-1.0
173.24477	-1.0
173.30344	-1.0
173.36284	-1.0
173.366	-1.0
173.39044	-1.0
173.52827	-1.0
173.605	1.0
173.68376	-1.0
173.68964	-1.0
173.71529	-1.0
173.77324	-1.0
173.80183	-1.0
173.86116	-1.0
173.87389	-1.0
173.94188	-1.0
174.00365	-1.0
174.04868	-1.0
174.08852	-1.0
174.22548	1.0
174.26855	-1.0
179.04897	1.0
179.0522	-1.0
179.05563	-1.0
179.06133	-1.0
179.07436	-1.0
179.12056	1.0
179.126	-1.0
179.1304	-1.0
179.14207	-1.0
179.16704	1.0
179.17052	-1.0
179.18852	-1.0
179.19492	-1.0
179.2318	-1.0
179.27596	-1.0
179.28148	-1.0
179.31796	1.0
179.32307	-1.0
179.344	-1.0
179.38	-1.0
179.41965	-1.0
179.42355	-1.0
179.49408	-1.0
179.50784	-1.0
179.5562	-1.0
179.55908	-1.0
179.59064	-1.0
179.64047	-1.0
179.6892	-1.0
179.69437	-1.0
179.82149	-1.0
179.8972	1.0
179.94344	-1.0
179.96036	1.0
179.969	-1.0
180.02112	-1.0
180.02744	-1.0
180.0354	-1.0
180.31444	-1.0
180.41544	-1.0
180.41869	-1.0
184.83768	-1.0
184.8544	-1.0
184.86365	1.0
184.86987	1.0
184.90588	1.0
184.91196	-1.0
184.92532	-1.0
184.9838	-1.0
185.00703	-1.0
185.07576	1.0
185.07912	-1.0
185.10085	-1.0
185.12244	-1.0
185.12784	-1.0
185.17303	-1.0
185.17728	-1.0
185.207	1.0
185.22252	-1.0
185.2488	-1.0
185.28056	-1.0
185.40912	-1.0
185.4136	-1.0
185.43524	-1.0
185.47585	-1.0
185.54796	-1.0
185.64291	-1.0
185.6978	1.0
185.71284	-1.0
185.77148	-1.0
185.7976	-1.0
185.87192	-1.0
185.8758	-1.0
185.90984	-1.0
186.00264	-1.0
186.09224	-1.0
186.49484	-1.0
190.22136	-1.0
190.235	-1.0
190.25412	-1.0
190.25684	-1.0
190.26273	1.0
190.28197	-1.0
190.31396	-1.0
190.36124	1.0
190.36392	1.0
190.38884	-1.0
190.41956	-1.0
190.43568	-1.0
190.45135	-1.0
190.4756	-1.0
190.49844	-1.0
190.5372	-1.0
190.55832	-1.0
190.58672	-1.0
190.59808	1.0
190.6018	-1.0
190.61723	-1.0
190.654	-1.0
190.72336	-1.0
190.73335	-1.0
190.74544	-1.0
190.77008	-1.0
190.7976	-1.0
190.84732	-1.0
190.85023	-1.0
190.86392	-1.0
190.88776	-1.0
190.91965	1.0
191.01004	-1.0
191.04453	-1.0
191.12073	-1.0
191.13872	-1.0
191.17377	-1.0
191.2284	-1.0
191.27956	-1.0
191.2828	-1.0
191.34668	-1.0
191.39716	-1.0
191.43613	-1.0
191.54192	-1.0
191.59409	-1.0
196.05476	-1.0
196.05788	-1.0
196.06476	-1.0
196.06728	-1.0
196.07556	1.0
196.08636	-1.0
196.10284	1.0
196.1206	-1.0
196.13264	-1.0
196.13625	-1.0
196.15764	1.0
196.18404	-1.0
196.18704	-1.0
196.20567	-1.0
196.2328	-1.0
196.27576	-1.0
196.29596	-1.0
196.29892	-1.0
196.3074	-1.0
196.32056	-1.0
196.36684	-1.0
196.44212	-1.0
196.48456	-1.0
196.52272	-1.0
196.56873	-1.0
196.59012	-1.0
196.61343	-1.0
196.6508	-1.0
196.67844	-1.0
196.7352	-1.0
196.80388	-1.0
196.8162	-1.0
196.92136	-1.0
196.93628	-1.0
196.97067	-1.0
197.05548	-1.0
197.26364	-1.0
201.95244	1.0
201.96732	-1.0
201.99252	-1.0
202.00264	-1.0
202.03288	-1.0
202.04929	-1.0
202.05324	-1.0
202.07413	-1.0
202.0902	-1.0
202.11967	-1.0
202.16092	-1.0
202.16588	-1.0
202.18776	-1.0
202.19044	-1.0
202.24252	-1.0
202.28027	-1.0
202.28513	-1.0
202.309	-1.0
202.31184	-1.0
202.3628	-1.0
202.3898	-1.0
202.42165	1.0
202.42416	1.0
202.46588	-1.0
202.50124	-1.0
202.54492	-1.0
202.57896	-1.0
202.59596	-1.0
202.6326	-1.0
202.65868	-1.0
202.66164	-1.0
202.76564	-1.0
202.92429	-1.0
203.02628	-1.0
203.04285	-1.0
203.09325	-1.0
203.31952	-1.0
207.84712	1.0
207.85487	1.0
207.87152	-1.0
207.8748	-1.0
207.89052	-1.0
207.92249	1.0
207.93352	-1.0
207.9648	-1.0
207.9978	-1.0
208.00089	-1.0
208.0284	-1.0
208.036	-1.0
208.06609	-1.0
208.09872	-1.0
208.10196	-1.0
208.13568	-1.0
208.13985	-1.0
208.16812	1.0
208.20589	-1.0
208.21771	-1.0
208.2556	1.0
208.25916	-1.0
208.29391	-1.0
208.32948	-1.0
208.40184	-1.0
208.40527	-1.0
208.43312	-1.0
208.437	-1.0
208.45512	-1.0
208.45908	-1.0
208.54596	-1.0
208.57408	-1.0
208.58868	-1.0
208.59344	-1.0
208.63112	-1.0
208.68724	-1.0
208.7046	-1.0
208.83356	-1.0
208.95091	-1.0
209.01431	-1.0
209.01727	-1.0
209.03964	-1.0
209.18636	-1.0
209.23048	-1.0
209.29828	-1.0
213.70747	-1.0
213.72252	-1.0
213.7262	-1.0
213.7298	-1.0
213.78355	-1.0
213.78752	-1.0
213.79524	-1.0
213.84547	-1.0
213.84856	-1.0
213.87592	-1.0
213.91924	-1.0
213.94691	1.0
213.94943	1.0
213.95816	-1.0
213.99384	-1.0
214.00708	-1.0
214.06648	-1.0
214.10756	-1.0
214.13744	1.0
214.13995	-1.0
214.14644	-1.0
214.18132	-1.0
214.18384	-1.0
214.24736	-1.0
214.34148	-1.0
214.36424	1.0
214.36945	-1.0
214.37251	-1.0
214.42735	-1.0
214.50089	-1.0
214.54443	-1.0
214.56609	-1.0
214.6702	-1.0
214.67271	-1.0
214.74307	-1.0
214.80997	-1.0
214.82976	-1.0
214.90408	-1.0
215.04016	-1.0
219.31044	-1.0
219.31308	-1.0
219.317	1.0
219.32608	-1.0
219.33977	-1.0
219.34377	-1.0
219.34744	-1.0
219.37904	1.0
219.3882	-1.0
219.42184	-1.0
219.44257	1.0
219.44511	1.0
219.45004	-1.0
219.4904	-1.0
219.52432	-1.0
219.53276	-1.0
219.55309	-1.0
219.55711	-1.0
219.5696	1.0
219.64284	-1.0
219.65208	-1.0
219.77309	-1.0
219.78345	-1.0
219.85983	-1.0
219.89156	-1.0
219.9118	-1.0
219.91676	-1.0
219.98135	-1.0
220.1056	-1.0
220.10852	-1.0
220.13512	1.0
220.19109	-1.0
220.19447	-1.0
220.23636	-1.0
220.29608	-1.0
220.29984	-1.0
220.48268	-1.0
220.52844	-1.0
220.635	-1.0
225.27016	-1.0
225.27287	-1.0
225.28693	1.0
225.30264	-1.0
225.30516	-1.0
225.33124	-1.0
225.34596	-1.0
225.349	-1.0
225.36644	1.0
225.38832	-1.0
225.39244	-1.0
225.41943	-1.0
225.43877	-1.0
225.46857	-1.0
225.47116	-1.0
225.4864	-1.0
225.513	-1.0
225.58084	-1.0
225.60948	-1.0
225.61824	-1.0
225.6492	-1.0
225.65211	-1.0
225.655	-1.0
225.67284	-1.0
225.69955	-1.0
225.70412	-1.0
225.75996	1.0
225.81271	-1.0
225.82248	-1.0
225.85144	-1.0
225.89291	-1.0
225.90732	-1.0
225.92049	-1.0
225.93983	-1.0
225.982	-1.0
225.98483	-1.0
226.0754	-1.0
226.1774	-1.0
226.32872	-1.0
226.50693	-1.0
230.78873	-1.0
230.80928	-1.0
230.83224	-1.0
230.83772	-1.0
230.85213	-1.0
230.8888	1.0
230.91628	-1.0
230.9568	-1.0
230.96092	-1.0
230.9944	-1.0
231.01031	-1.0
231.0326	-1.0
231.05344	-1.0
231.0566	-1.0
231.08092	1.0
231.10152	1.0
231.12537	-1.0
231.12904	-1.0
231.18108	-1.0
231.20624	-1.0
231.23564	-1.0
231.24896	-1.0
231.29744	-1.0
231.3008	-1.0
231.35548	-1.0
231.36972	-1.0
231.38309	-1.0
231.44052	-1.0
231.50732	-1.0
231.56116	-1.0
231.6218	-1.0
231.626	-1.0
231.67012	-1.0
231.75592	-1.0
231.7602	-1.0
231.80128	-1.0
232.0002	-1.0
232.11217	-1.0
236.62064	-1.0
236.6464	-1.0
236.65076	-1.0
236.66664	-1.0
236.67076	-1.0
236.6898	-1.0
236.7116	-1.0
236.7182	-1.0
236.73569	-1.0
236.75784	-1.0
236.7828	1.0
236.78532	1.0
236.78804	-1.0
236.8346	-1.0
236.83868	-1.0
236.85413	1.0
236.92229	-1.0
236.92883	-1.0
236.94743	1.0
236.97052	-1.0
236.9848	-1.0
237.02596	-1.0
237.03304	-1.0
237.06644	-1.0
237.10896	-1.0
237.16528	-1.0
237.1946	-1.0
237.21684	1.0
237.227	-1.0
237.27328	-1.0
237.30316	-1.0
237.3216	-1.0
237.37192	-1.0
237.47484	-1.0
237.48856	-1.0
237.61069	-1.0
237.74857	-1.0
237.794	-1.0
237.96928	-1.0
238.08269	-1.0
242.1624	-1.0
242.17436	-1.0
242.17989	-1.0
242.1836	-1.0
242.19476	1.0
242.19753	1.0
242.20772	1.0
242.22652	1.0
242.23172	-1.0
242.25128	-1.0
242.26016	-1.0
242.27208	1.0
242.2912	-1.0
242.3012	-1.0
242.32344	-1.0
242.34036	-1.0
242.38223	-1.0
242.3864	-1.0
242.43872	-1.0
242.48325	-1.0
242.51236	-1.0
242.53323	-1.0
242.55728	-1.0
242.61015	-1.0
242.63985	-1.0
242.64651	-1.0
242.69228	-1.0
242.73668	-1.0
242.77008	-1.0
242.8024	-1.0
242.8892	-1.0
242.90144	-1.0
242.95448	-1.0
242.9876	-1.0
243.18388	-1.0
243.24297	-1.0
243.6456	-1.0
248.6418	1.0
248.64587	1.0
248.65865	1.0
248.66704	1.0
248.69336	1.0
248.69617	1.0
248.7082	-1.0
248.7262	-1.0
248.75089	-1.0
248.79588	-1.0
248.79865	-1.0
248.84436	1.0
248.90292	-1.0
248.92128	-1.0
249.02612	-1.0
249.05	-1.0
249.08945	-1.0
249.11436	-1.0
249.1418	-1.0
249.25237	-1.0
249.2554	-1.0
249.40697	-1.0
249.41344	-1.0
249.461	-1.0
249.59196	-1.0
249.82048	-1.0
249.89108	-1.0
249.91656	-1.0
249.9836	-1.0
255.01044	1.0
255.02008	-1.0
255.02316	-1.0
255.02948	-1.0
255.06712	-1.0
255.0826	-1.0
255.09315	-1.0
255.11	1.0
255.11324	-1.0
255.14192	1.0
255.14523	-1.0
255.162	-1.0
255.17152	-1.0
255.21024	-1.0
255.23367	-1.0
255.23764	-1.0
255.26253	-1.0
255.28207	-1.0
255.31512	-1.0
255.32396	-1.0
255.32909	-1.0
255.34831	-1.0
255.35844	-1.0
255.3724	-1.0
255.41016	-1.0
255.41476	-1.0
255.4984	-1.0
255.50397	-1.0
255.56264	-1.0
255.57516	-1.0
255.61444	-1.0
255.63872	-1.0
255.64664	-1.0
255.66252	-1.0
255.72716	-1.0
255.73116	-1.0
255.76236	-1.0
255.77065	-1.0
255.80289	-1.0
255.95776	-1.0
256.03467	-1.0
256.0381	-1.0
256.32532	-1.0
260.25732	-1.0
260.27237	-1.0
260.30225	-1.0
260.32935	-1.0
260.35867	-1.0
260.3634	-1.0
260.38907	-1.0
260.39285	-1.0
260.40933	-1.0
260.43695	-1.0
260.46143	-1.0
260.50525	-1.0
260.50967	-1.0
260.5522	-1.0
260.56485	-1.0
260.5946	-1.0
260.59937	-1.0
260.63596	-1.0
260.68265	-1.0
260.7057	-1.0
260.72617	-1.0
260.78476	-1.0
260.79373	-1.0
260.80984	-1.0
260.8544	-1.0
260.9194	-1.0
260.9543	-1.0
261.15604	1.0
261.2091	1.0
261.21487	-1.0
261.2496	-1.0
261.3788	-1.0
261.424	-1.0
261.49783	-1.0
265.7463	1.0
265.7658	-1.0
265.77252	-1.0
265.8051	-1.0
265.81244	-1.0
265.83035	-1.0
265.85468	-1.0
265.8585	-1.0
265.87903	-1.0
265.88205	-1.0
265.9467	-1.0
266.008	-1.0
266.0426	-1.0
266.08173	-1.0
266.0904	-1.0
266.1224	-1.0
266.15073	-1.0
266.19177	1.0
266.24377	-1.0
266.26645	-1.0
266.3127	-1.0
266.3599	-1.0
266.40045	-1.0
266.43542	-1.0
266.4574	-1.0
266.4846	-1.0
266.5111	-1.0
266.5839	-1.0
266.63937	-1.0
266.71716	-1.0
271.2838	-1.0
271.3043	-1.0
271.34964	-1.0
271.35217	-1.0
271.3817	-1.0
271.41873	-1.0
271.4446	-1.0
271.47528	-1.0
271.4892	-1.0
271.51385	-1.0
271.5709	-1.0
271.60916	-1.0
271.6675	-1.0
271.76947	-1.0
271.8034	-1.0
271.8095	-1.0
271.8459	-1.0
271.86105	-1.0
271.92267	-1.0
271.92844	-1.0
272.05917	-1.0
272.1106	1.0
272.15417	-1.0
272.287	-1.0
274.8698	1.0
274.89548	1.0
274.919	-1.0
274.9292	1.0
274.9495	-1.0
274.95584	-1.0
274.97464	-1.0
274.98175	-1.0
275.0183	-1.0
275.09732	-1.0
275.12753	-1.0
275.15765	-1.0
275.2104	-1.0
275.3105	-1.0
275.33603	-1.0
275.36307	-1.0
275.38004	1.0
275.4226	-1.0
275.4745	-1.0
275.49036	-1.0
275.53528	1.0
275.62143	-1.0
275.66452	-1.0
275.73157	-1.0
275.7385	-1.0
275.77844	-1.0
275.85217	-1.0
281.37405	-1.0
281.38583	-1.0
281.39844	-1.0
281.41187	-1.0
281.4172	-1.0
281.42435	-1.0
281.42972	-1.0
281.43332	-1.0
281.45844	-1.0
281.46393	-1.0
281.46793	-1.0
281.5142	1.0
281.52292	-1.0
281.55716	1.0
281.56036	-1.0
281.62305	-1.0
281.65295	-1.0
281.7129	-1.0
281.80493	-1.0
281.9488	-1.0
281.9598	-1.0
281.96268	-1.0
282.02884	-1.0
282.03635	-1.0
282.0823	-1.0
282.1658	-1.0
282.20197	-1.0
282.3146	-1.0
282.36356	-1.0
282.44485	-1.0
282.46307	-1.0
282.4803	-1.0
286.43857	-1.0
286.45416	-1.0
286.4822	1.0
286.51135	-1.0
286.52145	-1.0
286.5364	-1.0
286.56604	-1.0
286.56992	-1.0
286.5959	-1.0
286.59995	-1.0
286.62256	1.0
286.6254	-1.0
286.683	-1.0
286.68945	-1.0
286.72137	-1.0
286.77997	-1.0
286.7864	-1.0
286.79044	-1.0
286.85672	-1.0
286.87524	-1.0
286.89243	-1.0
286.91745	-1.0
286.95612	-1.0
286.96484	-1.0
286.96927	-1.0
286.9934	-1.0
287.03528	-1.0
287.0502	-1.0
287.11652	-1.0
287.26266	-1.0
287.3257	-1.0
287.35205	-1.0
287.38	-1.0
287.461	-1.0
287.493	-1.0
289.99887	-1.0
290.0233	1.0
290.0521	1.0
290.05905	-1.0
290.07608	-1.0
290.10007	-1.0
290.1075	-1.0
290.139	-1.0
290.14163	-1.0
290.1454	-1.0
290.1823	-1.0
290.1884	-1.0
290.23688	-1.0
290.24026	-1.0
290.2679	-1.0
290.28607	-1.0
290.30856	1.0
290.36972	-1.0
290.3773	-1.0
290.46112	-1.0
290.47906	1.0
290.5006	-1.0
290.55823	-1.0
290.6174	-1.0
290.69095	-1.0
290.72537	-1.0
290.75333	-1.0
290.7913	-1.0
290.8016	-1.0
290.97772	-1.0
291.1334	-1.0
291.15335	-1.0
291.17157	-1.0
295.49155	-1.0
295.5245	-1.0
295.52783	-1.0
295.5411	1.0
295.55264	-1.0
295.5756	-1.0
295.6115	1.0
295.62173	-1.0
295.6439	-1.0
295.6791	-1.0
295.70435	-1.0
295.72763	-1.0
295.79828	-1.0
295.87164	-1.0
295.8962	-1.0
295.89987	-1.0
296.0117	-1.0
296.04367	-1.0
296.05875	-1.0
296.16772	1.0
296.1714	-1.0
296.22375	-1.0
296.2674	-1.0
296.3348	-1.0
296.37387	1.0
296.4354	-1.0
296.43823	-1.0
300.43805	1.0
300.45044	-1.0
300.45395	-1.0
300.46252	-1.0
300.4871	-1.0
300.50284	-1.0
300.50677	-1.0
300.54617	-1.0
300.567	-1.0
300.58673	-1.0
300.64236	-1.0
300.66684	-1.0
300.7064	-1.0
300.71237	-1.0
300.7786	-1.0
300.83252	-1.0
300.96332	-1.0
301.03873	-1.0
301.06888	-1.0
301.0833	-1.0
301.33685	-1.0
305.45532	-1.0
305.5359	-1.0
305.5476	1.0
305.5503	1.0
305.5875	-1.0
305.59387	-1.0
305.6036	-1.0
305.62476	-1.0
305.63165	-1.0
305.63568	-1.0
305.64804	-1.0
305.67883	-1.0
305.70743	-1.0
305.70996	-1.0
305.75827	-1.0
305.7957	-1.0
305.8305	-1.0
305.84763	-1.0
305.88068	-1.0
305.92572	1.0
305.93277	-1.0
305.94968	-1.0
306.0356	-1.0
306.0703	-1.0
306.07336	-1.0
306.1656	-1.0
306.21	-1.0
306.2875	-1.0
306.2972	-1.0
306.3499	-1.0
306.57352	-1.0
306.658	-1.0
310.28473	-1.0
310.2882	-1.0
310.3119	1.0
310.33856	1.0
310.3527	-1.0
310.36835	-1.0
310.37305	-1.0
310.39777	1.0
310.40027	1.0
310.43317	-1.0
310.49335	-1.0
310.50027	-1.0
310.56705	-1.0
310.591	-1.0
310.60477	-1.0
310.7711	-1.0
310.88013	-1.0
310.95624	-1.0
311.0523	-1.0
311.12164	-1.0
315.9189	-1.0
315.9553	-1.0
315.96323	-1.0
315.9871	1.0
315.9943	-1.0
316.0431	-1.0
316.08664	-1.0
316.11243	1.0
316.1151	1.0
316.13837	-1.0
316.14212	-1.0
316.1922	-1.0
316.2599	-1.0
316.30008	-1.0
316.34152	-1.0
316.4009	-1.0
316.40424	-1.0
316.4289	-1.0
316.461	-1.0
316.5799	-1.0
316.65015	-1.0
316.74643	-1.0
316.7617	-1.0
316.81458	-1.0
316.9592	1.0
320.9865	-1.0
320.99854	-1.0
321.02997	-1.0
321.0514	-1.0
321.0756	1.0
321.07828	1.0
321.1164	1.0
321.12143	-1.0
321.15387	-1.0
321.16583	1.0
321.23383	-1.0
321.27597	-1.0
321.2912	-1.0
321.35312	-1.0
321.3781	1.0
321.38095	-1.0
321.41943	-1.0
321.42575	1.0
321.4648	-1.0
321.46796	-1.0
321.47128	-1.0
321.534	-1.0
321.53665	-1.0
321.56107	-1.0
321.5862	-1.0
321.60645	1.0
321.63757	-1.0
321.77133	-1.0
321.81332	-1.0
321.94196	-1.0
321.94693	-1.0
322.028	-1.0
325.9413	1.0
325.96423	-1.0
325.9771	1.0
325.98056	-1.0
326.01077	1.0
326.01328	1.0
326.0254	-1.0
326.04327	-1.0
326.064	1.0
326.08737	-1.0
326.10825	-1.0
326.11304	-1.0
326.132	-1.0
326.16965	-1.0
326.2235	-1.0
326.23816	-1.0
326.26453	-1.0
326.30716	1.0
326.3097	1.0
326.31512	-1.0
326.36603	-1.0
326.45343	-1.0
326.49	-1.0
326.52347	-1.0
326.54697	-1.0
326.60187	-1.0
326.71136	-1.0
326.86005	-1.0
326.92017	-1.0
327.07657	-1.0
331.82578	-1.0
331.83176	-1.0
331.84793	1.0
331.85175	-1.0
331.87616	-1.0
331.87924	-1.0
331.94217	-1.0
331.95175	1.0
331.96817	-1.0
331.99084	1.0
331.99335	1.0
332.04532	-1.0
332.0994	-1.0
332.1102	-1.0
332.14743	-1.0
332.22147	-1.0
332.2542	-1.0
332.3845	-1.0
332.3892	-1.0
332.49783	-1.0
332.5088	-1.0
332.5512	-1.0
332.56216	-1.0
332.5689	-1.0
332.5722	-1.0
332.70203	-1.0
332.76544	-1.0
332.80835	-1.0
332.81567	-1.0
332.82172	-1.0
338.19092	1.0
338.2088	1.0
338.2201	-1.0
338.22827	-1.0
338.23703	-1.0
338.2477	-1.0
338.2647	1.0
338.29108	-1.0
338.32648	-1.0
338.35913	-1.0
338.37268	-1.0
338.37625	-1.0
338.38043	-1.0
338.4846	-1.0
338.54892	-1.0
338.5525	-1.0
338.59818	1.0
338.63403	-1.0
338.6526	-1.0
338.69937	-1.0
338.7072	-1.0
338.75565	-1.0
338.7755	-1.0
338.84647	-1.0
338.84955	-1.0
338.9279	-1.0
338.93124	-1.0
338.96936	1.0
338.976	-1.0
338.98676	-1.0
343.23764	1.0
343.26505	-1.0
343.2863	-1.0
343.30408	-1.0
343.3506	-1.0
343.37552	-1.0
343.37915	-1.0
343.38232	-1.0
343.41055	-1.0
343.4156	-1.0
343.4558	-1.0
343.47556	-1.0
343.52737	-1.0
343.58917	-1.0
343.6188	-1.0
343.6872	1.0
343.75854	-1.0
343.7894	-1.0
343.7961	-1.0
343.88647	-1.0
343.8982	-1.0
343.91925	-1.0
343.9721	-1.0
343.99493	-1.0
344.08417	-1.0
348.62607	-1.0
348.65244	-1.0
348.66107	-1.0
348.6708	-1.0
348.68375	-1.0
348.711	-1.0
348.75116	-1.0
348.75543	-1.0
348.83698	-1.0
348.84415	-1.0
348.8478	-1.0
348.85117	-1.0
348.90533	1.0
348.9481	1.0
349.0269	-1.0
349.06348	-1.0
349.1012	-1.0
349.11115	-1.0
349.11447	-1.0
349.16367	-1.0
349.1997	-1.0
349.28067	-1.0
349.33124	-1.0
349.36627	-1.0
349.4553	-1.0
349.5212	-1.0
353.60428	1.0
353.71292	-1.0
353.74637	1.0
353.78787	-1.0
353.8428	-1.0
353.8552	-1.0
353.8714	-1.0
353.89957	-1.0
354.04788	-1.0
354.0655	-1.0
354.08633	1.0
354.097	-1.0
354.10745	-1.0
354.1814	-1.0
354.2006	-1.0
354.2223	-1.0
354.3795	-1.0
354.40857	-1.0
354.43887	1.0
354.45483	-1.0
354.49875	-1.0
354.5505	-1.0
354.69495	-1.0
354.71524	-1.0
354.73404	-1.0
358.36316	1.0
358.3751	1.0
358.392	-1.0
358.48196	-1.0
358.49875	-1.0
358.55557	1.0
358.59976	1.0
358.60916	-1.0
358.68924	-1.0
358.74573	-1.0
358.7917	-1.0
358.79465	-1.0
358.85876	-1.0
358.94107	-1.0
358.9784	-1.0
358.981	-1.0
359.0444	-1.0
359.0518	-1.0
359.05975	-1.0
359.11905	-1.0
359.16763	-1.0
359.17383	-1.0
359.2217	-1.0
359.28235	-1.0
363.54865	-1.0
363.56384	1.0
363.57016	-1.0
363.59604	-1.0
363.64096	-1.0
363.65265	-1.0
363.6864	-1.0
363.72028	-1.0
363.726	-1.0
363.91324	1.0
363.93076	1.0
363.9337	-1.0
363.945	-1.0
363.9633	-1.0
363.9676	-1.0
363.99792	-1.0
364.04892	-1.0
364.05356	1.0
364.2964	-1.0
364.38367	-1.0
364.39883	-1.0
364.48224	-1.0
364.4908	-1.0
364.52924	-1.0
364.716	-1.0
368.46368	-1.0
368.46707	-1.0
368.47476	-1.0
368.51477	-1.0
368.5212	1.0
368.5579	-1.0
368.5727	-1.0
368.6455	-1.0
368.69736	-1.0
368.7242	-1.0
368.77637	-1.0
368.88248	-1.0
368.92276	-1.0
368.9684	-1.0
369.02	-1.0
369.02963	-1.0
369.12155	-1.0
369.152	-1.0
369.22955	-1.0
373.15485	1.0
373.18536	-1.0
373.21613	1.0
373.28745	-1.0
373.2936	-1.0
373.33484	-1.0
373.38895	-1.0
373.43176	-1.0
373.43768	1.0
373.45767	-1.0
373.467	-1.0
373.4781	-1.0
373.5268	-1.0
373.63452	-1.0
373.73816	-1.0
373.78915	-1.0
373.80383	-1.0
373.8983	-1.0
373.9536	-1.0
373.98193	-1.0
374.0472	-1.0
374.0506	-1.0
378.04776	-1.0
378.0642	-1.0
378.0832	-1.0
378.1043	1.0
378.12167	-1.0
378.1284	-1.0
378.14697	-1.0
378.1598	-1.0
378.19208	-1.0
378.20493	-1.0
378.4319	-1.0
378.54807	-1.0
378.5508	-1.0
378.5995	-1.0
378.62775	-1.0
378.6404	-1.0
378.6824	-1.0
378.80435	-1.0
383.03128	1.0
383.07016	-1.0
383.0857	-1.0
383.0924	1.0
383.10687	-1.0
383.12457	-1.0
383.13147	-1.0
383.1513	-1.0
383.15512	-1.0
383.17944	-1.0
383.18292	-1.0
383.1982	1.0
383.20456	-1.0
383.3091	-1.0
383.3654	1.0
383.37604	-1.0
383.40152	-1.0
383.41296	-1.0
383.65573	-1.0
383.81665	-1.0
383.9208	1.0
383.9586	-1.0
388.02795	-1.0
388.0546	1.0
388.06445	-1.0
388.09396	-1.0
388.10245	-1.0
388.1471	-1.0
388.1643	-1.0
388.18576	-1.0
388.1906	-1.0
388.22925	-1.0
388.34625	1.0
388.358	-1.0
388.40015	-1.0
388.417	-1.0
388.45624	-1.0
388.45944	-1.0
388.54483	-1.0
388.62192	1.0
388.9495	-1.0
389.01144	-1.0
392.77448	1.0
392.7909	-1.0
392.83868	-1.0
392.87204	-1.0
392.90576	-1.0
392.92984	-1.0
392.9739	-1.0
392.9869	-1.0
392.99405	-1.0
393.02664	-1.0
393.08725	-1.0
393.21976	-1.0
393.2578	-1.0
393.2682	-1.0
393.354	-1.0
393.5901	-1.0
393.8002	-1.0
397.29172	-1.0
397.29663	-1.0
397.3166	-1.0
397.33295	1.0
397.33957	-1.0
397.35733	1.0
397.3636	-1.0
397.39972	-1.0
397.44604	-1.0
397.45563	-1.0
397.4669	-1.0
397.50812	-1.0
397.54968	1.0
397.8781	-1.0
402.1541	-1.0
402.16412	-1.0
402.1682	-1.0
402.19388	-1.0
402.19647	-1.0
402.20132	-1.0
402.21332	-1.0
402.218	-1.0
402.24567	-1.0
402.26205	-1.0
402.3315	-1.0
402.3507	-1.0
402.36688	-1.0
402.39276	-1.0
402.4471	-1.0
402.566	-1.0
402.58664	-1.0
402.77383	-1.0
406.35977	-1.0
407.48584	-1.0
407.5034	-1.0
407.50607	1.0
407.5117	-1.0
407.51547	1.0
407.5355	-1.0
407.54468	-1.0
407.548	-1.0
407.59335	-1.0
407.72696	-1.0
407.75693	-1.0
407.795	-1.0
407.7986	-1.0
408.09995	-1.0
408.10657	-1.0
411.80276	-1.0
411.80765	-1.0
411.8195	-1.0
411.8477	-1.0
411.8521	-1.0
411.862	-1.0
411.89688	-1.0
411.93668	-1.0
412.0052	-1.0
412.0721	-1.0
412.64313	1.0
416.6421	-1.0
416.64944	1.0
416.66763	-1.0
416.6908	-1.0
416.70813	-1.0
416.74905	-1.0
416.77133	-1.0
416.77737	-1.0
416.92764	-1.0
416.96857	-1.0
417.01297	-1.0
417.14816	-1.0
417.26044	-1.0
417.33224	-1.0
417.43723	-1.0
421.2805	-1.0
421.3038	-1.0
421.32397	-1.0
421.3357	-1.0
421.3382	-1.0
421.35657	-1.0
421.4084	-1.0
421.42944	-1.0
421.44983	-1.0
421.5685	-1.0
421.63705	-1.0
421.6931	1.0
421.73856	-1.0
421.77112	-1.0
421.8747	1.0
421.96793	-1.0
425.67725	-1.0
425.7116	-1.0
425.71857	-1.0
425.7391	-1.0
425.77365	-1.0
425.77615	-1.0
425.8455	-1.0
425.85425	-1.0
425.8759	-1.0
425.8948	-1.0
425.90643	-1.0
425.94064	-1.0
425.9984	-1.0
426.04175	-1.0
426.10364	-1.0
426.20352	-1.0
426.26755	-1.0
429.65225	-1.0
429.66293	-1.0
429.67807	-1.0
429.6936	-1.0
429.71384	-1.0
429.73517	-1.0
429.7477	-1.0
429.779	-1.0
429.80804	-1.0
429.9048	-1.0
429.93445	-1.0
429.999	-1.0
430.05173	-1.0
433.6756	-1.0
433.69107	1.0
433.7084	-1.0
433.7235	1.0
433.74695	-1.0
433.76767	-1.0
433.8119	-1.0
433.88196	-1.0
433.90085	-1.0
433.94516	-1.0
434.04047	-1.0
434.0868	-1.0
437.50095	-1.0
437.5086	-1.0
437.52325	-1.0
437.52817	-1.0
437.5331	-1.0
437.53656	-1.0
437.54095	-1.0
437.55948	-1.0
437.5784	-1.0
437.6269	-1.0
437.65692	-1.0
437.72137	-1.0
437.74493	-1.0
437.76428	-1.0
437.8282	-1.0
437.83652	-1.0
437.92368	-1.0
442.4774	-1.0
442.49033	-1.0
442.50345	1.0
442.51392	-1.0
442.5381	-1.0
442.54236	-1.0
442.5523	-1.0
442.5775	-1.0
442.6234	-1.0
442.66052	-1.0
442.67496	-1.0
442.7048	-1.0
442.77853	-1.0
442.81552	-1.0
442.83975	-1.0
442.92087	-1.0
443.07104	-1.0
446.37143	-1.0
446.38208	-1.0
446.48007	-1.0
446.4961	-1.0
446.50525	-1.0
446.53824	-1.0
446.57083	-1.0
446.63593	-1.0
446.6385	-1.0
446.79803	-1.0
446.80875	-1.0
446.91095	-1.0
450.40857	-1.0
450.42096	-1.0
450.439	-1.0
450.481	-1.0
450.49707	-1.0
450.51965	-1.0
450.56436	-1.0
450.72137	-1.0
450.80933	-1.0
450.82895	-1.0
450.87323	-1.0
453.96375	1.0
453.978	-1.0
453.98224	-1.0
454.0005	-1.0
454.02325	1.0
454.03845	-1.0
454.0712	-1.0
454.0917	-1.0
454.2862	-1.0
457.47833	-1.0
457.50595	-1.0
457.50925	-1.0
457.54633	-1.0
457.57043	-1.0
457.61383	-1.0
457.64847	-1.0
457.65375	-1.0
457.75293	-1.0
457.94952	-1.0
460.7334	-1.0
460.7419	-1.0
460.7631	-1.0
460.783	-1.0
460.80228	-1.0
460.8218	-1.0
460.8452	-1.0
460.8678	-1.0
460.90436	-1.0
460.92697	-1.0
460.94565	-1.0
461.00693	-1.0
461.1116	-1.0
464.19327	-1.0
464.1962	-1.0
464.2055	-1.0
464.21613	-1.0
464.24353	-1.0
464.24728	-1.0
464.26147	-1.0
464.33005	-1.0
464.39697	-1.0
464.463	-1.0
464.4808	-1.0
464.51205	-1.0
464.51712	-1.0
464.57605	-1.0
467.68768	-1.0
467.70056	-1.0
467.7053	-1.0
467.71136	-1.0
467.71823	-1.0
467.7346	-1.0
467.75555	-1.0
467.77316	-1.0
467.8012	-1.0
467.833	-1.0
467.84927	-1.0
467.86365	-1.0
467.94705	-1.0
467.9645	-1.0
468.01944	-1.0
468.06732	-1.0
470.94293	-1.0
471.0021	-1.0
471.01483	-1.0
471.0694	-1.0
471.0722	1.0
471.14133	-1.0
471.17487	-1.0
471.23697	-1.0
471.3166	-1.0
471.32413	-1.0
473.9325	-1.0
473.93567	-1.0
473.94885	-1.0
473.95453	-1.0
473.97403	-1.0
473.982	-1.0
474.0948	-1.0
474.13232	-1.0
474.1526	-1.0
474.15628	-1.0
474.18936	-1.0
474.29315	-1.0
474.34433	-1.0
474.377	-1.0
476.9611	-1.0
476.9686	-1.0
476.9865	-1.0
477.00696	-1.0
477.0738	1.0
477.14545	-1.0
477.26117	-1.0
479.828	-1.0
479.83347	-1.0
479.8853	-1.0
479.9164	-1.0
479.9348	1.0
479.93823	-1.0
479.9592	-1.0
480.00348	-1.0
480.02405	-1.0
482.50888	-1.0
482.5157	1.0
482.5727	1.0
482.67633	-1.0
482.75153	-1.0
485.7455	-1.0
485.7642	-1.0
485.7697	-1.0
485.77924	-1.0
485.79517	-1.0
485.8095	-1.0
485.84732	-1.0
485.88544	-1.0
485.99887	-1.0
486.0631	-1.0
489.09103	1.0
489.11133	-1.0
489.11456	-1.0
489.12415	-1.0
489.12784	1.0
489.13376	-1.0
489.14755	-1.0
489.17145	-1.0
489.192	-1.0
489.23895	-1.0
489.2531	-1.0
489.25735	1.0
489.31183	-1.0
492.69632	-1.0
492.70865	-1.0
492.7235	-1.0
492.747	-1.0
492.75955	-1.0
492.77567	-1.0
492.81604	-1.0
492.85025	-1.0
492.8904	-1.0
492.91263	-1.0
492.9807	-1.0
493.12988	-1.0
495.45456	-1.0
495.47723	-1.0
495.49496	-1.0
495.5225	-1.0
495.55048	-1.0
495.63345	-1.0
495.63644	-1.0
495.6846	-1.0
498.5044	-1.0
498.54593	-1.0
498.54883	-1.0
498.57327	-1.0
498.587	-1.0
498.59152	-1.0
498.6062	-1.0
498.6551	-1.0
498.67255	-1.0
498.67673	-1.0
498.73764	-1.0
498.78183	-1.0
503.9338	-1.0
503.93887	-1.0
503.94547	-1.0
503.95364	-1.0
503.9638	-1.0
503.96844	-1.0
503.9824	1.0
503.99875	-1.0
504.00677	-1.0
504.02612	-1.0
504.10815	-1.0
504.1587	-1.0
504.17715	-1.0
504.18524	-1.0
504.2348	-1.0
504.25955	-1.0
504.28464	-1.0
504.3564	-1.0
504.41672	-1.0
506.9444	-1.0
506.94968	-1.0
506.99332	-1.0
507.00677	-1.0
507.017	-1.0
507.09888	-1.0
509.4046	-1.0
509.43228	-1.0
509.4462	-1.0
509.4533	-1.0
509.49008	-1.0
509.4926	1.0
509.5427	-1.0
509.5735	-1.0
512.64435	-1.0
512.6659	-1.0
512.6879	-1.0
512.7122	-1.0
512.89343	-1.0
512.97626	-1.0
515.35535	-1.0
515.36676	-1.0
515.3739	-1.0
515.41736	-1.0
515.43164	-1.0
515.43555	1.0
515.4855	-1.0
518.2387	-1.0
518.26825	-1.0
518.2837	-1.0
518.314	-1.0
518.3364	-1.0
518.3408	1.0
518.3811	-1.0
518.4212	-1.0
518.56177	-1.0
518.5725	-1.0
521.4267	-1.0
521.4298	-1.0
521.4721	-1.0
521.4893	-1.0
521.49194	-1.0
521.5092	-1.0
521.535	-1.0
521.69214	-1.0
524.16125	-1.0
524.1927	-1.0
524.20233	-1.0
524.2186	-1.0
524.26886	-1.0
524.30035	-1.0
524.35974	-1.0
526.7572	-1.0
526.7862	-1.0
526.806	-1.0
526.81085	-1.0
526.8497	-1.0
526.8523	-1.0
526.9071	-1.0
529.029	1.0
530.08734	-1.0
530.1037	-1.0
530.1415	-1.0
530.1611	-1.0
530.18317	-1.0
530.2569	-1.0
530.28107	-1.0
530.3424	-1.0
530.34595	-1.0
532.8855	-1.0
533.57635	-1.0
533.58386	-1.0
533.5956	-1.0
533.61584	1.0
533.62274	-1.0
533.6729	-1.0
533.6918	-1.0
533.7199	-1.0
536.01434	-1.0
536.0521	-1.0
536.27484	-1.0
536.28485	1.0
536.3117	-1.0
536.3244	-1.0
536.3283	-1.0
536.3582	-1.0
536.37085	-1.0
536.4039	-1.0
538.44586	-1.0
538.4621	-1.0
538.46515	-1.0
538.46954	-1.0
538.4856	-1.0
538.4973	-1.0
538.5012	-1.0
538.5295	-1.0
538.5568	-1.0
538.6263	-1.0
541.91693	-1.0
541.92664	-1.0
541.94824	-1.0
541.9514	-1.0
541.9779	-1.0
542.0046	-1.0
542.01605	1.0
547.03	-1.0
547.0365	1.0
547.0401	-1.0
547.05597	-1.0
547.06085	-1.0
547.1186	-1.0
547.1224	-1.0
547.186	-1.0
547.21466	-1.0
547.2635	-1.0
547.3309	-1.0
547.3495	-1.0
551.831	-1.0
551.8342	-1.0
551.84357	1.0
551.8587	-1.0
551.87946	-1.0
551.9117	-1.0
551.9559	-1.0
552.0312	-1.0
552.04626	-1.0
556.05725	1.0
556.0995	-1.0
556.1225	-1.0
559.78455	-1.0
559.80835	-1.0
559.811	-1.0
559.8459	-1.0
559.87476	-1.0
559.9008	-1.0
559.9199	-1.0
559.957	-1.0
562.83575	-1.0
562.88367	-1.0
562.8952	1.0
562.9159	-1.0
562.94226	-1.0
562.9469	-1.0
563.0111	-1.0
563.0413	-1.0
563.07623	-1.0
567.1442	-1.0
567.1647	-1.0
567.2481	-1.0
567.2992	-1.0
567.3694	-1.0
574.8387	1.0
574.85474	-1.0
574.8782	-1.0
574.9091	-1.0
574.92114	-1.0
574.9272	-1.0
574.931	-1.0
574.9338	-1.0
574.95447	-1.0
575.0663	-1.0
578.43646	1.0
578.51825	-1.0
578.5218	-1.0
578.55	1.0
578.5526	1.0
578.5863	-1.0
578.61255	-1.0
578.65094	-1.0
578.6867	-1.0
578.72546	-1.0
581.8302	1.0
581.88446	-1.0
581.93994	-1.0
581.9538	-1.0
581.95654	-1.0
581.96826	-1.0
582.0598	-1.0
582.07184	-1.0
582.1756	-1.0
586.79767	-1.0
586.8008	-1.0
586.81744	-1.0
586.8607	-1.0
586.8739	-1.0
586.9208	-1.0
587.01654	-1.0
587.46967	-1.0
587.4752	-1.0
593.1934	-1.0
593.21576	-1.0
593.2443	-1.0
593.25806	-1.0
593.27795	-1.0
593.2829	-1.0
593.30774	-1.0
593.33875	-1.0
593.36584	-1.0
596.9525	-1.0
597.1003	-1.0
597.1162	-1.0
597.1606	-1.0
597.1775	1.0
597.21	-1.0
597.2384	-1.0
597.2684	-1.0
597.3218	-1.0
597.36865	-1.0
597.3756	-1.0
597.3945	-1.0
597.4491	-1.0
