0.021	-1.0
0.03468	-1.0
0.03828	-1.0
0.06116	-1.0
0.09052	-1.0
0.0956	-1.0
0.1138	-1.0
0.1368	-1.0
0.15172	-1.0
0.15924	-1.0
0.19784	-1.0
0.204	-1.0
0.21112	-1.0
0.22432	1.0
0.25692	-1.0
0.26244	-1.0
0.27568	-1.0
0.28012	-1.0
0.32228	-1.0
0.33496	-1.0
0.33816	-1.0
0.36652	-1.0
0.40736	-1.0
0.4676	-1.0
0.4898	-1.0
0.53604	-1.0
0.54696	-1.0
0.59224	1.0
0.59652	-1.0
0.605	-1.0
0.61516	-1.0
0.65592	-1.0
0.65944	-1.0
0.67032	-1.0
0.68296	-1.0
0.70344	-1.0
0.7394	1.0
0.79312	-1.0
0.8236	-1.0
0.86696	-1.0
0.88196	-1.0
0.88648	-1.0
0.91616	-1.0
0.92192	-1.0
0.95064	-1.0
1.00748	1.0
1.02404	-1.0
1.03424	1.0
1.11704	-1.0
1.16916	-1.0
1.17168	-1.0
1.2698	-1.0
1.289	-1.0
1.30996	-1.0
1.32536	-1.0
1.36984	-1.0
1.3726	-1.0
1.37596	-1.0
1.38344	-1.0
1.39596	-1.0
1.413	-1.0
1.425	-1.0
1.4614	-1.0
1.47248	-1.0
1.49296	-1.0
1.63932	-1.0
1.66432	-1.0
5.35916	-1.0
5.36172	-1.0
5.36576	-1.0
5.37108	-1.0
5.38012	1.0
5.38328	-1.0
5.40032	-1.0
5.40612	-1.0
5.42372	-1.0
5.44564	-1.0
5.4642	-1.0
5.5048	-1.0
5.50788	-1.0
5.5308	-1.0
5.5402	-1.0
5.58696	-1.0
5.60436	-1.0
5.63124	-1.0
5.63784	-1.0
5.6522	-1.0
5.74552	-1.0
5.75064	-1.0
5.76228	-1.0
5.7752	1.0
5.82612	-1.0
5.8294	-1.0
5.89632	-1.0
5.90528	-1.0
5.9084	-1.0
5.94976	-1.0
5.95228	-1.0
5.98084	-1.0
5.98624	-1.0
6.022	-1.0
6.03028	-1.0
6.03304	-1.0
6.04972	-1.0
6.06076	-1.0
6.06384	-1.0
6.069	-1.0
6.0876	-1.0
6.1162	-1.0
6.15672	-1.0
6.16776	-1.0
6.1716	-1.0
6.1804	-1.0
6.21128	-1.0
6.22264	-1.0
6.25888	-1.0
6.284	-1.0
6.29256	1.0
6.30224	-1.0
6.30936	-1.0
6.33004	-1.0
6.34808	-1.0
6.3898	-1.0
6.4122	-1.0
6.43032	-1.0
6.44852	-1.0
6.46572	-1.0
6.47756	-1.0
6.4848	-1.0
6.53544	-1.0
6.56092	-1.0
6.62228	-1.0
6.63416	-1.0
6.66132	-1.0
6.66788	-1.0
6.69304	-1.0
6.73184	-1.0
6.81892	-1.0
6.8566	1.0
6.87876	-1.0
6.91112	-1.0
6.93852	-1.0
6.95564	-1.0
6.98784	-1.0
6.99088	-1.0
6.99912	-1.0
7.09116	-1.0
7.1022	1.0
7.13048	-1.0
7.14568	-1.0
7.14908	-1.0
8.94928	1.0
8.9518	1.0
8.96256	-1.0
8.97404	-1.0
8.98404	-1.0
8.9962	-1.0
9.00792	-1.0
9.01796	-1.0
9.02084	-1.0
9.07484	-1.0
9.09228	-1.0
9.0948	-1.0
9.10692	-1.0
9.1606	-1.0
9.17472	-1.0
9.199	-1.0
9.21836	-1.0
9.23104	-1.0
9.2504	-1.0
9.28892	-1.0
9.2956	-1.0
9.31592	1.0
9.31944	-1.0
9.35036	-1.0
9.35392	-1.0
9.36488	-1.0
9.38908	-1.0
9.408	-1.0
9.41228	-1.0
9.42544	-1.0
9.46388	-1.0
9.4704	-1.0
9.52052	-1.0
9.52668	-1.0
9.55296	-1.0
9.57364	-1.0
9.5908	-1.0
9.60672	-1.0
9.6192	-1.0
9.65688	-1.0
9.67796	-1.0
9.70792	-1.0
9.71592	-1.0
9.74732	-1.0
9.7802	-1.0
9.78736	-1.0
9.78988	-1.0
9.80276	-1.0
9.8168	-1.0
9.8298	-1.0
9.83772	-1.0
9.85696	-1.0
9.86892	-1.0
9.87772	-1.0
9.90432	-1.0
9.94196	-1.0
9.96384	-1.0
9.98396	-1.0
9.988	-1.0
10.00164	-1.0
10.0208	-1.0
10.0686	-1.0
10.07184	-1.0
10.076	-1.0
10.09012	-1.0
10.14932	-1.0
10.1526	-1.0
10.18732	-1.0
10.22372	1.0
10.23956	1.0
10.28904	-1.0
10.29868	-1.0
10.326	-1.0
10.33264	-1.0
10.36352	1.0
10.36752	-1.0
10.42344	-1.0
10.54456	-1.0
10.72948	-1.0
10.73744	-1.0
10.77988	1.0
10.80044	1.0
10.8044	-1.0
10.81896	-1.0
10.83756	-1.0
10.84756	-1.0
10.87076	-1.0
10.8974	-1.0
10.92804	-1.0
10.9514	-1.0
10.95464	-1.0
11.01284	-1.0
11.01588	-1.0
11.0302	-1.0
11.03304	-1.0
11.05268	-1.0
11.0808	-1.0
11.0926	-1.0
11.12344	-1.0
11.14612	-1.0
11.15452	-1.0
11.19408	-1.0
11.21028	-1.0
11.24116	-1.0
11.25456	-1.0
11.31956	-1.0
11.32724	-1.0
11.51256	-1.0
11.52036	-1.0
11.65628	-1.0
11.6604	-1.0
11.66752	-1.0
11.68312	-1.0
11.69732	1.0
11.70244	-1.0
11.71768	-1.0
11.72196	-1.0
11.72892	-1.0
11.753	1.0
11.75628	-1.0
11.77356	-1.0
11.78372	-1.0
11.80104	-1.0
11.83012	-1.0
11.87308	-1.0
11.89032	-1.0
11.9156	-1.0
11.9246	-1.0
11.96404	-1.0
11.96724	-1.0
11.97792	-1.0
11.98608	-1.0
11.99952	-1.0
12.01428	-1.0
12.02332	-1.0
12.04848	-1.0
12.0628	-1.0
12.07964	-1.0
12.11584	-1.0
12.12948	-1.0
12.13548	-1.0
12.14196	-1.0
12.15548	-1.0
12.20024	-1.0
12.21796	-1.0
12.29612	-1.0
12.31732	-1.0
12.32924	-1.0
12.36084	-1.0
12.37088	-1.0
12.42696	-1.0
12.44184	1.0
12.50468	-1.0
12.51492	-1.0
12.54732	-1.0
12.57468	-1.0
12.61888	-1.0
12.66036	-1.0
12.67308	1.0
12.70824	1.0
12.73108	-1.0
12.80712	-1.0
12.85176	-1.0
12.8586	-1.0
14.86716	-1.0
14.88088	-1.0
14.88404	-1.0
14.90872	1.0
14.92552	-1.0
14.93128	-1.0
14.9474	-1.0
14.96568	-1.0
14.9686	-1.0
14.99548	-1.0
15.03684	-1.0
15.05696	-1.0
15.0792	-1.0
15.10696	-1.0
15.11896	-1.0
15.12192	-1.0
15.16416	-1.0
15.17664	-1.0
15.18472	-1.0
15.20384	-1.0
15.248	-1.0
15.25116	-1.0
15.2628	-1.0
15.286	-1.0
15.28908	-1.0
15.30408	-1.0
15.3076	-1.0
15.3412	-1.0
15.34452	-1.0
15.37936	-1.0
15.3914	-1.0
15.41232	-1.0
15.415	-1.0
15.43704	-1.0
15.49692	-1.0
15.50036	-1.0
15.51868	-1.0
15.52132	-1.0
15.5254	-1.0
15.54564	-1.0
15.57248	-1.0
15.57576	-1.0
15.62196	-1.0
15.6262	-1.0
15.636	-1.0
15.66728	-1.0
15.68912	-1.0
15.6976	-1.0
15.71476	-1.0
15.7342	-1.0
15.7464	-1.0
15.759	-1.0
15.7716	-1.0
15.78864	-1.0
15.8132	-1.0
15.94228	-1.0
15.96044	-1.0
16.00012	-1.0
16.05336	-1.0
16.07928	-1.0
16.08244	-1.0
16.0858	-1.0
16.11296	-1.0
16.13768	-1.0
16.1574	-1.0
16.19124	-1.0
16.19576	-1.0
16.26084	-1.0
16.28832	-1.0
16.29152	-1.0
16.35224	1.0
16.4054	-1.0
16.40844	-1.0
16.42348	-1.0
16.42684	-1.0
16.43956	-1.0
16.45624	-1.0
16.46604	-1.0
16.49544	-1.0
16.55148	-1.0
16.56024	-1.0
16.59624	-1.0
16.61512	-1.0
16.6302	1.0
16.65072	-1.0
16.694	-1.0
16.7442	-1.0
16.74732	-1.0
16.7916	-1.0
16.8358	-1.0
19.35084	-1.0
19.35596	-1.0
19.36188	-1.0
19.36512	-1.0
19.36788	-1.0
19.37428	-1.0
19.38124	-1.0
19.39452	-1.0
19.4078	-1.0
19.44384	-1.0
19.4476	-1.0
19.45328	-1.0
19.47276	-1.0
19.4936	-1.0
19.51148	-1.0
19.5422	-1.0
19.54992	-1.0
19.55384	-1.0
19.55764	-1.0
19.584	-1.0
19.60528	-1.0
19.63896	-1.0
19.68824	-1.0
19.70076	-1.0
19.70336	-1.0
19.72168	1.0
19.74492	-1.0
19.789	1.0
19.80664	-1.0
19.84812	-1.0
19.86644	-1.0
19.8698	-1.0
19.89592	-1.0
19.907	1.0
19.9096	1.0
19.93408	-1.0
19.975	-1.0
19.99404	-1.0
20.02604	-1.0
20.05708	-1.0
20.06768	-1.0
20.08668	1.0
20.10388	-1.0
20.11164	-1.0
20.12684	-1.0
20.14484	-1.0
20.14992	-1.0
20.1678	-1.0
20.17152	-1.0
20.22056	1.0
20.23816	-1.0
20.26632	-1.0
20.2704	-1.0
20.31192	-1.0
20.33988	-1.0
20.36832	-1.0
20.40148	-1.0
20.44224	-1.0
20.46356	-1.0
20.46668	-1.0
20.5384	-1.0
20.56564	-1.0
20.59148	1.0
20.62324	-1.0
20.65176	-1.0
20.67224	-1.0
20.67552	-1.0
20.71252	-1.0
20.7176	-1.0
20.76792	-1.0
20.7764	-1.0
20.83952	-1.0
20.85156	-1.0
20.89064	-1.0
20.9068	-1.0
20.97904	-1.0
20.98452	-1.0
21.0202	-1.0
21.05724	-1.0
21.09748	-1.0
24.79448	-1.0
24.81016	-1.0
24.81428	-1.0
24.81924	-1.0
24.82184	-1.0
24.82464	-1.0
24.83544	-1.0
24.84508	1.0
24.8568	-1.0
24.86512	-1.0
24.87052	-1.0
24.88144	-1.0
24.88416	-1.0
24.89904	-1.0
24.95396	-1.0
24.97928	-1.0
25.0126	-1.0
25.02964	-1.0
25.05248	-1.0
25.06504	-1.0
25.08228	-1.0
25.09108	-1.0
25.09728	-1.0
25.10924	-1.0
25.14104	-1.0
25.1534	-1.0
25.18356	-1.0
25.21036	-1.0
25.22972	-1.0
25.258	-1.0
25.284	-1.0
25.32784	-1.0
25.33884	-1.0
25.34392	-1.0
25.35892	-1.0
25.37688	-1.0
25.39656	-1.0
25.41368	-1.0
25.44284	-1.0
25.45256	-1.0
25.50348	-1.0
25.50684	-1.0
25.54004	1.0
25.56624	-1.0
25.56964	-1.0
25.60152	-1.0
25.634	-1.0
25.64564	-1.0
25.6546	-1.0
25.66428	-1.0
25.67204	-1.0
25.69184	-1.0
25.71624	-1.0
25.71992	-1.0
25.757	-1.0
25.77876	-1.0
25.78668	-1.0
25.81528	-1.0
25.84384	-1.0
25.84992	-1.0
25.8618	-1.0
25.89528	-1.0
25.90472	-1.0
25.93156	-1.0
25.9414	-1.0
25.9722	-1.0
25.97548	-1.0
26.0394	-1.0
26.04372	-1.0
26.05048	1.0
26.07788	-1.0
26.09136	-1.0
26.11452	-1.0
26.14792	-1.0
26.16168	1.0
26.16424	1.0
26.19984	-1.0
26.24464	-1.0
26.30036	1.0
26.30296	1.0
26.38816	-1.0
26.43816	-1.0
26.45216	-1.0
26.52052	-1.0
26.56052	-1.0
29.7978	-1.0
29.8048	1.0
29.81364	-1.0
29.81768	-1.0
29.82872	-1.0
29.832	-1.0
29.84208	1.0
29.84492	1.0
29.85996	-1.0
29.88112	-1.0
29.89676	-1.0
29.89964	-1.0
29.9162	1.0
29.93208	-1.0
29.97936	-1.0
29.99084	-1.0
30.02348	-1.0
30.06456	-1.0
30.07272	-1.0
30.11108	-1.0
30.11964	1.0
30.14568	-1.0
30.14944	-1.0
30.16796	-1.0
30.18028	1.0
30.18364	-1.0
30.19064	-1.0
30.19984	-1.0
30.23516	-1.0
30.24068	-1.0
30.25696	-1.0
30.26668	-1.0
30.29432	-1.0
30.30424	-1.0
30.33772	-1.0
30.36364	-1.0
30.3956	-1.0
30.39948	-1.0
30.4284	-1.0
30.44136	-1.0
30.45756	-1.0
30.46792	-1.0
30.47948	-1.0
30.49868	-1.0
30.51512	1.0
30.56372	1.0
30.56624	1.0
30.57684	-1.0
30.58532	-1.0
30.59844	-1.0
30.64592	-1.0
30.6626	-1.0
30.68424	-1.0
30.70096	-1.0
30.73108	-1.0
30.74356	-1.0
30.74768	-1.0
30.77928	-1.0
30.79024	-1.0
30.81164	-1.0
30.82176	-1.0
30.8666	-1.0
30.86984	-1.0
30.94316	-1.0
30.97752	-1.0
30.9966	-1.0
31.02956	-1.0
31.0538	-1.0
31.10812	-1.0
31.1204	-1.0
31.16628	-1.0
31.20884	-1.0
31.23512	-1.0
31.26284	-1.0
31.26976	-1.0
31.30084	-1.0
31.32428	-1.0
31.36848	-1.0
31.39084	-1.0
31.39468	-1.0
31.4254	-1.0
31.45456	1.0
31.45912	-1.0
31.53376	-1.0
35.66636	-1.0
35.67068	-1.0
35.67348	-1.0
35.68248	-1.0
35.68636	-1.0
35.70112	-1.0
35.70996	-1.0
35.71628	1.0
35.72368	-1.0
35.72904	-1.0
35.75364	-1.0
35.76208	-1.0
35.76532	-1.0
35.77552	-1.0
35.79972	-1.0
35.83652	1.0
35.84148	-1.0
35.8788	1.0
35.89496	-1.0
35.90748	-1.0
35.92992	-1.0
35.95748	-1.0
35.98732	-1.0
36.00256	-1.0
36.01136	-1.0
36.03772	-1.0
36.067	-1.0
36.08952	-1.0
36.10768	-1.0
36.12072	-1.0
36.12468	-1.0
36.13628	-1.0
36.14904	-1.0
36.176	-1.0
36.19376	-1.0
36.2042	-1.0
36.22304	-1.0
36.24144	-1.0
36.25268	-1.0
36.26852	-1.0
36.29436	-1.0
36.31128	-1.0
36.3288	1.0
36.3402	-1.0
36.36472	-1.0
36.38516	-1.0
36.4586	-1.0
36.46572	-1.0
36.47624	-1.0
36.47928	-1.0
36.49648	-1.0
36.5532	-1.0
36.58244	-1.0
36.5856	-1.0
36.5932	-1.0
36.62956	-1.0
36.63388	-1.0
36.6624	-1.0
36.66628	-1.0
36.67876	-1.0
36.7334	-1.0
36.75332	-1.0
36.7628	-1.0
36.78484	-1.0
36.78808	-1.0
36.879	-1.0
36.91452	-1.0
36.92012	-1.0
36.9916	-1.0
37.00512	-1.0
37.0214	-1.0
37.04916	-1.0
37.07068	-1.0
37.0736	-1.0
37.0856	-1.0
37.09844	-1.0
37.1136	1.0
37.139	-1.0
37.18332	-1.0
37.22556	-1.0
37.26208	-1.0
37.28832	-1.0
37.29744	-1.0
37.42624	-1.0
37.63468	-1.0
37.64112	-1.0
37.67252	-1.0
37.68432	-1.0
37.7064	-1.0
37.71	-1.0
37.76496	-1.0
37.78332	-1.0
37.79052	-1.0
37.80432	-1.0
37.84216	-1.0
37.8586	-1.0
37.89244	-1.0
37.90864	-1.0
37.93164	-1.0
37.95036	-1.0
37.99424	-1.0
38.04888	-1.0
40.4396	1.0
40.4456	-1.0
40.44908	-1.0
40.46244	1.0
40.48248	-1.0
40.50208	1.0
40.50652	-1.0
40.51588	-1.0
40.51968	-1.0
40.53028	-1.0
40.54536	-1.0
40.56176	-1.0
40.56496	-1.0
40.57544	-1.0
40.59468	-1.0
40.61636	1.0
40.66512	-1.0
40.67836	-1.0
40.68444	1.0
40.69928	-1.0
40.72164	-1.0
40.75044	-1.0
40.77192	-1.0
40.79748	-1.0
40.81408	-1.0
40.82208	-1.0
40.82532	-1.0
40.83564	-1.0
40.88252	-1.0
40.893	-1.0
40.93124	-1.0
40.95112	-1.0
40.96036	-1.0
41.00828	-1.0
41.01692	-1.0
41.04124	-1.0
41.09408	-1.0
41.15476	-1.0
41.2136	1.0
41.21648	1.0
41.23408	-1.0
41.27352	-1.0
41.28732	-1.0
41.31792	-1.0
41.38612	-1.0
41.40348	-1.0
41.43904	-1.0
41.45632	-1.0
41.49092	-1.0
41.49464	-1.0
41.50628	-1.0
41.51196	-1.0
41.5196	-1.0
41.57624	-1.0
41.58072	-1.0
41.6178	-1.0
41.62248	-1.0
41.65828	-1.0
41.69816	-1.0
41.7272	-1.0
41.73164	-1.0
41.73484	-1.0
41.76396	-1.0
41.78516	-1.0
41.79804	-1.0
41.80384	-1.0
41.826	-1.0
41.83036	-1.0
41.91684	-1.0
41.97308	-1.0
42.02044	-1.0
42.02412	-1.0
42.04456	-1.0
44.63948	-1.0
44.65068	-1.0
44.6532	-1.0
44.6752	-1.0
44.6924	1.0
44.70552	-1.0
44.74908	-1.0
44.77428	-1.0
44.79112	-1.0
44.7946	-1.0
44.81812	-1.0
44.83464	-1.0
44.84836	-1.0
44.86284	-1.0
44.87524	1.0
44.87948	-1.0
44.88516	-1.0
44.98216	-1.0
45.00456	-1.0
45.03228	1.0
45.06488	-1.0
45.07592	-1.0
45.12444	-1.0
45.13104	-1.0
45.15604	-1.0
45.19696	-1.0
45.2012	-1.0
45.20672	-1.0
45.23332	-1.0
45.30352	-1.0
45.30668	-1.0
45.33028	-1.0
45.33336	-1.0
45.35208	-1.0
45.3602	-1.0
45.3654	-1.0
45.40724	1.0
45.4658	-1.0
45.47492	-1.0
45.48188	-1.0
45.50052	-1.0
45.50304	-1.0
45.52164	-1.0
45.5416	-1.0
45.55228	-1.0
45.58768	-1.0
45.59184	-1.0
45.63336	-1.0
45.63864	-1.0
45.66364	-1.0
45.68176	-1.0
45.72452	-1.0
45.7288	-1.0
45.7416	-1.0
45.78168	-1.0
45.80312	-1.0
45.8118	-1.0
45.83136	-1.0
45.87476	-1.0
45.91544	1.0
45.91796	1.0
45.9482	-1.0
45.9544	-1.0
45.97476	-1.0
45.99636	1.0
46.00064	-1.0
46.05732	-1.0
46.0724	-1.0
46.09248	-1.0
46.13792	-1.0
46.14156	-1.0
46.18128	-1.0
46.1844	-1.0
49.20656	-1.0
49.20952	-1.0
49.21288	-1.0
49.217	-1.0
49.22304	-1.0
49.22836	-1.0
49.23628	-1.0
49.24088	-1.0
49.2434	1.0
49.25352	1.0
49.25604	1.0
49.26884	-1.0
49.27516	-1.0
49.30468	-1.0
49.33992	-1.0
49.3456	-1.0
49.35256	-1.0
49.35752	1.0
49.372	-1.0
49.38004	-1.0
49.40392	-1.0
49.42332	-1.0
49.42756	-1.0
49.44988	-1.0
49.489	-1.0
49.50884	-1.0
49.52784	-1.0
49.542	-1.0
49.55568	-1.0
49.55848	-1.0
49.56236	-1.0
49.56984	-1.0
49.58416	-1.0
49.58952	1.0
49.60624	-1.0
49.61608	-1.0
49.63276	-1.0
49.67108	-1.0
49.67644	-1.0
49.69328	-1.0
49.72284	-1.0
49.73052	-1.0
49.74368	-1.0
49.77004	-1.0
49.77344	-1.0
49.81504	-1.0
49.81868	-1.0
49.87612	-1.0
49.89536	-1.0
49.94048	-1.0
49.97412	-1.0
49.97752	-1.0
49.99724	-1.0
50.04716	-1.0
50.05448	-1.0
50.06832	-1.0
50.13516	-1.0
50.17876	-1.0
50.1834	-1.0
50.19392	-1.0
50.21596	-1.0
50.2204	1.0
50.26076	-1.0
50.28492	-1.0
50.31656	-1.0
50.31912	-1.0
50.35692	-1.0
50.3606	-1.0
50.37608	-1.0
50.37892	-1.0
50.46068	-1.0
50.48292	-1.0
50.5302	-1.0
50.54956	-1.0
50.55596	-1.0
50.58084	-1.0
50.59312	-1.0
50.60244	-1.0
50.6066	-1.0
50.62572	-1.0
50.64688	-1.0
50.6736	-1.0
50.67728	-1.0
50.70024	-1.0
50.70344	-1.0
50.74076	-1.0
50.74904	-1.0
50.7524	-1.0
50.79436	-1.0
50.79796	-1.0
50.83432	-1.0
50.84916	-1.0
50.86244	-1.0
50.86576	-1.0
50.93304	-1.0
50.96676	1.0
51.02852	-1.0
51.08668	1.0
51.08976	1.0
54.41916	-1.0
54.42364	-1.0
54.43784	-1.0
54.45208	-1.0
54.49432	-1.0
54.50084	-1.0
54.5054	-1.0
54.51716	-1.0
54.5236	-1.0
54.56244	-1.0
54.57548	-1.0
54.58852	1.0
54.60564	-1.0
54.67016	-1.0
54.68032	-1.0
54.69316	-1.0
54.72316	-1.0
54.72776	-1.0
54.74256	-1.0
54.75368	-1.0
54.77632	-1.0
54.7798	-1.0
54.7934	-1.0
54.8446	-1.0
54.86852	-1.0
54.88848	-1.0
54.89812	-1.0
54.91332	-1.0
54.939	-1.0
54.94284	-1.0
54.95704	-1.0
54.95992	-1.0
54.99456	-1.0
55.01188	-1.0
55.02116	-1.0
55.04272	-1.0
55.05584	-1.0
55.06304	-1.0
55.0724	-1.0
55.08324	-1.0
55.09984	-1.0
55.14948	-1.0
55.17748	-1.0
55.19668	-1.0
55.19968	-1.0
55.20264	-1.0
55.2456	-1.0
55.26848	-1.0
55.28124	-1.0
55.32048	1.0
55.32408	-1.0
55.33424	-1.0
55.36444	-1.0
55.37452	-1.0
55.39188	-1.0
55.44552	-1.0
55.4508	-1.0
55.45752	-1.0
55.46072	-1.0
55.55232	1.0
55.55948	-1.0
55.56952	-1.0
55.60492	-1.0
55.6382	-1.0
55.64072	-1.0
55.65736	-1.0
55.66352	-1.0
55.67676	-1.0
55.68872	-1.0
55.69624	-1.0
55.70104	-1.0
55.73972	-1.0
55.74436	-1.0
55.75288	-1.0
55.80124	-1.0
55.94264	-1.0
55.95556	-1.0
59.55684	-1.0
59.56176	-1.0
59.56612	-1.0
59.5716	-1.0
59.58864	-1.0
59.6228	1.0
59.6462	-1.0
59.70028	-1.0
59.71592	-1.0
59.7254	-1.0
59.74048	-1.0
59.80668	-1.0
59.82448	-1.0
59.93236	-1.0
59.97848	-1.0
60.00552	-1.0
60.03664	-1.0
60.04408	-1.0
60.06844	-1.0
60.14592	-1.0
60.16276	-1.0
60.21536	-1.0
60.21836	-1.0
60.2508	-1.0
60.28136	-1.0
60.30544	-1.0
60.31276	-1.0
60.32548	-1.0
60.36412	1.0
60.39588	-1.0
60.41168	-1.0
60.43676	-1.0
60.50636	-1.0
60.50888	-1.0
60.5194	-1.0
60.5466	-1.0
60.55788	-1.0
60.61156	-1.0
60.63656	-1.0
60.6544	-1.0
60.65704	-1.0
60.68364	-1.0
60.68728	-1.0
60.72524	-1.0
60.73916	-1.0
60.78532	-1.0
60.88572	-1.0
60.89592	-1.0
60.92704	-1.0
60.98752	-1.0
63.81	-1.0
63.81652	-1.0
63.823	-1.0
63.82628	-1.0
63.83112	-1.0
63.84212	-1.0
63.856	-1.0
63.86616	-1.0
63.87908	-1.0
63.89156	1.0
63.89408	1.0
63.89676	-1.0
63.91296	-1.0
63.9272	1.0
63.95156	-1.0
64.03212	-1.0
64.0422	-1.0
64.09404	-1.0
64.11032	-1.0
64.11304	-1.0
64.11568	-1.0
64.132	-1.0
64.1762	-1.0
64.18492	-1.0
64.24284	-1.0
64.31972	-1.0
64.38368	-1.0
64.39016	-1.0
64.4112	-1.0
64.44152	-1.0
64.4648	-1.0
64.50836	-1.0
64.52308	-1.0
64.53692	-1.0
64.5414	-1.0
64.62884	-1.0
64.64132	-1.0
64.663	-1.0
64.67944	-1.0
64.69996	-1.0
64.70428	-1.0
64.76244	-1.0
64.77928	-1.0
64.7954	-1.0
64.82448	-1.0
64.83852	-1.0
64.86776	-1.0
64.87612	-1.0
64.92576	-1.0
64.9286	-1.0
65.02604	-1.0
65.04428	-1.0
65.07096	-1.0
65.09468	-1.0
65.098	-1.0
65.13648	-1.0
65.14288	-1.0
65.155	-1.0
65.16724	-1.0
65.2132	-1.0
68.222	-1.0
68.22888	1.0
68.23852	-1.0
68.24312	-1.0
68.24568	-1.0
68.24996	-1.0
68.2562	1.0
68.25888	1.0
68.2744	-1.0
68.29044	-1.0
68.30072	1.0
68.30664	-1.0
68.32288	1.0
68.34016	-1.0
68.34604	-1.0
68.37656	-1.0
68.38024	-1.0
68.38732	-1.0
68.40284	-1.0
68.43692	-1.0
68.46612	-1.0
68.49416	-1.0
68.51836	1.0
68.52744	-1.0
68.56148	-1.0
68.5876	-1.0
68.5994	-1.0
68.62504	-1.0
68.62908	-1.0
68.65112	-1.0
68.67204	-1.0
68.69964	-1.0
68.70576	-1.0
68.72868	-1.0
68.7312	-1.0
68.76192	-1.0
68.80316	-1.0
68.81772	-1.0
68.84072	-1.0
68.85104	-1.0
68.8578	-1.0
68.92432	-1.0
68.95364	-1.0
68.97248	-1.0
69.0056	-1.0
69.041	1.0
69.06764	-1.0
69.08424	-1.0
69.1094	-1.0
69.11464	-1.0
69.1766	-1.0
69.18284	-1.0
69.19868	-1.0
69.22324	-1.0
69.23504	1.0
69.27012	-1.0
69.27752	-1.0
69.34792	-1.0
69.36416	-1.0
69.37	-1.0
69.39912	-1.0
69.4052	-1.0
69.45212	-1.0
69.51324	-1.0
69.53792	-1.0
69.59352	-1.0
69.6382	-1.0
73.49932	-1.0
73.50752	-1.0
73.51028	-1.0
73.51376	-1.0
73.52984	-1.0
73.54148	-1.0
73.55704	-1.0
73.57132	-1.0
73.58416	-1.0
73.59892	-1.0
73.60636	1.0
73.64264	1.0
73.65888	-1.0
73.70568	-1.0
73.71712	-1.0
73.71976	-1.0
73.72824	-1.0
73.74432	-1.0
73.7594	-1.0
73.78664	-1.0
73.79168	-1.0
73.79684	-1.0
73.80624	1.0
73.83004	-1.0
73.84232	-1.0
73.87388	-1.0
73.88468	-1.0
73.91348	-1.0
73.95876	-1.0
73.962	-1.0
73.969	-1.0
74.0094	-1.0
74.01288	-1.0
74.02844	-1.0
74.06136	-1.0
74.07672	-1.0
74.0844	-1.0
74.11264	-1.0
74.12032	-1.0
74.13368	-1.0
74.14364	-1.0
74.15812	-1.0
74.17536	-1.0
74.18496	-1.0
74.20028	-1.0
74.23484	-1.0
74.24044	-1.0
74.26732	-1.0
74.27048	-1.0
74.27768	-1.0
74.28164	-1.0
74.29132	-1.0
74.30448	-1.0
74.32952	-1.0
74.33228	-1.0
74.34612	-1.0
74.37492	-1.0
74.39504	-1.0
74.43156	-1.0
74.45268	-1.0
74.48828	-1.0
74.50504	-1.0
74.53116	-1.0
74.53476	-1.0
74.59452	-1.0
74.6352	-1.0
74.64216	-1.0
74.68576	-1.0
74.6908	-1.0
74.74188	-1.0
74.78388	-1.0
74.88744	-1.0
74.986	-1.0
75.0098	-1.0
78.4648	-1.0
78.47148	-1.0
78.47492	-1.0
78.48552	1.0
78.49016	-1.0
78.50044	-1.0
78.51052	-1.0
78.52732	-1.0
78.53228	-1.0
78.5562	-1.0
78.57864	-1.0
78.5838	-1.0
78.60784	1.0
78.6752	-1.0
78.6852	-1.0
78.69864	-1.0
78.71636	-1.0
78.73296	-1.0
78.75732	-1.0
78.77384	-1.0
78.78968	1.0
78.7956	-1.0
78.82372	-1.0
78.84076	-1.0
78.86188	-1.0
78.8684	-1.0
78.92616	-1.0
78.935	-1.0
78.94924	-1.0
78.965	-1.0
78.98444	-1.0
78.98748	-1.0
79.0164	-1.0
79.02276	-1.0
79.02672	-1.0
79.06908	-1.0
79.08648	-1.0
79.11188	-1.0
79.11952	-1.0
79.129	-1.0
79.14176	-1.0
79.14624	-1.0
79.15416	-1.0
79.2234	-1.0
79.2368	-1.0
79.25184	-1.0
79.2638	-1.0
79.27304	-1.0
79.28484	-1.0
79.2908	-1.0
79.31612	-1.0
79.34516	-1.0
79.34816	-1.0
79.3794	-1.0
79.41796	-1.0
79.42872	-1.0
79.43124	-1.0
79.45656	-1.0
79.4606	-1.0
79.50232	-1.0
79.5086	-1.0
79.51928	-1.0
79.52348	-1.0
79.53752	-1.0
79.55976	-1.0
79.59416	-1.0
79.59992	-1.0
79.6478	-1.0
79.67772	-1.0
79.69524	-1.0
79.72624	-1.0
79.74436	-1.0
79.75628	1.0
79.75972	-1.0
79.78852	-1.0
79.79116	-1.0
79.79404	-1.0
83.85192	-1.0
83.8692	-1.0
83.8722	-1.0
83.8748	-1.0
83.87756	-1.0
83.8804	-1.0
83.8856	-1.0
83.9056	-1.0
83.91156	1.0
83.92712	-1.0
83.94176	-1.0
83.97152	-1.0
83.98544	-1.0
84.02136	-1.0
84.03496	-1.0
84.05952	-1.0
84.08032	-1.0
84.12776	-1.0
84.14088	-1.0
84.14828	-1.0
84.16348	-1.0
84.17244	-1.0
84.18428	-1.0
84.19332	-1.0
84.20664	-1.0
84.22284	-1.0
84.27408	-1.0
84.28	-1.0
84.29076	-1.0
84.30768	-1.0
84.31264	-1.0
84.33528	-1.0
84.3702	-1.0
84.3728	-1.0
84.39444	-1.0
84.40188	-1.0
84.43256	1.0
84.46468	-1.0
84.48076	-1.0
84.4962	-1.0
84.52688	-1.0
84.54704	-1.0
84.60664	-1.0
84.6146	-1.0
84.64132	-1.0
84.65472	-1.0
84.67296	-1.0
84.69084	-1.0
84.70464	-1.0
84.71372	-1.0
84.72068	-1.0
84.74028	-1.0
84.76132	-1.0
84.77428	-1.0
84.83072	-1.0
84.85696	-1.0
84.87356	-1.0
84.89948	-1.0
84.90288	-1.0
84.91056	-1.0
84.9364	-1.0
84.96076	-1.0
84.98392	-1.0
85.00916	-1.0
85.03916	-1.0
85.08792	-1.0
85.10956	-1.0
85.11968	-1.0
85.13504	1.0
85.20712	-1.0
88.3492	-1.0
88.35928	-1.0
88.36236	-1.0
88.36736	-1.0
88.39176	-1.0
88.39468	-1.0
88.41088	-1.0
88.414	-1.0
88.42304	-1.0
88.46048	-1.0
88.47464	-1.0
88.4968	-1.0
88.50152	-1.0
88.52564	-1.0
88.54264	-1.0
88.56644	-1.0
88.58052	-1.0
88.58304	-1.0
88.59	-1.0
88.61212	-1.0
88.62024	-1.0
88.67068	-1.0
88.68108	-1.0
88.70416	-1.0
88.70768	-1.0
88.74724	-1.0
88.7598	-1.0
88.79444	-1.0
88.81568	-1.0
88.87804	-1.0
88.88176	1.0
88.90344	-1.0
88.90856	-1.0
88.96176	-1.0
88.982	-1.0
89.01584	-1.0
89.03704	-1.0
89.04144	-1.0
89.0558	-1.0
89.0726	-1.0
89.0794	-1.0
89.09916	1.0
89.10268	-1.0
89.11116	-1.0
89.14112	-1.0
89.1686	-1.0
89.18416	-1.0
89.19104	-1.0
89.19432	-1.0
89.2388	-1.0
89.26384	-1.0
89.27588	-1.0
89.31112	-1.0
89.31428	-1.0
89.32512	-1.0
89.3358	-1.0
89.33952	-1.0
89.355	-1.0
89.3716	1.0
89.37412	1.0
89.3788	-1.0
89.40608	-1.0
89.43332	-1.0
89.43616	-1.0
89.44028	-1.0
89.45208	-1.0
89.4856	-1.0
89.49076	-1.0
89.58176	-1.0
89.5916	-1.0
89.61624	-1.0
89.66	-1.0
89.69496	-1.0
93.1728	-1.0
93.18776	-1.0
93.19588	-1.0
93.20036	-1.0
93.22948	-1.0
93.23412	-1.0
93.24476	-1.0
93.266	-1.0
93.27496	-1.0
93.27788	-1.0
93.30688	-1.0
93.33444	-1.0
93.38252	-1.0
93.39848	-1.0
93.43292	-1.0
93.43776	-1.0
93.46076	-1.0
93.49812	-1.0
93.50172	-1.0
93.53876	-1.0
93.57424	-1.0
93.59568	-1.0
93.60684	-1.0
93.6128	-1.0
93.67156	-1.0
93.69268	-1.0
93.73012	-1.0
93.7666	-1.0
93.78164	-1.0
93.7974	-1.0
93.8116	1.0
93.8492	-1.0
93.87376	-1.0
93.90124	-1.0
93.91068	1.0
93.95652	-1.0
93.9648	-1.0
93.97236	-1.0
94.0382	-1.0
94.06188	-1.0
94.06492	-1.0
94.0688	-1.0
94.0906	-1.0
94.15644	-1.0
94.16792	-1.0
94.1978	-1.0
94.20188	-1.0
94.20792	-1.0
94.2992	-1.0
94.30564	-1.0
94.33008	-1.0
94.33716	-1.0
94.37832	-1.0
94.39388	-1.0
94.41508	1.0
94.41872	-1.0
94.4538	-1.0
94.46696	-1.0
94.47412	-1.0
94.48016	-1.0
94.5042	1.0
94.5152	-1.0
94.51872	-1.0
94.52764	-1.0
94.536	-1.0
94.54824	-1.0
94.56884	-1.0
94.60372	-1.0
99.31704	-1.0
99.32084	-1.0
99.3336	-1.0
99.33716	-1.0
99.34224	-1.0
99.34628	-1.0
99.35616	1.0
99.3674	-1.0
99.39268	-1.0
99.43152	-1.0
99.4422	1.0
99.44472	1.0
99.46112	-1.0
99.49048	-1.0
99.50056	-1.0
99.512	-1.0
99.53208	-1.0
99.56552	-1.0
99.57676	-1.0
99.6164	-1.0
99.61948	-1.0
99.67052	-1.0
99.70692	-1.0
99.71944	-1.0
99.74532	-1.0
99.75064	-1.0
99.7668	-1.0
99.775	-1.0
99.80016	-1.0
99.83012	-1.0
99.8452	-1.0
99.87788	-1.0
99.892	-1.0
99.90088	-1.0
99.92896	-1.0
99.94856	-1.0
99.96188	-1.0
99.99552	-1.0
100.01164	1.0
100.02032	-1.0
100.04336	-1.0
100.05236	-1.0
100.07252	-1.0
100.08692	-1.0
100.10504	-1.0
100.11624	-1.0
100.14536	-1.0
100.17208	-1.0
100.17712	-1.0
100.18008	-1.0
100.19268	1.0
100.21408	-1.0
100.21672	-1.0
100.2506	-1.0
100.34348	-1.0
100.37392	-1.0
100.39844	-1.0
100.4858	-1.0
100.55336	-1.0
100.56304	-1.0
100.56648	-1.0
100.57264	-1.0
100.6004	1.0
100.60892	-1.0
100.63356	-1.0
100.67648	-1.0
100.69328	-1.0
100.69936	-1.0
100.72268	-1.0
100.728	-1.0
100.748	-1.0
100.77884	-1.0
100.78236	-1.0
100.8246	-1.0
100.88336	-1.0
100.9126	-1.0
100.93408	-1.0
100.9734	-1.0
100.97656	-1.0
100.99276	-1.0
101.02616	-1.0
101.07012	1.0
101.07364	-1.0
101.10164	-1.0
101.1052	-1.0
101.13316	-1.0
101.1598	-1.0
101.16312	-1.0
101.19424	-1.0
101.19688	-1.0
101.20352	-1.0
101.22424	-1.0
101.22708	-1.0
101.24808	-1.0
104.57404	-1.0
104.58756	-1.0
104.60664	1.0
104.62584	-1.0
104.63584	1.0
104.6432	1.0
104.664	-1.0
104.67448	-1.0
104.70416	-1.0
104.71524	1.0
104.75348	-1.0
104.76928	-1.0
104.7766	-1.0
104.78828	-1.0
104.81112	-1.0
104.8354	-1.0
104.84712	-1.0
104.86892	-1.0
104.88432	-1.0
104.88684	-1.0
104.89832	-1.0
104.98404	-1.0
105.02588	-1.0
105.05464	-1.0
105.05772	-1.0
105.06672	-1.0
105.08012	-1.0
105.13032	-1.0
105.1474	-1.0
105.1662	-1.0
105.169	-1.0
105.21284	-1.0
105.21792	-1.0
105.22484	-1.0
105.23636	1.0
105.24876	1.0
105.28028	-1.0
105.32268	-1.0
105.339	-1.0
105.37364	-1.0
105.38116	-1.0
105.42468	-1.0
105.4556	-1.0
105.50004	-1.0
105.51144	1.0
105.51496	-1.0
105.53732	-1.0
105.54588	-1.0
105.54848	-1.0
105.56104	-1.0
105.59428	1.0
105.6248	-1.0
105.6274	-1.0
105.66264	-1.0
105.67008	-1.0
105.673	-1.0
105.70284	-1.0
105.70592	-1.0
105.71288	-1.0
105.72792	-1.0
105.73652	-1.0
105.73904	-1.0
105.74648	-1.0
105.77956	-1.0
105.79064	-1.0
105.79656	-1.0
105.81284	-1.0
105.85388	-1.0
105.8576	-1.0
105.89724	-1.0
105.93808	-1.0
105.94092	-1.0
105.94348	-1.0
105.96444	-1.0
105.97232	-1.0
106.03628	-1.0
106.03956	-1.0
106.05752	-1.0
106.10036	-1.0
106.11628	-1.0
106.13976	-1.0
106.18692	-1.0
106.21792	-1.0
106.84964	1.0
109.66632	-1.0
109.6724	-1.0
109.69048	-1.0
109.69332	-1.0
109.71108	-1.0
109.71492	-1.0
109.72848	-1.0
109.74644	1.0
109.75008	-1.0
109.76628	-1.0
109.81316	-1.0
109.85736	1.0
109.87328	1.0
109.87852	-1.0
109.89948	-1.0
109.90376	-1.0
109.92256	-1.0
109.9356	-1.0
109.96276	-1.0
109.96584	-1.0
109.98808	-1.0
109.9934	-1.0
110.0102	-1.0
110.02896	-1.0
110.0706	-1.0
110.09996	1.0
110.11724	-1.0
110.11988	-1.0
110.13532	-1.0
110.14528	-1.0
110.16632	-1.0
110.2044	-1.0
110.27064	-1.0
110.28628	-1.0
110.31604	-1.0
110.32996	-1.0
110.34504	-1.0
110.35084	-1.0
110.39296	-1.0
110.39928	-1.0
110.44568	-1.0
110.46148	-1.0
110.47388	-1.0
110.50144	-1.0
110.51184	-1.0
110.54788	-1.0
110.55972	-1.0
110.59228	-1.0
110.59992	-1.0
110.61584	-1.0
110.636	-1.0
110.66416	-1.0
110.69336	-1.0
110.70052	-1.0
110.75808	-1.0
110.76792	-1.0
110.77172	-1.0
110.82424	-1.0
110.82692	-1.0
110.88788	-1.0
110.89296	-1.0
110.89708	1.0
110.92896	-1.0
110.96128	-1.0
110.99864	-1.0
111.03168	-1.0
111.0682	-1.0
111.08796	-1.0
111.09924	-1.0
111.1436	-1.0
111.14824	-1.0
111.16496	-1.0
111.17704	-1.0
111.39036	-1.0
111.42288	-1.0
114.7832	-1.0
114.82544	-1.0
114.82876	-1.0
114.83128	-1.0
114.8338	1.0
114.84608	-1.0
114.8922	-1.0
114.89572	-1.0
114.90692	-1.0
114.93412	-1.0
114.94788	1.0
114.96612	-1.0
115.00316	-1.0
115.02696	-1.0
115.04748	-1.0
115.0802	-1.0
115.11912	-1.0
115.12956	-1.0
115.1358	-1.0
115.15404	-1.0
115.1736	-1.0
115.22072	-1.0
115.2268	-1.0
115.23272	-1.0
115.23868	-1.0
115.2496	-1.0
115.27152	-1.0
115.287	-1.0
115.29648	-1.0
115.3066	-1.0
115.32428	-1.0
115.35832	-1.0
115.40748	-1.0
115.4458	-1.0
115.453	-1.0
115.47188	-1.0
115.48336	-1.0
115.52412	-1.0
115.53692	-1.0
115.54164	-1.0
115.56956	-1.0
115.57336	-1.0
115.58012	-1.0
115.59304	-1.0
115.62888	-1.0
115.6566	-1.0
115.66172	-1.0
115.67904	-1.0
115.69776	-1.0
115.71268	-1.0
115.72244	-1.0
115.77844	-1.0
115.78156	1.0
115.82132	-1.0
115.85104	-1.0
115.85796	-1.0
115.8732	1.0
115.89004	-1.0
115.9412	-1.0
115.95228	-1.0
115.956	-1.0
115.99824	-1.0
116.01184	-1.0
116.03108	-1.0
116.05688	-1.0
116.1002	-1.0
116.13516	-1.0
116.15632	-1.0
116.18488	-1.0
116.212	-1.0
116.2554	-1.0
116.3162	-1.0
116.3368	-1.0
116.36872	-1.0
116.40304	-1.0
116.4166	-1.0
116.45724	-1.0
116.50536	-1.0
116.61624	-1.0
116.61912	-1.0
119.72312	-1.0
119.73432	-1.0
119.7374	-1.0
119.74176	-1.0
119.75452	-1.0
119.78676	-1.0
119.80396	-1.0
119.80744	-1.0
119.81	-1.0
119.81512	-1.0
119.83316	-1.0
119.8398	-1.0
119.8478	-1.0
119.85936	-1.0
119.88012	-1.0
119.92972	-1.0
119.95736	-1.0
119.97088	-1.0
119.97424	-1.0
119.98636	-1.0
120.01036	-1.0
120.02904	-1.0
120.04352	-1.0
120.06648	-1.0
120.08328	-1.0
120.10752	-1.0
120.1144	-1.0
120.127	-1.0
120.15776	-1.0
120.24484	-1.0
120.257	-1.0
120.26152	-1.0
120.27012	-1.0
120.30816	-1.0
120.343	-1.0
120.36704	-1.0
120.38572	-1.0
120.39424	-1.0
120.4186	-1.0
120.46412	-1.0
120.47132	-1.0
120.49364	-1.0
120.517	-1.0
120.53332	-1.0
120.56568	-1.0
120.58696	-1.0
120.59212	-1.0
120.60512	-1.0
120.631	-1.0
120.64128	-1.0
120.65624	-1.0
120.66364	-1.0
120.66924	-1.0
120.69768	-1.0
120.70588	-1.0
120.78292	-1.0
120.82008	-1.0
120.8454	-1.0
120.85264	-1.0
120.86832	-1.0
120.89044	-1.0
120.925	-1.0
120.95532	-1.0
120.97392	-1.0
120.99168	-1.0
121.05296	-1.0
121.08436	-1.0
121.08824	-1.0
121.10044	-1.0
121.12056	-1.0
121.15296	1.0
121.1564	-1.0
121.17204	-1.0
121.2114	-1.0
121.22812	-1.0
121.23064	-1.0
121.25184	-1.0
121.26504	-1.0
121.27472	-1.0
121.28272	-1.0
121.30988	-1.0
121.3424	-1.0
121.39896	-1.0
121.43584	-1.0
121.4446	-1.0
121.46788	-1.0
121.5308	-1.0
124.86632	-1.0
124.86896	-1.0
124.87536	-1.0
124.88752	1.0
124.89132	-1.0
124.89972	-1.0
124.9192	-1.0
124.92252	-1.0
124.94664	-1.0
124.9492	-1.0
124.97336	-1.0
124.97832	-1.0
124.98604	-1.0
124.99316	-1.0
125.02764	-1.0
125.03064	-1.0
125.08004	-1.0
125.10772	-1.0
125.12	-1.0
125.12528	-1.0
125.15584	-1.0
125.18192	-1.0
125.2044	-1.0
125.2392	-1.0
125.24528	-1.0
125.2506	-1.0
125.28476	-1.0
125.32024	1.0
125.34456	-1.0
125.34764	-1.0
125.41924	-1.0
125.45072	-1.0
125.53204	-1.0
125.53984	-1.0
125.57724	1.0
125.59052	-1.0
125.61004	-1.0
125.6144	-1.0
125.62352	-1.0
125.62636	-1.0
125.65804	-1.0
125.69356	-1.0
125.70616	-1.0
125.72944	-1.0
125.73248	-1.0
125.74224	-1.0
125.76452	-1.0
125.7934	-1.0
125.81532	-1.0
125.82268	-1.0
125.86008	-1.0
125.87456	-1.0
125.88632	-1.0
125.9076	1.0
125.92504	-1.0
125.9454	-1.0
125.97856	-1.0
125.98216	-1.0
125.99748	-1.0
126.0382	-1.0
126.0758	-1.0
126.0832	-1.0
126.10548	-1.0
126.13264	-1.0
126.19944	1.0
126.20408	-1.0
126.26992	-1.0
126.27692	-1.0
126.2882	-1.0
126.31164	-1.0
126.34168	-1.0
126.35016	-1.0
126.39396	-1.0
126.39656	-1.0
126.40448	-1.0
126.41972	-1.0
126.44656	-1.0
126.46628	-1.0
126.47812	-1.0
126.4836	-1.0
126.5898	-1.0
130.58624	-1.0
130.59616	-1.0
130.60088	-1.0
130.60492	-1.0
130.61797	1.0
130.62048	1.0
130.62848	-1.0
130.6464	1.0
130.65764	-1.0
130.66692	-1.0
130.69672	-1.0
130.70448	-1.0
130.71596	1.0
130.72597	-1.0
130.74416	-1.0
130.77364	-1.0
130.78355	-1.0
130.80084	-1.0
130.8158	-1.0
130.8198	-1.0
130.84932	-1.0
130.85635	-1.0
130.88403	-1.0
130.90016	1.0
130.92424	-1.0
130.94444	-1.0
130.94756	-1.0
130.98132	-1.0
130.98848	-1.0
131.00952	-1.0
131.01328	-1.0
131.0236	-1.0
131.05112	-1.0
131.0818	-1.0
131.11624	-1.0
131.13252	-1.0
131.15048	-1.0
131.18031	-1.0
131.20335	-1.0
131.20609	-1.0
131.27252	-1.0
131.31868	-1.0
131.34113	-1.0
131.37572	-1.0
131.41568	-1.0
131.43596	-1.0
131.44992	-1.0
131.45284	-1.0
131.47884	-1.0
131.50044	-1.0
131.5238	-1.0
131.54544	-1.0
131.57076	-1.0
131.59668	-1.0
131.61192	-1.0
131.62717	-1.0
131.64116	-1.0
131.64471	-1.0
131.67664	-1.0
131.68756	1.0
131.70952	-1.0
131.71265	-1.0
131.73264	-1.0
131.74144	-1.0
131.78436	-1.0
131.79532	-1.0
131.81197	-1.0
131.82776	-1.0
131.8332	-1.0
131.83656	-1.0
131.85512	-1.0
131.86308	-1.0
131.90729	-1.0
131.93028	1.0
131.9444	-1.0
131.95209	-1.0
132.03932	-1.0
132.05792	-1.0
132.06964	-1.0
132.10468	-1.0
132.10852	-1.0
132.11996	-1.0
132.16183	-1.0
132.17224	-1.0
132.23488	-1.0
132.277	-1.0
132.33592	-1.0
136.47047	-1.0
136.4774	1.0
136.47992	1.0
136.48528	-1.0
136.49889	-1.0
136.51189	1.0
136.51456	1.0
136.53197	-1.0
136.53552	-1.0
136.55592	-1.0
136.56155	-1.0
136.56673	-1.0
136.57448	-1.0
136.58025	-1.0
136.59056	-1.0
136.62584	-1.0
136.63228	-1.0
136.64644	-1.0
136.65833	-1.0
136.67696	-1.0
136.72417	-1.0
136.73135	-1.0
136.75072	-1.0
136.75668	-1.0
136.78432	-1.0
136.81328	-1.0
136.84088	-1.0
136.86333	-1.0
136.8718	-1.0
136.87547	-1.0
136.87848	-1.0
136.90776	1.0
136.93156	-1.0
136.94173	-1.0
136.95844	-1.0
136.99213	-1.0
137.02815	-1.0
137.03104	-1.0
137.07076	-1.0
137.0746	-1.0
137.08376	-1.0
137.10028	-1.0
137.13272	-1.0
137.1436	-1.0
137.15392	-1.0
137.16132	-1.0
137.17252	-1.0
137.20113	-1.0
137.21732	-1.0
137.25096	-1.0
137.25471	-1.0
137.28044	-1.0
137.28345	-1.0
137.31029	-1.0
137.35023	-1.0
137.3656	-1.0
137.39124	-1.0
137.40468	-1.0
137.41936	-1.0
137.44112	-1.0
137.45128	-1.0
137.4672	-1.0
137.47444	-1.0
137.48016	-1.0
137.50533	-1.0
137.52213	-1.0
137.54404	-1.0
137.54744	-1.0
137.57968	-1.0
137.60297	-1.0
137.6064	-1.0
137.60892	-1.0
137.63931	-1.0
137.65253	-1.0
137.6576	-1.0
137.69331	-1.0
137.704	-1.0
137.72548	-1.0
137.73727	-1.0
137.7428	-1.0
137.74536	-1.0
137.75792	1.0
137.88448	-1.0
137.90083	-1.0
137.92268	-1.0
137.94284	-1.0
137.9684	-1.0
138.00111	-1.0
138.00797	-1.0
138.07613	-1.0
138.08284	-1.0
138.1092	1.0
138.11256	-1.0
138.14288	-1.0
138.16985	-1.0
138.20628	-1.0
138.22556	-1.0
138.26268	-1.0
138.28676	-1.0
138.30733	-1.0
138.33568	-1.0
138.33876	-1.0
138.42313	-1.0
138.45885	-1.0
138.46233	-1.0
142.4394	1.0
142.44244	-1.0
142.45103	-1.0
142.45956	-1.0
142.49043	-1.0
142.49728	1.0
142.54616	-1.0
142.55368	1.0
142.56096	-1.0
142.57156	1.0
142.57423	1.0
142.58444	-1.0
142.59528	-1.0
142.60536	-1.0
142.61708	-1.0
142.64644	-1.0
142.65569	-1.0
142.68176	-1.0
142.69669	-1.0
142.70032	-1.0
142.72888	-1.0
142.782	1.0
142.80067	-1.0
142.80392	-1.0
142.81656	-1.0
142.835	-1.0
142.84715	-1.0
142.85995	1.0
142.90836	-1.0
142.93744	-1.0
142.94156	-1.0
142.96292	-1.0
142.98016	1.0
142.98268	1.0
143.00276	-1.0
143.01228	-1.0
143.04865	-1.0
143.08084	-1.0
143.09184	-1.0
143.1064	-1.0
143.11684	-1.0
143.12724	-1.0
143.12984	-1.0
143.17409	-1.0
143.183	-1.0
143.19728	-1.0
143.215	-1.0
143.2498	1.0
143.26949	-1.0
143.2778	-1.0
143.32988	-1.0
143.34952	-1.0
143.36168	-1.0
143.4014	-1.0
143.42296	-1.0
143.44003	-1.0
143.46065	-1.0
143.47604	-1.0
143.4918	-1.0
143.5312	-1.0
143.53471	1.0
143.55087	-1.0
143.5538	-1.0
143.5902	-1.0
143.60236	-1.0
143.60487	-1.0
143.61	-1.0
143.61732	-1.0
143.63248	-1.0
143.63647	-1.0
143.64684	-1.0
143.66516	-1.0
143.67152	-1.0
143.68204	-1.0
143.69136	-1.0
143.7086	-1.0
143.7186	-1.0
143.73885	-1.0
143.75912	-1.0
143.77048	-1.0
143.80392	-1.0
143.8572	-1.0
143.8758	-1.0
143.88223	-1.0
143.89224	-1.0
143.90056	-1.0
143.93507	-1.0
143.94104	-1.0
143.96432	-1.0
143.987	-1.0
144.00069	-1.0
144.00432	-1.0
144.06396	-1.0
144.10396	-1.0
144.10692	-1.0
144.1366	-1.0
144.1996	-1.0
144.24908	-1.0
144.28976	-1.0
144.2998	-1.0
144.30472	-1.0
144.46904	-1.0
144.47372	-1.0
144.49455	-1.0
144.53004	-1.0
144.56503	-1.0
144.56848	-1.0
148.67184	-1.0
148.68652	-1.0
148.691	-1.0
148.69617	1.0
148.70148	-1.0
148.70789	-1.0
148.71068	-1.0
148.71497	-1.0
148.73705	1.0
148.75272	-1.0
148.783	-1.0
148.7922	-1.0
148.83304	-1.0
148.83556	-1.0
148.84808	-1.0
148.86745	-1.0
148.89052	-1.0
148.89528	-1.0
148.90372	-1.0
148.90749	-1.0
148.92044	-1.0
148.93668	-1.0
148.96268	1.0
148.98608	-1.0
148.99324	-1.0
149.01547	-1.0
149.01897	-1.0
149.0346	-1.0
149.04475	1.0
149.06355	-1.0
149.06656	-1.0
149.07376	-1.0
149.09209	-1.0
149.09685	-1.0
149.10657	-1.0
149.1396	-1.0
149.14296	-1.0
149.17216	-1.0
149.192	-1.0
149.19531	-1.0
149.2108	-1.0
149.26788	-1.0
149.27309	-1.0
149.29845	-1.0
149.3166	-1.0
149.32812	-1.0
149.34528	-1.0
149.35948	-1.0
149.36728	-1.0
149.39008	-1.0
149.40216	-1.0
149.4094	-1.0
149.43112	-1.0
149.46948	-1.0
149.49768	-1.0
149.5056	-1.0
149.52408	-1.0
149.54285	-1.0
149.5468	-1.0
149.6028	-1.0
149.62012	-1.0
149.63832	-1.0
149.67113	-1.0
149.71376	-1.0
149.72511	-1.0
149.7328	-1.0
149.75636	1.0
149.75972	-1.0
149.78757	-1.0
149.7908	-1.0
149.79443	-1.0
149.8018	-1.0
149.82576	-1.0
149.8514	-1.0
149.85497	-1.0
149.88544	1.0
149.90208	-1.0
149.9232	-1.0
149.93004	-1.0
149.93332	-1.0
149.9546	-1.0
149.96648	1.0
149.97464	-1.0
149.9946	-1.0
150.0092	-1.0
150.02272	-1.0
150.02588	-1.0
150.03868	-1.0
150.05896	-1.0
150.06844	-1.0
150.08916	-1.0
150.09972	-1.0
150.11752	-1.0
150.15416	-1.0
150.18332	-1.0
150.22392	-1.0
150.22923	1.0
150.2318	1.0
150.25755	-1.0
150.27963	-1.0
150.30788	-1.0
150.31883	-1.0
150.32368	-1.0
150.3322	-1.0
150.37808	1.0
150.38596	-1.0
150.40872	-1.0
150.4598	-1.0
150.48488	-1.0
153.67468	-1.0
153.6808	1.0
153.68507	-1.0
153.69092	-1.0
153.69344	-1.0
153.70164	-1.0
153.7116	-1.0
153.72215	-1.0
153.73952	-1.0
153.74213	-1.0
153.76448	-1.0
153.77435	-1.0
153.78989	-1.0
153.79285	-1.0
153.79697	1.0
153.81483	-1.0
153.86116	-1.0
153.8798	-1.0
153.8896	-1.0
153.89903	-1.0
153.91704	-1.0
153.91995	-1.0
153.97237	1.0
153.9842	1.0
154.00372	-1.0
154.02368	-1.0
154.0322	-1.0
154.06244	-1.0
154.09332	-1.0
154.1144	-1.0
154.11932	-1.0
154.1332	-1.0
154.14368	-1.0
154.15208	-1.0
154.16548	-1.0
154.21048	-1.0
154.22163	-1.0
154.2246	-1.0
154.234	-1.0
154.23672	-1.0
154.2536	-1.0
154.25676	-1.0
154.28696	1.0
154.28972	1.0
154.31747	-1.0
154.3202	-1.0
154.34145	-1.0
154.35275	-1.0
154.36884	-1.0
154.3716	1.0
154.4022	-1.0
154.43808	-1.0
154.44136	-1.0
154.47012	-1.0
154.50992	-1.0
154.51332	-1.0
154.52504	-1.0
154.5276	-1.0
154.5414	-1.0
154.54932	-1.0
154.576	-1.0
154.57968	-1.0
154.60988	-1.0
154.61555	-1.0
154.62823	-1.0
154.64444	-1.0
154.64851	-1.0
154.65544	-1.0
154.67836	1.0
154.68224	-1.0
154.71625	1.0
154.74088	-1.0
154.7586	-1.0
154.79115	-1.0
154.80392	-1.0
154.81712	-1.0
154.82655	-1.0
154.83772	-1.0
154.85509	-1.0
154.86395	-1.0
154.8992	-1.0
154.90268	-1.0
154.93028	-1.0
154.94025	-1.0
154.957	-1.0
154.96255	-1.0
154.9766	-1.0
155.0014	-1.0
155.01784	-1.0
155.03236	-1.0
155.07191	-1.0
155.08928	-1.0
155.104	-1.0
155.13776	-1.0
155.16264	-1.0
155.16652	-1.0
155.18507	-1.0
155.20836	-1.0
155.22476	-1.0
155.24072	-1.0
155.28032	-1.0
155.28851	-1.0
155.31148	-1.0
155.43668	-1.0
155.44768	-1.0
159.96808	1.0
159.97089	-1.0
159.98148	-1.0
159.98596	-1.0
159.99188	1.0
160.00536	-1.0
160.00925	-1.0
160.03133	1.0
160.04865	-1.0
160.05247	-1.0
160.06712	-1.0
160.07043	-1.0
160.07497	-1.0
160.09332	-1.0
160.09631	-1.0
160.10756	1.0
160.11037	1.0
160.13731	-1.0
160.15929	-1.0
160.17	-1.0
160.175	1.0
160.18796	-1.0
160.205	-1.0
160.21571	-1.0
160.21931	-1.0
160.2294	-1.0
160.2504	1.0
160.25375	-1.0
160.31468	-1.0
160.32516	-1.0
160.34727	-1.0
160.3546	-1.0
160.36372	-1.0
160.36696	-1.0
160.37547	-1.0
160.38612	-1.0
160.3996	-1.0
160.412	-1.0
160.43056	-1.0
160.43884	-1.0
160.46808	-1.0
160.52092	-1.0
160.52412	-1.0
160.53716	-1.0
160.5496	-1.0
160.57008	-1.0
160.57372	-1.0
160.60136	-1.0
160.60776	-1.0
160.63148	1.0
160.64629	-1.0
160.66348	-1.0
160.68744	-1.0
160.70012	-1.0
160.71048	-1.0
160.7258	-1.0
160.75728	-1.0
160.76093	-1.0
160.80215	-1.0
160.80544	-1.0
160.81567	-1.0
160.86996	-1.0
160.87956	-1.0
160.887	-1.0
160.90263	-1.0
160.94444	-1.0
160.9478	-1.0
160.96292	-1.0
160.9928	-1.0
161.00752	-1.0
161.01096	-1.0
161.0306	-1.0
161.04456	-1.0
161.04948	-1.0
161.05585	-1.0
161.0788	-1.0
161.10657	-1.0
161.11047	-1.0
161.12308	-1.0
161.15132	-1.0
161.17616	-1.0
161.17932	-1.0
161.20049	-1.0
161.207	-1.0
161.21317	-1.0
161.23515	-1.0
161.2696	-1.0
161.27647	-1.0
161.31212	-1.0
161.31648	-1.0
161.33112	-1.0
161.3342	-1.0
161.35468	-1.0
161.38013	-1.0
161.40016	-1.0
161.42128	-1.0
161.4462	-1.0
161.49004	-1.0
161.51396	-1.0
161.53671	-1.0
161.55013	-1.0
161.5574	-1.0
161.56044	-1.0
161.58192	-1.0
161.59912	-1.0
161.62344	1.0
161.62636	1.0
161.656	-1.0
161.68172	-1.0
161.71349	-1.0
161.74632	-1.0
161.77896	-1.0
161.80568	-1.0
161.8334	-1.0
161.86116	-1.0
161.90356	-1.0
161.91087	-1.0
161.92964	-1.0
161.94212	-1.0
166.2576	-1.0
166.26024	-1.0
166.26456	-1.0
166.26836	1.0
166.27556	-1.0
166.28172	1.0
166.28503	-1.0
166.29124	-1.0
166.29527	-1.0
166.30692	-1.0
166.32936	-1.0
166.34352	-1.0
166.35233	-1.0
166.36185	-1.0
166.36536	1.0
166.38272	-1.0
166.39464	-1.0
166.40468	-1.0
166.40736	-1.0
166.42256	-1.0
166.43288	-1.0
166.45584	-1.0
166.4646	-1.0
166.48892	-1.0
166.502	-1.0
166.50925	1.0
166.52628	-1.0
166.5292	-1.0
166.54816	-1.0
166.55356	-1.0
166.56148	-1.0
166.57472	-1.0
166.59404	-1.0
166.59804	-1.0
166.6152	-1.0
166.62376	-1.0
166.63428	-1.0
166.63756	-1.0
166.66228	-1.0
166.6728	-1.0
166.68448	-1.0
166.70757	-1.0
166.71452	-1.0
166.74092	-1.0
166.76776	-1.0
166.7964	-1.0
166.8076	1.0
166.8194	-1.0
166.8224	-1.0
166.8492	-1.0
166.8734	-1.0
166.87636	-1.0
166.88869	-1.0
166.90475	-1.0
166.91132	-1.0
166.93156	1.0
166.95927	-1.0
166.98988	-1.0
167.01196	-1.0
167.03175	-1.0
167.04204	-1.0
167.04576	-1.0
167.05669	-1.0
167.0706	-1.0
167.10524	-1.0
167.10852	-1.0
167.12932	-1.0
167.13228	-1.0
167.15224	-1.0
167.168	-1.0
167.19968	-1.0
167.21396	-1.0
167.22691	-1.0
167.22977	-1.0
167.25844	-1.0
167.26556	-1.0
167.29924	-1.0
167.30208	-1.0
167.30933	-1.0
167.31673	-1.0
167.3606	-1.0
167.39612	-1.0
167.40433	-1.0
167.40717	-1.0
167.42476	-1.0
167.43423	-1.0
167.44952	-1.0
167.45732	-1.0
167.4684	-1.0
167.4768	-1.0
167.4962	-1.0
167.50829	-1.0
167.52608	-1.0
167.533	-1.0
167.54964	-1.0
167.56071	-1.0
167.56812	-1.0
167.58116	-1.0
167.60652	-1.0
167.63551	-1.0
167.66528	-1.0
167.67152	-1.0
167.69044	-1.0
167.6948	-1.0
167.70676	-1.0
167.7478	-1.0
167.78516	-1.0
167.82076	-1.0
167.86649	-1.0
167.88773	-1.0
167.898	-1.0
167.9128	-1.0
167.9412	-1.0
167.99265	-1.0
167.99672	-1.0
168.00032	-1.0
168.0036	-1.0
168.03096	1.0
168.0338	1.0
168.0614	-1.0
168.09113	-1.0
172.88928	-1.0
172.90428	-1.0
172.90804	-1.0
172.91457	-1.0
172.91824	-1.0
172.93053	1.0
172.93591	1.0
172.93983	-1.0
172.94797	-1.0
172.9672	-1.0
172.97247	-1.0
172.99704	-1.0
173.00893	1.0
173.01488	-1.0
173.0396	-1.0
173.04697	-1.0
173.06512	-1.0
173.08316	-1.0
173.10455	-1.0
173.11543	-1.0
173.15569	-1.0
173.15932	-1.0
173.16383	-1.0
173.19676	1.0
173.20972	-1.0
173.21692	-1.0
173.24963	-1.0
173.28471	-1.0
173.28752	-1.0
173.30008	-1.0
173.30948	-1.0
173.31992	-1.0
173.32376	-1.0
173.3332	-1.0
173.34296	-1.0
173.34628	-1.0
173.35728	-1.0
173.38297	-1.0
173.40504	-1.0
173.45068	-1.0
173.45396	-1.0
173.48071	-1.0
173.50488	-1.0
173.50797	-1.0
173.54144	-1.0
173.54443	-1.0
173.57845	-1.0
173.595	-1.0
173.59917	-1.0
173.64368	1.0
173.64636	1.0
173.6858	-1.0
173.69504	-1.0
173.70776	-1.0
173.71736	-1.0
173.7382	-1.0
173.78664	-1.0
173.80676	-1.0
173.83984	-1.0
173.8556	-1.0
173.8822	-1.0
173.91304	-1.0
173.92136	-1.0
173.92476	-1.0
173.9312	-1.0
173.94975	-1.0
173.97508	-1.0
173.9784	-1.0
174.00632	-1.0
174.00984	-1.0
174.0254	-1.0
174.04332	-1.0
174.09512	-1.0
174.10176	-1.0
174.1046	-1.0
174.12692	-1.0
174.13556	-1.0
174.14407	-1.0
174.14713	-1.0
174.17229	1.0
174.19437	-1.0
174.20024	-1.0
174.24968	-1.0
174.28111	-1.0
174.29332	-1.0
174.31012	-1.0
174.3284	-1.0
174.34224	-1.0
174.38593	-1.0
174.40904	-1.0
174.41277	-1.0
174.44508	-1.0
174.44807	-1.0
174.45932	-1.0
174.48788	-1.0
174.49472	-1.0
174.5254	-1.0
174.5438	-1.0
174.56772	-1.0
174.57036	1.0
174.6324	-1.0
179.04288	1.0
179.04633	-1.0
179.04936	-1.0
179.05524	-1.0
179.0646	-1.0
179.08752	-1.0
179.10524	1.0
179.11684	-1.0
179.13284	-1.0
179.15685	-1.0
179.16827	-1.0
179.17789	-1.0
179.1946	-1.0
179.20392	1.0
179.22597	-1.0
179.23135	-1.0
179.23811	-1.0
179.24644	-1.0
179.24995	-1.0
179.26917	-1.0
179.27432	-1.0
179.293	-1.0
179.2998	-1.0
179.30812	-1.0
179.33044	1.0
179.3644	1.0
179.36691	1.0
179.3826	-1.0
179.43285	-1.0
179.43932	-1.0
179.44936	-1.0
179.45811	-1.0
179.46751	-1.0
179.4874	-1.0
179.5248	-1.0
179.53513	-1.0
179.54951	-1.0
179.57132	-1.0
179.58743	-1.0
179.59772	-1.0
179.61005	-1.0
179.62636	-1.0
179.6374	-1.0
179.64616	-1.0
179.65572	1.0
179.67792	-1.0
179.681	-1.0
179.68588	-1.0
179.71413	-1.0
179.73112	-1.0
179.73364	1.0
179.75735	-1.0
179.76208	-1.0
179.76624	-1.0
179.78424	-1.0
179.79465	-1.0
179.8092	-1.0
179.83076	-1.0
179.83948	-1.0
179.88812	-1.0
179.89143	-1.0
179.90968	-1.0
179.91943	-1.0
179.95747	-1.0
179.96033	-1.0
179.97652	-1.0
179.98187	-1.0
179.99084	-1.0
180.01517	-1.0
180.01875	-1.0
180.02988	-1.0
180.03789	-1.0
180.05876	1.0
180.06128	1.0
180.07964	-1.0
180.10176	-1.0
180.111	-1.0
180.17532	-1.0
180.17896	-1.0
180.19748	-1.0
180.22984	-1.0
180.2426	-1.0
180.24724	-1.0
180.26308	-1.0
180.27484	-1.0
180.30388	1.0
180.31744	-1.0
180.33604	-1.0
180.3438	-1.0
180.38272	-1.0
180.38628	-1.0
180.43307	-1.0
180.47792	-1.0
180.5054	-1.0
180.55536	-1.0
180.5758	-1.0
180.61176	-1.0
180.6458	-1.0
180.66489	-1.0
180.69289	-1.0
180.72316	-1.0
180.74648	-1.0
180.80743	-1.0
180.8254	1.0
180.82793	1.0
184.82396	1.0
184.82652	1.0
184.83012	-1.0
184.8378	1.0
184.84984	-1.0
184.85275	-1.0
184.86703	-1.0
184.871	-1.0
184.87843	-1.0
184.88864	1.0
184.90083	-1.0
184.91176	-1.0
184.91743	-1.0
184.92397	-1.0
184.94612	-1.0
184.95695	-1.0
184.96085	-1.0
184.97128	-1.0
184.97388	-1.0
184.98888	-1.0
184.99452	-1.0
185.00533	-1.0
185.02612	-1.0
185.02892	-1.0
185.03264	-1.0
185.04424	-1.0
185.07507	-1.0
185.09125	-1.0
185.1022	-1.0
185.11896	-1.0
185.12695	-1.0
185.12991	-1.0
185.15285	-1.0
185.17488	-1.0
185.17809	-1.0
185.20004	-1.0
185.23032	-1.0
185.2906	-1.0
185.29433	-1.0
185.32092	-1.0
185.32784	-1.0
185.34436	-1.0
185.36652	-1.0
185.38716	1.0
185.38985	1.0
185.41669	-1.0
185.42291	-1.0
185.44008	-1.0
185.4434	-1.0
185.47192	1.0
185.47449	1.0
185.50111	-1.0
185.50533	-1.0
185.51524	-1.0
185.53656	-1.0
185.54152	-1.0
185.56136	-1.0
185.5974	-1.0
185.60043	-1.0
185.60416	-1.0
185.62952	-1.0
185.63297	-1.0
185.64572	-1.0
185.66183	-1.0
185.66588	-1.0
185.69257	-1.0
185.7722	-1.0
185.79231	-1.0
185.80536	-1.0
185.85104	-1.0
185.86404	-1.0
185.87892	-1.0
185.89684	-1.0
185.90524	-1.0
185.92912	-1.0
185.9326	-1.0
185.93584	-1.0
185.94296	-1.0
185.94553	-1.0
185.96892	-1.0
185.98409	-1.0
185.9866	-1.0
186.01848	-1.0
186.02876	-1.0
186.04764	-1.0
186.07349	-1.0
186.07712	-1.0
186.08025	-1.0
186.10992	1.0
186.11296	1.0
186.14133	1.0
186.14624	-1.0
186.16383	-1.0
186.18292	-1.0
186.2194	-1.0
186.2574	-1.0
186.30785	-1.0
186.31244	-1.0
186.33765	-1.0
186.3636	1.0
186.367	1.0
186.40771	-1.0
186.43327	-1.0
186.4452	-1.0
186.45184	-1.0
186.48251	-1.0
186.48784	-1.0
186.52608	-1.0
186.61284	-1.0
190.18716	-1.0
190.192	-1.0
190.19684	-1.0
190.2038	-1.0
190.21472	-1.0
190.22076	-1.0
190.2304	1.0
190.23708	-1.0
190.24648	-1.0
190.2552	-1.0
190.25964	-1.0
190.26756	1.0
190.307	1.0
190.3102	-1.0
190.34404	-1.0
190.35928	1.0
190.3618	1.0
190.37648	-1.0
190.38924	-1.0
190.41412	-1.0
190.4178	-1.0
190.42804	-1.0
190.45535	-1.0
190.5464	-1.0
190.55045	-1.0
190.57095	-1.0
190.57364	1.0
190.5844	-1.0
190.59811	-1.0
190.6074	-1.0
190.6526	-1.0
190.67296	-1.0
190.69987	-1.0
190.7026	-1.0
190.72269	-1.0
190.72644	-1.0
190.7718	-1.0
190.78471	-1.0
190.81252	-1.0
190.81863	-1.0
190.8272	-1.0
190.83868	-1.0
190.84244	-1.0
190.85423	1.0
190.858	-1.0
190.91425	-1.0
190.92912	-1.0
190.93788	-1.0
190.94817	-1.0
190.95357	-1.0
190.97116	-1.0
190.97427	-1.0
190.98808	-1.0
191.01492	1.0
191.0268	-1.0
191.0482	-1.0
191.0672	-1.0
191.09612	-1.0
191.0994	-1.0
191.11128	-1.0
191.12636	-1.0
191.12964	-1.0
191.14716	-1.0
191.1576	-1.0
191.20056	-1.0
191.20747	-1.0
191.21803	-1.0
191.25244	-1.0
191.25548	-1.0
191.272	-1.0
191.2824	-1.0
191.30692	-1.0
191.32275	-1.0
191.33444	-1.0
191.33804	-1.0
191.34656	-1.0
191.35625	-1.0
191.36232	-1.0
191.36612	-1.0
191.40204	-1.0
191.4218	-1.0
191.43085	-1.0
191.44595	-1.0
191.46568	-1.0
191.50548	-1.0
191.50883	-1.0
191.5126	-1.0
191.52856	-1.0
191.5384	-1.0
191.57472	-1.0
191.59071	-1.0
191.60428	-1.0
191.62872	-1.0
191.6344	-1.0
191.6524	-1.0
191.66644	-1.0
191.67049	-1.0
191.6884	-1.0
191.69284	-1.0
191.69852	-1.0
191.7222	-1.0
191.769	-1.0
191.77248	-1.0
191.7942	-1.0
191.82536	-1.0
191.85204	-1.0
191.93008	-1.0
191.97289	-1.0
191.98872	-1.0
196.03545	-1.0
196.04216	-1.0
196.04752	-1.0
196.0532	-1.0
196.06071	-1.0
196.06892	-1.0
196.0728	-1.0
196.07632	-1.0
196.07932	-1.0
196.08208	-1.0
196.09789	-1.0
196.11044	-1.0
196.11745	1.0
196.13107	1.0
196.15144	-1.0
196.15685	1.0
196.16284	-1.0
196.17197	-1.0
196.17596	-1.0
196.19188	-1.0
196.22733	-1.0
196.23717	-1.0
196.25508	-1.0
196.26848	-1.0
196.30116	-1.0
196.30376	-1.0
196.31387	-1.0
196.32744	-1.0
196.34956	-1.0
196.35712	-1.0
196.36089	-1.0
196.36368	-1.0
196.3918	-1.0
196.414	-1.0
196.41776	-1.0
196.4326	1.0
196.43645	-1.0
196.4606	-1.0
196.46776	-1.0
196.47284	-1.0
196.49612	-1.0
196.53256	1.0
196.5534	-1.0
196.57127	-1.0
196.59608	-1.0
196.60872	-1.0
196.61195	-1.0
196.64772	-1.0
196.67656	-1.0
196.70116	-1.0
196.71507	-1.0
196.73833	-1.0
196.75027	-1.0
196.7792	-1.0
196.79492	-1.0
196.80331	-1.0
196.82416	-1.0
196.83124	-1.0
196.84409	-1.0
196.85349	-1.0
196.872	-1.0
196.87456	-1.0
196.89172	-1.0
196.90611	-1.0
196.96024	-1.0
196.97964	-1.0
196.99808	-1.0
197.00488	-1.0
197.02188	-1.0
197.044	-1.0
197.08237	-1.0
197.09248	-1.0
197.09636	-1.0
197.1058	-1.0
197.12572	-1.0
197.16232	-1.0
197.17456	-1.0
197.17836	-1.0
197.19832	-1.0
197.21664	1.0
197.2248	-1.0
197.2348	-1.0
197.25076	-1.0
197.27156	-1.0
197.27785	-1.0
197.28523	-1.0
197.3348	-1.0
197.3536	-1.0
197.35612	-1.0
197.3602	-1.0
197.37212	-1.0
197.38652	-1.0
197.41136	-1.0
197.42188	-1.0
197.43391	-1.0
197.46973	-1.0
197.50005	-1.0
197.53629	-1.0
197.55876	-1.0
197.58508	-1.0
197.59532	-1.0
197.62772	-1.0
197.64424	1.0
197.67133	-1.0
197.8008	-1.0
197.81303	-1.0
201.94383	-1.0
201.94812	-1.0
201.95604	-1.0
201.97491	-1.0
201.98804	-1.0
201.99413	-1.0
202.0014	-1.0
202.01024	-1.0
202.0346	1.0
202.039	-1.0
202.08109	-1.0
202.08427	-1.0
202.08696	-1.0
202.09108	-1.0
202.10912	-1.0
202.1346	1.0
202.15665	-1.0
202.16104	-1.0
202.1786	-1.0
202.20828	-1.0
202.22444	-1.0
202.24532	1.0
202.2536	-1.0
202.2582	-1.0
202.29845	-1.0
202.3066	-1.0
202.35423	-1.0
202.36432	-1.0
202.37508	-1.0
202.39143	-1.0
202.40016	-1.0
202.44196	-1.0
202.45204	-1.0
202.46191	-1.0
202.48128	-1.0
202.48907	-1.0
202.51292	-1.0
202.51692	-1.0
202.52975	-1.0
202.56808	-1.0
202.58176	-1.0
202.59984	1.0
202.60368	-1.0
202.61629	-1.0
202.64784	-1.0
202.65244	-1.0
202.66512	-1.0
202.678	-1.0
202.6888	-1.0
202.71992	-1.0
202.75056	-1.0
202.76224	-1.0
202.78896	-1.0
202.80612	-1.0
202.8094	-1.0
202.83765	-1.0
202.84656	-1.0
202.85815	-1.0
202.90068	1.0
202.95584	1.0
202.95932	-1.0
203.01105	-1.0
203.02464	1.0
203.04448	-1.0
203.12589	-1.0
203.13864	-1.0
203.20251	-1.0
203.22244	-1.0
203.23116	-1.0
203.23392	-1.0
203.25304	-1.0
203.2964	-1.0
203.3116	-1.0
203.31631	-1.0
203.33691	-1.0
203.35912	-1.0
203.37389	-1.0
203.38383	-1.0
203.40125	-1.0
203.41832	-1.0
203.42172	-1.0
203.42552	-1.0
203.47208	-1.0
203.4956	-1.0
203.50648	-1.0
203.52916	-1.0
207.83644	-1.0
207.83945	-1.0
207.84436	1.0
207.8532	1.0
207.87251	1.0
207.89816	-1.0
207.90717	-1.0
207.92064	-1.0
207.93456	-1.0
207.95177	-1.0
207.968	-1.0
207.9744	-1.0
207.97716	-1.0
207.99028	-1.0
207.99484	-1.0
208.00424	-1.0
208.01093	-1.0
208.01537	-1.0
208.02664	-1.0
208.04468	-1.0
208.0508	-1.0
208.06493	-1.0
208.08604	-1.0
208.08913	-1.0
208.1098	-1.0
208.1264	-1.0
208.14204	-1.0
208.1652	1.0
208.17377	-1.0
208.23904	-1.0
208.24245	-1.0
208.26976	-1.0
208.28523	-1.0
208.29892	-1.0
208.30644	-1.0
208.333	-1.0
208.35452	-1.0
208.37273	-1.0
208.383	1.0
208.38564	1.0
208.41364	-1.0
208.42757	-1.0
208.43028	-1.0
208.445	-1.0
208.48747	-1.0
208.49884	-1.0
208.55351	-1.0
208.58575	-1.0
208.611	1.0
208.63144	-1.0
208.663	-1.0
208.68956	-1.0
208.71043	-1.0
208.72264	-1.0
208.735	-1.0
208.75656	-1.0
208.83005	-1.0
208.83568	-1.0
208.8394	-1.0
208.85736	-1.0
208.89397	-1.0
208.91724	-1.0
208.91992	-1.0
208.94164	-1.0
208.9792	-1.0
208.99316	-1.0
209.03812	-1.0
209.06088	-1.0
209.06372	-1.0
209.08316	-1.0
209.11632	-1.0
209.1198	-1.0
209.13953	-1.0
209.15	-1.0
209.16284	-1.0
209.17387	-1.0
209.18904	1.0
209.19156	1.0
209.21655	-1.0
209.2406	-1.0
209.27956	-1.0
209.29868	-1.0
209.33888	-1.0
209.39568	-1.0
209.4244	-1.0
209.44077	-1.0
209.4838	-1.0
209.48676	-1.0
209.51984	-1.0
213.69684	-1.0
213.70284	-1.0
213.7068	-1.0
213.71164	-1.0
213.7166	-1.0
213.7356	1.0
213.74004	-1.0
213.75156	-1.0
213.7808	-1.0
213.81772	-1.0
213.82428	-1.0
213.84964	-1.0
213.85223	-1.0
213.8594	-1.0
213.88412	-1.0
213.89	-1.0
213.903	-1.0
213.95357	-1.0
213.96396	-1.0
213.98228	-1.0
213.98663	-1.0
214.01044	-1.0
214.02284	-1.0
214.02605	-1.0
214.05124	-1.0
214.07732	-1.0
214.08565	-1.0
214.1014	-1.0
214.10509	-1.0
214.11536	-1.0
214.12633	-1.0
214.14536	-1.0
214.15668	-1.0
214.16776	-1.0
214.19812	-1.0
214.21632	-1.0
214.22472	-1.0
214.24796	-1.0
214.25084	-1.0
214.31429	-1.0
214.32603	-1.0
214.33736	-1.0
214.34796	-1.0
214.3806	-1.0
214.401	-1.0
214.4062	-1.0
214.4194	-1.0
214.43233	-1.0
214.43613	-1.0
214.46	-1.0
214.4978	-1.0
214.50343	-1.0
214.51788	-1.0
214.5442	1.0
214.55943	-1.0
214.58664	-1.0
214.62976	-1.0
214.66563	-1.0
214.67148	1.0
214.67404	1.0
214.68568	-1.0
214.74889	-1.0
214.78397	1.0
214.78708	-1.0
214.80148	-1.0
214.84752	-1.0
214.86188	-1.0
214.9058	-1.0
214.90924	-1.0
214.932	-1.0
214.93475	-1.0
214.96832	-1.0
214.99352	-1.0
214.9968	-1.0
215.02884	1.0
215.0392	-1.0
215.07317	-1.0
215.11777	-1.0
215.13492	-1.0
215.14232	-1.0
215.16496	-1.0
215.1678	-1.0
215.19516	-1.0
215.2074	-1.0
215.21085	-1.0
215.32413	-1.0
219.29976	-1.0
219.3034	-1.0
219.31032	-1.0
219.31631	-1.0
219.32068	-1.0
219.32845	1.0
219.33376	-1.0
219.34108	-1.0
219.35164	-1.0
219.35497	-1.0
219.4022	-1.0
219.41544	-1.0
219.41856	-1.0
219.44913	-1.0
219.46191	-1.0
219.46584	-1.0
219.47575	-1.0
219.49783	-1.0
219.52028	-1.0
219.55212	-1.0
219.55708	-1.0
219.5596	-1.0
219.60452	-1.0
219.6156	-1.0
219.63129	-1.0
219.65564	-1.0
219.6828	-1.0
219.68916	-1.0
219.7318	-1.0
219.75468	-1.0
219.76512	-1.0
219.8238	-1.0
219.83173	-1.0
219.84409	-1.0
219.85596	-1.0
219.85944	-1.0
219.88065	1.0
219.9294	-1.0
219.94748	-1.0
219.95096	-1.0
219.95544	-1.0
219.985	1.0
219.99667	-1.0
220.04984	-1.0
220.05331	-1.0
220.07248	-1.0
220.08871	-1.0
220.12749	-1.0
220.17113	-1.0
220.202	-1.0
220.22708	-1.0
220.26768	-1.0
220.28288	-1.0
220.32048	-1.0
220.32391	-1.0
220.35275	-1.0
220.35571	-1.0
220.39397	-1.0
220.39716	-1.0
220.42957	-1.0
220.44531	-1.0
220.45688	-1.0
220.50545	-1.0
220.53429	-1.0
220.56004	-1.0
220.58932	-1.0
220.61491	-1.0
220.66452	-1.0
220.66768	-1.0
220.70676	-1.0
220.71248	-1.0
220.7492	-1.0
220.78471	1.0
220.79764	-1.0
225.2656	-1.0
225.26892	-1.0
225.27232	-1.0
225.28271	-1.0
225.29568	-1.0
225.31436	-1.0
225.33276	-1.0
225.34036	-1.0
225.3434	-1.0
225.36284	-1.0
225.37411	-1.0
225.38509	-1.0
225.4	-1.0
225.40292	-1.0
225.4142	-1.0
225.42	-1.0
225.42296	-1.0
225.43571	1.0
225.44504	-1.0
225.45096	-1.0
225.46664	-1.0
225.49144	-1.0
225.50916	1.0
225.52496	-1.0
225.57428	1.0
225.5774	-1.0
225.60052	-1.0
225.60423	-1.0
225.62367	-1.0
225.64172	-1.0
225.64496	-1.0
225.66588	-1.0
225.68687	-1.0
225.7268	-1.0
225.77072	-1.0
225.78824	-1.0
225.80316	1.0
225.80644	-1.0
225.81992	-1.0
225.84584	-1.0
225.86247	-1.0
225.8884	-1.0
225.90125	-1.0
225.97025	-1.0
225.97404	-1.0
225.99788	-1.0
226.0018	-1.0
226.0132	-1.0
226.04268	-1.0
226.0574	-1.0
226.09708	-1.0
226.13112	-1.0
226.18784	-1.0
226.20683	-1.0
226.26256	1.0
226.2664	-1.0
226.2726	-1.0
226.31068	-1.0
226.32452	-1.0
226.39328	-1.0
226.39597	-1.0
226.40852	-1.0
226.44768	-1.0
226.45576	-1.0
226.51804	-1.0
226.52136	-1.0
226.54272	-1.0
226.56088	-1.0
226.57349	-1.0
226.61552	-1.0
226.68608	-1.0
226.70068	-1.0
226.70392	-1.0
226.73824	-1.0
226.75728	-1.0
226.84192	-1.0
226.878	-1.0
226.88124	-1.0
226.91644	-1.0
230.77583	-1.0
230.78493	1.0
230.79707	-1.0
230.8076	-1.0
230.81636	-1.0
230.83311	-1.0
230.84116	-1.0
230.85512	-1.0
230.86671	-1.0
230.88564	-1.0
230.89064	-1.0
230.92552	-1.0
230.92812	-1.0
230.94028	-1.0
230.95976	-1.0
230.96996	-1.0
230.974	-1.0
230.99152	-1.0
230.99416	-1.0
231.03836	-1.0
231.0416	-1.0
231.051	-1.0
231.09792	-1.0
231.11548	-1.0
231.12263	-1.0
231.12865	-1.0
231.14096	-1.0
231.1812	-1.0
231.21516	-1.0
231.22368	-1.0
231.24576	-1.0
231.26692	-1.0
231.3018	-1.0
231.339	-1.0
231.36333	-1.0
231.37917	-1.0
231.39896	-1.0
231.41795	-1.0
231.45824	-1.0
231.51668	-1.0
231.52596	-1.0
231.53323	1.0
231.54556	-1.0
231.57771	-1.0
231.59727	1.0
231.60664	-1.0
231.62592	-1.0
231.6558	-1.0
231.70776	-1.0
231.71445	-1.0
231.73	-1.0
231.74376	-1.0
231.7584	-1.0
231.76749	-1.0
231.78316	-1.0
231.78616	-1.0
231.79012	-1.0
231.80664	1.0
231.82828	-1.0
231.89168	-1.0
231.91632	-1.0
231.98824	-1.0
232.01436	-1.0
232.02216	-1.0
232.03088	1.0
232.05016	-1.0
232.05428	-1.0
232.08876	-1.0
232.11032	-1.0
232.14008	-1.0
232.17068	-1.0
236.61676	-1.0
236.6198	-1.0
236.62791	-1.0
236.64404	-1.0
236.6568	-1.0
236.68452	-1.0
236.6938	-1.0
236.71484	-1.0
236.72176	-1.0
236.73177	1.0
236.74632	-1.0
236.75269	-1.0
236.76236	-1.0
236.78096	-1.0
236.784	-1.0
236.78767	-1.0
236.81888	-1.0
236.85164	-1.0
236.85992	-1.0
236.91092	-1.0
236.91943	-1.0
236.93584	-1.0
236.94684	-1.0
237.00668	-1.0
237.01508	-1.0
237.0276	-1.0
237.03088	-1.0
237.03893	-1.0
237.05936	-1.0
237.07233	1.0
237.0872	-1.0
237.162	-1.0
237.16592	-1.0
237.17516	-1.0
237.20789	1.0
237.2558	1.0
237.30472	-1.0
237.30772	-1.0
237.31197	-1.0
237.34532	-1.0
237.37073	-1.0
237.42908	-1.0
237.44896	-1.0
237.4544	-1.0
237.48685	-1.0
237.50797	-1.0
237.5108	-1.0
237.55644	-1.0
237.59196	-1.0
237.60593	-1.0
237.6246	-1.0
237.6386	-1.0
237.65448	-1.0
237.67789	-1.0
237.69432	-1.0
237.71909	-1.0
237.7356	-1.0
237.74644	-1.0
237.77605	-1.0
237.77943	-1.0
237.79189	-1.0
237.79616	-1.0
237.82996	-1.0
237.85312	-1.0
237.8712	-1.0
237.91476	-1.0
237.92007	-1.0
237.93452	-1.0
237.94724	-1.0
237.9608	-1.0
237.97768	-1.0
238.014	-1.0
238.03133	-1.0
238.03696	-1.0
238.05605	-1.0
238.078	1.0
238.08624	-1.0
238.11343	-1.0
238.14787	-1.0
242.15944	-1.0
242.1634	-1.0
242.17336	-1.0
242.19131	-1.0
242.22276	-1.0
242.2354	-1.0
242.25836	1.0
242.26216	-1.0
242.27472	-1.0
242.28688	-1.0
242.33604	1.0
242.3516	-1.0
242.3838	-1.0
242.39333	-1.0
242.40924	-1.0
242.41528	-1.0
242.4296	-1.0
242.4838	-1.0
242.48732	-1.0
242.5102	-1.0
242.522	-1.0
242.52452	-1.0
242.5584	-1.0
242.57736	-1.0
242.58617	-1.0
242.61935	-1.0
242.62505	-1.0
242.62769	-1.0
242.64876	-1.0
242.65536	-1.0
242.69836	-1.0
242.71445	-1.0
242.72212	-1.0
242.72588	-1.0
242.75952	-1.0
242.77948	-1.0
242.82648	-1.0
242.85867	-1.0
242.88876	-1.0
242.89264	-1.0
242.91373	-1.0
242.95096	-1.0
242.95631	-1.0
242.96516	-1.0
242.9688	-1.0
242.97672	1.0
243.04164	-1.0
243.06552	-1.0
243.0764	-1.0
243.1198	1.0
243.12389	-1.0
243.16304	-1.0
243.16748	-1.0
243.18324	-1.0
243.22395	-1.0
243.25787	-1.0
243.3068	-1.0
243.33015	-1.0
243.33311	-1.0
243.3714	-1.0
243.40527	-1.0
243.41109	-1.0
243.43028	-1.0
243.47037	-1.0
243.48068	-1.0
243.49287	-1.0
243.505	-1.0
243.52336	-1.0
243.53128	-1.0
243.54388	-1.0
243.54816	-1.0
243.55296	-1.0
243.5572	-1.0
243.57764	-1.0
243.58109	-1.0
243.58829	-1.0
243.6174	-1.0
243.62724	-1.0
243.64156	-1.0
243.66676	-1.0
243.6814	-1.0
243.7592	-1.0
243.77612	-1.0
248.63916	-1.0
248.64384	-1.0
248.65643	1.0
248.67888	-1.0
248.69308	-1.0
248.70483	-1.0
248.71628	-1.0
248.73093	-1.0
248.74864	-1.0
248.8032	-1.0
248.81177	-1.0
248.83992	-1.0
248.86632	1.0
248.90164	-1.0
248.9096	-1.0
248.92609	-1.0
248.9592	-1.0
248.9656	-1.0
249.00952	-1.0
249.04948	-1.0
249.0816	-1.0
249.09868	-1.0
249.12996	-1.0
249.13297	-1.0
249.1392	-1.0
249.16292	-1.0
249.17792	-1.0
249.2022	-1.0
249.26495	-1.0
249.28444	-1.0
249.34315	-1.0
249.38193	-1.0
249.39957	-1.0
249.4022	-1.0
249.41615	-1.0
249.4402	-1.0
249.51167	1.0
249.53555	-1.0
249.59184	-1.0
249.61777	-1.0
249.69247	-1.0
249.70947	-1.0
249.7334	-1.0
249.77328	-1.0
249.7828	-1.0
249.80396	-1.0
249.81017	-1.0
249.82812	-1.0
249.85297	-1.0
249.88107	-1.0
249.90808	-1.0
249.91193	-1.0
249.95708	1.0
249.96092	-1.0
249.97496	-1.0
250.02956	-1.0
250.03725	-1.0
250.04996	-1.0
250.0694	1.0
250.1342	-1.0
250.17464	-1.0
250.2088	-1.0
250.25404	-1.0
250.26772	-1.0
255.00735	-1.0
255.0126	-1.0
255.01929	-1.0
255.02933	-1.0
255.03528	-1.0
255.0468	-1.0
255.04996	-1.0
255.06084	1.0
255.12204	-1.0
255.1574	-1.0
255.16457	-1.0
255.20631	1.0
255.21	-1.0
255.23236	-1.0
255.23695	-1.0
255.28229	-1.0
255.3046	-1.0
255.3204	-1.0
255.34712	-1.0
255.35724	-1.0
255.3656	-1.0
255.37708	-1.0
255.39156	-1.0
255.40364	-1.0
255.42084	-1.0
255.42696	-1.0
255.4428	-1.0
255.48024	-1.0
255.51611	-1.0
255.54791	-1.0
255.58192	-1.0
255.6122	-1.0
255.61987	1.0
255.62717	-1.0
255.65228	-1.0
255.66267	-1.0
255.69432	-1.0
255.70969	-1.0
255.71243	-1.0
255.72047	-1.0
255.72469	-1.0
255.75464	-1.0
255.78207	-1.0
255.797	-1.0
255.84148	-1.0
255.85307	-1.0
255.86516	-1.0
255.88756	-1.0
255.93576	-1.0
255.96243	1.0
255.98	-1.0
255.9976	-1.0
256.0194	-1.0
256.12595	-1.0
256.1357	-1.0
256.1418	-1.0
256.16095	-1.0
256.17383	-1.0
256.19043	-1.0
256.20953	1.0
256.22827	-1.0
256.2335	-1.0
256.29385	-1.0
256.30338	-1.0
256.33527	-1.0
256.3619	-1.0
256.3846	-1.0
256.44675	-1.0
260.20587	-1.0
260.2234	-1.0
260.23734	-1.0
260.24695	-1.0
260.26215	-1.0
260.26492	-1.0
260.27896	1.0
260.30188	-1.0
260.338	-1.0
260.34637	-1.0
260.40594	-1.0
260.42053	-1.0
260.42307	-1.0
260.43317	-1.0
260.514	-1.0
260.54507	-1.0
260.55383	-1.0
260.5692	-1.0
260.62192	-1.0
260.635	-1.0
260.6599	-1.0
260.68567	-1.0
260.70087	-1.0
260.72568	-1.0
260.78323	-1.0
260.79712	1.0
260.79965	1.0
260.828	-1.0
260.84735	-1.0
260.8509	-1.0
260.9182	-1.0
260.96497	-1.0
260.99637	-1.0
261.04517	-1.0
261.0742	-1.0
261.0869	-1.0
261.09988	-1.0
261.13205	1.0
261.1452	-1.0
261.14847	-1.0
261.19815	-1.0
261.24463	-1.0
261.2486	-1.0
261.2751	1.0
261.3499	-1.0
261.35553	-1.0
261.41183	-1.0
261.41656	-1.0
261.42023	-1.0
261.43292	-1.0
261.44476	-1.0
261.49536	-1.0
261.5356	-1.0
261.54016	-1.0
261.57587	-1.0
261.5784	-1.0
261.6026	-1.0
261.6183	-1.0
261.62256	-1.0
261.64484	-1.0
265.68268	-1.0
265.69733	-1.0
265.7007	-1.0
265.72488	-1.0
265.72977	-1.0
265.75287	-1.0
265.7656	-1.0
265.77448	-1.0
265.79327	-1.0
265.803	-1.0
265.82327	-1.0
265.8302	-1.0
265.84473	-1.0
265.85748	-1.0
265.87433	-1.0
265.8836	-1.0
265.9004	-1.0
265.91525	-1.0
265.9662	-1.0
265.98773	-1.0
266.01733	-1.0
266.0582	-1.0
266.0728	-1.0
266.08865	-1.0
266.09268	-1.0
266.10995	-1.0
266.1322	-1.0
266.1975	-1.0
266.2105	1.0
266.29565	-1.0
266.3343	-1.0
266.34195	-1.0
266.37332	-1.0
266.39685	-1.0
266.40424	-1.0
266.41425	-1.0
266.42487	-1.0
266.43185	-1.0
266.4574	-1.0
266.4628	-1.0
266.53577	-1.0
266.59543	-1.0
266.62173	-1.0
266.68573	-1.0
266.70163	-1.0
266.7046	-1.0
266.70786	-1.0
266.73276	-1.0
266.7362	-1.0
266.74335	-1.0
266.78317	-1.0
266.79648	-1.0
266.81815	-1.0
266.82593	-1.0
266.83044	1.0
266.8448	-1.0
266.8545	-1.0
266.88116	-1.0
266.92117	1.0
266.95557	-1.0
266.95856	-1.0
266.99548	-1.0
267.0276	-1.0
267.03983	-1.0
267.05615	-1.0
267.09363	-1.0
267.1668	-1.0
271.24124	-1.0
271.25723	-1.0
271.2837	-1.0
271.2911	1.0
271.2979	-1.0
271.30093	1.0
271.317	-1.0
271.32037	-1.0
271.33032	-1.0
271.3602	-1.0
271.37784	-1.0
271.40283	-1.0
271.4305	-1.0
271.4424	-1.0
271.4662	-1.0
271.47668	-1.0
271.484	-1.0
271.5044	-1.0
271.51245	-1.0
271.58286	-1.0
271.6085	-1.0
271.61188	-1.0
271.6228	1.0
271.67227	-1.0
271.6876	-1.0
271.69107	-1.0
271.71167	-1.0
271.7384	-1.0
271.7492	-1.0
271.78436	-1.0
271.8019	-1.0
271.8112	-1.0
271.8156	-1.0
271.82812	-1.0
271.90067	-1.0
271.91565	1.0
271.9196	-1.0
271.9614	-1.0
271.98016	-1.0
272.02692	-1.0
272.0597	-1.0
272.08493	-1.0
272.0883	-1.0
272.09225	-1.0
272.10336	-1.0
272.1155	-1.0
272.1549	-1.0
272.20715	-1.0
272.2634	-1.0
272.26816	-1.0
272.28384	-1.0
272.3074	-1.0
272.4278	-1.0
272.50656	-1.0
272.55917	-1.0
274.78802	-1.0
274.83475	-1.0
274.83975	-1.0
274.8477	-1.0
274.8662	-1.0
274.87076	-1.0
274.88354	-1.0
274.88766	-1.0
274.93665	-1.0
274.9561	-1.0
274.97177	-1.0
274.99445	-1.0
275.00552	-1.0
275.03156	-1.0
275.06155	-1.0
275.06952	-1.0
275.1043	-1.0
275.11575	-1.0
275.1384	-1.0
275.14304	-1.0
275.1522	-1.0
275.16025	-1.0
275.19727	-1.0
275.20932	-1.0
275.21436	-1.0
275.28745	-1.0
275.302	-1.0
275.3528	-1.0
275.3733	-1.0
275.4026	-1.0
275.425	-1.0
275.4618	-1.0
275.50916	-1.0
275.52963	-1.0
275.5434	-1.0
275.58267	-1.0
275.6972	1.0
275.71906	-1.0
275.78436	-1.0
275.79855	-1.0
275.81332	-1.0
275.83264	-1.0
275.8444	-1.0
275.8758	-1.0
275.89075	-1.0
275.90475	-1.0
275.90808	-1.0
275.9702	-1.0
275.9871	-1.0
275.99496	-1.0
276.00635	-1.0
276.01917	-1.0
276.0448	-1.0
276.04752	-1.0
276.1432	-1.0
281.38135	-1.0
281.38644	-1.0
281.40717	-1.0
281.42853	-1.0
281.43295	-1.0
281.43903	-1.0
281.47372	-1.0
281.48532	-1.0
281.4986	-1.0
281.52103	-1.0
281.58212	1.0
281.61047	-1.0
281.6591	-1.0
281.72556	-1.0
281.72833	-1.0
281.76312	-1.0
281.82095	-1.0
281.84167	-1.0
281.885	1.0
281.89868	-1.0
281.9211	-1.0
281.92697	-1.0
281.9522	-1.0
281.97644	1.0
281.99725	-1.0
282.01016	-1.0
282.02908	-1.0
282.06744	-1.0
282.08096	-1.0
282.09357	-1.0
282.1071	-1.0
282.11215	-1.0
282.14255	-1.0
282.1717	-1.0
282.18716	-1.0
282.1938	-1.0
282.25208	1.0
282.2813	-1.0
282.3509	-1.0
282.35672	-1.0
282.3633	-1.0
282.37875	-1.0
282.3835	-1.0
282.41748	-1.0
282.42188	-1.0
282.45276	-1.0
282.457	-1.0
282.47064	-1.0
282.56024	-1.0
282.59912	-1.0
282.62817	-1.0
282.631	-1.0
282.66443	-1.0
282.66772	-1.0
286.38443	-1.0
286.41028	-1.0
286.4758	-1.0
286.5113	-1.0
286.51697	-1.0
286.5727	-1.0
286.5927	-1.0
286.61652	-1.0
286.6258	-1.0
286.65256	-1.0
286.7267	-1.0
286.75052	-1.0
286.7876	-1.0
286.81192	-1.0
286.83188	-1.0
286.86435	-1.0
286.8823	-1.0
286.88715	-1.0
286.91812	-1.0
286.92612	-1.0
286.95493	-1.0
286.95844	-1.0
286.99017	-1.0
287.08948	-1.0
287.0959	-1.0
287.13333	-1.0
287.17203	-1.0
287.20108	-1.0
287.21835	-1.0
287.30212	-1.0
287.33167	-1.0
287.34305	-1.0
287.3538	-1.0
287.36795	-1.0
287.38232	-1.0
287.4078	-1.0
287.44196	-1.0
287.44775	-1.0
287.4667	-1.0
287.5074	-1.0
287.5562	-1.0
287.5987	-1.0
287.645	-1.0
289.89627	-1.0
289.9772	-1.0
289.98895	-1.0
290.01013	-1.0
290.01788	-1.0
290.05893	-1.0
290.07504	-1.0
290.07944	-1.0
290.09937	-1.0
290.1497	-1.0
290.2038	-1.0
290.22705	-1.0
290.2394	-1.0
290.31165	-1.0
290.34796	-1.0
290.3737	-1.0
290.38596	1.0
290.40573	-1.0
290.43057	1.0
290.47968	-1.0
290.5339	-1.0
290.61093	-1.0
290.64032	1.0
290.67105	-1.0
290.7181	-1.0
290.72192	-1.0
290.7258	-1.0
290.83084	-1.0
290.9538	-1.0
290.99527	-1.0
291.01263	-1.0
291.03815	-1.0
291.04977	-1.0
291.05255	-1.0
291.1343	-1.0
291.2642	-1.0
295.4399	-1.0
295.4478	-1.0
295.4607	-1.0
295.47995	-1.0
295.5019	-1.0
295.50864	-1.0
295.52823	-1.0
295.5728	-1.0
295.58585	-1.0
295.5994	-1.0
295.61295	-1.0
295.61646	1.0
295.63165	-1.0
295.63605	-1.0
295.66205	-1.0
295.6867	-1.0
295.693	-1.0
295.715	-1.0
295.73584	-1.0
295.77695	-1.0
295.78793	-1.0
295.83167	-1.0
295.86884	-1.0
295.88873	-1.0
295.90967	-1.0
295.91797	-1.0
295.9208	-1.0
295.94492	-1.0
295.95267	-1.0
295.9844	-1.0
296.01245	-1.0
296.03577	-1.0
296.04755	-1.0
296.13712	-1.0
296.22437	-1.0
296.23203	-1.0
296.28485	-1.0
296.3297	-1.0
296.3692	-1.0
296.3816	-1.0
296.39847	-1.0
296.4157	-1.0
296.4426	-1.0
296.48468	-1.0
296.48843	-1.0
296.4962	-1.0
296.54575	-1.0
296.6447	-1.0
300.35956	-1.0
300.38403	-1.0
300.4005	-1.0
300.44348	-1.0
300.469	-1.0
300.48032	-1.0
300.53748	-1.0
300.55045	-1.0
300.5613	-1.0
300.59155	-1.0
300.61133	-1.0
300.63797	-1.0
300.64072	-1.0
300.64948	-1.0
300.67783	-1.0
300.7112	-1.0
300.75656	-1.0
300.76535	-1.0
300.8076	-1.0
300.88184	-1.0
300.92432	-1.0
300.96405	-1.0
300.9984	-1.0
301.00974	-1.0
301.03195	-1.0
301.051	-1.0
301.0656	-1.0
301.06876	-1.0
301.145	-1.0
301.17264	-1.0
301.1905	-1.0
301.19336	-1.0
301.2411	-1.0
301.2455	-1.0
301.2744	-1.0
301.30103	-1.0
301.33444	-1.0
301.3571	-1.0
301.36908	-1.0
301.37213	-1.0
301.3903	-1.0
301.40613	-1.0
301.4202	-1.0
301.4468	-1.0
301.47537	-1.0
301.53244	-1.0
301.66995	-1.0
305.4046	-1.0
305.44217	-1.0
305.45535	-1.0
305.47043	-1.0
305.47876	-1.0
305.49017	-1.0
305.49457	-1.0
305.50128	-1.0
305.62424	-1.0
305.63327	-1.0
305.638	-1.0
305.6653	-1.0
305.73956	-1.0
305.7544	-1.0
305.7892	-1.0
305.79214	-1.0
305.80753	-1.0
305.83908	-1.0
305.84552	-1.0
305.86987	-1.0
305.88208	-1.0
305.8958	-1.0
305.91013	-1.0
305.9386	-1.0
305.95404	-1.0
305.9626	-1.0
305.98193	-1.0
305.99146	-1.0
306.0073	-1.0
306.03748	-1.0
306.06137	-1.0
306.11664	-1.0
306.1376	-1.0
306.18817	-1.0
306.21008	-1.0
306.22665	-1.0
306.24213	-1.0
306.3582	-1.0
306.41275	-1.0
306.44608	-1.0
306.45175	-1.0
306.51224	-1.0
306.5167	-1.0
306.57907	-1.0
306.60117	-1.0
306.61432	-1.0
306.61783	-1.0
306.64673	-1.0
306.65652	-1.0
306.66495	-1.0
306.7738	-1.0
306.80457	-1.0
310.20804	-1.0
310.2118	-1.0
310.2288	-1.0
310.2409	-1.0
310.267	1.0
310.2696	1.0
310.2801	-1.0
310.28497	-1.0
310.298	-1.0
310.3299	-1.0
310.35956	-1.0
310.36612	1.0
310.38336	-1.0
310.39215	-1.0
310.39856	1.0
310.40805	-1.0
310.42728	-1.0
310.45465	-1.0
310.51263	-1.0
310.52332	-1.0
310.53513	-1.0
310.54572	-1.0
310.55893	-1.0
310.57532	-1.0
310.59497	-1.0
310.6013	-1.0
310.6178	-1.0
310.64484	-1.0
310.65384	-1.0
310.683	-1.0
310.6887	-1.0
310.73215	-1.0
310.75467	-1.0
310.76108	1.0
310.78427	-1.0
310.816	-1.0
310.82416	-1.0
310.83713	-1.0
310.85553	-1.0
310.87012	-1.0
310.89264	-1.0
310.90237	-1.0
310.95084	-1.0
310.9821	-1.0
311.0016	-1.0
311.03067	-1.0
311.05267	-1.0
311.10995	-1.0
311.14877	-1.0
311.1758	-1.0
311.18713	-1.0
311.22885	-1.0
311.23715	-1.0
311.27505	-1.0
311.39987	-1.0
315.85373	-1.0
315.8823	-1.0
315.8993	-1.0
315.91632	-1.0
315.9193	-1.0
315.9224	-1.0
315.9525	-1.0
315.98483	-1.0
315.9979	-1.0
316.01193	-1.0
316.0927	-1.0
316.11124	-1.0
316.1396	-1.0
316.16016	1.0
316.16632	-1.0
316.2068	-1.0
316.21173	-1.0
316.22324	-1.0
316.25143	-1.0
316.29276	-1.0
316.30045	-1.0
316.3046	1.0
316.3072	1.0
316.3719	-1.0
316.3881	-1.0
316.40683	-1.0
316.42355	-1.0
316.43756	-1.0
316.44464	-1.0
316.4557	-1.0
316.47223	-1.0
316.5377	-1.0
316.5428	1.0
316.54688	-1.0
316.59192	-1.0
316.6682	-1.0
316.69537	-1.0
316.70035	-1.0
316.74854	-1.0
316.75974	-1.0
316.8104	-1.0
316.83527	-1.0
316.84293	-1.0
316.90836	-1.0
316.92053	-1.0
316.95395	-1.0
316.9626	-1.0
320.9974	-1.0
321.05676	-1.0
321.07895	-1.0
321.08743	-1.0
321.13913	-1.0
321.16003	-1.0
321.17188	-1.0
321.1894	-1.0
321.19385	-1.0
321.19965	-1.0
321.20337	-1.0
321.22467	-1.0
321.23523	-1.0
321.23856	-1.0
321.24728	-1.0
321.25433	-1.0
321.3176	-1.0
321.35406	-1.0
321.3753	1.0
321.40472	-1.0
321.4212	1.0
321.4568	-1.0
321.4626	-1.0
321.4669	-1.0
321.49692	-1.0
321.50436	-1.0
321.5366	-1.0
321.54477	-1.0
321.5617	-1.0
321.57715	-1.0
321.58557	1.0
321.63193	-1.0
321.66052	-1.0
321.68344	-1.0
321.7425	-1.0
321.79355	-1.0
321.81024	-1.0
321.8264	-1.0
321.8471	-1.0
321.9432	-1.0
321.99628	-1.0
322.01123	-1.0
322.02643	-1.0
322.08176	-1.0
322.1118	-1.0
322.1375	-1.0
322.14407	-1.0
325.93344	-1.0
325.93964	-1.0
325.95963	-1.0
325.96292	-1.0
325.97504	-1.0
326.00287	-1.0
326.01147	-1.0
326.02283	-1.0
326.05084	-1.0
326.06943	-1.0
326.07428	-1.0
326.0821	-1.0
326.1156	-1.0
326.12192	-1.0
326.14328	-1.0
326.14655	-1.0
326.1866	-1.0
326.20984	-1.0
326.2391	-1.0
326.24908	1.0
326.33356	-1.0
326.35995	-1.0
326.36737	1.0
326.38828	-1.0
326.4418	-1.0
326.4508	-1.0
326.48068	-1.0
326.49988	-1.0
326.5039	-1.0
326.50812	-1.0
326.5146	-1.0
326.55807	-1.0
326.57297	-1.0
326.6067	-1.0
326.63065	-1.0
326.6607	-1.0
326.6782	-1.0
326.70688	-1.0
326.78043	1.0
326.78348	-1.0
326.7909	-1.0
326.82492	-1.0
326.8435	-1.0
326.88785	1.0
326.90027	-1.0
326.96085	-1.0
326.96906	-1.0
326.9898	-1.0
327.0301	-1.0
327.04523	-1.0
327.10275	-1.0
327.13724	-1.0
327.15887	-1.0
327.17017	-1.0
327.17368	-1.0
327.20584	-1.0
327.2456	-1.0
331.82257	-1.0
331.8321	-1.0
331.84808	-1.0
331.8592	-1.0
331.87305	-1.0
331.8826	-1.0
331.88776	-1.0
331.9091	-1.0
331.92264	-1.0
331.935	-1.0
331.9424	-1.0
331.952	-1.0
331.9958	-1.0
331.9996	-1.0
332.018	-1.0
332.02155	-1.0
332.0384	-1.0
332.0626	-1.0
332.0856	-1.0
332.108	-1.0
332.12115	-1.0
332.1493	-1.0
332.17432	-1.0
332.19028	-1.0
332.2235	-1.0
332.2425	-1.0
332.245	-1.0
332.2697	-1.0
332.27444	-1.0
332.29132	-1.0
332.34528	-1.0
332.3634	-1.0
332.38123	-1.0
332.3852	-1.0
332.41116	-1.0
332.4344	-1.0
332.4538	-1.0
332.46768	-1.0
332.49133	-1.0
332.49493	-1.0
332.49924	-1.0
332.57352	-1.0
332.57748	-1.0
332.59225	-1.0
332.59927	-1.0
332.61823	1.0
332.62552	-1.0
332.64716	-1.0
332.65015	-1.0
332.71323	-1.0
332.73465	-1.0
332.7466	-1.0
332.78265	-1.0
332.8029	-1.0
332.86133	-1.0
332.88455	-1.0
332.906	-1.0
338.18887	-1.0
338.2136	-1.0
338.2455	-1.0
338.28845	-1.0
338.31195	-1.0
338.3305	-1.0
338.3454	-1.0
338.3563	-1.0
338.38525	-1.0
338.40247	-1.0
338.45187	-1.0
338.4553	-1.0
338.4734	-1.0
338.49673	-1.0
338.5178	-1.0
338.52313	-1.0
338.54648	-1.0
338.57184	-1.0
338.59985	-1.0
338.62067	-1.0
338.64584	-1.0
338.64908	-1.0
338.66113	-1.0
338.6729	-1.0
338.6802	-1.0
338.69067	-1.0
338.73065	-1.0
338.74756	-1.0
338.77316	-1.0
338.78876	-1.0
338.8238	-1.0
338.82913	-1.0
338.84048	-1.0
338.87216	-1.0
338.8896	-1.0
338.91388	-1.0
338.9177	-1.0
338.9628	-1.0
339.04037	-1.0
339.0732	-1.0
339.0774	-1.0
339.11646	-1.0
339.1216	-1.0
339.13477	-1.0
339.14996	-1.0
339.16824	-1.0
339.18872	-1.0
339.22488	-1.0
339.23404	-1.0
343.24	-1.0
343.26535	-1.0
343.28177	-1.0
343.29205	-1.0
343.34775	-1.0
343.3716	-1.0
343.38608	-1.0
343.389	-1.0
343.41107	-1.0
343.41397	-1.0
343.44623	1.0
343.46207	-1.0
343.52585	-1.0
343.5512	-1.0
343.5555	-1.0
343.59448	-1.0
343.61377	-1.0
343.63016	1.0
343.65356	-1.0
343.68384	-1.0
343.70197	-1.0
343.71652	-1.0
343.72537	-1.0
343.77103	-1.0
343.78607	-1.0
343.8454	-1.0
343.8564	-1.0
343.8906	-1.0
343.89737	-1.0
343.90536	-1.0
343.93628	1.0
343.9536	-1.0
343.9749	-1.0
343.99588	-1.0
344.00305	-1.0
344.0238	-1.0
344.0268	-1.0
344.034	-1.0
344.06552	-1.0
344.07355	-1.0
344.0774	-1.0
344.1083	-1.0
344.1161	-1.0
344.1195	-1.0
344.13037	-1.0
344.15445	-1.0
344.2035	1.0
344.2068	-1.0
344.24585	-1.0
348.6158	-1.0
348.62115	-1.0
348.64557	-1.0
348.6528	-1.0
348.6695	-1.0
348.6796	-1.0
348.68915	-1.0
348.698	-1.0
348.74292	-1.0
348.75116	-1.0
348.78415	-1.0
348.79343	-1.0
348.82663	-1.0
348.84244	-1.0
348.8701	-1.0
348.90393	-1.0
348.92935	-1.0
348.9481	-1.0
348.9629	-1.0
348.98096	1.0
348.99377	-1.0
349.0142	-1.0
349.02585	-1.0
349.03564	-1.0
349.06165	-1.0
349.11685	-1.0
349.16165	-1.0
349.19788	-1.0
349.23557	1.0
349.27472	-1.0
349.28235	-1.0
349.3057	-1.0
349.3646	1.0
349.3718	-1.0
349.3798	-1.0
349.41983	-1.0
349.42297	-1.0
349.43	-1.0
349.47076	1.0
349.50677	-1.0
349.5095	-1.0
349.57162	-1.0
349.61887	-1.0
349.6284	1.0
349.6372	-1.0
349.64465	-1.0
349.65515	-1.0
349.71643	-1.0
349.7604	-1.0
349.76364	-1.0
349.8026	-1.0
353.60623	-1.0
353.61084	-1.0
353.6164	-1.0
353.62646	-1.0
353.6298	-1.0
353.6496	-1.0
353.65704	-1.0
353.6628	-1.0
353.6827	-1.0
353.70197	-1.0
353.7268	-1.0
353.75684	-1.0
353.77	-1.0
353.78412	-1.0
353.8134	-1.0
353.8423	-1.0
353.8626	-1.0
353.89404	-1.0
353.9514	-1.0
353.96393	1.0
353.96716	-1.0
353.98224	1.0
353.99063	1.0
354.0016	-1.0
354.0146	-1.0
354.033	-1.0
354.0424	-1.0
354.0532	-1.0
354.05777	-1.0
354.0652	-1.0
354.0858	-1.0
354.12143	-1.0
354.1433	-1.0
354.16803	-1.0
354.2035	-1.0
354.21503	-1.0
354.22128	-1.0
354.2707	-1.0
354.29852	-1.0
354.3578	-1.0
354.3661	-1.0
354.3824	-1.0
354.39825	-1.0
354.4538	-1.0
354.4797	-1.0
354.48703	-1.0
354.49213	-1.0
354.51157	-1.0
354.59573	-1.0
354.604	-1.0
354.63248	-1.0
354.64813	-1.0
354.6528	-1.0
354.6564	-1.0
354.67117	-1.0
354.70743	-1.0
354.74765	-1.0
354.7618	-1.0
354.76532	-1.0
354.79315	-1.0
354.81543	-1.0
354.83453	-1.0
358.37827	-1.0
358.38495	-1.0
358.3946	-1.0
358.42065	-1.0
358.44748	-1.0
358.45435	-1.0
358.4694	-1.0
358.4731	-1.0
358.47705	-1.0
358.4923	-1.0
358.52963	-1.0
358.55972	-1.0
358.57397	-1.0
358.58255	-1.0
358.61575	-1.0
358.63748	-1.0
358.6566	-1.0
358.67892	-1.0
358.6989	1.0
358.72977	-1.0
358.7697	-1.0
358.78452	-1.0
358.81104	-1.0
358.831	-1.0
358.8518	-1.0
358.86832	-1.0
358.88495	-1.0
358.9203	-1.0
358.9243	-1.0
358.94925	-1.0
358.99207	1.0
358.9946	1.0
359.00848	-1.0
359.02533	-1.0
359.03403	-1.0
359.0485	-1.0
359.09088	-1.0
359.11737	-1.0
359.1484	-1.0
359.17245	-1.0
359.1992	-1.0
359.20233	-1.0
359.22833	-1.0
359.2566	-1.0
359.26144	-1.0
359.3046	-1.0
359.33072	-1.0
359.354	-1.0
359.37646	-1.0
359.37936	-1.0
359.4018	-1.0
359.42316	-1.0
359.4262	-1.0
363.43997	-1.0
363.44476	-1.0
363.45496	-1.0
363.48672	-1.0
363.50632	-1.0
363.53525	1.0
363.5692	-1.0
363.58112	-1.0
363.5846	-1.0
363.6048	1.0
363.64325	1.0
363.73816	-1.0
363.75665	-1.0
363.7603	1.0
363.79556	-1.0
363.82483	-1.0
363.853	-1.0
363.8758	-1.0
363.92307	-1.0
363.93277	1.0
363.96387	-1.0
364.02087	1.0
364.04453	-1.0
364.04712	-1.0
364.0624	1.0
364.0756	-1.0
364.0783	-1.0
364.08286	-1.0
364.1114	-1.0
364.11407	-1.0
364.12653	-1.0
364.16455	-1.0
364.19913	1.0
364.2018	-1.0
364.20755	-1.0
364.24188	-1.0
364.25385	-1.0
364.27188	1.0
364.3242	1.0
364.3448	-1.0
364.34805	-1.0
364.39587	-1.0
364.40344	1.0
364.4067	-1.0
364.4418	-1.0
364.4476	-1.0
364.4748	-1.0
364.51562	-1.0
364.53772	-1.0
364.56845	-1.0
364.57748	-1.0
364.60144	-1.0
364.61234	-1.0
364.64188	-1.0
364.647	-1.0
364.6518	-1.0
364.68033	-1.0
364.69907	-1.0
364.70245	-1.0
364.75397	-1.0
364.8016	1.0
368.38864	-1.0
368.3915	-1.0
368.4087	-1.0
368.42224	-1.0
368.4291	-1.0
368.44263	1.0
368.44516	1.0
368.45395	-1.0
368.46896	-1.0
368.5254	-1.0
368.5478	-1.0
368.5556	-1.0
368.56848	-1.0
368.57147	-1.0
368.59036	-1.0
368.61633	-1.0
368.6325	-1.0
368.64075	-1.0
368.66776	-1.0
368.67227	-1.0
368.68323	-1.0
368.7194	-1.0
368.77103	-1.0
368.78055	-1.0
368.83267	-1.0
368.85977	-1.0
368.86688	-1.0
368.88705	1.0
368.89072	-1.0
368.92352	-1.0
368.9694	-1.0
368.97247	-1.0
368.99396	-1.0
369.02084	1.0
369.0274	-1.0
369.03705	-1.0
369.05795	-1.0
369.0645	-1.0
369.07428	-1.0
369.1016	1.0
369.12845	-1.0
369.13284	-1.0
369.17593	-1.0
369.18323	-1.0
369.2043	1.0
369.24527	-1.0
369.24936	-1.0
369.291	-1.0
369.33072	1.0
369.34308	-1.0
369.39456	-1.0
369.42084	-1.0
369.46005	-1.0
373.14404	-1.0
373.1527	-1.0
373.17792	-1.0
373.19617	-1.0
373.20023	-1.0
373.20364	-1.0
373.21335	-1.0
373.2448	-1.0
373.30933	1.0
373.34576	1.0
373.45078	-1.0
373.46487	-1.0
373.47568	-1.0
373.49893	1.0
373.5642	-1.0
373.5671	-1.0
373.59335	-1.0
373.60733	-1.0
373.62427	-1.0
373.63797	-1.0
373.64304	1.0
373.64597	-1.0
373.66147	-1.0
373.67197	-1.0
373.69043	-1.0
373.70367	-1.0
373.72784	1.0
373.7338	-1.0
373.751	-1.0
373.7564	-1.0
373.78757	-1.0
373.81015	-1.0
373.82965	1.0
373.86224	-1.0
373.8724	-1.0
373.88263	-1.0
373.90393	-1.0
373.9092	-1.0
373.94473	-1.0
373.94937	-1.0
373.95187	-1.0
373.9624	-1.0
373.99948	-1.0
374.0291	-1.0
374.0421	-1.0
374.06317	1.0
374.07535	-1.0
374.08163	-1.0
374.08508	-1.0
374.1168	-1.0
374.1282	-1.0
374.13147	-1.0
374.16263	-1.0
374.1735	-1.0
374.20947	-1.0
374.2385	1.0
374.30368	-1.0
374.3454	-1.0
374.35248	-1.0
374.39175	-1.0
377.97885	-1.0
377.9817	-1.0
377.9909	-1.0
378.0201	-1.0
378.02612	1.0
378.02924	-1.0
378.03415	-1.0
378.03748	-1.0
378.05176	-1.0
378.0555	-1.0
378.07693	-1.0
378.08197	-1.0
378.1415	-1.0
378.16516	-1.0
378.1744	-1.0
378.21436	-1.0
378.25348	-1.0
378.28784	-1.0
378.32867	-1.0
378.3355	-1.0
378.36533	1.0
378.3679	1.0
378.37048	-1.0
378.3839	-1.0
378.39203	-1.0
378.4294	-1.0
378.46576	1.0
378.4698	-1.0
378.48535	-1.0
378.51093	-1.0
378.51547	-1.0
378.5377	-1.0
378.55084	-1.0
378.55423	-1.0
378.57788	-1.0
378.58783	-1.0
378.6197	-1.0
378.66577	-1.0
378.69684	-1.0
378.8047	-1.0
378.8305	-1.0
378.83304	-1.0
378.862	-1.0
378.86847	-1.0
378.8842	-1.0
378.8948	1.0
378.94772	-1.0
378.95908	-1.0
378.9822	-1.0
383.0245	-1.0
383.0276	-1.0
383.03455	-1.0
383.0501	-1.0
383.0678	-1.0
383.07657	-1.0
383.0796	-1.0
383.092	-1.0
383.09473	-1.0
383.1324	-1.0
383.1356	-1.0
383.15594	1.0
383.19836	-1.0
383.25476	-1.0
383.29904	-1.0
383.30792	-1.0
383.3286	-1.0
383.3388	-1.0
383.35083	-1.0
383.41513	-1.0
383.4298	-1.0
383.44373	-1.0
383.49557	-1.0
383.50668	-1.0
383.5598	-1.0
383.57205	-1.0
383.60373	-1.0
383.6075	1.0
383.61057	-1.0
383.631	-1.0
383.6375	-1.0
383.6477	-1.0
383.69653	-1.0
383.70667	-1.0
383.71967	-1.0
383.7523	-1.0
383.7858	-1.0
383.81555	-1.0
383.81815	-1.0
383.82336	-1.0
383.8341	-1.0
383.85013	-1.0
383.8592	-1.0
383.878	-1.0
383.89835	-1.0
383.9207	-1.0
383.928	-1.0
383.93283	-1.0
383.94196	-1.0
383.94592	-1.0
383.95987	-1.0
383.9648	1.0
383.96732	1.0
383.98734	-1.0
383.99008	-1.0
383.99863	-1.0
384.02975	-1.0
384.03232	-1.0
384.055	-1.0
384.07983	-1.0
384.09464	-1.0
384.1054	-1.0
384.12836	-1.0
384.1603	-1.0
384.16357	-1.0
384.17697	-1.0
384.21005	-1.0
384.21808	-1.0
384.24197	-1.0
384.2451	-1.0
388.03915	-1.0
388.0431	-1.0
388.0595	-1.0
388.06216	-1.0
388.07788	1.0
388.08075	-1.0
388.0938	-1.0
388.09723	-1.0
388.10068	-1.0
388.13116	1.0
388.1541	-1.0
388.17096	-1.0
388.20435	-1.0
388.21005	-1.0
388.234	-1.0
388.31104	-1.0
388.31488	-1.0
388.3322	-1.0
388.36533	-1.0
388.40527	-1.0
388.47568	-1.0
388.48743	-1.0
388.50327	-1.0
388.50604	-1.0
388.5161	-1.0
388.55173	-1.0
388.6002	-1.0
388.60373	-1.0
388.63184	1.0
388.68433	-1.0
388.6923	-1.0
388.73203	-1.0
388.75708	-1.0
388.76743	-1.0
388.78992	-1.0
388.7958	-1.0
388.82892	-1.0
388.8322	-1.0
388.84045	-1.0
388.84335	-1.0
388.87228	1.0
388.88208	-1.0
388.92993	-1.0
388.93356	-1.0
388.93643	-1.0
389.01163	-1.0
389.01465	-1.0
389.08575	1.0
389.1135	-1.0
389.12152	-1.0
389.14975	-1.0
389.19284	-1.0
389.2232	-1.0
392.77515	-1.0
392.77872	-1.0
392.78732	1.0
392.8012	-1.0
392.80988	-1.0
392.81616	-1.0
392.8325	-1.0
392.85556	1.0
392.8834	-1.0
392.93268	1.0
392.956	-1.0
392.9588	-1.0
392.96753	-1.0
392.99213	-1.0
393.0436	-1.0
393.06677	-1.0
393.08313	-1.0
393.08823	-1.0
393.1195	-1.0
393.14835	1.0
393.1627	-1.0
393.18048	-1.0
393.2068	-1.0
393.20953	-1.0
393.22748	-1.0
393.2308	-1.0
393.2822	-1.0
393.2894	-1.0
393.3154	-1.0
393.342	-1.0
393.3965	-1.0
393.43787	-1.0
393.46216	-1.0
393.4815	-1.0
393.49255	-1.0
393.52423	-1.0
393.54144	1.0
393.54407	1.0
393.5624	-1.0
393.58447	-1.0
393.60275	-1.0
393.62497	-1.0
393.63757	-1.0
393.64163	-1.0
393.6468	-1.0
393.6504	-1.0
393.67035	-1.0
393.7014	-1.0
393.72128	-1.0
393.72455	-1.0
393.76587	-1.0
393.77084	-1.0
393.77417	-1.0
393.7988	1.0
393.8341	1.0
393.88583	-1.0
393.93033	-1.0
393.97153	-1.0
397.18213	-1.0
397.19067	-1.0
397.19675	-1.0
397.2002	-1.0
397.21548	-1.0
397.23645	-1.0
397.23987	-1.0
397.26395	-1.0
397.27637	-1.0
397.29987	-1.0
397.31924	-1.0
397.34143	-1.0
397.3442	-1.0
397.42087	-1.0
397.44052	-1.0
397.4604	-1.0
397.48837	-1.0
397.50217	-1.0
397.53143	-1.0
397.53745	-1.0
397.57968	-1.0
397.65182	-1.0
397.6901	-1.0
397.7102	-1.0
397.71313	-1.0
397.73355	-1.0
397.774	-1.0
397.77716	-1.0
397.7953	-1.0
397.87704	-1.0
397.91864	-1.0
397.92175	-1.0
397.92444	-1.0
397.97784	-1.0
397.9928	-1.0
398.0317	-1.0
398.0359	-1.0
398.0801	-1.0
398.10715	-1.0
398.12473	1.0
398.14377	-1.0
398.2014	-1.0
402.0931	-1.0
402.1083	-1.0
402.11197	-1.0
402.12332	1.0
402.12677	-1.0
402.1376	1.0
402.14404	-1.0
402.14743	-1.0
402.15253	-1.0
402.1754	-1.0
402.20895	-1.0
402.24417	1.0
402.29193	-1.0
402.3177	-1.0
402.3506	-1.0
402.39127	-1.0
402.39584	-1.0
402.40332	-1.0
402.49155	-1.0
402.5238	-1.0
402.52692	-1.0
402.5709	-1.0
402.57535	-1.0
402.58405	-1.0
402.5868	-1.0
402.65695	-1.0
402.674	-1.0
402.68073	-1.0
402.7115	-1.0
402.71484	-1.0
402.75397	-1.0
402.75937	-1.0
402.78693	-1.0
402.8173	-1.0
402.8334	-1.0
402.83856	-1.0
402.89215	-1.0
402.92023	-1.0
402.9601	-1.0
402.9754	-1.0
402.99103	-1.0
403.00967	-1.0
403.0557	1.0
403.06924	-1.0
403.08203	-1.0
403.1448	-1.0
403.2036	-1.0
403.29697	-1.0
403.29956	-1.0
407.40384	-1.0
407.43472	-1.0
407.44144	-1.0
407.4453	-1.0
407.45084	-1.0
407.46133	-1.0
407.47296	-1.0
407.49844	-1.0
407.5012	-1.0
407.50436	-1.0
407.5135	-1.0
407.52094	1.0
407.53333	-1.0
407.5484	-1.0
407.57504	-1.0
407.6024	-1.0
407.609	-1.0
407.62793	-1.0
407.71957	-1.0
407.72403	-1.0
407.73438	-1.0
407.7737	-1.0
407.79016	-1.0
407.82193	-1.0
407.8378	-1.0
407.86316	-1.0
407.8773	-1.0
407.89404	1.0
407.89752	-1.0
407.90808	-1.0
407.9854	-1.0
408.00223	-1.0
408.01273	-1.0
408.0198	-1.0
408.07968	-1.0
408.08633	-1.0
408.1307	-1.0
408.2274	1.0
408.2794	-1.0
408.31204	-1.0
408.3462	-1.0
408.36948	-1.0
408.37735	-1.0
408.4046	-1.0
408.44193	-1.0
408.47073	-1.0
408.5151	-1.0
411.75824	-1.0
411.7791	-1.0
411.79425	-1.0
411.80484	-1.0
411.81537	1.0
411.8224	-1.0
411.8496	-1.0
411.85233	-1.0
411.85992	-1.0
411.8858	-1.0
411.9437	-1.0
411.9468	-1.0
411.98428	-1.0
412.00668	-1.0
412.0274	-1.0
412.04492	-1.0
412.05237	-1.0
412.06888	-1.0
412.1833	-1.0
412.19296	-1.0
412.21365	-1.0
412.26556	-1.0
412.26953	-1.0
412.35327	-1.0
412.38013	-1.0
412.38644	-1.0
412.47	-1.0
412.50177	-1.0
412.50555	-1.0
412.51892	-1.0
412.54883	-1.0
412.61475	-1.0
412.62595	-1.0
412.65295	-1.0
412.69003	-1.0
412.7114	-1.0
412.7465	-1.0
412.79037	-1.0
412.82892	1.0
416.60556	-1.0
416.6085	-1.0
416.61145	-1.0
416.63416	-1.0
416.6452	-1.0
416.65436	-1.0
416.6607	-1.0
416.6718	-1.0
416.7105	-1.0
416.7249	-1.0
416.73724	-1.0
416.77545	-1.0
416.79245	-1.0
416.8496	-1.0
416.9009	-1.0
416.90585	-1.0
416.94604	-1.0
416.95505	-1.0
416.98312	-1.0
417.0583	-1.0
417.07935	1.0
417.0936	-1.0
417.12524	-1.0
417.13245	-1.0
417.14307	-1.0
417.20355	-1.0
417.21603	-1.0
417.23135	-1.0
417.2957	-1.0
417.3007	-1.0
417.3221	-1.0
417.3356	-1.0
417.35092	-1.0
417.36057	-1.0
417.3749	-1.0
417.40207	-1.0
417.44632	1.0
417.44885	1.0
417.46713	-1.0
417.48163	-1.0
417.48505	-1.0
417.49023	-1.0
417.49985	-1.0
417.50293	-1.0
417.53543	-1.0
417.55377	1.0
417.5652	-1.0
417.5873	-1.0
417.5968	-1.0
417.64087	1.0
417.67773	-1.0
421.2531	-1.0
421.25787	-1.0
421.27228	-1.0
421.29245	-1.0
421.31012	-1.0
421.3164	-1.0
421.3245	-1.0
421.336	-1.0
421.3436	-1.0
421.362	-1.0
421.3732	-1.0
421.3929	-1.0
421.41	-1.0
421.44083	-1.0
421.48724	-1.0
421.52252	-1.0
421.54135	-1.0
421.56317	-1.0
421.59793	-1.0
421.6115	-1.0
421.643	-1.0
421.64893	-1.0
421.67188	-1.0
421.68463	-1.0
421.68723	-1.0
421.7055	-1.0
421.70828	-1.0
421.7496	-1.0
421.75375	-1.0
421.78668	-1.0
421.81015	-1.0
421.8202	-1.0
421.83652	-1.0
421.94635	-1.0
421.97305	-1.0
421.97568	1.0
422.02756	-1.0
422.0402	-1.0
422.04987	-1.0
422.079	-1.0
422.1036	-1.0
422.1309	-1.0
422.14133	1.0
422.21	1.0
422.21317	-1.0
422.252	-1.0
422.32773	-1.0
423.615	-1.0
425.65768	-1.0
425.6764	-1.0
425.6936	-1.0
425.70215	-1.0
425.72623	-1.0
425.7325	1.0
425.7361	-1.0
425.7527	-1.0
425.77856	-1.0
425.78107	-1.0
425.81708	-1.0
425.86337	-1.0
425.86844	-1.0
425.9098	-1.0
425.9363	-1.0
425.9748	-1.0
425.99307	-1.0
426.03415	-1.0
426.0901	-1.0
426.09467	-1.0
426.11932	-1.0
426.17932	-1.0
426.24777	-1.0
426.25143	-1.0
426.26593	-1.0
426.2952	-1.0
426.29956	-1.0
426.31647	-1.0
426.33917	-1.0
426.3643	-1.0
426.43295	-1.0
426.46786	-1.0
426.50024	1.0
426.51685	-1.0
426.5498	1.0
426.57135	-1.0
426.58572	-1.0
426.61212	-1.0
426.64163	-1.0
426.65244	-1.0
426.68933	-1.0
429.59393	-1.0
429.6514	-1.0
429.65457	-1.0
429.67087	-1.0
429.6994	-1.0
429.71985	-1.0
429.72318	-1.0
429.72943	-1.0
429.7509	-1.0
429.76755	-1.0
429.79807	-1.0
429.8016	-1.0
429.83823	-1.0
429.8491	-1.0
429.8517	-1.0
429.8616	-1.0
429.88776	-1.0
429.91724	-1.0
429.92865	-1.0
429.9844	-1.0
430.02777	-1.0
430.0514	-1.0
430.07565	-1.0
430.2128	-1.0
430.2367	1.0
430.24017	-1.0
430.25305	-1.0
430.29517	-1.0
430.2978	-1.0
430.35028	-1.0
430.3706	1.0
430.37372	-1.0
430.4064	-1.0
430.411	-1.0
430.43115	-1.0
430.45764	-1.0
433.61404	-1.0
433.6343	-1.0
433.65607	1.0
433.66064	-1.0
433.6698	-1.0
433.67685	-1.0
433.69287	1.0
433.70508	-1.0
433.7245	-1.0
433.73932	-1.0
433.7484	-1.0
433.8002	-1.0
433.8034	-1.0
433.8222	-1.0
433.8494	1.0
433.85275	-1.0
433.8937	-1.0
433.91125	-1.0
433.94083	-1.0
433.9466	-1.0
434.00748	-1.0
434.05048	-1.0
434.08652	-1.0
434.09293	-1.0
434.14777	-1.0
434.16544	-1.0
434.211	-1.0
434.2694	-1.0
434.31335	-1.0
434.39487	-1.0
434.39984	-1.0
434.4284	-1.0
434.44952	-1.0
434.4669	-1.0
434.51443	-1.0
434.56003	-1.0
434.56644	-1.0
434.6108	-1.0
434.66785	-1.0
437.4441	-1.0
437.46725	-1.0
437.48325	-1.0
437.48734	-1.0
437.49628	-1.0
437.50415	-1.0
437.52417	-1.0
437.53143	-1.0
437.54025	-1.0
437.55853	-1.0
437.5708	-1.0
437.5913	-1.0
437.6169	-1.0
437.66153	-1.0
437.67047	1.0
437.6733	-1.0
437.6761	-1.0
437.6916	-1.0
437.71225	-1.0
437.72232	-1.0
437.75555	-1.0
437.81348	-1.0
437.84036	-1.0
437.96704	-1.0
437.99353	-1.0
437.99835	-1.0
438.01373	-1.0
438.14444	-1.0
438.16116	-1.0
438.18213	-1.0
438.2068	-1.0
438.223	-1.0
438.32605	-1.0
438.3366	-1.0
438.38077	1.0
442.44907	-1.0
442.45557	-1.0
442.4618	-1.0
442.50012	-1.0
442.50644	-1.0
442.5138	1.0
442.52643	-1.0
442.5341	-1.0
442.54373	-1.0
442.5745	-1.0
442.59192	-1.0
442.62683	-1.0
442.67072	-1.0
442.6742	-1.0
442.7455	-1.0
442.7486	-1.0
442.7572	-1.0
442.81995	-1.0
442.8354	-1.0
442.83893	-1.0
442.94705	-1.0
442.97705	-1.0
442.98532	-1.0
443.01532	-1.0
443.1556	-1.0
443.1918	-1.0
443.21936	-1.0
443.30338	-1.0
443.42548	-1.0
443.47357	-1.0
443.50452	-1.0
443.54572	-1.0
446.3218	-1.0
446.32993	-1.0
446.35577	-1.0
446.3589	-1.0
446.3687	-1.0
446.3888	-1.0
446.4016	-1.0
446.44107	-1.0
446.46817	-1.0
446.485	-1.0
446.60608	1.0
446.62155	-1.0
446.70786	-1.0
446.71243	-1.0
446.76028	-1.0
446.804	-1.0
446.81577	1.0
446.8216	-1.0
446.84973	-1.0
446.8706	-1.0
446.9034	-1.0
446.93875	-1.0
447.01944	-1.0
447.07	1.0
447.1083	-1.0
447.15652	-1.0
447.17227	-1.0
447.2147	1.0
450.37408	-1.0
450.39127	-1.0
450.394	-1.0
450.3976	-1.0
450.42664	1.0
450.44757	-1.0
450.45547	-1.0
450.4664	1.0
450.46896	1.0
450.47906	1.0
450.5165	-1.0
450.5315	-1.0
450.53476	-1.0
450.54532	-1.0
450.58725	-1.0
450.68512	-1.0
450.75977	-1.0
450.85272	-1.0
450.85773	-1.0
450.89307	-1.0
450.89987	-1.0
450.9287	-1.0
450.9607	-1.0
450.99496	-1.0
450.9992	-1.0
451.04715	-1.0
451.0642	-1.0
451.07272	-1.0
451.1024	-1.0
451.12683	-1.0
451.1654	1.0
451.17303	-1.0
451.20605	-1.0
451.21713	-1.0
451.24905	-1.0
453.90085	-1.0
453.90988	-1.0
453.93195	-1.0
453.9557	-1.0
453.95935	-1.0
453.98288	1.0
454.00308	1.0
454.0056	1.0
454.01657	1.0
454.01907	1.0
454.06827	-1.0
454.09747	-1.0
454.12393	-1.0
454.1328	-1.0
454.1472	-1.0
454.1692	-1.0
454.1959	-1.0
454.22797	-1.0
454.2599	-1.0
454.307	-1.0
454.3382	-1.0
454.41388	-1.0
454.41983	-1.0
454.43936	-1.0
454.5276	-1.0
454.5692	-1.0
454.58923	-1.0
454.6334	-1.0
454.6469	-1.0
454.665	-1.0
454.6997	-1.0
454.73672	-1.0
457.40924	-1.0
457.42767	-1.0
457.45013	-1.0
457.4539	-1.0
457.4718	-1.0
457.49048	-1.0
457.50705	1.0
457.5215	-1.0
457.52628	-1.0
457.5334	1.0
457.55844	-1.0
457.56735	-1.0
457.5945	-1.0
457.6205	-1.0
457.6358	-1.0
457.64447	-1.0
457.67584	-1.0
457.71188	-1.0
457.7603	-1.0
457.7914	-1.0
457.88995	-1.0
457.99	-1.0
458.0203	-1.0
458.02393	-1.0
458.03424	-1.0
458.05215	-1.0
458.1513	-1.0
458.20105	-1.0
458.2476	-1.0
458.27713	-1.0
458.3315	-1.0
460.6661	1.0
460.7062	-1.0
460.71313	-1.0
460.71976	-1.0
460.761	-1.0
460.78253	-1.0
460.78543	-1.0
460.81412	-1.0
460.84113	-1.0
460.89124	-1.0
460.9738	-1.0
461.09015	-1.0
461.0985	-1.0
461.13025	-1.0
461.2888	-1.0
461.29312	-1.0
461.3091	1.0
461.44037	-1.0
461.4532	-1.0
461.45636	-1.0
461.48087	-1.0
461.51636	-1.0
461.54404	-1.0
464.12796	-1.0
464.14304	-1.0
464.1728	-1.0
464.18393	-1.0
464.20645	-1.0
464.2106	-1.0
464.2306	-1.0
464.2599	-1.0
464.27792	-1.0
464.31387	-1.0
464.35648	-1.0
464.45172	-1.0
464.45523	-1.0
464.47467	-1.0
464.49875	-1.0
464.50873	-1.0
464.5232	-1.0
464.53168	-1.0
464.55563	-1.0
464.58197	-1.0
464.6349	-1.0
464.69403	-1.0
464.78232	-1.0
464.80545	-1.0
464.82785	-1.0
464.87213	-1.0
464.8864	1.0
464.95352	1.0
464.9886	-1.0
465.02176	1.0
467.61963	-1.0
467.64603	-1.0
467.66107	-1.0
467.67776	-1.0
467.68344	-1.0
467.69464	-1.0
467.73044	-1.0
467.7474	-1.0
467.75424	-1.0
467.77097	-1.0
467.86728	-1.0
467.87384	-1.0
467.94443	-1.0
467.96664	-1.0
467.97025	-1.0
467.9999	-1.0
468.01544	-1.0
468.0393	-1.0
468.13345	-1.0
468.15836	-1.0
468.18872	-1.0
468.19632	-1.0
468.32053	-1.0
468.3944	-1.0
468.4139	-1.0
468.43137	-1.0
468.44437	-1.0
468.47397	-1.0
470.9237	-1.0
470.94464	-1.0
470.9766	-1.0
471.02005	-1.0
471.04205	-1.0
471.0452	-1.0
471.0616	-1.0
471.11465	-1.0
471.16876	1.0
471.2784	-1.0
471.3557	-1.0
471.38327	-1.0
471.4103	-1.0
471.44623	-1.0
471.6085	-1.0
471.61423	-1.0
471.6536	-1.0
471.70764	-1.0
471.7938	-1.0
473.87567	-1.0
473.90408	-1.0
473.91656	-1.0
473.93863	-1.0
473.97064	1.0
473.97385	-1.0
473.98785	-1.0
474.002	-1.0
474.0143	-1.0
474.1415	-1.0
474.1443	-1.0
474.17715	-1.0
474.20416	-1.0
474.21564	-1.0
474.22906	-1.0
474.25885	-1.0
474.29953	-1.0
474.36713	-1.0
474.41208	-1.0
474.41675	-1.0
474.5073	-1.0
474.51996	-1.0
474.63693	-1.0
474.687	-1.0
476.8523	-1.0
476.90823	-1.0
476.92252	-1.0
476.92804	-1.0
476.93933	-1.0
476.95364	1.0
476.97177	-1.0
476.98245	-1.0
476.98596	-1.0
476.9919	-1.0
477.00977	-1.0
477.09164	-1.0
477.19104	-1.0
477.20355	-1.0
477.21573	-1.0
477.2975	-1.0
477.3115	-1.0
477.3326	-1.0
477.39035	-1.0
477.41956	-1.0
477.4275	-1.0
477.47733	-1.0
477.5147	-1.0
477.53525	1.0
477.5749	-1.0
477.59012	1.0
477.6392	-1.0
479.7272	-1.0
479.76755	-1.0
479.78748	-1.0
479.8019	-1.0
479.8098	-1.0
479.82812	-1.0
479.8316	-1.0
479.84357	-1.0
479.85043	-1.0
479.85736	-1.0
479.86887	-1.0
479.87933	-1.0
479.8845	-1.0
479.9291	-1.0
479.99957	-1.0
480.02097	-1.0
480.02725	-1.0
480.05063	-1.0
480.09207	-1.0
480.0984	-1.0
480.14496	-1.0
480.1702	-1.0
480.18936	-1.0
480.23303	-1.0
480.24536	-1.0
480.26004	-1.0
480.2718	-1.0
480.29135	-1.0
480.30423	-1.0
480.35135	-1.0
480.3983	-1.0
480.4041	-1.0
480.42896	-1.0
480.50647	-1.0
480.55115	-1.0
482.43192	-1.0
482.449	-1.0
482.47675	-1.0
482.49857	-1.0
482.50632	-1.0
482.5461	-1.0
482.5489	-1.0
482.5569	-1.0
482.58456	-1.0
482.5989	-1.0
482.60837	-1.0
482.69336	-1.0
482.727	-1.0
482.73276	-1.0
482.76584	-1.0
482.82013	-1.0
482.90216	-1.0
482.9302	-1.0
482.9466	-1.0
482.98697	-1.0
482.99945	-1.0
485.71613	-1.0
485.72537	-1.0
485.7284	-1.0
485.77716	-1.0
485.78204	-1.0
485.79007	-1.0
485.80405	-1.0
485.8167	-1.0
485.8325	-1.0
485.83533	-1.0
485.8593	-1.0
485.89584	-1.0
485.909	-1.0
485.9606	-1.0
485.9741	-1.0
485.98975	-1.0
485.99384	-1.0
486.0096	-1.0
486.05267	-1.0
486.07492	-1.0
486.17508	-1.0
486.20053	-1.0
486.28836	-1.0
486.30728	-1.0
486.32053	-1.0
486.32803	1.0
486.38113	-1.0
486.4637	-1.0
489.0203	-1.0
489.05353	-1.0
489.0718	-1.0
489.09464	-1.0
489.11447	-1.0
489.14963	-1.0
489.16217	-1.0
489.1802	-1.0
489.2073	-1.0
489.2846	-1.0
489.2913	-1.0
489.31064	-1.0
489.3806	-1.0
489.43542	-1.0
489.46588	-1.0
489.52167	-1.0
489.53552	-1.0
489.57004	-1.0
489.59784	-1.0
489.6154	-1.0
489.6545	-1.0
489.6574	-1.0
489.7281	-1.0
489.73953	-1.0
489.76813	-1.0
489.81577	-1.0
492.64484	-1.0
492.65613	-1.0
492.67465	-1.0
492.71304	-1.0
492.7318	-1.0
492.74155	-1.0
492.75552	-1.0
492.7697	-1.0
492.7798	-1.0
492.78815	-1.0
492.79852	-1.0
492.87555	-1.0
492.88052	-1.0
492.8992	-1.0
492.9578	-1.0
492.9818	-1.0
493.03375	-1.0
493.0671	-1.0
493.15875	-1.0
493.19443	-1.0
493.25507	-1.0
493.2639	1.0
493.30148	-1.0
493.33148	-1.0
493.34747	-1.0
493.37024	-1.0
493.38504	-1.0
493.4002	-1.0
493.44415	-1.0
493.4965	-1.0
494.33313	-1.0
495.31912	-1.0
495.3936	-1.0
495.42737	-1.0
495.45435	-1.0
495.47784	-1.0
495.48605	-1.0
495.49567	-1.0
495.50424	-1.0
495.5349	-1.0
495.54404	-1.0
495.60336	-1.0
495.64108	-1.0
495.66412	-1.0
495.69287	-1.0
495.7148	-1.0
495.75885	-1.0
495.7845	-1.0
495.863	-1.0
495.914	-1.0
495.92017	-1.0
495.94653	-1.0
495.99643	-1.0
496.03293	-1.0
498.44733	-1.0
498.46536	-1.0
498.47333	-1.0
498.48264	-1.0
498.48587	-1.0
498.50256	-1.0
498.51236	-1.0
498.53088	-1.0
498.55096	-1.0
498.55396	-1.0
498.5805	-1.0
498.5924	-1.0
498.6268	-1.0
498.64957	-1.0
498.68027	-1.0
498.75955	-1.0
498.8249	-1.0
498.85873	-1.0
498.92184	-1.0
499.0523	-1.0
499.08884	-1.0
499.1232	-1.0
499.19537	-1.0
499.19788	-1.0
503.9049	-1.0
503.90848	-1.0
503.93744	-1.0
503.9436	-1.0
503.9534	1.0
504.07388	-1.0
504.15445	-1.0
504.27383	1.0
504.32297	-1.0
504.37543	-1.0
504.4234	-1.0
504.44263	-1.0
504.50793	-1.0
504.55344	-1.0
504.6677	-1.0
504.6892	-1.0
504.70224	1.0
504.78915	-1.0
504.8032	-1.0
504.8336	-1.0
504.8907	-1.0
506.88223	-1.0
506.88568	-1.0
506.95468	-1.0
506.97815	-1.0
506.98077	-1.0
507.00327	-1.0
507.01587	-1.0
507.1004	-1.0
507.12	-1.0
507.14105	-1.0
507.1788	-1.0
507.20267	-1.0
507.22372	-1.0
509.34177	-1.0
509.3787	-1.0
509.3834	-1.0
509.39755	-1.0
509.4084	-1.0
509.42807	-1.0
509.4625	-1.0
509.46555	-1.0
509.48367	-1.0
509.50592	-1.0
509.58517	-1.0
509.60352	-1.0
509.61713	-1.0
509.63995	-1.0
509.6504	-1.0
509.66708	-1.0
509.68375	-1.0
509.687	-1.0
509.7509	-1.0
509.75555	-1.0
509.84708	-1.0
509.85175	-1.0
509.8918	-1.0
512.51654	-1.0
512.59375	-1.0
512.6105	-1.0
512.6203	-1.0
512.64636	1.0
512.7206	1.0
512.7815	-1.0
512.8251	-1.0
512.8636	-1.0
512.923	-1.0
512.9963	-1.0
513.03265	1.0
513.0745	-1.0
513.1258	-1.0
515.3132	-1.0
515.31903	-1.0
515.32635	-1.0
515.3751	-1.0
515.3848	-1.0
515.4685	-1.0
515.5084	-1.0
515.54846	-1.0
515.5886	-1.0
515.595	-1.0
515.6711	-1.0
515.72125	-1.0
515.7359	-1.0
515.741	-1.0
515.75574	-1.0
515.77094	-1.0
515.8292	-1.0
518.1162	-1.0
518.1717	-1.0
518.2187	-1.0
518.2352	-1.0
518.23785	-1.0
518.2406	-1.0
518.27936	-1.0
518.28345	-1.0
518.3428	1.0
518.3846	-1.0
518.5473	-1.0
518.59863	-1.0
518.61755	-1.0
518.7084	-1.0
518.72034	-1.0
518.7252	-1.0
518.7324	-1.0
518.7892	-1.0
518.8471	-1.0
521.31195	-1.0
521.3487	-1.0
521.3673	-1.0
521.39966	-1.0
521.5219	-1.0
521.5586	-1.0
521.5723	-1.0
521.6406	-1.0
521.66595	-1.0
521.6754	-1.0
521.6793	-1.0
521.72406	-1.0
521.8627	-1.0
521.9306	-1.0
521.9787	-1.0
524.0872	-1.0
524.14154	-1.0
524.16125	-1.0
524.16626	-1.0
524.17645	-1.0
524.1873	-1.0
524.1906	-1.0
524.2112	-1.0
524.2544	-1.0
524.2735	-1.0
524.3508	-1.0
524.4157	-1.0
524.4698	-1.0
524.52094	-1.0
524.61914	-1.0
526.6677	-1.0
526.6838	-1.0
526.689	-1.0
526.69214	-1.0
526.7076	-1.0
526.76886	-1.0
526.7896	-1.0
526.8122	-1.0
526.8625	-1.0
526.898	-1.0
526.9641	-1.0
527.0247	-1.0
530.01245	-1.0
530.0856	-1.0
530.10254	-1.0
530.15186	-1.0
530.18646	-1.0
530.2986	-1.0
530.336	-1.0
530.37335	-1.0
530.4345	-1.0
530.50903	-1.0
530.5458	-1.0
530.57874	-1.0
530.63074	-1.0
532.689	-1.0
532.729	-1.0
532.783	-1.0
532.8073	-1.0
533.49066	-1.0
533.50525	-1.0
533.543	-1.0
533.551	-1.0
533.5772	-1.0
533.5882	-1.0
533.7542	-1.0
533.76184	-1.0
533.7655	-1.0
533.7684	-1.0
533.79956	-1.0
533.80505	-1.0
533.81836	-1.0
533.8584	-1.0
535.8123	-1.0
535.835	-1.0
535.8425	-1.0
535.90826	-1.0
535.913	-1.0
535.9564	-1.0
535.985	-1.0
536.01135	-1.0
536.0611	-1.0
536.08057	-1.0
536.2014	-1.0
536.2779	-1.0
536.3017	-1.0
536.3184	-1.0
536.34796	-1.0
536.364	-1.0
536.398	-1.0
536.4384	-1.0
536.4437	-1.0
538.3373	-1.0
538.37274	-1.0
538.3758	-1.0
538.37915	-1.0
538.39435	-1.0
538.4055	-1.0
538.41565	-1.0
538.4217	-1.0
538.45667	-1.0
538.46375	-1.0
538.4757	-1.0
538.4996	-1.0
538.5527	-1.0
538.6678	-1.0
538.7112	-1.0
541.8444	-1.0
541.8939	-1.0
541.9135	-1.0
541.91766	-1.0
541.9296	-1.0
541.9774	-1.0
542.0011	-1.0
542.03845	-1.0
542.0504	-1.0
542.06836	-1.0
542.2068	-1.0
542.2764	1.0
544.5255	-1.0
544.544	-1.0
544.551	-1.0
544.6384	-1.0
546.96387	-1.0
547.0299	-1.0
547.0507	-1.0
547.0583	-1.0
547.06757	-1.0
547.0951	-1.0
547.1368	-1.0
547.16113	-1.0
547.2348	-1.0
547.3196	-1.0
547.3598	-1.0
547.3634	-1.0
547.3694	-1.0
547.40607	-1.0
549.83	-1.0
551.75574	-1.0
551.76935	-1.0
551.83887	1.0
551.93427	-1.0
552.0074	-1.0
552.0113	-1.0
552.0551	-1.0
552.1024	-1.0
554.68616	-1.0
555.9288	-1.0
555.9838	-1.0
555.9904	-1.0
556.03503	-1.0
556.0458	-1.0
556.0739	-1.0
556.2207	-1.0
556.2727	-1.0
556.3036	-1.0
556.33124	-1.0
559.687	-1.0
559.72784	-1.0
559.7466	-1.0
559.81116	-1.0
559.8422	-1.0
559.8566	-1.0
559.8703	-1.0
559.88824	-1.0
560.00073	-1.0
560.0706	-1.0
560.13525	-1.0
562.7795	-1.0
562.7974	-1.0
562.90564	-1.0
562.92706	-1.0
562.98413	-1.0
562.99457	-1.0
563.0127	-1.0
566.44366	-1.0
567.09753	-1.0
567.1216	-1.0
567.1714	-1.0
567.1869	-1.0
567.2027	-1.0
567.2057	-1.0
567.236	-1.0
567.28534	-1.0
567.3185	-1.0
567.34467	-1.0
567.34717	-1.0
567.4444	-1.0
570.0827	-1.0
574.822	-1.0
574.8608	-1.0
574.8661	-1.0
574.8815	-1.0
574.89545	-1.0
574.9428	-1.0
574.97833	-1.0
574.99207	-1.0
575.0107	-1.0
575.0812	-1.0
575.1439	-1.0
575.17267	-1.0
575.1794	-1.0
578.44635	-1.0
578.4755	-1.0
578.50037	-1.0
578.5119	-1.0
578.519	-1.0
578.53394	-1.0
578.5755	-1.0
578.58496	-1.0
578.631	-1.0
578.6955	-1.0
578.74036	-1.0
581.8336	-1.0
581.8413	-1.0
581.8642	-1.0
581.88916	-1.0
581.9007	-1.0
581.92566	-1.0
581.931	-1.0
582.0459	-1.0
582.12164	-1.0
582.16113	-1.0
586.6716	-1.0
586.7078	-1.0
586.7113	-1.0
586.7479	-1.0
586.7836	-1.0
586.85345	-1.0
586.866	-1.0
586.87787	-1.0
586.9016	-1.0
586.95734	-1.0
587.0121	-1.0
587.42316	-1.0
587.4484	-1.0
587.4679	-1.0
593.158	-1.0
593.1634	-1.0
593.1788	-1.0
593.18176	-1.0
593.18524	-1.0
593.2277	-1.0
593.248	-1.0
593.2546	-1.0
593.2633	-1.0
593.2722	-1.0
593.3236	-1.0
593.36914	-1.0
593.3994	-1.0
593.40326	-1.0
597.09845	-1.0
597.16907	-1.0
597.184	-1.0
597.19037	-1.0
597.1937	-1.0
597.2071	-1.0
597.231	-1.0
597.25226	-1.0
597.25574	-1.0
597.2808	-1.0
597.33	-1.0
597.3485	-1.0
597.3708	-1.0
597.42395	-1.0
