0.00656	-1.0
0.01428	-1.0
0.0792	-1.0
0.12192	-1.0
0.1738	-1.0
0.2308	-1.0
0.24432	-1.0
0.27396	-1.0
0.35664	-1.0
0.38728	-1.0
0.39416	-1.0
0.43188	-1.0
0.46484	-1.0
0.60104	-1.0
0.67568	-1.0
0.76964	-1.0
0.83588	-1.0
0.8922	-1.0
0.93556	-1.0
1.03836	-1.0
1.24364	-1.0
5.435	-1.0
5.47132	-1.0
5.47784	-1.0
5.50868	-1.0
5.57432	-1.0
5.58292	-1.0
5.59632	-1.0
5.66616	-1.0
5.82688	-1.0
5.9246	-1.0
5.99464	-1.0
6.02704	-1.0
6.5232	-1.0
6.77568	-1.0
6.82736	-1.0
9.03716	-1.0
9.04692	-1.0
9.0754	-1.0
9.09992	-1.0
9.16248	-1.0
9.359	-1.0
9.40184	-1.0
9.43452	-1.0
9.52908	-1.0
9.5898	-1.0
9.7104	-1.0
9.92568	-1.0
10.04904	-1.0
11.88168	-1.0
12.03084	-1.0
12.20044	-1.0
12.39476	-1.0
15.02012	-1.0
15.05264	-1.0
15.06708	-1.0
15.12392	-1.0
15.23936	-1.0
15.2948	-1.0
15.31008	-1.0
15.37108	-1.0
15.42008	-1.0
15.56704	-1.0
15.57764	-1.0
15.66988	-1.0
15.67308	1.0
15.735	-1.0
15.96364	-1.0
16.01176	-1.0
16.10712	-1.0
19.42396	-1.0
19.45404	-1.0
19.48704	-1.0
19.5074	-1.0
19.51324	-1.0
19.54932	-1.0
19.5904	-1.0
19.7436	-1.0
19.76524	-1.0
19.80256	-1.0
19.80564	-1.0
19.8532	-1.0
19.86888	-1.0
19.91656	-1.0
19.93064	-1.0
19.96432	-1.0
20.07052	-1.0
20.09832	-1.0
20.17536	-1.0
20.31908	-1.0
20.39056	-1.0
20.57308	-1.0
20.6676	-1.0
20.67388	-1.0
20.85184	-1.0
24.86772	-1.0
24.88008	-1.0
24.90164	-1.0
24.91628	-1.0
24.93644	-1.0
24.9514	-1.0
24.97496	-1.0
24.99044	-1.0
25.02512	-1.0
25.12164	-1.0
25.12848	-1.0
25.24472	-1.0
25.32308	-1.0
25.3758	-1.0
25.48316	-1.0
25.52412	-1.0
25.54416	-1.0
25.59088	-1.0
25.63096	-1.0
25.72888	-1.0
25.76244	-1.0
25.83356	-1.0
25.95452	-1.0
29.8342	-1.0
29.85144	-1.0
29.8798	-1.0
29.88364	-1.0
29.89444	-1.0
29.91728	-1.0
29.93728	-1.0
29.96324	-1.0
29.99148	-1.0
30.03716	-1.0
30.09652	-1.0
30.1242	-1.0
30.16168	-1.0
30.20896	-1.0
30.2442	-1.0
30.27744	-1.0
30.29804	-1.0
30.3112	-1.0
30.34844	-1.0
30.37012	-1.0
30.40368	-1.0
30.44512	-1.0
30.51524	-1.0
30.53876	-1.0
30.65108	-1.0
30.697	-1.0
30.76748	-1.0
30.80448	-1.0
30.86244	-1.0
30.9544	-1.0
31.07728	-1.0
31.14884	-1.0
31.19888	-1.0
31.27592	-1.0
31.28836	-1.0
35.7498	-1.0
35.7532	-1.0
35.78064	1.0
35.84916	-1.0
35.901	-1.0
35.92428	-1.0
35.95392	-1.0
36.00408	-1.0
36.03796	-1.0
36.04876	-1.0
36.07164	-1.0
36.09668	-1.0
36.12132	-1.0
36.14156	-1.0
36.19044	-1.0
36.23212	-1.0
36.28304	-1.0
36.34728	-1.0
36.403	-1.0
36.441	-1.0
36.48412	-1.0
36.53108	-1.0
36.57248	-1.0
36.646	-1.0
36.68308	-1.0
36.72108	-1.0
36.77484	-1.0
36.95144	-1.0
37.01436	-1.0
37.0666	-1.0
37.85636	-1.0
37.93284	-1.0
40.47568	-1.0
40.49036	-1.0
40.52556	-1.0
40.55136	-1.0
40.5806	-1.0
40.58736	-1.0
40.61088	-1.0
40.63688	-1.0
40.66712	-1.0
40.7184	-1.0
40.74656	-1.0
40.78348	-1.0
40.8676	-1.0
40.89704	-1.0
40.92548	-1.0
40.955	-1.0
41.004	-1.0
41.06276	-1.0
41.10368	-1.0
41.10992	-1.0
41.14428	-1.0
41.17112	-1.0
41.17876	-1.0
41.20884	-1.0
41.2336	-1.0
41.28308	-1.0
41.35612	-1.0
41.4496	-1.0
41.56488	-1.0
41.56856	-1.0
41.61404	-1.0
41.63716	-1.0
41.73332	-1.0
41.77304	-1.0
44.73584	-1.0
44.76272	-1.0
44.76712	-1.0
44.80592	-1.0
44.85208	-1.0
44.89172	-1.0
44.89868	-1.0
44.94088	-1.0
44.9726	-1.0
45.00396	-1.0
45.05704	-1.0
45.12272	-1.0
45.15964	-1.0
45.21536	-1.0
45.2666	-1.0
45.29284	-1.0
45.3174	-1.0
45.35588	-1.0
45.43092	-1.0
45.48308	-1.0
45.49888	-1.0
45.63312	-1.0
45.66268	-1.0
45.69844	-1.0
45.74168	-1.0
45.81408	-1.0
45.87304	-1.0
45.95152	-1.0
46.07056	-1.0
46.08512	-1.0
49.28188	-1.0
49.29776	-1.0
49.31784	-1.0
49.33284	-1.0
49.35868	-1.0
49.39724	-1.0
49.43348	-1.0
49.49744	-1.0
49.54132	-1.0
49.56396	-1.0
49.61532	-1.0
49.64132	-1.0
49.66536	-1.0
49.7118	-1.0
49.74312	-1.0
49.78944	-1.0
49.81988	-1.0
49.865	-1.0
49.90872	-1.0
49.9484	1.0
49.99176	-1.0
50.04848	-1.0
50.09868	-1.0
50.23408	-1.0
50.25108	-1.0
50.2982	-1.0
50.3488	-1.0
50.4374	-1.0
50.47184	-1.0
50.6106	-1.0
50.85884	-1.0
54.44496	-1.0
54.49372	-1.0
54.50472	-1.0
54.53476	-1.0
54.551	-1.0
54.55828	-1.0
54.56112	-1.0
54.59976	-1.0
54.63964	-1.0
54.66508	-1.0
54.7112	-1.0
54.76372	-1.0
54.81144	-1.0
54.81608	-1.0
54.86436	-1.0
54.89428	-1.0
54.94536	-1.0
54.97792	-1.0
55.05208	-1.0
55.059	-1.0
55.09704	-1.0
55.13008	-1.0
55.17196	-1.0
55.21264	-1.0
55.24764	-1.0
55.26912	-1.0
55.32716	-1.0
55.46884	-1.0
55.58428	-1.0
59.61152	-1.0
59.63248	-1.0
59.65416	-1.0
59.67436	-1.0
59.67888	-1.0
59.71556	-1.0
59.79508	-1.0
59.81372	1.0
59.8272	-1.0
59.8666	-1.0
59.894	-1.0
59.9442	-1.0
59.97188	-1.0
59.9976	-1.0
60.02716	-1.0
60.06852	-1.0
60.09392	-1.0
60.14204	-1.0
60.21124	-1.0
60.25588	-1.0
60.32124	-1.0
60.37336	-1.0
60.41876	-1.0
60.4248	-1.0
60.54288	-1.0
60.62412	-1.0
63.912	-1.0
63.94392	-1.0
63.97908	-1.0
64.0048	-1.0
64.07212	-1.0
64.12464	-1.0
64.12756	-1.0
64.16188	-1.0
64.19844	-1.0
64.22272	-1.0
64.23256	-1.0
64.26208	-1.0
64.28664	-1.0
64.33716	-1.0
64.37316	-1.0
64.4428	-1.0
64.48588	-1.0
64.59636	-1.0
64.62956	-1.0
64.72004	-1.0
64.7942	-1.0
64.83364	-1.0
64.86044	-1.0
64.8916	-1.0
64.95732	-1.0
68.29108	-1.0
68.33152	-1.0
68.37616	-1.0
68.42268	-1.0
68.44048	-1.0
68.46916	-1.0
68.51484	-1.0
68.536	-1.0
68.5532	1.0
68.56536	-1.0
68.61416	-1.0
68.65768	-1.0
68.69748	-1.0
68.71968	-1.0
68.77256	-1.0
68.81956	-1.0
68.87716	-1.0
68.90736	-1.0
68.97456	-1.0
69.02116	-1.0
69.08836	-1.0
69.14484	-1.0
69.20404	-1.0
69.32568	-1.0
73.55944	-1.0
73.56344	-1.0
73.59276	-1.0
73.59932	-1.0
73.60628	-1.0
73.6258	-1.0
73.62904	-1.0
73.661	1.0
73.66436	-1.0
73.68916	-1.0
73.7156	-1.0
73.74256	-1.0
73.77612	-1.0
73.81816	-1.0
73.84708	-1.0
73.89412	1.0
73.9636	-1.0
74.02072	-1.0
74.05948	-1.0
74.0628	-1.0
74.127	-1.0
74.15044	-1.0
74.15576	-1.0
74.18632	-1.0
74.24776	-1.0
74.284	-1.0
74.32688	-1.0
74.35292	-1.0
74.42816	-1.0
74.56432	-1.0
74.61768	-1.0
74.6932	-1.0
78.48772	-1.0
78.531	-1.0
78.56736	-1.0
78.618	-1.0
78.63784	-1.0
78.66504	-1.0
78.71608	-1.0
78.74384	-1.0
78.7752	-1.0
78.8044	-1.0
78.83352	-1.0
78.8478	-1.0
78.88772	-1.0
78.92468	-1.0
78.97868	-1.0
79.03604	-1.0
79.08904	-1.0
79.1252	-1.0
79.18348	-1.0
79.22288	-1.0
79.27904	-1.0
79.31392	-1.0
79.45264	-1.0
79.49744	-1.0
79.56136	-1.0
83.888	-1.0
83.90436	-1.0
83.92028	-1.0
83.95556	-1.0
83.9672	-1.0
84.01032	-1.0
84.05908	-1.0
84.12688	1.0
84.13268	-1.0
84.1692	-1.0
84.1982	-1.0
84.22368	-1.0
84.24796	-1.0
84.28276	-1.0
84.33524	-1.0
84.37516	-1.0
84.41044	-1.0
84.43716	-1.0
84.5386	-1.0
84.59736	-1.0
84.62084	-1.0
84.66192	-1.0
84.6868	-1.0
84.74568	-1.0
84.8042	-1.0
84.90024	-1.0
84.91544	-1.0
84.94912	-1.0
84.99008	-1.0
85.02864	-1.0
88.446	-1.0
88.45668	-1.0
88.47712	-1.0
88.50932	-1.0
88.53108	-1.0
88.59156	-1.0
88.63888	-1.0
88.6516	-1.0
88.69804	-1.0
88.72188	-1.0
88.75232	-1.0
88.77804	-1.0
88.78264	-1.0
88.8194	-1.0
88.83664	-1.0
88.864	-1.0
88.91	-1.0
88.91264	-1.0
88.9634	-1.0
89.021	-1.0
89.08704	-1.0
89.1158	-1.0
89.15652	-1.0
89.19624	-1.0
89.24688	-1.0
89.29784	-1.0
89.36252	-1.0
89.36572	-1.0
89.59736	-1.0
89.64372	-1.0
93.27684	-1.0
93.30216	-1.0
93.345	-1.0
93.36496	-1.0
93.37656	-1.0
93.38372	-1.0
93.45324	-1.0
93.50136	-1.0
93.55216	-1.0
93.58616	-1.0
93.62016	-1.0
93.64672	-1.0
93.68512	-1.0
93.6988	-1.0
93.71248	-1.0
93.74276	-1.0
93.77908	-1.0
93.82124	-1.0
93.84808	-1.0
93.92124	-1.0
93.96088	-1.0
93.97396	-1.0
94.11952	-1.0
94.16128	-1.0
94.19028	-1.0
94.23348	-1.0
94.2992	-1.0
94.35868	-1.0
94.53968	-1.0
99.32752	-1.0
99.3386	-1.0
99.3566	-1.0
99.37512	-1.0
99.38332	-1.0
99.38944	-1.0
99.4044	-1.0
99.44264	-1.0
99.45716	-1.0
99.4608	-1.0
99.49268	-1.0
99.49808	-1.0
99.51048	-1.0
99.54064	-1.0
99.58512	-1.0
99.60972	-1.0
99.63176	-1.0
99.6596	-1.0
99.6866	-1.0
99.70976	-1.0
99.71772	-1.0
99.7734	-1.0
99.808	-1.0
99.81372	-1.0
99.8452	-1.0
99.85732	-1.0
99.89104	-1.0
99.9334	-1.0
99.9976	-1.0
100.0558	-1.0
100.07008	-1.0
100.09608	-1.0
100.13064	-1.0
100.17516	-1.0
100.24956	-1.0
100.33036	-1.0
100.36256	-1.0
100.37676	-1.0
100.61904	-1.0
100.63492	-1.0
100.99052	-1.0
104.6162	-1.0
104.64056	-1.0
104.65132	-1.0
104.6554	-1.0
104.658	-1.0
104.70412	-1.0
104.7374	-1.0
104.79704	-1.0
104.819	-1.0
104.84324	-1.0
104.85292	-1.0
104.86	-1.0
104.8842	-1.0
104.89224	-1.0
104.95464	-1.0
104.98792	-1.0
105.00824	-1.0
105.03004	1.0
105.03988	-1.0
105.07356	-1.0
105.08104	-1.0
105.126	-1.0
105.12936	-1.0
105.1572	-1.0
105.17924	-1.0
105.2254	-1.0
105.27944	-1.0
105.35096	-1.0
105.3878	-1.0
105.48068	-1.0
105.5296	-1.0
105.57904	-1.0
106.07692	-1.0
109.75244	-1.0
109.77348	-1.0
109.7838	-1.0
109.79824	-1.0
109.82476	-1.0
109.85172	1.0
109.85816	-1.0
109.8816	-1.0
109.90244	-1.0
109.9592	-1.0
110.009	-1.0
110.01304	-1.0
110.0496	-1.0
110.079	-1.0
110.1034	-1.0
110.16972	-1.0
110.17388	-1.0
110.24076	-1.0
110.27772	-1.0
110.28688	-1.0
110.36284	-1.0
110.40376	-1.0
110.42468	-1.0
110.5054	-1.0
110.62852	-1.0
110.66828	-1.0
110.76536	-1.0
110.81572	-1.0
111.05508	-1.0
111.09096	-1.0
114.84876	-1.0
114.86652	-1.0
114.9014	-1.0
114.927	-1.0
114.93028	-1.0
114.9356	-1.0
114.99584	1.0
115.03208	-1.0
115.05388	-1.0
115.06512	-1.0
115.0834	-1.0
115.09972	1.0
115.11716	-1.0
115.16124	-1.0
115.18828	-1.0
115.22332	-1.0
115.26384	-1.0
115.32356	1.0
115.3492	-1.0
115.35256	-1.0
115.38924	-1.0
115.41552	-1.0
115.53104	-1.0
115.56528	-1.0
115.62868	-1.0
115.677	-1.0
115.85712	-1.0
115.91864	-1.0
115.96476	-1.0
115.99444	-1.0
116.0042	-1.0
116.0468	-1.0
119.77428	-1.0
119.785	-1.0
119.8078	-1.0
119.8634	-1.0
119.90544	-1.0
119.91488	-1.0
119.94132	-1.0
119.97764	-1.0
120.00304	-1.0
120.07824	-1.0
120.16888	-1.0
120.244	-1.0
120.2954	-1.0
120.33896	-1.0
120.39312	-1.0
120.44256	-1.0
120.4842	-1.0
120.52304	-1.0
120.60204	-1.0
120.74416	-1.0
120.81108	-1.0
120.90056	-1.0
121.06376	-1.0
121.1548	-1.0
124.89896	-1.0
124.90744	-1.0
124.94568	-1.0
124.9658	-1.0
124.98204	-1.0
125.058	-1.0
125.0616	-1.0
125.1488	-1.0
125.25772	-1.0
125.3262	-1.0
125.3368	-1.0
125.3652	-1.0
125.39328	-1.0
125.44092	-1.0
125.45848	-1.0
125.55224	-1.0
125.59952	-1.0
125.81436	-1.0
125.84276	-1.0
125.9228	-1.0
125.97996	-1.0
126.0182	-1.0
126.30752	-1.0
126.37868	-1.0
130.618	-1.0
130.64008	-1.0
130.68964	-1.0
130.6952	-1.0
130.71944	-1.0
130.72244	-1.0
130.73932	-1.0
130.83972	-1.0
130.88672	-1.0
130.9556	-1.0
130.97308	-1.0
131.01376	-1.0
131.06464	-1.0
131.25436	-1.0
131.32408	-1.0
131.43253	-1.0
131.47264	-1.0
131.71904	-1.0
131.97916	-1.0
132.08511	-1.0
132.16356	-1.0
132.7054	-1.0
136.51656	-1.0
136.53568	-1.0
136.55508	-1.0
136.57556	-1.0
136.57816	-1.0
136.60808	-1.0
136.63132	-1.0
136.6872	-1.0
136.71272	-1.0
136.72331	-1.0
136.76357	-1.0
136.7952	-1.0
136.84912	-1.0
136.91568	-1.0
136.9486	-1.0
136.98952	-1.0
137.02065	-1.0
137.10033	-1.0
137.12633	-1.0
137.17249	-1.0
137.18147	1.0
137.30624	-1.0
137.38504	-1.0
137.40712	-1.0
137.5244	-1.0
137.61372	-1.0
137.80351	-1.0
137.9338	-1.0
138.01408	-1.0
142.45488	-1.0
142.4612	-1.0
142.48865	-1.0
142.53056	-1.0
142.5566	-1.0
142.58057	-1.0
142.61104	-1.0
142.63112	-1.0
142.73747	-1.0
142.7594	-1.0
142.7788	-1.0
142.81207	-1.0
142.82784	-1.0
142.87424	-1.0
142.89796	-1.0
142.95673	-1.0
143.07544	-1.0
143.13988	-1.0
143.24931	-1.0
143.28745	-1.0
143.30312	-1.0
143.53316	-1.0
143.61328	-1.0
143.6994	-1.0
143.84409	-1.0
148.72047	-1.0
148.73352	-1.0
148.75343	-1.0
148.76776	-1.0
148.77435	-1.0
148.79716	-1.0
148.80807	-1.0
148.8742	-1.0
148.8946	-1.0
148.89903	1.0
148.90176	1.0
148.92796	-1.0
148.98256	-1.0
149.00908	-1.0
149.0198	-1.0
149.15073	-1.0
149.21164	-1.0
149.26212	-1.0
149.30035	-1.0
149.3228	-1.0
149.32571	-1.0
149.35196	-1.0
149.37708	-1.0
149.4686	-1.0
149.52652	-1.0
149.73532	-1.0
149.9706	-1.0
153.735	-1.0
153.75696	-1.0
153.78355	-1.0
153.84167	-1.0
153.86163	-1.0
153.86424	-1.0
153.90508	-1.0
153.9326	-1.0
154.01115	1.0
154.03328	-1.0
154.0756	-1.0
154.14552	-1.0
154.15768	-1.0
154.21255	-1.0
154.21628	-1.0
154.30388	-1.0
154.37024	-1.0
154.43793	-1.0
154.4426	-1.0
154.44824	-1.0
154.56572	-1.0
154.68988	-1.0
154.7388	-1.0
154.87584	-1.0
154.97424	-1.0
155.05553	-1.0
155.17152	-1.0
160.0028	-1.0
160.01468	-1.0
160.03464	-1.0
160.05396	-1.0
160.05692	-1.0
160.075	-1.0
160.08669	-1.0
160.10576	-1.0
160.15884	-1.0
160.1716	-1.0
160.25116	-1.0
160.30452	-1.0
160.33247	-1.0
160.41289	-1.0
160.44104	-1.0
160.46744	-1.0
160.47464	-1.0
160.49936	-1.0
160.61424	-1.0
160.63164	-1.0
160.69708	-1.0
160.85388	-1.0
160.9312	-1.0
161.05511	-1.0
161.1364	-1.0
161.16656	-1.0
161.22908	-1.0
161.29196	-1.0
166.3116	-1.0
166.31424	-1.0
166.33356	-1.0
166.36005	-1.0
166.3954	-1.0
166.4148	-1.0
166.44025	-1.0
166.47597	-1.0
166.47968	-1.0
166.51968	-1.0
166.56276	-1.0
166.58392	-1.0
166.6202	-1.0
166.648	-1.0
166.67104	-1.0
166.6998	-1.0
166.75496	-1.0
166.8424	-1.0
166.89532	-1.0
166.94511	-1.0
167.14052	-1.0
167.18008	-1.0
167.27808	-1.0
167.47832	-1.0
167.56229	-1.0
167.78789	-1.0
167.86353	-1.0
167.91156	-1.0
167.97144	-1.0
167.99388	-1.0
172.93724	-1.0
172.9576	-1.0
173.02203	-1.0
173.04253	-1.0
173.04604	-1.0
173.0504	-1.0
173.06924	-1.0
173.09224	-1.0
173.11575	-1.0
173.12833	-1.0
173.1764	-1.0
173.17924	-1.0
173.21852	-1.0
173.32716	-1.0
173.3876	-1.0
173.41656	-1.0
173.6432	-1.0
173.6754	-1.0
173.77776	-1.0
173.802	-1.0
173.86816	-1.0
173.92816	-1.0
173.99248	-1.0
174.04828	-1.0
174.1078	-1.0
174.24408	-1.0
174.2964	-1.0
179.08144	-1.0
179.09024	-1.0
179.11488	-1.0
179.15068	-1.0
179.1696	-1.0
179.17348	-1.0
179.1948	-1.0
179.21536	-1.0
179.22044	-1.0
179.27724	-1.0
179.31444	-1.0
179.32031	-1.0
179.37468	-1.0
179.41637	-1.0
179.45705	-1.0
179.55965	-1.0
179.64027	-1.0
179.68372	-1.0
179.72696	-1.0
179.78957	-1.0
179.81651	-1.0
179.8434	-1.0
179.87784	-1.0
179.90884	1.0
179.93369	-1.0
179.967	-1.0
180.02892	-1.0
180.11856	-1.0
180.2336	-1.0
180.35976	-1.0
184.89027	-1.0
184.9046	-1.0
184.91168	-1.0
184.93564	-1.0
184.9526	-1.0
184.96124	-1.0
184.9974	-1.0
185.01633	-1.0
185.09724	-1.0
185.12512	-1.0
185.28496	-1.0
185.32137	-1.0
185.34737	-1.0
185.40508	-1.0
185.41452	-1.0
185.4378	-1.0
185.47324	-1.0
185.50365	-1.0
185.611	-1.0
185.65295	-1.0
185.69484	-1.0
185.87376	-1.0
185.913	-1.0
185.96635	-1.0
186.08012	-1.0
190.21988	-1.0
190.2694	-1.0
190.3068	-1.0
190.366	-1.0
190.3896	-1.0
190.43295	-1.0
190.43855	-1.0
190.45836	-1.0
190.51396	-1.0
190.5346	-1.0
190.58676	-1.0
190.65392	-1.0
190.8232	-1.0
190.8706	-1.0
190.91608	-1.0
190.97244	-1.0
190.98796	-1.0
191.01712	-1.0
191.05188	-1.0
191.0896	-1.0
191.11012	-1.0
191.2804	-1.0
191.33696	-1.0
191.56688	-1.0
196.0714	-1.0
196.08592	-1.0
196.13168	-1.0
196.15485	-1.0
196.15996	-1.0
196.19044	-1.0
196.20204	-1.0
196.231	-1.0
196.25616	-1.0
196.27136	-1.0
196.27716	-1.0
196.2978	-1.0
196.3216	-1.0
196.34404	-1.0
196.3722	-1.0
196.40012	-1.0
196.42609	-1.0
196.447	-1.0
196.52911	-1.0
196.56409	-1.0
196.685	-1.0
196.71835	-1.0
196.73389	-1.0
196.78996	-1.0
196.80087	-1.0
196.963	-1.0
196.999	-1.0
197.02296	-1.0
197.029	-1.0
197.07552	-1.0
197.32404	-1.0
197.37096	-1.0
197.41168	-1.0
201.99136	-1.0
202.00977	-1.0
202.02888	-1.0
202.0738	-1.0
202.132	-1.0
202.13708	-1.0
202.18584	-1.0
202.22816	-1.0
202.28648	-1.0
202.34389	-1.0
202.35497	-1.0
202.42863	-1.0
202.52988	-1.0
202.5728	-1.0
202.60687	-1.0
202.62364	-1.0
202.7374	-1.0
202.79376	-1.0
202.856	-1.0
202.92528	-1.0
203.08395	-1.0
203.14587	-1.0
207.8944	-1.0
207.90253	-1.0
207.94373	-1.0
207.9656	-1.0
207.97556	-1.0
207.98788	-1.0
208.02376	-1.0
208.02916	-1.0
208.05876	-1.0
208.09988	-1.0
208.15376	-1.0
208.17532	-1.0
208.17868	-1.0
208.23804	-1.0
208.24107	-1.0
208.29788	-1.0
208.35835	-1.0
208.3906	-1.0
208.44644	-1.0
208.52632	-1.0
208.55716	-1.0
208.58755	-1.0
208.64616	-1.0
208.68004	-1.0
208.73312	-1.0
208.76295	-1.0
208.84888	-1.0
208.88583	-1.0
208.95508	-1.0
208.99036	-1.0
209.11052	-1.0
209.24088	-1.0
213.71916	-1.0
213.73848	-1.0
213.79608	-1.0
213.83595	-1.0
213.85509	-1.0
213.87964	-1.0
213.92831	-1.0
213.95024	-1.0
213.97964	-1.0
214.03355	-1.0
214.06052	-1.0
214.09007	-1.0
214.14084	-1.0
214.18729	-1.0
214.22372	-1.0
214.24756	-1.0
214.2826	-1.0
214.33672	-1.0
214.40796	-1.0
214.43011	-1.0
214.46844	-1.0
214.61797	-1.0
214.62547	-1.0
214.67844	-1.0
214.72363	-1.0
214.88832	-1.0
219.33864	-1.0
219.37256	-1.0
219.37648	-1.0
219.41731	-1.0
219.42004	-1.0
219.47044	-1.0
219.476	-1.0
219.50249	-1.0
219.52376	-1.0
219.53792	-1.0
219.578	-1.0
219.60916	-1.0
219.61925	-1.0
219.68964	-1.0
219.78925	-1.0
219.81577	-1.0
219.83807	-1.0
219.86195	-1.0
219.8886	-1.0
219.90312	-1.0
219.91817	-1.0
219.9454	-1.0
219.98177	-1.0
220.0136	-1.0
220.0572	-1.0
220.08923	-1.0
220.12495	-1.0
220.1786	-1.0
220.27277	-1.0
220.3134	-1.0
220.4056	-1.0
220.45888	-1.0
220.47812	-1.0
220.57492	-1.0
220.5842	-1.0
220.64629	-1.0
225.3196	-1.0
225.32211	-1.0
225.36604	-1.0
225.38828	-1.0
225.40508	-1.0
225.44128	-1.0
225.44852	-1.0
225.4668	-1.0
225.49168	-1.0
225.51488	-1.0
225.60635	-1.0
225.64336	-1.0
225.65443	-1.0
225.67168	-1.0
225.70673	-1.0
225.73907	-1.0
225.76411	-1.0
225.79971	-1.0
225.8124	-1.0
225.88708	-1.0
225.91563	-1.0
225.98167	-1.0
226.0104	-1.0
226.0786	-1.0
226.15347	-1.0
226.19696	-1.0
226.25664	-1.0
226.30087	-1.0
226.39256	-1.0
226.4974	-1.0
230.81668	-1.0
230.83496	-1.0
230.85696	-1.0
230.86072	-1.0
230.8716	-1.0
230.88908	-1.0
230.94595	-1.0
230.96936	-1.0
231.0112	-1.0
231.01404	-1.0
231.03236	-1.0
231.05696	-1.0
231.07924	-1.0
231.083	-1.0
231.12404	-1.0
231.17888	-1.0
231.21744	-1.0
231.25471	-1.0
231.3482	-1.0
231.4448	-1.0
231.51283	-1.0
231.54636	-1.0
231.66911	-1.0
231.79613	-1.0
231.811	-1.0
232.02924	-1.0
232.03548	-1.0
232.12708	-1.0
236.66072	-1.0
236.66368	-1.0
236.70868	-1.0
236.71788	-1.0
236.74117	-1.0
236.75037	-1.0
236.76436	-1.0
236.783	-1.0
236.82704	-1.0
236.9228	-1.0
236.9492	-1.0
236.97612	-1.0
236.9882	-1.0
237.0096	-1.0
237.04643	-1.0
237.05844	-1.0
237.12051	-1.0
237.15073	-1.0
237.19936	-1.0
237.35245	-1.0
237.4274	-1.0
237.50047	-1.0
237.68909	-1.0
237.75096	-1.0
237.79643	-1.0
237.86908	-1.0
237.95352	-1.0
242.19312	-1.0
242.20335	-1.0
242.23483	-1.0
242.25548	-1.0
242.27812	-1.0
242.327	-1.0
242.34991	-1.0
242.40125	-1.0
242.44356	-1.0
242.44888	-1.0
242.46584	-1.0
242.49171	-1.0
242.50716	-1.0
242.52489	-1.0
242.56052	-1.0
242.58784	-1.0
242.61156	-1.0
242.61472	-1.0
242.75964	-1.0
242.8022	-1.0
242.87268	-1.0
242.95564	-1.0
242.9668	-1.0
243.02324	-1.0
243.0544	-1.0
243.05716	-1.0
243.08856	-1.0
243.12791	-1.0
243.20409	-1.0
248.67192	-1.0
248.6876	-1.0
248.72849	-1.0
248.75333	-1.0
248.75584	-1.0
248.78397	-1.0
248.80437	-1.0
248.81816	-1.0
248.8496	-1.0
248.88184	-1.0
248.9224	-1.0
248.9374	-1.0
248.94437	-1.0
248.97247	-1.0
249.00352	-1.0
249.0552	-1.0
249.09288	-1.0
249.13512	-1.0
249.17365	-1.0
249.2048	-1.0
249.23436	-1.0
249.26547	-1.0
249.2708	-1.0
249.30124	-1.0
249.3528	-1.0
249.46788	-1.0
249.5484	-1.0
249.6654	-1.0
249.66972	-1.0
249.75116	-1.0
249.91032	-1.0
249.94972	-1.0
250.03671	-1.0
250.04549	-1.0
250.0724	-1.0
255.0424	-1.0
255.06313	-1.0
255.08272	-1.0
255.11247	-1.0
255.13484	-1.0
255.16151	-1.0
255.18768	1.0
255.21068	-1.0
255.23344	1.0
255.28629	-1.0
255.34532	-1.0
255.37408	-1.0
255.43623	-1.0
255.45387	-1.0
255.52948	-1.0
255.56293	-1.0
255.582	-1.0
255.61392	-1.0
255.78696	-1.0
255.91132	-1.0
255.93924	-1.0
255.95088	-1.0
256.04037	-1.0
256.32773	-1.0
260.27765	-1.0
260.3018	-1.0
260.32407	-1.0
260.35938	-1.0
260.3897	-1.0
260.4063	-1.0
260.41095	-1.0
260.44263	-1.0
260.46628	-1.0
260.4951	-1.0
260.51337	-1.0
260.55945	-1.0
260.60104	-1.0
260.61032	-1.0
260.6296	-1.0
260.65585	-1.0
260.65997	-1.0
260.69315	-1.0
260.75464	-1.0
260.77353	-1.0
260.78452	-1.0
260.79703	-1.0
260.99963	-1.0
261.10748	-1.0
261.12064	-1.0
261.12924	-1.0
261.161	-1.0
261.43356	-1.0
265.79367	-1.0
265.833	-1.0
265.85406	-1.0
265.8825	-1.0
265.91068	-1.0
265.96933	-1.0
266.03516	-1.0
266.0873	-1.0
266.11557	-1.0
266.1538	-1.0
266.17435	-1.0
266.23315	-1.0
266.27386	-1.0
266.36688	-1.0
266.37225	-1.0
266.39725	-1.0
266.58768	-1.0
266.6049	-1.0
266.64365	-1.0
266.7158	-1.0
266.72028	-1.0
266.92715	-1.0
271.2899	-1.0
271.3095	-1.0
271.3158	-1.0
271.38196	-1.0
271.41272	-1.0
271.43417	-1.0
271.44604	-1.0
271.46756	-1.0
271.48508	-1.0
271.51773	-1.0
271.59213	-1.0
271.66504	-1.0
271.6733	-1.0
271.7098	-1.0
271.7488	-1.0
271.77765	-1.0
271.80597	-1.0
271.88	-1.0
271.93164	-1.0
271.99033	-1.0
272.03287	-1.0
272.2037	-1.0
272.23636	-1.0
274.89413	-1.0
274.90063	-1.0
274.93405	-1.0
274.96024	-1.0
275.02005	-1.0
275.04132	-1.0
275.07877	-1.0
275.11517	-1.0
275.1368	-1.0
275.155	-1.0
275.25323	-1.0
275.31503	-1.0
275.37265	-1.0
275.4426	-1.0
275.541	-1.0
275.55896	-1.0
275.66428	-1.0
275.72397	-1.0
275.77768	-1.0
275.85193	-1.0
275.9225	-1.0
281.41913	-1.0
281.43292	-1.0
281.43732	-1.0
281.46536	-1.0
281.4687	-1.0
281.4945	-1.0
281.5138	-1.0
281.52353	-1.0
281.53683	-1.0
281.54263	-1.0
281.5712	-1.0
281.60895	-1.0
281.62668	1.0
281.65372	-1.0
281.6827	-1.0
281.7152	-1.0
281.77264	-1.0
281.80963	-1.0
281.85983	-1.0
281.92288	-1.0
282.00067	-1.0
282.0169	-1.0
282.15808	-1.0
282.2138	-1.0
282.2711	-1.0
282.31476	-1.0
282.46124	-1.0
282.48508	-1.0
286.49576	-1.0
286.5304	-1.0
286.56464	-1.0
286.59027	-1.0
286.6198	-1.0
286.6236	-1.0
286.65714	-1.0
286.72363	-1.0
286.74677	-1.0
286.7791	-1.0
286.80893	-1.0
286.85324	-1.0
286.87045	-1.0
286.89456	-1.0
287.06128	-1.0
287.06705	-1.0
287.2094	-1.0
287.27032	-1.0
287.3288	-1.0
287.3481	-1.0
287.38464	-1.0
287.57907	-1.0
287.60037	-1.0
290.0202	1.0
290.03217	-1.0
290.05652	-1.0
290.07816	-1.0
290.1103	-1.0
290.1372	-1.0
290.14145	-1.0
290.144	-1.0
290.18335	-1.0
290.23883	-1.0
290.30923	-1.0
290.34064	-1.0
290.42593	-1.0
290.4606	-1.0
290.52228	-1.0
290.5692	-1.0
290.60095	-1.0
290.6778	-1.0
290.75763	-1.0
290.77744	-1.0
290.85123	-1.0
290.87332	-1.0
290.95435	-1.0
295.51953	-1.0
295.53564	-1.0
295.5846	-1.0
295.6159	-1.0
295.66125	-1.0
295.6663	-1.0
295.69873	-1.0
295.7604	-1.0
295.81577	-1.0
295.89868	-1.0
295.93457	-1.0
295.95547	-1.0
295.9757	-1.0
296.04144	-1.0
296.09433	-1.0
296.13943	-1.0
296.17816	-1.0
296.25003	-1.0
296.30072	-1.0
296.351	-1.0
296.43787	-1.0
300.39948	1.0
300.45435	-1.0
300.46155	-1.0
300.51508	-1.0
300.52652	-1.0
300.57257	-1.0
300.63644	-1.0
300.64688	-1.0
300.77484	-1.0
300.7819	-1.0
300.8153	-1.0
300.86603	-1.0
300.9867	-1.0
301.03052	-1.0
301.15024	-1.0
301.2125	-1.0
305.5873	-1.0
305.6396	-1.0
305.66437	-1.0
305.71176	-1.0
305.73743	-1.0
305.77136	-1.0
305.85037	-1.0
305.8695	-1.0
305.9192	-1.0
305.95825	-1.0
306.06467	-1.0
306.10175	-1.0
306.15604	-1.0
306.1608	-1.0
306.22504	-1.0
306.2308	-1.0
306.36185	-1.0
306.41797	-1.0
310.29327	-1.0
310.3463	-1.0
310.37555	-1.0
310.42715	-1.0
310.47195	-1.0
310.5027	-1.0
310.52484	-1.0
310.53424	1.0
310.5627	-1.0
310.6487	-1.0
310.69427	-1.0
310.74475	-1.0
310.7666	-1.0
310.90585	-1.0
310.96216	-1.0
310.9796	-1.0
311.0326	-1.0
311.1276	-1.0
315.95425	-1.0
315.9614	-1.0
315.97043	-1.0
315.9997	-1.0
316.01733	-1.0
316.06113	-1.0
316.15332	-1.0
316.1852	-1.0
316.2142	-1.0
316.3023	-1.0
316.3581	-1.0
316.53085	-1.0
316.54993	-1.0
316.65305	-1.0
316.67493	-1.0
316.72183	-1.0
316.73444	-1.0
316.81543	-1.0
321.02737	-1.0
321.12057	-1.0
321.17313	-1.0
321.19904	-1.0
321.3177	-1.0
321.35504	-1.0
321.3853	-1.0
321.39648	-1.0
321.43195	-1.0
321.4727	-1.0
321.48224	-1.0
321.5256	-1.0
321.7772	-1.0
321.7966	-1.0
321.8145	-1.0
321.8723	-1.0
322.03827	-1.0
326.0098	-1.0
326.03555	-1.0
326.16605	-1.0
326.211	-1.0
326.24103	-1.0
326.281	-1.0
326.30164	-1.0
326.3142	-1.0
326.45807	-1.0
326.49448	-1.0
326.57285	-1.0
326.71268	-1.0
326.92145	-1.0
327.06036	-1.0
327.11523	-1.0
327.12668	-1.0
331.8544	-1.0
331.9049	-1.0
331.91275	-1.0
331.94296	-1.0
331.94672	-1.0
331.98764	-1.0
331.99295	1.0
332.0291	-1.0
332.0703	-1.0
332.109	-1.0
332.14767	-1.0
332.2331	-1.0
332.2721	-1.0
332.3369	-1.0
332.37952	-1.0
332.41403	-1.0
332.43567	-1.0
332.49063	-1.0
332.63593	-1.0
332.73233	-1.0
332.7426	-1.0
332.82016	1.0
338.2603	-1.0
338.26755	-1.0
338.3253	-1.0
338.35373	-1.0
338.36935	-1.0
338.37885	-1.0
338.4763	-1.0
338.502	-1.0
338.53467	-1.0
338.55368	-1.0
338.67123	-1.0
338.8394	-1.0
338.876	-1.0
338.9319	-1.0
338.98117	-1.0
339.1323	-1.0
343.29233	-1.0
343.3217	-1.0
343.3662	-1.0
343.39594	-1.0
343.41714	1.0
343.4437	-1.0
343.58984	-1.0
343.5952	-1.0
343.6228	-1.0
343.74652	-1.0
343.8022	-1.0
343.80484	-1.0
343.82916	1.0
343.88684	-1.0
343.89395	-1.0
343.97552	-1.0
344.0674	-1.0
348.68008	1.0
348.68927	-1.0
348.72906	-1.0
348.7834	-1.0
348.79147	-1.0
348.81042	-1.0
348.84683	-1.0
348.88632	-1.0
348.9238	-1.0
348.97745	-1.0
349.04077	-1.0
349.17545	-1.0
349.2389	-1.0
349.3449	-1.0
353.67422	-1.0
353.69336	-1.0
353.71872	-1.0
353.74017	-1.0
353.7784	-1.0
353.79428	1.0
353.81793	-1.0
353.82065	-1.0
353.854	-1.0
353.91476	-1.0
353.9291	-1.0
353.97345	-1.0
353.98935	-1.0
354.06476	-1.0
354.1002	-1.0
354.1992	-1.0
354.4833	-1.0
354.55252	-1.0
354.64572	-1.0
354.69388	-1.0
358.48383	-1.0
358.4958	-1.0
358.52945	-1.0
358.5837	-1.0
358.61526	-1.0
358.65485	-1.0
358.68903	-1.0
358.7429	-1.0
358.84293	-1.0
358.85608	-1.0
358.9329	-1.0
358.97632	-1.0
359.00723	-1.0
359.0598	-1.0
363.5082	-1.0
363.51575	-1.0
363.54288	-1.0
363.561	-1.0
363.5829	-1.0
363.6098	-1.0
363.63565	-1.0
363.65747	-1.0
363.72272	1.0
363.7478	-1.0
363.7588	-1.0
363.7934	-1.0
363.85196	-1.0
363.87344	-1.0
363.92044	-1.0
363.9292	-1.0
364.0053	-1.0
364.26337	-1.0
364.5843	-1.0
368.43176	-1.0
368.43488	-1.0
368.4512	-1.0
368.4681	-1.0
368.4788	-1.0
368.48672	-1.0
368.50436	-1.0
368.52023	-1.0
368.5637	-1.0
368.5811	-1.0
368.5994	-1.0
368.68063	-1.0
368.70108	-1.0
368.72852	-1.0
368.86545	-1.0
368.886	-1.0
369.00513	-1.0
369.03784	-1.0
369.09793	-1.0
373.2252	-1.0
373.24207	-1.0
373.28403	-1.0
373.29068	-1.0
373.30447	-1.0
373.3084	-1.0
373.328	-1.0
373.34406	-1.0
373.36728	-1.0
373.3841	-1.0
373.42297	-1.0
373.4331	-1.0
373.48737	-1.0
373.4955	-1.0
373.61813	-1.0
373.73837	-1.0
373.91537	-1.0
374.14697	-1.0
378.0594	-1.0
378.0963	-1.0
378.10556	-1.0
378.12064	-1.0
378.13144	-1.0
378.1436	-1.0
378.1482	-1.0
378.15637	-1.0
378.15936	1.0
378.1639	-1.0
378.1751	-1.0
378.27023	-1.0
378.2961	-1.0
378.38892	-1.0
378.49408	-1.0
378.5193	-1.0
378.52307	-1.0
378.5915	-1.0
378.6002	-1.0
378.6728	-1.0
383.05017	-1.0
383.087	-1.0
383.0918	-1.0
383.12485	-1.0
383.16592	-1.0
383.19012	-1.0
383.1938	-1.0
383.21915	-1.0
383.2244	-1.0
383.26785	-1.0
383.3136	-1.0
383.37595	-1.0
383.3936	-1.0
383.45255	-1.0
383.5807	-1.0
383.62808	-1.0
383.7779	-1.0
383.94073	-1.0
384.0394	-1.0
388.12003	1.0
388.15897	-1.0
388.1725	-1.0
388.2024	-1.0
388.247	-1.0
388.2938	-1.0
388.33508	-1.0
388.3597	-1.0
388.4179	-1.0
388.4479	-1.0
388.49112	-1.0
388.49512	-1.0
388.56003	-1.0
388.66452	-1.0
388.80273	-1.0
388.89435	-1.0
388.9131	-1.0
392.8633	-1.0
392.90753	-1.0
392.92712	-1.0
392.93524	-1.0
392.94	-1.0
392.9594	-1.0
392.98657	-1.0
393.01904	-1.0
393.03955	-1.0
393.0604	-1.0
393.1063	-1.0
393.15625	-1.0
393.18777	-1.0
393.22992	-1.0
393.28833	-1.0
393.35114	-1.0
393.40137	-1.0
393.4618	-1.0
393.767	-1.0
397.18716	-1.0
397.26788	-1.0
397.27356	-1.0
397.2895	1.0
397.2982	-1.0
397.30725	-1.0
397.32413	-1.0
397.33524	-1.0
397.3391	-1.0
397.3768	-1.0
397.39804	-1.0
397.40192	-1.0
397.42984	-1.0
397.45636	-1.0
397.46707	-1.0
397.51663	-1.0
397.5344	-1.0
397.598	-1.0
397.64648	-1.0
397.68176	-1.0
397.73956	-1.0
397.7805	-1.0
397.80115	-1.0
397.931	-1.0
402.17572	-1.0
402.19327	-1.0
402.20468	-1.0
402.21567	1.0
402.23163	-1.0
402.23633	-1.0
402.26407	-1.0
402.2851	-1.0
402.3918	-1.0
402.43088	-1.0
402.4553	-1.0
402.46417	-1.0
402.4932	-1.0
402.52124	-1.0
402.5243	-1.0
402.54056	-1.0
402.58743	-1.0
402.62137	-1.0
402.66428	-1.0
402.8153	-1.0
402.86755	-1.0
402.9767	-1.0
407.49585	-1.0
407.51385	-1.0
407.5176	-1.0
407.5292	-1.0
407.5355	-1.0
407.53833	-1.0
407.575	-1.0
407.59503	-1.0
407.62857	-1.0
407.65244	-1.0
407.68884	-1.0
407.71893	-1.0
407.7279	-1.0
407.73157	-1.0
407.75943	-1.0
407.7985	-1.0
407.85352	-1.0
407.90903	-1.0
407.94064	-1.0
407.9718	-1.0
408.00424	-1.0
408.04337	-1.0
408.09317	-1.0
408.13168	-1.0
408.14316	-1.0
408.19504	-1.0
411.83096	-1.0
411.8442	-1.0
411.84744	1.0
411.8502	-1.0
411.85406	-1.0
411.87152	-1.0
411.88113	-1.0
411.90128	-1.0
411.93542	1.0
411.9705	-1.0
411.99854	-1.0
412.0281	-1.0
412.0394	-1.0
412.08597	-1.0
412.11893	-1.0
412.1258	-1.0
412.1612	-1.0
412.18793	-1.0
412.1912	-1.0
412.20712	-1.0
412.2164	-1.0
412.22867	-1.0
412.25964	-1.0
412.3002	-1.0
412.3303	-1.0
412.35983	-1.0
412.4193	-1.0
412.49692	-1.0
412.54355	-1.0
416.63284	-1.0
416.6559	-1.0
416.66153	-1.0
416.67804	-1.0
416.688	-1.0
416.69775	-1.0
416.70148	-1.0
416.74872	-1.0
416.77087	-1.0
416.77747	-1.0
416.81027	-1.0
416.84448	-1.0
416.8953	-1.0
416.932	-1.0
416.9615	-1.0
417.02365	-1.0
417.071	-1.0
417.1158	-1.0
417.1194	-1.0
417.19437	-1.0
417.23248	-1.0
417.26868	-1.0
417.2737	1.0
417.36212	-1.0
421.314	-1.0
421.32693	-1.0
421.3315	-1.0
421.339	-1.0
421.35477	1.0
421.37173	-1.0
421.38083	-1.0
421.40015	-1.0
421.4121	-1.0
421.41873	-1.0
421.44333	-1.0
421.48544	-1.0
421.5041	-1.0
421.52527	-1.0
421.53085	-1.0
421.5615	-1.0
421.57736	-1.0
421.58688	-1.0
421.62354	-1.0
421.64325	-1.0
421.67004	-1.0
421.69904	-1.0
421.73273	-1.0
421.7684	1.0
421.80527	-1.0
421.84283	-1.0
421.87744	-1.0
422.0182	-1.0
425.72272	-1.0
425.7518	-1.0
425.75525	-1.0
425.76044	-1.0
425.77664	-1.0
425.78177	-1.0
425.788	-1.0
425.8012	-1.0
425.82373	-1.0
425.83286	-1.0
425.84628	-1.0
425.87057	-1.0
425.89505	-1.0
425.9383	-1.0
425.94193	-1.0
425.97092	-1.0
426.0062	-1.0
426.0116	-1.0
426.02612	-1.0
426.05164	-1.0
426.08975	-1.0
426.129	-1.0
426.15927	-1.0
426.18777	-1.0
426.22296	-1.0
426.26828	-1.0
426.33337	-1.0
426.35272	-1.0
426.36526	1.0
426.40607	-1.0
428.0193	-1.0
429.6608	-1.0
429.68823	-1.0
429.69412	-1.0
429.70743	1.0
429.71393	-1.0
429.72528	-1.0
429.7512	-1.0
429.7644	-1.0
429.7841	-1.0
429.8132	-1.0
429.83557	-1.0
429.83847	-1.0
429.8706	-1.0
429.8805	-1.0
429.9192	-1.0
429.9774	-1.0
430.001	-1.0
430.05603	-1.0
430.0814	-1.0
430.1085	-1.0
430.16544	-1.0
430.20587	-1.0
433.66544	1.0
433.67908	-1.0
433.70715	-1.0
433.7107	-1.0
433.72372	-1.0
433.72647	-1.0
433.72937	-1.0
433.74664	-1.0
433.75073	-1.0
433.7682	-1.0
433.77203	-1.0
433.77792	-1.0
433.79697	-1.0
433.80344	-1.0
433.82043	-1.0
433.84912	-1.0
433.85507	-1.0
433.87723	-1.0
433.8803	-1.0
433.9058	-1.0
433.9381	-1.0
433.9572	-1.0
433.97906	-1.0
434.00217	-1.0
434.0246	-1.0
434.058	-1.0
434.0878	-1.0
434.1444	-1.0
434.18716	-1.0
434.2058	-1.0
434.23553	-1.0
434.2689	-1.0
434.30652	-1.0
434.39432	-1.0
434.46252	-1.0
437.5157	-1.0
437.53387	-1.0
437.53668	-1.0
437.5395	-1.0
437.55768	-1.0
437.57748	-1.0
437.59943	-1.0
437.6097	-1.0
437.63065	-1.0
437.6498	1.0
437.69327	-1.0
437.72153	-1.0
437.7535	-1.0
437.7813	-1.0
437.79	-1.0
437.79907	-1.0
437.8368	-1.0
437.8626	-1.0
437.8992	-1.0
437.94315	-1.0
437.9879	-1.0
438.02277	-1.0
438.0868	-1.0
438.1248	-1.0
442.49567	-1.0
442.5124	-1.0
442.5185	-1.0
442.52585	-1.0
442.55377	-1.0
442.56268	-1.0
442.57465	-1.0
442.5823	-1.0
442.60156	-1.0
442.616	-1.0
442.62253	-1.0
442.62527	-1.0
442.6654	-1.0
442.66995	-1.0
442.6962	-1.0
442.705	-1.0
442.72388	-1.0
442.74008	-1.0
442.76645	-1.0
442.7772	-1.0
442.79428	-1.0
442.81256	-1.0
442.81815	-1.0
442.8482	-1.0
442.8709	-1.0
442.92133	-1.0
442.95627	-1.0
442.98724	-1.0
443.01584	-1.0
443.04752	-1.0
443.072	-1.0
443.0967	-1.0
443.1646	-1.0
446.38287	-1.0
446.40387	1.0
446.41235	-1.0
446.43256	-1.0
446.444	-1.0
446.4534	-1.0
446.46655	-1.0
446.47675	-1.0
446.505	-1.0
446.53864	-1.0
446.5572	-1.0
446.5619	-1.0
446.596	-1.0
446.63916	-1.0
446.647	-1.0
446.68015	-1.0
446.7046	-1.0
446.70923	-1.0
446.7351	-1.0
446.77936	-1.0
446.78796	-1.0
446.85773	-1.0
446.8751	-1.0
446.91525	-1.0
446.966	-1.0
450.41196	-1.0
450.4294	-1.0
450.433	-1.0
450.45776	1.0
450.48187	-1.0
450.4979	-1.0
450.5008	-1.0
450.52045	-1.0
450.5434	-1.0
450.56607	-1.0
450.59406	-1.0
450.61383	-1.0
450.6399	-1.0
450.6508	-1.0
450.69693	-1.0
450.70383	-1.0
450.72516	-1.0
450.75735	-1.0
450.77924	-1.0
450.8054	-1.0
450.83115	-1.0
450.88263	-1.0
450.9186	-1.0
451.01505	-1.0
453.95105	-1.0
453.97156	-1.0
453.99936	-1.0
454.01587	-1.0
454.01923	-1.0
454.0472	-1.0
454.06125	-1.0
454.07327	-1.0
454.0931	-1.0
454.1064	-1.0
454.13712	-1.0
454.16565	-1.0
454.18976	-1.0
454.20627	-1.0
454.22937	-1.0
454.25635	-1.0
454.28836	-1.0
454.3441	-1.0
454.3872	-1.0
454.41016	-1.0
454.45963	-1.0
457.48672	-1.0
457.5057	-1.0
457.50912	-1.0
457.52765	-1.0
457.5323	-1.0
457.54828	-1.0
457.55963	-1.0
457.56604	-1.0
457.5734	-1.0
457.59708	-1.0
457.61868	-1.0
457.65372	-1.0
457.6565	-1.0
457.69363	-1.0
457.72253	-1.0
457.7505	-1.0
457.7536	-1.0
457.758	-1.0
457.7892	-1.0
457.83493	-1.0
457.8753	-1.0
457.906	-1.0
457.94403	-1.0
457.9915	-1.0
460.74023	-1.0
460.76236	-1.0
460.76544	1.0
460.7816	-1.0
460.78427	-1.0
460.79932	-1.0
460.80392	-1.0
460.8168	-1.0
460.828	-1.0
460.8437	-1.0
460.87753	-1.0
460.88565	-1.0
460.9033	-1.0
460.92953	-1.0
460.9388	-1.0
460.9746	-1.0
461.00616	-1.0
461.04544	-1.0
461.07507	-1.0
461.0882	-1.0
461.11215	-1.0
461.1344	1.0
461.1453	-1.0
461.21136	-1.0
461.2684	-1.0
464.1972	-1.0
464.21585	-1.0
464.2222	-1.0
464.23804	1.0
464.24265	-1.0
464.24765	-1.0
464.2606	-1.0
464.29224	-1.0
464.31937	1.0
464.33917	-1.0
464.3618	-1.0
464.3774	-1.0
464.40564	-1.0
464.41272	-1.0
464.4367	-1.0
464.445	-1.0
464.46088	-1.0
464.465	-1.0
464.4853	-1.0
464.51	-1.0
464.54907	-1.0
464.57617	-1.0
464.61133	-1.0
464.64136	-1.0
464.70233	-1.0
464.79105	-1.0
467.695	-1.0
467.71936	-1.0
467.73325	-1.0
467.78107	-1.0
467.7884	-1.0
467.80945	-1.0
467.81207	-1.0
467.8159	-1.0
467.84308	-1.0
467.84875	-1.0
467.88248	-1.0
467.91055	-1.0
467.95947	-1.0
467.99408	-1.0
467.99844	-1.0
468.02832	-1.0
468.0685	-1.0
468.0905	-1.0
468.16357	-1.0
468.21396	-1.0
470.99435	-1.0
471.01376	-1.0
471.03445	-1.0
471.04214	-1.0
471.05908	-1.0
471.07657	-1.0
471.10068	-1.0
471.12253	-1.0
471.12503	-1.0
471.1289	-1.0
471.16193	-1.0
471.199	-1.0
471.22397	-1.0
471.23947	-1.0
471.27094	-1.0
471.308	-1.0
471.34308	-1.0
471.37177	-1.0
471.40945	-1.0
471.45032	-1.0
471.48715	-1.0
471.5282	-1.0
473.94904	-1.0
473.95605	-1.0
473.97403	-1.0
473.99747	-1.0
474.017	-1.0
474.03244	1.0
474.03787	-1.0
474.05612	-1.0
474.08252	-1.0
474.10333	-1.0
474.1376	-1.0
474.14603	-1.0
474.15005	-1.0
474.18567	-1.0
474.2254	-1.0
474.2626	-1.0
474.3411	-1.0
474.44992	-1.0
476.9468	-1.0
476.96027	-1.0
476.969	-1.0
476.99268	-1.0
477.03244	-1.0
477.0544	-1.0
477.08136	-1.0
477.1076	-1.0
477.127	-1.0
477.17877	-1.0
477.23697	-1.0
477.2604	-1.0
477.33813	-1.0
479.8263	-1.0
479.8458	-1.0
479.85507	-1.0
479.8834	-1.0
479.889	-1.0
479.8943	-1.0
479.9181	-1.0
479.92407	-1.0
479.9571	-1.0
479.97525	-1.0
480.0057	-1.0
480.02667	-1.0
480.06433	-1.0
480.10925	-1.0
480.15033	-1.0
480.20697	-1.0
482.51517	-1.0
482.5299	1.0
482.53772	-1.0
482.55203	-1.0
482.55835	-1.0
482.5753	-1.0
482.58707	-1.0
482.65375	-1.0
482.68927	-1.0
482.71823	-1.0
482.804	-1.0
485.75027	-1.0
485.7724	-1.0
485.77505	-1.0
485.78625	-1.0
485.78876	-1.0
485.7974	-1.0
485.8108	-1.0
485.81744	-1.0
485.82236	-1.0
485.8473	-1.0
485.86987	-1.0
485.8908	-1.0
485.90704	-1.0
485.914	-1.0
485.92853	-1.0
485.93875	-1.0
485.9918	-1.0
486.03085	-1.0
486.06985	-1.0
486.1314	-1.0
486.19452	-1.0
489.08252	-1.0
489.1097	-1.0
489.12512	-1.0
489.12933	-1.0
489.1331	-1.0
489.15247	-1.0
489.1552	-1.0
489.1701	-1.0
489.2071	-1.0
489.21515	-1.0
489.2349	-1.0
489.257	-1.0
489.261	-1.0
489.2914	-1.0
489.31732	-1.0
489.41803	-1.0
489.44843	-1.0
489.454	-1.0
489.55063	-1.0
492.70917	1.0
492.723	-1.0
492.72693	-1.0
492.73648	-1.0
492.74435	-1.0
492.7575	-1.0
492.76132	-1.0
492.78137	1.0
492.80124	-1.0
492.806	-1.0
492.8169	-1.0
492.823	-1.0
492.8432	-1.0
492.85483	-1.0
492.873	-1.0
492.88452	-1.0
492.89655	-1.0
492.91556	-1.0
492.9443	-1.0
492.94785	-1.0
492.98468	-1.0
493.03668	-1.0
493.08493	-1.0
493.12332	-1.0
493.159	-1.0
493.19968	-1.0
495.4762	-1.0
495.4981	-1.0
495.506	-1.0
495.51236	-1.0
495.53152	-1.0
495.53735	-1.0
495.55588	-1.0
495.5742	-1.0
495.5792	-1.0
495.58325	-1.0
495.61148	-1.0
495.63083	-1.0
495.66293	-1.0
495.7166	-1.0
498.5414	-1.0
498.548	-1.0
498.57077	-1.0
498.59085	-1.0
498.6062	-1.0
498.61652	-1.0
498.6472	-1.0
498.65152	-1.0
498.69	-1.0
498.69412	-1.0
498.71884	-1.0
498.7539	-1.0
498.80765	-1.0
498.88284	-1.0
503.93152	-1.0
503.95297	-1.0
503.95825	-1.0
503.9691	-1.0
503.97275	-1.0
503.9871	-1.0
503.9979	-1.0
504.0086	-1.0
504.02097	-1.0
504.0258	-1.0
504.03113	-1.0
504.051	-1.0
504.0914	-1.0
504.13776	-1.0
504.1681	-1.0
504.18903	-1.0
504.2239	-1.0
504.26175	-1.0
504.27213	-1.0
504.3217	-1.0
504.3823	-1.0
504.41757	-1.0
504.50693	-1.0
506.9211	-1.0
506.93713	-1.0
506.9605	-1.0
506.9757	-1.0
506.9829	-1.0
507.00677	-1.0
507.02335	-1.0
507.03775	-1.0
507.05255	-1.0
507.05637	-1.0
509.42636	-1.0
509.4503	-1.0
509.47437	-1.0
509.48303	-1.0
509.49155	-1.0
509.51157	-1.0
509.5205	-1.0
509.5485	-1.0
509.5915	-1.0
509.6371	-1.0
512.62604	-1.0
512.6442	-1.0
512.6608	-1.0
512.673	-1.0
512.6891	-1.0
512.7122	-1.0
512.73987	-1.0
512.7715	-1.0
512.7767	-1.0
512.79846	-1.0
512.86395	-1.0
515.357	-1.0
515.3699	-1.0
515.37787	-1.0
515.399	-1.0
515.41095	-1.0
515.4237	-1.0
515.43066	-1.0
515.46234	-1.0
515.4662	-1.0
515.52423	-1.0
518.2893	-1.0
518.31854	-1.0
518.32135	-1.0
518.34344	-1.0
518.36774	-1.0
518.3704	-1.0
518.3905	-1.0
518.4123	-1.0
518.43005	-1.0
518.45337	-1.0
518.50885	-1.0
518.573	-1.0
521.41815	-1.0
521.4487	-1.0
521.45245	-1.0
521.47473	-1.0
521.48395	-1.0
521.49585	-1.0
521.50836	-1.0
521.5268	-1.0
521.52966	-1.0
521.54126	-1.0
521.55835	-1.0
521.58685	-1.0
521.6103	-1.0
524.162	-1.0
524.2223	-1.0
524.2564	-1.0
524.26025	-1.0
524.28314	-1.0
524.2985	-1.0
524.3018	-1.0
524.33215	-1.0
524.3645	-1.0
524.376	-1.0
526.80426	-1.0
526.8145	-1.0
526.8343	-1.0
526.8562	-1.0
526.86053	-1.0
526.8708	-1.0
526.8966	-1.0
530.1144	-1.0
530.1283	-1.0
530.1392	-1.0
530.1445	-1.0
530.1601	-1.0
530.1643	-1.0
530.174	-1.0
530.1876	-1.0
530.2217	-1.0
530.2517	-1.0
530.2705	-1.0
530.3756	-1.0
533.55835	-1.0
533.61096	-1.0
533.61926	-1.0
533.6246	-1.0
533.67017	-1.0
533.6741	-1.0
533.71136	-1.0
533.71967	-1.0
536.35583	-1.0
536.3671	-1.0
536.402	-1.0
536.4419	-1.0
536.44745	-1.0
538.4616	-1.0
538.47815	-1.0
538.4989	-1.0
538.53754	-1.0
538.5798	-1.0
538.602	-1.0
541.95044	-1.0
541.9764	-1.0
541.97986	-1.0
541.985	-1.0
541.99054	-1.0
542.0147	-1.0
542.0255	-1.0
542.0312	-1.0
542.0576	-1.0
542.08575	-1.0
542.16626	-1.0
547.053	-1.0
547.08545	-1.0
547.092	-1.0
547.1047	-1.0
547.1244	-1.0
547.1305	-1.0
547.1332	-1.0
547.17444	-1.0
547.1989	-1.0
551.8532	-1.0
551.8579	-1.0
551.88776	-1.0
551.8906	-1.0
551.92096	-1.0
551.9406	-1.0
556.0804	-1.0
556.0929	-1.0
556.12225	-1.0
556.1326	-1.0
556.1613	-1.0
556.187	-1.0
556.2178	-1.0
559.813	-1.0
559.8724	-1.0
559.8773	-1.0
559.924	-1.0
559.93207	-1.0
559.9478	-1.0
562.9512	-1.0
562.9791	-1.0
562.9836	-1.0
563.02313	-1.0
563.03174	1.0
563.08167	-1.0
567.2178	-1.0
567.2624	-1.0
567.26935	1.0
567.2757	-1.0
567.30994	-1.0
567.388	-1.0
574.8765	-1.0
574.8841	-1.0
574.8949	-1.0
574.924	-1.0
574.9535	-1.0
574.95636	-1.0
574.96173	-1.0
574.99786	-1.0
575.0197	-1.0
578.56793	-1.0
578.5874	-1.0
578.6268	-1.0
578.63367	-1.0
578.6699	-1.0
578.6958	-1.0
578.759	-1.0
581.93	-1.0
581.9552	-1.0
581.99677	-1.0
582.0238	-1.0
582.02844	-1.0
586.8116	-1.0
586.8406	-1.0
586.8932	-1.0
593.21765	-1.0
593.2461	-1.0
593.27966	-1.0
597.2388	-1.0
597.26166	-1.0
597.2766	-1.0
597.38007	-1.0
