0.01308	-1.0
0.12568	-1.0
0.13256	-1.0
0.154	-1.0
0.16636	-1.0
0.20296	-1.0
0.21472	-1.0
0.238	-1.0
0.27364	-1.0
0.30324	-1.0
0.34604	-1.0
0.39304	-1.0
0.39672	-1.0
0.463	-1.0
0.49376	-1.0
0.50604	-1.0
0.53312	-1.0
0.60132	-1.0
0.63324	-1.0
0.7038	-1.0
0.74704	-1.0
0.82784	-1.0
0.86324	-1.0
0.95668	-1.0
0.99604	-1.0
1.07332	-1.0
1.103	-1.0
1.1538	-1.0
1.21464	-1.0
1.2542	-1.0
1.30212	-1.0
1.31304	-1.0
1.46248	-1.0
1.51756	-1.0
1.52728	-1.0
5.41704	-1.0
5.42564	-1.0
5.42828	-1.0
5.44236	-1.0
5.45256	-1.0
5.46972	-1.0
5.49324	-1.0
5.50276	-1.0
5.51784	-1.0
5.5206	-1.0
5.5886	-1.0
5.61912	1.0
5.63284	-1.0
5.64028	-1.0
5.71524	-1.0
5.73236	-1.0
5.79196	-1.0
5.82596	-1.0
5.85932	-1.0
5.88596	-1.0
5.92328	-1.0
5.9766	-1.0
6.007	-1.0
6.04892	-1.0
6.1052	-1.0
6.12136	-1.0
6.19636	-1.0
6.2458	-1.0
6.31808	-1.0
6.36484	-1.0
6.5128	-1.0
6.5252	-1.0
6.57924	-1.0
6.67384	-1.0
6.72372	-1.0
6.77268	-1.0
6.80156	-1.0
6.94764	-1.0
8.9576	-1.0
8.97056	-1.0
8.99092	-1.0
8.99472	-1.0
9.0236	-1.0
9.03824	-1.0
9.06124	1.0
9.09408	-1.0
9.13332	-1.0
9.18808	-1.0
9.20816	-1.0
9.24212	-1.0
9.25272	-1.0
9.30236	-1.0
9.3884	-1.0
9.42564	-1.0
9.47524	-1.0
9.47864	-1.0
9.54288	-1.0
9.55712	-1.0
9.57116	-1.0
9.65452	-1.0
9.65704	-1.0
9.735	-1.0
9.73972	-1.0
9.74784	-1.0
9.84036	-1.0
9.86416	-1.0
9.87032	-1.0
9.91212	-1.0
9.92284	-1.0
9.93472	-1.0
10.07832	-1.0
10.14708	-1.0
10.1794	-1.0
11.70148	-1.0
11.72144	-1.0
11.76212	-1.0
11.7658	-1.0
11.80184	-1.0
11.83412	-1.0
11.8676	-1.0
11.87308	-1.0
11.89476	-1.0
11.92112	-1.0
11.93244	-1.0
11.98156	-1.0
12.04328	-1.0
12.13824	-1.0
12.15996	-1.0
12.31576	-1.0
12.35124	-1.0
12.37384	-1.0
12.46752	-1.0
12.49868	-1.0
12.563	-1.0
12.60516	-1.0
12.69504	-1.0
14.94664	-1.0
14.95216	-1.0
14.95684	-1.0
14.97268	-1.0
14.99704	-1.0
15.01236	-1.0
15.01812	-1.0
15.04372	-1.0
15.08272	-1.0
15.09172	1.0
15.10364	-1.0
15.16464	-1.0
15.19064	-1.0
15.24572	-1.0
15.28276	-1.0
15.30484	-1.0
15.30844	-1.0
15.38092	-1.0
15.38344	-1.0
15.42396	-1.0
15.43528	-1.0
15.46672	-1.0
15.50876	-1.0
15.55412	-1.0
15.56584	-1.0
15.59532	-1.0
15.72032	-1.0
15.7572	-1.0
15.91544	-1.0
15.98128	-1.0
16.06044	-1.0
16.09224	-1.0
16.11072	-1.0
16.139	-1.0
16.16744	-1.0
16.41644	-1.0
16.42016	-1.0
16.4608	-1.0
19.38976	-1.0
19.3938	-1.0
19.40236	-1.0
19.42028	-1.0
19.43672	-1.0
19.43996	-1.0
19.44888	-1.0
19.45884	-1.0
19.47112	-1.0
19.48656	-1.0
19.53052	-1.0
19.58492	-1.0
19.58888	-1.0
19.60848	-1.0
19.63776	-1.0
19.68456	-1.0
19.70228	-1.0
19.7434	-1.0
19.74944	-1.0
19.77108	-1.0
19.80532	-1.0
19.8676	-1.0
19.90076	-1.0
19.90696	-1.0
19.95596	-1.0
19.95964	-1.0
20.00596	-1.0
20.0544	-1.0
20.06712	-1.0
20.1166	-1.0
20.14232	-1.0
20.22332	-1.0
20.2342	-1.0
20.27784	-1.0
20.31156	-1.0
20.38144	-1.0
20.41548	-1.0
20.5542	-1.0
20.62632	-1.0
20.7212	-1.0
20.77512	-1.0
20.84064	-1.0
20.90888	-1.0
20.93156	-1.0
24.85932	-1.0
24.86712	-1.0
24.88072	-1.0
24.89716	-1.0
24.90288	1.0
24.90832	-1.0
24.91196	-1.0
24.92996	-1.0
24.94428	-1.0
24.971	-1.0
24.97408	-1.0
25.02024	-1.0
25.0264	-1.0
25.05252	-1.0
25.08492	-1.0
25.10548	-1.0
25.12264	-1.0
25.15772	-1.0
25.17676	-1.0
25.18272	-1.0
25.21484	-1.0
25.23032	-1.0
25.24644	-1.0
25.27356	-1.0
25.30272	-1.0
25.36988	-1.0
25.3814	-1.0
25.39396	-1.0
25.46672	-1.0
25.5068	-1.0
25.54524	-1.0
25.63792	-1.0
25.65876	-1.0
25.68696	-1.0
25.76812	-1.0
25.80788	-1.0
25.81304	-1.0
25.93676	-1.0
25.98796	-1.0
26.09884	-1.0
26.13856	-1.0
26.23716	-1.0
29.82988	-1.0
29.8388	-1.0
29.84132	-1.0
29.853	-1.0
29.86496	-1.0
29.87892	-1.0
29.89508	-1.0
29.91164	1.0
29.9202	1.0
29.95968	-1.0
29.98908	-1.0
30.0428	-1.0
30.0576	-1.0
30.07348	-1.0
30.10552	-1.0
30.112	-1.0
30.11548	-1.0
30.1354	-1.0
30.14932	1.0
30.16432	-1.0
30.1702	-1.0
30.1876	-1.0
30.20204	-1.0
30.24028	-1.0
30.26088	-1.0
30.2634	-1.0
30.33888	-1.0
30.34572	-1.0
30.38988	-1.0
30.47004	-1.0
30.47564	-1.0
30.54628	-1.0
30.55584	-1.0
30.60172	-1.0
30.668	-1.0
30.67368	-1.0
30.7704	-1.0
30.77536	-1.0
31.01496	-1.0
31.01752	-1.0
31.02548	-1.0
31.07976	-1.0
31.22448	-1.0
31.27556	-1.0
31.3098	-1.0
31.39884	-1.0
35.724	-1.0
35.7278	-1.0
35.75232	-1.0
35.76496	-1.0
35.779	-1.0
35.78464	1.0
35.78784	-1.0
35.7976	-1.0
35.83148	-1.0
35.84552	-1.0
35.87056	-1.0
35.89388	-1.0
35.91612	-1.0
35.972	-1.0
35.99448	-1.0
36.00048	-1.0
36.01832	-1.0
36.0414	-1.0
36.06224	1.0
36.07572	-1.0
36.0902	-1.0
36.13608	-1.0
36.1412	-1.0
36.16344	-1.0
36.20584	-1.0
36.25976	-1.0
36.2886	-1.0
36.31228	-1.0
36.32816	1.0
36.33468	-1.0
36.34532	-1.0
36.3826	-1.0
36.47144	-1.0
36.53024	-1.0
36.59352	-1.0
36.60344	-1.0
36.6512	-1.0
36.6908	-1.0
36.69808	-1.0
36.88532	-1.0
36.89612	-1.0
36.93832	-1.0
37.80712	-1.0
37.8206	-1.0
37.84192	-1.0
37.85664	-1.0
37.872	-1.0
37.87712	-1.0
37.91888	-1.0
40.44608	-1.0
40.44892	-1.0
40.45668	-1.0
40.4648	-1.0
40.4758	-1.0
40.47852	1.0
40.48712	-1.0
40.49984	1.0
40.50276	-1.0
40.5118	-1.0
40.52864	-1.0
40.54872	-1.0
40.56884	-1.0
40.62264	-1.0
40.64452	-1.0
40.66992	-1.0
40.68536	-1.0
40.6948	-1.0
40.7342	1.0
40.73744	-1.0
40.76992	-1.0
40.787	-1.0
40.8104	-1.0
40.82624	-1.0
40.84304	-1.0
40.89336	-1.0
40.93604	-1.0
40.95348	-1.0
41.02312	-1.0
41.06248	-1.0
41.1158	-1.0
41.17592	-1.0
41.1794	-1.0
41.18748	-1.0
41.20296	-1.0
41.26436	-1.0
41.26976	-1.0
41.3232	-1.0
41.41548	-1.0
41.42584	-1.0
41.45424	-1.0
41.51	-1.0
41.58884	-1.0
41.6008	-1.0
41.73004	-1.0
41.76508	-1.0
41.81948	-1.0
44.67948	-1.0
44.68508	-1.0
44.71312	-1.0
44.71772	1.0
44.72348	-1.0
44.72944	-1.0
44.74428	-1.0
44.76376	-1.0
44.78088	-1.0
44.79044	-1.0
44.80972	-1.0
44.81264	-1.0
44.83748	-1.0
44.85664	-1.0
44.85972	-1.0
44.91512	-1.0
44.95424	-1.0
44.96652	-1.0
45.01624	1.0
45.02416	-1.0
45.0996	-1.0
45.1066	1.0
45.11392	-1.0
45.13324	-1.0
45.16464	-1.0
45.21168	-1.0
45.21576	-1.0
45.2188	-1.0
45.29292	-1.0
45.31776	1.0
45.35416	-1.0
45.36304	-1.0
45.39892	-1.0
45.43868	-1.0
45.5264	-1.0
45.54332	-1.0
45.5466	-1.0
45.58708	-1.0
45.68068	-1.0
45.74328	-1.0
45.79352	-1.0
45.85772	-1.0
45.8938	-1.0
45.91528	-1.0
49.25356	-1.0
49.25632	-1.0
49.28212	1.0
49.28832	-1.0
49.30108	1.0
49.30616	1.0
49.3178	-1.0
49.32832	-1.0
49.33212	-1.0
49.34628	1.0
49.36572	-1.0
49.36892	-1.0
49.37212	-1.0
49.4088	-1.0
49.41616	-1.0
49.4378	-1.0
49.4674	-1.0
49.5014	-1.0
49.50428	-1.0
49.55812	-1.0
49.58604	-1.0
49.58964	-1.0
49.62808	-1.0
49.63064	1.0
49.63736	-1.0
49.67044	-1.0
49.67948	-1.0
49.69052	-1.0
49.76372	-1.0
49.82096	-1.0
49.84992	-1.0
49.85656	-1.0
49.87012	-1.0
49.95848	-1.0
50.02124	-1.0
50.02736	-1.0
50.07512	-1.0
50.28384	-1.0
50.37536	-1.0
50.40924	-1.0
50.47748	-1.0
50.81268	-1.0
50.82056	-1.0
50.84656	-1.0
50.8906	-1.0
50.92264	-1.0
50.97	-1.0
54.47252	1.0
54.47504	1.0
54.48224	-1.0
54.4894	-1.0
54.49464	-1.0
54.50444	-1.0
54.51388	-1.0
54.53032	1.0
54.53336	-1.0
54.55072	-1.0
54.5608	-1.0
54.56652	-1.0
54.5752	-1.0
54.59508	1.0
54.61916	-1.0
54.64276	-1.0
54.66148	-1.0
54.73028	-1.0
54.75096	-1.0
54.75524	-1.0
54.80204	1.0
54.8046	-1.0
54.80836	-1.0
54.8446	-1.0
54.85896	-1.0
54.9128	-1.0
54.98124	-1.0
54.988	-1.0
55.04996	-1.0
55.07588	-1.0
55.09548	-1.0
55.17416	-1.0
55.2728	-1.0
55.3526	-1.0
55.4246	-1.0
55.47952	-1.0
55.58644	-1.0
55.68344	-1.0
55.71496	-1.0
55.75396	-1.0
59.58644	-1.0
59.59036	-1.0
59.60072	-1.0
59.60668	1.0
59.62112	-1.0
59.62684	-1.0
59.63168	-1.0
59.6478	-1.0
59.6542	-1.0
59.6672	-1.0
59.67848	-1.0
59.68444	-1.0
59.72096	-1.0
59.72772	-1.0
59.75184	-1.0
59.75896	1.0
59.79572	-1.0
59.80256	-1.0
59.83016	1.0
59.8548	-1.0
59.8624	-1.0
59.88824	-1.0
59.90252	-1.0
59.92108	-1.0
59.93604	-1.0
59.95792	-1.0
59.97496	-1.0
59.99336	-1.0
60.02264	-1.0
60.04896	-1.0
60.0612	-1.0
60.14224	-1.0
60.14632	-1.0
60.2082	-1.0
60.2138	-1.0
60.26556	-1.0
60.2814	-1.0
60.31508	-1.0
60.36844	-1.0
60.37136	-1.0
60.39092	-1.0
60.42976	-1.0
60.48432	-1.0
60.5078	-1.0
60.5212	-1.0
60.65924	-1.0
61.46484	1.0
63.86008	-1.0
63.88076	-1.0
63.88868	1.0
63.89568	-1.0
63.89948	-1.0
63.92768	-1.0
63.9314	-1.0
63.9444	-1.0
63.96104	-1.0
63.96504	-1.0
63.98456	-1.0
64.00136	-1.0
64.02152	-1.0
64.0504	-1.0
64.06316	-1.0
64.10528	-1.0
64.1554	-1.0
64.20276	-1.0
64.20532	1.0
64.20864	-1.0
64.25808	-1.0
64.27368	-1.0
64.31432	-1.0
64.33652	1.0
64.3414	-1.0
64.38	-1.0
64.39552	-1.0
64.42276	-1.0
64.44124	-1.0
64.47016	-1.0
64.53128	-1.0
64.64688	-1.0
64.67216	-1.0
64.71788	-1.0
64.75876	-1.0
64.80068	-1.0
64.83396	-1.0
64.93092	-1.0
64.99308	-1.0
64.9962	-1.0
68.24828	-1.0
68.26024	-1.0
68.26832	-1.0
68.27872	-1.0
68.29092	-1.0
68.29596	1.0
68.307	-1.0
68.32492	-1.0
68.33096	1.0
68.34904	-1.0
68.3522	-1.0
68.3664	1.0
68.38732	-1.0
68.42852	-1.0
68.43176	-1.0
68.45188	-1.0
68.47312	-1.0
68.50348	-1.0
68.50656	-1.0
68.5496	-1.0
68.5554	-1.0
68.60876	-1.0
68.65616	1.0
68.66164	-1.0
68.67644	-1.0
68.68624	-1.0
68.71856	-1.0
68.7342	-1.0
68.7518	-1.0
68.775	-1.0
68.80192	-1.0
68.837	-1.0
68.85636	-1.0
68.89136	-1.0
68.93204	-1.0
68.93488	-1.0
69.01324	-1.0
69.05516	-1.0
69.0768	-1.0
69.089	-1.0
69.14568	-1.0
69.2076	-1.0
69.27028	-1.0
69.31332	-1.0
69.40356	-1.0
69.41204	-1.0
73.53688	-1.0
73.5422	1.0
73.545	-1.0
73.56244	1.0
73.57716	-1.0
73.58384	1.0
73.59312	-1.0
73.60204	-1.0
73.60628	-1.0
73.61384	-1.0
73.62548	-1.0
73.64812	-1.0
73.66452	-1.0
73.69856	-1.0
73.70684	-1.0
73.73856	-1.0
73.76512	-1.0
73.79052	-1.0
73.79412	-1.0
73.79772	-1.0
73.81848	-1.0
73.84736	-1.0
73.88488	-1.0
73.90964	-1.0
73.91704	-1.0
73.9516	-1.0
73.95448	-1.0
73.95712	-1.0
74.0096	-1.0
74.01336	-1.0
74.05144	-1.0
74.16628	1.0
74.17384	-1.0
74.17928	-1.0
74.22636	-1.0
74.28892	-1.0
74.31044	-1.0
74.3462	-1.0
74.39716	-1.0
74.40912	-1.0
74.43228	-1.0
74.49156	-1.0
74.50712	-1.0
74.52288	-1.0
74.59888	-1.0
74.6534	-1.0
78.49536	-1.0
78.50708	-1.0
78.51404	-1.0
78.51904	1.0
78.5292	-1.0
78.53584	-1.0
78.55152	-1.0
78.55976	-1.0
78.56264	-1.0
78.56756	-1.0
78.58444	-1.0
78.59348	-1.0
78.60672	-1.0
78.6098	-1.0
78.61232	-1.0
78.61576	-1.0
78.6476	1.0
78.65304	-1.0
78.65792	-1.0
78.69348	-1.0
78.7058	-1.0
78.73704	-1.0
78.77432	-1.0
78.78084	-1.0
78.80076	-1.0
78.82984	-1.0
78.8326	-1.0
78.88792	-1.0
78.89052	-1.0
78.92104	1.0
78.92588	-1.0
78.93008	-1.0
78.95092	1.0
78.95364	-1.0
78.98396	-1.0
79.01452	-1.0
79.02884	-1.0
79.04972	-1.0
79.08192	-1.0
79.11544	-1.0
79.16096	-1.0
79.18252	-1.0
79.2102	-1.0
79.2178	-1.0
79.25868	-1.0
79.33436	-1.0
79.34732	-1.0
79.37476	-1.0
79.47364	-1.0
79.52244	-1.0
79.6666	-1.0
83.86644	-1.0
83.87432	1.0
83.878	-1.0
83.88116	-1.0
83.8962	-1.0
83.8996	-1.0
83.91156	1.0
83.91896	-1.0
83.93552	-1.0
83.9436	-1.0
83.94964	-1.0
83.98644	-1.0
83.997	-1.0
83.99976	-1.0
84.0138	-1.0
84.038	-1.0
84.05664	-1.0
84.06244	-1.0
84.08704	-1.0
84.12064	-1.0
84.14476	-1.0
84.15144	-1.0
84.19256	-1.0
84.19532	1.0
84.20412	-1.0
84.21008	-1.0
84.2228	-1.0
84.2256	-1.0
84.2332	-1.0
84.24232	1.0
84.26364	-1.0
84.28896	-1.0
84.3132	-1.0
84.33076	1.0
84.33704	-1.0
84.37	-1.0
84.38488	-1.0
84.41204	-1.0
84.4528	-1.0
84.50464	-1.0
84.51312	-1.0
84.55368	1.0
84.55864	-1.0
84.59296	-1.0
84.61372	-1.0
84.67152	-1.0
84.71032	-1.0
84.71364	-1.0
84.80184	-1.0
84.84652	-1.0
84.91824	-1.0
84.94804	-1.0
85.04404	-1.0
85.16728	-1.0
88.39948	-1.0
88.43016	-1.0
88.45064	1.0
88.4598	-1.0
88.47788	-1.0
88.49104	-1.0
88.4936	-1.0
88.5018	-1.0
88.5104	-1.0
88.52784	-1.0
88.54824	-1.0
88.573	-1.0
88.5828	1.0
88.59124	-1.0
88.59396	-1.0
88.6392	-1.0
88.66544	-1.0
88.68156	-1.0
88.69752	-1.0
88.715	-1.0
88.72504	-1.0
88.74928	-1.0
88.79224	1.0
88.79812	-1.0
88.84504	-1.0
88.85772	-1.0
88.88716	-1.0
88.91928	-1.0
88.92644	-1.0
88.95696	-1.0
88.99948	-1.0
89.0188	-1.0
89.03252	-1.0
89.0522	-1.0
89.09316	-1.0
89.11996	-1.0
89.20068	-1.0
89.22592	-1.0
89.23528	-1.0
89.26652	-1.0
89.32764	-1.0
89.36324	-1.0
89.4544	-1.0
89.46928	-1.0
89.52976	-1.0
89.55168	-1.0
93.22124	-1.0
93.23444	-1.0
93.24628	1.0
93.26148	-1.0
93.26496	-1.0
93.27536	-1.0
93.29468	-1.0
93.29756	-1.0
93.31304	-1.0
93.32544	-1.0
93.32808	-1.0
93.33756	-1.0
93.3512	-1.0
93.37804	-1.0
93.40952	-1.0
93.43964	-1.0
93.44756	-1.0
93.47388	-1.0
93.50932	-1.0
93.53124	-1.0
93.54464	-1.0
93.56864	-1.0
93.59272	-1.0
93.61688	-1.0
93.6718	-1.0
93.68688	-1.0
93.6992	1.0
93.70184	-1.0
93.72892	-1.0
93.74028	-1.0
93.7654	-1.0
93.7972	-1.0
93.81944	1.0
93.82364	-1.0
93.84936	-1.0
93.94308	-1.0
93.95068	-1.0
93.9682	-1.0
94.005	-1.0
94.02516	-1.0
94.06148	-1.0
94.06508	-1.0
94.08808	-1.0
94.18748	-1.0
94.21216	-1.0
94.23048	-1.0
94.26528	-1.0
94.39132	-1.0
94.44312	-1.0
94.45876	-1.0
94.46608	-1.0
94.49112	-1.0
99.32856	-1.0
99.33196	-1.0
99.34332	-1.0
99.34632	-1.0
99.35396	-1.0
99.35864	-1.0
99.36512	-1.0
99.38668	1.0
99.3894	1.0
99.39512	-1.0
99.41088	-1.0
99.4232	1.0
99.43112	-1.0
99.44704	-1.0
99.45312	-1.0
99.46664	-1.0
99.49144	-1.0
99.509	-1.0
99.51792	-1.0
99.53696	1.0
99.54748	-1.0
99.56312	-1.0
99.60644	-1.0
99.63056	1.0
99.63336	-1.0
99.67224	-1.0
99.67488	1.0
99.6812	-1.0
99.72476	-1.0
99.72744	-1.0
99.76384	-1.0
99.7688	-1.0
99.77756	-1.0
99.78912	1.0
99.80448	-1.0
99.80724	-1.0
99.8306	-1.0
99.84424	-1.0
99.86232	-1.0
99.89112	-1.0
99.91996	-1.0
99.94328	-1.0
99.94912	-1.0
99.99768	-1.0
100.0172	-1.0
100.02076	-1.0
100.02848	-1.0
100.05888	-1.0
100.10952	-1.0
100.13012	-1.0
100.14308	-1.0
100.16224	-1.0
100.21864	-1.0
100.27696	-1.0
100.3242	-1.0
100.3502	-1.0
100.3566	-1.0
100.38996	-1.0
100.40832	-1.0
100.43564	-1.0
100.4416	-1.0
100.46716	-1.0
100.60256	-1.0
100.64428	-1.0
100.6514	-1.0
100.7264	-1.0
100.85492	-1.0
100.88664	-1.0
100.91108	-1.0
100.96232	-1.0
100.99704	-1.0
101.1098	-1.0
104.59464	-1.0
104.60032	-1.0
104.60652	-1.0
104.61848	1.0
104.62588	-1.0
104.63228	-1.0
104.65	-1.0
104.65372	-1.0
104.66628	-1.0
104.67768	-1.0
104.686	-1.0
104.69684	1.0
104.72604	1.0
104.73952	-1.0
104.746	-1.0
104.7712	-1.0
104.79288	-1.0
104.80908	-1.0
104.82176	-1.0
104.82652	-1.0
104.83444	-1.0
104.84044	1.0
104.84588	-1.0
104.8726	-1.0
104.87828	-1.0
104.90096	-1.0
104.92204	-1.0
104.94648	-1.0
104.95316	-1.0
104.9746	-1.0
105.00148	-1.0
105.02096	-1.0
105.03564	-1.0
105.04188	-1.0
105.06984	-1.0
105.09292	-1.0
105.12384	1.0
105.12912	-1.0
105.1546	-1.0
105.1826	-1.0
105.21776	-1.0
105.22652	-1.0
105.27376	-1.0
105.34392	-1.0
105.347	-1.0
105.37848	-1.0
105.41784	-1.0
105.45584	-1.0
105.48996	1.0
105.49716	-1.0
105.55016	-1.0
105.56908	-1.0
105.6146	-1.0
105.65184	-1.0
105.66644	-1.0
105.68876	-1.0
105.72916	-1.0
105.824	1.0
105.94076	-1.0
105.9556	-1.0
105.97988	-1.0
105.99392	-1.0
106.01788	-1.0
106.0668	-1.0
106.12032	-1.0
109.69168	-1.0
109.7168	-1.0
109.73036	-1.0
109.73304	1.0
109.74376	-1.0
109.74628	-1.0
109.75496	1.0
109.759	-1.0
109.77292	-1.0
109.788	-1.0
109.80152	-1.0
109.80644	-1.0
109.8108	1.0
109.81436	-1.0
109.8404	-1.0
109.8482	-1.0
109.85984	-1.0
109.874	-1.0
109.88008	-1.0
109.89976	-1.0
109.91368	-1.0
109.95108	1.0
109.95744	-1.0
109.96256	-1.0
109.97672	-1.0
109.99828	-1.0
110.01012	-1.0
110.01632	1.0
110.01944	-1.0
110.06144	-1.0
110.07552	-1.0
110.0934	1.0
110.09936	-1.0
110.1138	-1.0
110.12916	-1.0
110.15504	-1.0
110.15928	-1.0
110.17252	-1.0
110.17836	-1.0
110.22284	-1.0
110.24132	-1.0
110.26096	-1.0
110.27996	-1.0
110.3326	-1.0
110.36048	-1.0
110.36912	-1.0
110.39364	-1.0
110.40056	-1.0
110.42188	-1.0
110.45248	-1.0
110.4724	-1.0
110.54464	-1.0
110.559	-1.0
110.6366	-1.0
110.67396	-1.0
110.72936	-1.0
110.78192	-1.0
110.78876	-1.0
110.81828	-1.0
110.83292	-1.0
110.89068	-1.0
110.89564	-1.0
110.93404	-1.0
110.97252	-1.0
110.98588	-1.0
110.99548	-1.0
111.11616	-1.0
114.8194	-1.0
114.8248	-1.0
114.83348	-1.0
114.84116	-1.0
114.8448	-1.0
114.854	-1.0
114.85708	1.0
114.85976	-1.0
114.86244	-1.0
114.86932	-1.0
114.88176	1.0
114.89792	-1.0
114.90852	-1.0
114.9118	-1.0
114.91992	-1.0
114.93152	-1.0
114.937	-1.0
114.9526	-1.0
114.96852	-1.0
114.97444	-1.0
114.99036	-1.0
115.00756	1.0
115.0124	-1.0
115.02264	-1.0
115.03152	-1.0
115.05188	-1.0
115.05688	1.0
115.0594	-1.0
115.08472	1.0
115.0982	-1.0
115.12012	-1.0
115.13036	-1.0
115.16548	-1.0
115.17168	-1.0
115.20636	-1.0
115.22644	-1.0
115.23664	-1.0
115.25296	-1.0
115.27848	1.0
115.28452	-1.0
115.30088	-1.0
115.32384	-1.0
115.3484	-1.0
115.37048	-1.0
115.40236	-1.0
115.44928	-1.0
115.48788	-1.0
115.5264	-1.0
115.55684	-1.0
115.58528	-1.0
115.6246	-1.0
115.64464	-1.0
115.68184	-1.0
115.73848	-1.0
115.78932	-1.0
115.80344	-1.0
115.83276	-1.0
115.83928	-1.0
115.85288	-1.0
115.89508	-1.0
115.91368	-1.0
115.94172	-1.0
115.97916	-1.0
116.00212	-1.0
116.05068	-1.0
116.1116	-1.0
116.22492	-1.0
116.34512	-1.0
116.34832	-1.0
116.37032	-1.0
116.37396	-1.0
119.75844	-1.0
119.7704	-1.0
119.78124	-1.0
119.80448	-1.0
119.80884	-1.0
119.81136	-1.0
119.82708	-1.0
119.84384	-1.0
119.84752	1.0
119.8602	-1.0
119.87152	-1.0
119.888	-1.0
119.89792	-1.0
119.91528	-1.0
119.91936	-1.0
119.9226	-1.0
119.9372	1.0
119.96632	-1.0
119.99828	-1.0
120.00132	-1.0
120.03212	-1.0
120.0594	-1.0
120.063	-1.0
120.09204	-1.0
120.10384	-1.0
120.14436	-1.0
120.1552	1.0
120.16732	-1.0
120.17408	-1.0
120.22264	-1.0
120.2434	-1.0
120.25776	-1.0
120.26312	-1.0
120.3072	-1.0
120.31804	-1.0
120.32516	-1.0
120.34436	-1.0
120.3606	-1.0
120.38884	-1.0
120.41312	-1.0
120.418	-1.0
120.44588	-1.0
120.46576	-1.0
120.48708	-1.0
120.52084	-1.0
120.5502	-1.0
120.6064	1.0
120.63364	-1.0
120.67052	-1.0
120.70532	-1.0
120.7996	-1.0
120.80804	-1.0
120.837	-1.0
120.85464	-1.0
120.8726	-1.0
120.90676	-1.0
120.9506	-1.0
121.03236	-1.0
121.06668	-1.0
121.09744	-1.0
121.14756	-1.0
121.21336	-1.0
121.2346	-1.0
121.24316	-1.0
121.2778	-1.0
121.42152	-1.0
124.87164	-1.0
124.8762	-1.0
124.87876	1.0
124.8838	1.0
124.88652	-1.0
124.89756	-1.0
124.9084	-1.0
124.92244	-1.0
124.92496	-1.0
124.94452	-1.0
124.96104	-1.0
124.98124	-1.0
125.00836	-1.0
125.01184	-1.0
125.03544	-1.0
125.06532	-1.0
125.06812	-1.0
125.09372	1.0
125.1116	-1.0
125.12564	-1.0
125.13432	-1.0
125.15508	-1.0
125.1684	-1.0
125.18952	-1.0
125.21488	-1.0
125.22096	-1.0
125.24924	-1.0
125.26512	1.0
125.2706	-1.0
125.30228	-1.0
125.3356	-1.0
125.35696	-1.0
125.3602	-1.0
125.39624	-1.0
125.41936	-1.0
125.45564	-1.0
125.45992	-1.0
125.48132	-1.0
125.52552	-1.0
125.541	-1.0
125.55008	-1.0
125.57252	-1.0
125.608	-1.0
125.6106	-1.0
125.6238	1.0
125.62744	-1.0
125.69508	-1.0
125.74548	-1.0
125.7696	-1.0
125.79456	-1.0
125.8066	-1.0
125.83348	-1.0
125.85884	-1.0
125.8886	-1.0
125.94388	-1.0
125.96092	-1.0
125.9776	-1.0
126.05532	-1.0
126.082	-1.0
126.08952	-1.0
126.1132	-1.0
126.12248	-1.0
126.18088	-1.0
126.27648	-1.0
126.33992	-1.0
126.48756	-1.0
126.51176	-1.0
130.60388	-1.0
130.60677	-1.0
130.6124	-1.0
130.6168	1.0
130.62389	-1.0
130.62996	-1.0
130.63403	-1.0
130.63731	-1.0
130.65004	-1.0
130.65704	-1.0
130.66225	-1.0
130.6654	-1.0
130.69144	-1.0
130.6968	1.0
130.69943	-1.0
130.72037	-1.0
130.74055	-1.0
130.7442	-1.0
130.7756	-1.0
130.8024	-1.0
130.82132	-1.0
130.838	-1.0
130.85092	-1.0
130.879	1.0
130.89992	-1.0
130.90572	-1.0
130.92915	1.0
130.93571	-1.0
130.93855	-1.0
130.94691	-1.0
130.98824	-1.0
131.01389	-1.0
131.02023	-1.0
131.03915	-1.0
131.04228	-1.0
131.0448	-1.0
131.06468	-1.0
131.09064	-1.0
131.11491	-1.0
131.11925	-1.0
131.14745	-1.0
131.16975	-1.0
131.18204	-1.0
131.1888	-1.0
131.21384	-1.0
131.21664	-1.0
131.2388	-1.0
131.26505	-1.0
131.28096	-1.0
131.28375	-1.0
131.2904	-1.0
131.31313	-1.0
131.34248	-1.0
131.36668	-1.0
131.3964	-1.0
131.40305	-1.0
131.43169	-1.0
131.475	-1.0
131.49712	-1.0
131.51144	-1.0
131.53368	-1.0
131.57549	-1.0
131.5934	-1.0
131.6198	-1.0
131.62408	-1.0
131.6678	-1.0
131.68475	-1.0
131.7238	-1.0
131.81895	-1.0
131.8652	-1.0
131.90144	-1.0
131.9462	-1.0
131.97437	-1.0
132.06557	-1.0
132.08444	-1.0
132.09155	-1.0
132.13396	-1.0
132.16792	-1.0
132.19344	1.0
132.23424	-1.0
132.26044	-1.0
133.21848	1.0
136.50296	-1.0
136.51128	-1.0
136.5232	-1.0
136.53397	1.0
136.53683	1.0
136.53984	-1.0
136.54668	-1.0
136.55309	-1.0
136.55792	-1.0
136.56952	-1.0
136.5758	-1.0
136.59315	-1.0
136.5976	-1.0
136.62727	-1.0
136.64828	-1.0
136.66864	-1.0
136.6816	-1.0
136.70757	-1.0
136.7114	-1.0
136.72627	-1.0
136.73631	-1.0
136.77953	1.0
136.7828	-1.0
136.81204	-1.0
136.84093	-1.0
136.8478	-1.0
136.85728	-1.0
136.87305	-1.0
136.88152	-1.0
136.88884	-1.0
136.91364	-1.0
136.94016	-1.0
136.97664	-1.0
136.99016	-1.0
136.99477	-1.0
137.00624	-1.0
137.03604	-1.0
137.045	-1.0
137.07228	-1.0
137.07487	-1.0
137.10532	-1.0
137.12672	-1.0
137.15524	-1.0
137.17323	-1.0
137.1996	-1.0
137.22585	-1.0
137.259	-1.0
137.27373	-1.0
137.27708	-1.0
137.2948	-1.0
137.31676	-1.0
137.33852	-1.0
137.34328	-1.0
137.36713	-1.0
137.40396	-1.0
137.41576	-1.0
137.4394	-1.0
137.48636	-1.0
137.51949	-1.0
137.55336	1.0
137.60948	-1.0
137.6476	-1.0
137.6628	-1.0
137.66696	-1.0
137.67488	-1.0
137.69788	-1.0
137.73332	-1.0
137.78328	-1.0
137.83163	-1.0
137.86192	-1.0
137.932	-1.0
137.99445	-1.0
138.00952	-1.0
138.08765	-1.0
138.12256	-1.0
138.30923	-1.0
138.31335	-1.0
142.44331	-1.0
142.45312	-1.0
142.46928	-1.0
142.47292	-1.0
142.4772	1.0
142.48228	-1.0
142.5002	1.0
142.50272	1.0
142.51624	-1.0
142.5254	-1.0
142.52933	-1.0
142.54628	-1.0
142.5602	-1.0
142.57825	-1.0
142.58257	-1.0
142.59756	-1.0
142.61368	-1.0
142.6366	-1.0
142.64384	-1.0
142.65804	-1.0
142.67989	-1.0
142.70352	-1.0
142.72185	-1.0
142.73865	-1.0
142.7556	1.0
142.76424	-1.0
142.80688	-1.0
142.8098	-1.0
142.81392	-1.0
142.82	-1.0
142.8252	-1.0
142.84769	-1.0
142.8664	-1.0
142.90189	-1.0
142.91948	-1.0
142.94975	-1.0
142.95384	-1.0
142.977	-1.0
142.98972	-1.0
143.00928	-1.0
143.0348	-1.0
143.0434	-1.0
143.0642	-1.0
143.08772	-1.0
143.11607	-1.0
143.13416	-1.0
143.13808	-1.0
143.15752	-1.0
143.16193	-1.0
143.1774	-1.0
143.2122	-1.0
143.26236	-1.0
143.31148	-1.0
143.31525	-1.0
143.33572	-1.0
143.34404	-1.0
143.35983	-1.0
143.36508	-1.0
143.3856	-1.0
143.4188	-1.0
143.4716	-1.0
143.52284	-1.0
143.61005	-1.0
143.65	-1.0
143.65771	-1.0
143.69356	-1.0
143.71857	-1.0
143.74356	-1.0
143.80464	-1.0
143.86111	-1.0
143.89296	-1.0
143.933	-1.0
143.936	-1.0
144.34404	-1.0
148.68433	-1.0
148.69104	-1.0
148.69511	-1.0
148.70964	-1.0
148.7196	-1.0
148.73315	-1.0
148.7422	-1.0
148.75916	-1.0
148.77676	-1.0
148.78992	-1.0
148.80415	-1.0
148.81252	-1.0
148.8282	-1.0
148.85272	-1.0
148.88943	-1.0
148.90836	-1.0
148.92007	-1.0
148.92969	-1.0
148.95064	-1.0
148.96744	-1.0
148.98409	-1.0
149.00064	-1.0
149.00444	-1.0
149.0236	-1.0
149.04448	-1.0
149.07204	-1.0
149.09271	-1.0
149.11272	-1.0
149.14952	-1.0
149.15256	-1.0
149.1766	-1.0
149.18396	-1.0
149.20644	-1.0
149.21124	-1.0
149.22952	-1.0
149.23332	-1.0
149.23672	-1.0
149.25256	-1.0
149.27504	-1.0
149.29532	-1.0
149.32416	-1.0
149.348	-1.0
149.35255	-1.0
149.40096	-1.0
149.4256	-1.0
149.42824	-1.0
149.43944	-1.0
149.46085	-1.0
149.4636	-1.0
149.47484	-1.0
149.48616	-1.0
149.53252	-1.0
149.54507	-1.0
149.58604	-1.0
149.62964	-1.0
149.67252	-1.0
149.68169	-1.0
149.69408	-1.0
149.721	-1.0
149.75252	-1.0
149.7852	-1.0
149.796	-1.0
149.80316	-1.0
149.82413	-1.0
149.83728	-1.0
149.86111	-1.0
149.89128	-1.0
149.90092	-1.0
149.93132	-1.0
149.96268	-1.0
149.96848	-1.0
150.02388	-1.0
150.0364	-1.0
150.08736	-1.0
150.1492	-1.0
150.18085	-1.0
150.21788	-1.0
150.22064	-1.0
150.37865	-1.0
153.7136	-1.0
153.72644	-1.0
153.74393	-1.0
153.75684	-1.0
153.77869	-1.0
153.78152	-1.0
153.80383	-1.0
153.81096	-1.0
153.82771	-1.0
153.85208	-1.0
153.8554	-1.0
153.90211	-1.0
153.92409	-1.0
153.9528	-1.0
153.96664	-1.0
153.97704	-1.0
154.02588	-1.0
154.0318	-1.0
154.05817	-1.0
154.07384	-1.0
154.09212	-1.0
154.11276	-1.0
154.14812	-1.0
154.16731	-1.0
154.18352	-1.0
154.18864	-1.0
154.20804	-1.0
154.23325	-1.0
154.23944	-1.0
154.27435	-1.0
154.29472	-1.0
154.32591	-1.0
154.32956	-1.0
154.35448	-1.0
154.36777	-1.0
154.37924	-1.0
154.41805	-1.0
154.44272	-1.0
154.46304	-1.0
154.47829	-1.0
154.48892	-1.0
154.50185	-1.0
154.52097	-1.0
154.56355	-1.0
154.57196	-1.0
154.61745	-1.0
154.6282	-1.0
154.67409	-1.0
154.681	-1.0
154.783	-1.0
154.83104	-1.0
154.86649	-1.0
154.90164	-1.0
154.92493	-1.0
154.94048	-1.0
154.96571	-1.0
154.99097	-1.0
155.03831	-1.0
155.1232	-1.0
155.14883	-1.0
155.22264	-1.0
159.97163	-1.0
159.97829	-1.0
159.9828	-1.0
159.9912	-1.0
159.9978	-1.0
160.00604	-1.0
160.01788	-1.0
160.02472	-1.0
160.03484	-1.0
160.0378	-1.0
160.05592	-1.0
160.05965	-1.0
160.07588	-1.0
160.099	-1.0
160.12236	-1.0
160.14671	-1.0
160.15527	-1.0
160.1608	-1.0
160.1692	-1.0
160.18132	-1.0
160.19548	-1.0
160.20737	-1.0
160.2276	-1.0
160.24583	-1.0
160.26791	-1.0
160.27148	-1.0
160.29504	-1.0
160.3052	-1.0
160.3254	-1.0
160.35292	-1.0
160.36292	-1.0
160.36992	1.0
160.37248	-1.0
160.4014	-1.0
160.40463	-1.0
160.44604	-1.0
160.46024	-1.0
160.48029	-1.0
160.49048	-1.0
160.5114	-1.0
160.54056	-1.0
160.5456	-1.0
160.56387	-1.0
160.58923	-1.0
160.59328	-1.0
160.61456	-1.0
160.6348	-1.0
160.63756	-1.0
160.66544	-1.0
160.69392	-1.0
160.69933	-1.0
160.72192	-1.0
160.75792	-1.0
160.78708	-1.0
160.79088	-1.0
160.81757	-1.0
160.82976	-1.0
160.849	-1.0
160.85808	-1.0
160.87984	-1.0
160.90984	-1.0
160.92668	-1.0
160.934	-1.0
160.95747	-1.0
160.99065	-1.0
161.05351	-1.0
161.09468	-1.0
161.13304	-1.0
161.1764	-1.0
161.20251	-1.0
161.23688	-1.0
161.24724	-1.0
161.3164	-1.0
161.32016	-1.0
161.3708	-1.0
161.5038	-1.0
161.50903	-1.0
161.51212	-1.0
161.5878	-1.0
161.77615	-1.0
161.7996	-1.0
161.92148	-1.0
166.2624	-1.0
166.26564	-1.0
166.2774	-1.0
166.29112	-1.0
166.29633	-1.0
166.3086	-1.0
166.3138	-1.0
166.33212	-1.0
166.33575	-1.0
166.37823	-1.0
166.39456	-1.0
166.40707	-1.0
166.41656	-1.0
166.43584	-1.0
166.44768	-1.0
166.46053	-1.0
166.48009	-1.0
166.4988	-1.0
166.50432	-1.0
166.521	-1.0
166.5398	-1.0
166.55469	-1.0
166.57127	-1.0
166.58072	-1.0
166.5932	-1.0
166.5998	-1.0
166.624	-1.0
166.62816	-1.0
166.64636	-1.0
166.67175	-1.0
166.67513	-1.0
166.72188	-1.0
166.72792	-1.0
166.7388	-1.0
166.74712	-1.0
166.7758	-1.0
166.7798	-1.0
166.78365	-1.0
166.80388	-1.0
166.82968	-1.0
166.85783	-1.0
166.8644	-1.0
166.88496	-1.0
166.90971	-1.0
166.94196	-1.0
166.97227	-1.0
166.9806	-1.0
167.00252	-1.0
167.04305	-1.0
167.07892	-1.0
167.08511	-1.0
167.1084	-1.0
167.1512	-1.0
167.15887	-1.0
167.1774	-1.0
167.21356	-1.0
167.264	-1.0
167.30356	-1.0
167.31064	-1.0
167.35268	-1.0
167.37396	-1.0
167.40315	-1.0
167.43596	-1.0
167.46992	-1.0
167.51784	-1.0
167.56084	-1.0
167.5986	-1.0
167.71132	-1.0
167.71432	-1.0
167.83891	-1.0
167.84377	-1.0
167.85364	-1.0
167.87016	-1.0
167.9492	-1.0
167.96085	-1.0
167.98895	-1.0
168.00417	-1.0
168.06436	-1.0
172.90588	-1.0
172.91476	-1.0
172.9188	-1.0
172.9296	-1.0
172.93616	-1.0
172.94563	-1.0
172.95476	-1.0
172.9646	-1.0
172.97185	-1.0
172.99236	-1.0
172.99692	-1.0
173.00768	-1.0
173.01591	-1.0
173.028	-1.0
173.03345	-1.0
173.0484	-1.0
173.0526	-1.0
173.05775	-1.0
173.08331	-1.0
173.0892	-1.0
173.09248	-1.0
173.1124	-1.0
173.14368	-1.0
173.17424	-1.0
173.19588	-1.0
173.21808	-1.0
173.22928	-1.0
173.24852	-1.0
173.25417	-1.0
173.27168	-1.0
173.27512	-1.0
173.30476	-1.0
173.31676	-1.0
173.32628	-1.0
173.35835	-1.0
173.36928	-1.0
173.38963	-1.0
173.41292	-1.0
173.43752	-1.0
173.44208	-1.0
173.47052	-1.0
173.49625	-1.0
173.5006	-1.0
173.50523	-1.0
173.52608	-1.0
173.5514	-1.0
173.5556	-1.0
173.57536	-1.0
173.60593	-1.0
173.63916	-1.0
173.65604	-1.0
173.67703	-1.0
173.68144	-1.0
173.71169	-1.0
173.7148	-1.0
173.75272	-1.0
173.77788	-1.0
173.80412	-1.0
173.86195	-1.0
173.89812	-1.0
173.93169	-1.0
173.96164	-1.0
173.98236	-1.0
173.99995	-1.0
174.03336	-1.0
174.07645	-1.0
174.10287	-1.0
174.14217	-1.0
174.19492	-1.0
174.2856	-1.0
174.38889	-1.0
174.60112	-1.0
179.04951	-1.0
179.05304	-1.0
179.05792	-1.0
179.06148	-1.0
179.08224	-1.0
179.09209	-1.0
179.10316	-1.0
179.10628	-1.0
179.12251	-1.0
179.12515	-1.0
179.1434	-1.0
179.14713	-1.0
179.16896	-1.0
179.18813	-1.0
179.19427	-1.0
179.21497	-1.0
179.22807	-1.0
179.23296	-1.0
179.2516	-1.0
179.25764	-1.0
179.279	-1.0
179.29771	-1.0
179.30852	-1.0
179.32104	-1.0
179.34325	-1.0
179.36713	-1.0
179.38452	-1.0
179.39008	-1.0
179.3936	-1.0
179.41708	-1.0
179.43243	-1.0
179.44904	-1.0
179.47153	-1.0
179.47575	-1.0
179.4952	-1.0
179.51828	-1.0
179.52136	-1.0
179.5328	-1.0
179.53967	-1.0
179.55904	-1.0
179.57532	-1.0
179.59357	-1.0
179.61964	-1.0
179.6458	-1.0
179.66016	-1.0
179.67188	-1.0
179.69008	-1.0
179.69492	-1.0
179.72585	-1.0
179.76167	-1.0
179.79364	-1.0
179.84312	-1.0
179.8724	-1.0
179.88936	-1.0
179.89896	-1.0
179.90932	-1.0
179.9424	-1.0
179.9676	-1.0
179.99544	-1.0
180.01253	-1.0
180.0198	-1.0
180.06816	-1.0
180.09836	-1.0
180.12485	-1.0
180.15211	-1.0
180.18948	-1.0
180.21344	-1.0
180.24196	-1.0
180.26656	-1.0
180.31483	-1.0
180.418	-1.0
180.44864	-1.0
180.66869	-1.0
180.782	-1.0
184.82983	-1.0
184.8396	-1.0
184.84724	-1.0
184.8644	-1.0
184.86723	-1.0
184.87189	-1.0
184.89236	-1.0
184.90884	-1.0
184.9134	-1.0
184.94836	-1.0
184.96396	-1.0
184.96889	-1.0
184.98524	-1.0
185.007	-1.0
185.01208	-1.0
185.02788	-1.0
185.03188	-1.0
185.04532	-1.0
185.05544	-1.0
185.06705	-1.0
185.0754	-1.0
185.09564	-1.0
185.10213	-1.0
185.12392	-1.0
185.14304	-1.0
185.16028	-1.0
185.1752	-1.0
185.19289	-1.0
185.19753	-1.0
185.2108	-1.0
185.22752	-1.0
185.24995	-1.0
185.26996	-1.0
185.274	-1.0
185.27728	-1.0
185.30032	-1.0
185.32613	-1.0
185.33025	-1.0
185.36816	-1.0
185.38065	-1.0
185.40463	-1.0
185.43752	-1.0
185.46228	-1.0
185.47375	-1.0
185.49236	-1.0
185.49968	-1.0
185.51852	-1.0
185.52496	-1.0
185.57816	-1.0
185.58308	-1.0
185.6128	-1.0
185.64536	-1.0
185.699	-1.0
185.70296	-1.0
185.71796	-1.0
185.7588	-1.0
185.78387	-1.0
185.79327	-1.0
185.81784	-1.0
185.83528	-1.0
185.85068	-1.0
185.87364	-1.0
185.91267	-1.0
185.94225	-1.0
185.96613	-1.0
185.9812	-1.0
186.00076	-1.0
186.0214	-1.0
186.06915	-1.0
186.1502	-1.0
186.15285	-1.0
186.22215	-1.0
186.40897	-1.0
186.43524	-1.0
190.22476	-1.0
190.23044	-1.0
190.23628	-1.0
190.25333	-1.0
190.2656	-1.0
190.27444	-1.0
190.28012	-1.0
190.29845	-1.0
190.30997	-1.0
190.33028	-1.0
190.342	-1.0
190.36348	-1.0
190.36777	-1.0
190.3872	-1.0
190.41563	-1.0
190.41888	-1.0
190.43832	-1.0
190.45828	-1.0
190.47227	-1.0
190.4826	-1.0
190.5126	-1.0
190.5382	1.0
190.5646	-1.0
190.58504	-1.0
190.62756	-1.0
190.64296	-1.0
190.65337	-1.0
190.67236	-1.0
190.68512	-1.0
190.73048	-1.0
190.74107	-1.0
190.74931	-1.0
190.77213	-1.0
190.78204	-1.0
190.82216	-1.0
190.84705	-1.0
190.85011	-1.0
190.8538	-1.0
190.87991	-1.0
190.91132	-1.0
190.9188	-1.0
190.94264	-1.0
190.94832	-1.0
190.95853	-1.0
190.97997	-1.0
191.00883	-1.0
191.03516	-1.0
191.04285	-1.0
191.04877	-1.0
191.08575	-1.0
191.1096	-1.0
191.13509	-1.0
191.14935	-1.0
191.20444	-1.0
191.2076	-1.0
191.25723	-1.0
191.31516	-1.0
191.32848	-1.0
191.34268	-1.0
191.3494	-1.0
191.46507	-1.0
191.56892	-1.0
191.61037	-1.0
191.80827	-1.0
191.83797	-1.0
191.84592	-1.0
191.94	-1.0
196.04836	-1.0
196.052	-1.0
196.05852	-1.0
196.06248	-1.0
196.08585	-1.0
196.09032	-1.0
196.10728	-1.0
196.122	-1.0
196.13596	-1.0
196.15976	-1.0
196.18813	-1.0
196.1922	-1.0
196.20544	-1.0
196.22452	-1.0
196.24852	-1.0
196.25816	-1.0
196.2734	-1.0
196.29852	-1.0
196.30627	-1.0
196.32149	-1.0
196.34552	-1.0
196.36992	-1.0
196.39767	-1.0
196.4066	-1.0
196.4224	-1.0
196.436	-1.0
196.44183	-1.0
196.463	-1.0
196.4744	-1.0
196.49203	-1.0
196.52048	-1.0
196.5486	-1.0
196.55975	-1.0
196.59596	-1.0
196.6196	-1.0
196.6262	-1.0
196.665	-1.0
196.67856	-1.0
196.72128	-1.0
196.72568	-1.0
196.74075	-1.0
196.761	-1.0
196.76692	-1.0
196.8028	-1.0
196.82156	-1.0
196.85396	-1.0
196.88004	-1.0
196.88676	-1.0
196.90685	-1.0
196.933	-1.0
196.96068	-1.0
196.99992	-1.0
197.00388	-1.0
197.05124	-1.0
197.10248	-1.0
197.18788	-1.0
197.222	-1.0
197.24132	-1.0
197.26968	-1.0
197.32507	-1.0
197.3278	-1.0
197.36392	-1.0
197.53368	-1.0
197.77132	-1.0
197.7978	-1.0
201.95264	-1.0
201.95584	-1.0
201.96304	-1.0
201.97932	-1.0
201.98824	-1.0
202.01004	-1.0
202.02003	-1.0
202.0308	-1.0
202.0364	-1.0
202.05156	-1.0
202.07584	-1.0
202.10652	-1.0
202.12044	-1.0
202.14804	-1.0
202.16356	-1.0
202.18697	-1.0
202.20451	-1.0
202.21265	-1.0
202.23924	-1.0
202.2622	-1.0
202.26648	-1.0
202.28348	-1.0
202.30988	-1.0
202.33627	-1.0
202.36264	-1.0
202.38124	-1.0
202.39168	-1.0
202.42207	-1.0
202.45204	-1.0
202.46307	-1.0
202.46864	-1.0
202.48769	-1.0
202.491	-1.0
202.53668	-1.0
202.54764	-1.0
202.58032	-1.0
202.59708	-1.0
202.61244	-1.0
202.64128	-1.0
202.66267	-1.0
202.66608	-1.0
202.71132	-1.0
202.74504	-1.0
202.80144	-1.0
202.8182	-1.0
202.853	-1.0
202.89047	-1.0
202.9272	-1.0
202.9898	-1.0
203.00732	-1.0
203.02467	-1.0
203.04924	-1.0
203.10468	-1.0
203.16171	-1.0
203.20552	-1.0
203.2514	-1.0
203.29988	-1.0
203.3972	-1.0
203.42616	-1.0
207.84673	-1.0
207.85112	-1.0
207.85403	-1.0
207.86816	-1.0
207.88028	-1.0
207.89932	-1.0
207.90312	-1.0
207.92229	-1.0
207.92567	-1.0
207.92836	-1.0
207.93095	-1.0
207.9462	-1.0
207.95988	-1.0
207.96413	-1.0
207.99516	-1.0
208.02225	-1.0
208.05412	-1.0
208.0678	-1.0
208.0708	-1.0
208.08723	-1.0
208.10332	-1.0
208.12204	-1.0
208.1278	-1.0
208.13857	-1.0
208.17284	-1.0
208.17831	-1.0
208.2016	-1.0
208.22752	-1.0
208.23347	-1.0
208.2424	-1.0
208.2572	-1.0
208.28192	-1.0
208.2846	-1.0
208.2974	-1.0
208.33224	-1.0
208.36247	-1.0
208.39204	-1.0
208.3952	-1.0
208.4344	-1.0
208.43884	-1.0
208.45496	-1.0
208.48268	-1.0
208.52612	-1.0
208.56364	-1.0
208.57892	-1.0
208.59012	-1.0
208.6146	-1.0
208.61832	-1.0
208.64296	-1.0
208.64816	-1.0
208.67564	-1.0
208.73848	-1.0
208.74985	-1.0
208.76924	-1.0
208.78133	-1.0
208.81696	-1.0
208.84856	-1.0
208.87196	-1.0
208.9246	-1.0
208.95071	-1.0
208.98236	-1.0
209.01584	-1.0
209.05469	-1.0
209.08447	-1.0
209.17612	-1.0
209.2172	-1.0
209.24036	-1.0
209.31108	-1.0
209.3138	-1.0
209.35352	-1.0
209.41096	-1.0
213.71191	-1.0
213.7146	-1.0
213.7282	-1.0
213.74008	-1.0
213.75575	-1.0
213.77107	-1.0
213.78224	-1.0
213.8004	-1.0
213.81535	-1.0
213.83052	-1.0
213.83536	-1.0
213.83856	-1.0
213.8574	-1.0
213.87749	-1.0
213.90083	-1.0
213.9164	-1.0
213.94131	-1.0
213.95572	-1.0
213.9816	-1.0
213.99677	-1.0
214.01056	-1.0
214.0308	-1.0
214.0624	-1.0
214.09476	-1.0
214.10956	-1.0
214.12012	-1.0
214.141	-1.0
214.1464	-1.0
214.16812	-1.0
214.18448	-1.0
214.21504	-1.0
214.24492	-1.0
214.2768	-1.0
214.31084	-1.0
214.3404	-1.0
214.3698	-1.0
214.40433	-1.0
214.40984	-1.0
214.44284	-1.0
214.46928	-1.0
214.49931	-1.0
214.5086	-1.0
214.54344	-1.0
214.54668	-1.0
214.56688	-1.0
214.60724	-1.0
214.6428	-1.0
214.66425	-1.0
214.7296	-1.0
214.75264	-1.0
214.7792	-1.0
214.79391	-1.0
214.8124	-1.0
214.82976	-1.0
214.86072	-1.0
214.9012	-1.0
214.93295	-1.0
214.9708	-1.0
215.0388	-1.0
215.0458	-1.0
215.08353	-1.0
215.22964	-1.0
215.23828	-1.0
219.3092	-1.0
219.31372	-1.0
219.32465	-1.0
219.32776	-1.0
219.3456	-1.0
219.36192	-1.0
219.36568	-1.0
219.37856	-1.0
219.38988	-1.0
219.4008	-1.0
219.42184	-1.0
219.47948	-1.0
219.48528	-1.0
219.50644	-1.0
219.52373	-1.0
219.53888	-1.0
219.5528	-1.0
219.5778	-1.0
219.59476	-1.0
219.59744	-1.0
219.62576	-1.0
219.6482	-1.0
219.67204	-1.0
219.67752	-1.0
219.69543	-1.0
219.70276	-1.0
219.72604	-1.0
219.7388	-1.0
219.7648	-1.0
219.77428	-1.0
219.78693	-1.0
219.81416	-1.0
219.8506	-1.0
219.86272	-1.0
219.88992	-1.0
219.91472	-1.0
219.9454	-1.0
219.98108	-1.0
219.9836	-1.0
220.00204	-1.0
220.03957	-1.0
220.08775	-1.0
220.13524	-1.0
220.15964	-1.0
220.1882	-1.0
220.197	-1.0
220.2288	-1.0
220.24783	-1.0
220.2696	-1.0
220.27711	-1.0
220.29492	-1.0
220.3018	-1.0
220.32964	-1.0
220.37675	-1.0
220.4108	-1.0
220.46484	-1.0
220.483	-1.0
220.50192	-1.0
220.56737	-1.0
220.5764	-1.0
220.58916	-1.0
220.63528	-1.0
220.76283	-1.0
225.27176	-1.0
225.2746	-1.0
225.28712	-1.0
225.29128	-1.0
225.3028	-1.0
225.31416	-1.0
225.32896	-1.0
225.34952	-1.0
225.37088	-1.0
225.39252	-1.0
225.42184	-1.0
225.43956	-1.0
225.44852	-1.0
225.46667	-1.0
225.49376	-1.0
225.55252	-1.0
225.55605	-1.0
225.57872	-1.0
225.58247	-1.0
225.60889	-1.0
225.61172	-1.0
225.64227	-1.0
225.6534	-1.0
225.67476	-1.0
225.69968	-1.0
225.70752	-1.0
225.74496	-1.0
225.76295	-1.0
225.78516	-1.0
225.80324	-1.0
225.81947	-1.0
225.8492	-1.0
225.86607	-1.0
225.88815	-1.0
225.91351	-1.0
225.97084	-1.0
225.97849	-1.0
225.98936	-1.0
226.00916	-1.0
226.03957	-1.0
226.05528	-1.0
226.082	-1.0
226.1138	-1.0
226.12132	-1.0
226.12888	-1.0
226.15495	-1.0
226.16112	-1.0
226.18452	-1.0
226.20784	-1.0
226.25784	-1.0
226.29137	-1.0
226.33896	-1.0
226.39052	-1.0
226.49084	-1.0
226.51036	-1.0
226.73177	-1.0
226.75992	-1.0
226.8942	-1.0
230.78664	-1.0
230.79285	-1.0
230.8068	-1.0
230.81108	-1.0
230.8318	-1.0
230.83624	-1.0
230.83965	-1.0
230.84515	-1.0
230.8634	-1.0
230.8724	-1.0
230.88928	-1.0
230.94696	-1.0
230.99149	-1.0
231.00572	-1.0
231.01624	-1.0
231.03249	-1.0
231.05836	-1.0
231.06436	-1.0
231.08064	-1.0
231.0966	-1.0
231.10245	-1.0
231.13168	-1.0
231.14915	-1.0
231.16844	-1.0
231.19456	-1.0
231.229	-1.0
231.2614	-1.0
231.2684	-1.0
231.2818	-1.0
231.32564	-1.0
231.34932	-1.0
231.37392	-1.0
231.40263	-1.0
231.4222	-1.0
231.45372	-1.0
231.48328	-1.0
231.50851	-1.0
231.54504	-1.0
231.55807	-1.0
231.59332	-1.0
231.62633	-1.0
231.64755	-1.0
231.65344	-1.0
231.69997	-1.0
231.73236	-1.0
231.763	-1.0
231.79305	-1.0
231.80003	-1.0
231.8358	-1.0
231.8594	-1.0
231.89836	-1.0
231.95187	-1.0
231.97977	-1.0
232.00143	-1.0
232.06116	-1.0
232.0726	-1.0
232.1128	-1.0
236.62144	-1.0
236.63112	-1.0
236.63652	-1.0
236.64592	-1.0
236.66136	-1.0
236.66573	-1.0
236.66995	-1.0
236.69144	-1.0
236.70552	-1.0
236.73824	-1.0
236.75484	-1.0
236.78792	-1.0
236.82043	-1.0
236.858	-1.0
236.89851	-1.0
236.9232	-1.0
236.9274	-1.0
236.948	-1.0
236.96884	-1.0
236.99216	-1.0
237.01305	-1.0
237.05196	-1.0
237.06976	-1.0
237.10768	-1.0
237.12148	-1.0
237.13223	-1.0
237.13608	-1.0
237.15692	-1.0
237.17824	-1.0
237.19872	-1.0
237.22496	-1.0
237.2562	-1.0
237.27975	-1.0
237.30112	-1.0
237.31236	-1.0
237.34892	-1.0
237.36728	-1.0
237.40125	-1.0
237.4282	-1.0
237.4742	-1.0
237.55965	-1.0
237.61252	-1.0
237.64528	-1.0
237.74072	-1.0
237.74576	-1.0
237.79308	-1.0
237.88176	-1.0
237.92236	-1.0
237.94296	-1.0
237.96228	-1.0
238.05203	-1.0
242.16689	-1.0
242.17155	-1.0
242.17804	-1.0
242.20168	-1.0
242.21664	-1.0
242.22804	-1.0
242.2492	-1.0
242.2528	-1.0
242.3022	-1.0
242.32423	-1.0
242.34007	-1.0
242.36365	-1.0
242.38408	-1.0
242.4134	-1.0
242.42851	-1.0
242.44469	-1.0
242.48012	-1.0
242.48572	-1.0
242.5158	-1.0
242.534	-1.0
242.56264	-1.0
242.56612	-1.0
242.58575	-1.0
242.61205	-1.0
242.63808	-1.0
242.67587	-1.0
242.70212	-1.0
242.7516	-1.0
242.7672	-1.0
242.78728	-1.0
242.7946	-1.0
242.82571	-1.0
242.87436	-1.0
242.90063	-1.0
242.94955	-1.0
242.97012	-1.0
243.03232	-1.0
243.05437	-1.0
243.08424	-1.0
243.12216	-1.0
243.18372	-1.0
243.22227	-1.0
243.2594	-1.0
243.3562	-1.0
243.4948	-1.0
243.56831	-1.0
248.64607	-1.0
248.66248	-1.0
248.67784	-1.0
248.69608	-1.0
248.69872	-1.0
248.70172	-1.0
248.71548	-1.0
248.7284	-1.0
248.75708	-1.0
248.77876	-1.0
248.82552	-1.0
248.85213	-1.0
248.87971	-1.0
248.91284	-1.0
248.95271	-1.0
248.96188	-1.0
248.99635	-1.0
249.02563	-1.0
249.04984	-1.0
249.08916	-1.0
249.11089	-1.0
249.1412	-1.0
249.158	-1.0
249.17316	-1.0
249.2124	-1.0
249.23843	-1.0
249.27156	-1.0
249.2742	-1.0
249.28952	-1.0
249.31512	-1.0
249.33627	-1.0
249.36636	-1.0
249.39168	-1.0
249.41837	-1.0
249.46352	-1.0
249.4904	-1.0
249.5606	-1.0
249.56989	-1.0
249.59431	-1.0
249.644	-1.0
249.67392	-1.0
249.81293	-1.0
249.88852	-1.0
249.92	-1.0
249.98524	-1.0
250.03876	-1.0
250.06165	-1.0
255.01389	-1.0
255.021	-1.0
255.03204	-1.0
255.05057	-1.0
255.06631	-1.0
255.07472	-1.0
255.09209	-1.0
255.10692	-1.0
255.11188	-1.0
255.14616	-1.0
255.16528	-1.0
255.19312	-1.0
255.19788	-1.0
255.21107	-1.0
255.23508	-1.0
255.2632	-1.0
255.28967	-1.0
255.3146	-1.0
255.34064	-1.0
255.35008	-1.0
255.37512	-1.0
255.39688	-1.0
255.41148	-1.0
255.45271	-1.0
255.4598	-1.0
255.47597	-1.0
255.4868	-1.0
255.50148	-1.0
255.52107	-1.0
255.56348	-1.0
255.61148	-1.0
255.63852	-1.0
255.66992	-1.0
255.6826	-1.0
255.74075	-1.0
255.76816	-1.0
255.78976	-1.0
255.80864	-1.0
255.87248	-1.0
255.88084	-1.0
255.90392	-1.0
255.93317	-1.0
256.01248	-1.0
256.08044	-1.0
256.09692	-1.0
256.17368	-1.0
256.25305	-1.0
260.26016	-1.0
260.26724	-1.0
260.27768	-1.0
260.3029	-1.0
260.3146	-1.0
260.32043	-1.0
260.33868	-1.0
260.34564	-1.0
260.3521	-1.0
260.36234	-1.0
260.38263	-1.0
260.389	-1.0
260.40964	-1.0
260.4412	-1.0
260.46097	-1.0
260.48355	-1.0
260.49567	-1.0
260.50803	-1.0
260.5368	-1.0
260.5572	-1.0
260.5754	-1.0
260.6003	-1.0
260.63705	-1.0
260.65985	-1.0
260.6644	-1.0
260.70697	-1.0
260.73444	-1.0
260.74237	-1.0
260.75952	-1.0
260.79767	-1.0
260.80725	-1.0
260.8388	-1.0
260.85785	-1.0
260.87976	-1.0
260.90012	-1.0
260.9874	-1.0
261.06772	-1.0
261.0915	-1.0
261.14328	-1.0
261.16235	-1.0
261.202	-1.0
261.25644	-1.0
261.37457	-1.0
261.4148	-1.0
261.41855	-1.0
261.4905	-1.0
261.535	-1.0
261.60785	-1.0
261.61987	-1.0
265.73343	-1.0
265.75363	-1.0
265.76443	-1.0
265.76852	-1.0
265.77133	-1.0
265.791	-1.0
265.79364	-1.0
265.81815	-1.0
265.8293	-1.0
265.83636	-1.0
265.85205	-1.0
265.8795	-1.0
265.90536	-1.0
265.91592	-1.0
265.94656	-1.0
265.97363	-1.0
265.99765	-1.0
266.01013	-1.0
266.01373	-1.0
266.02905	-1.0
266.04425	-1.0
266.0832	-1.0
266.14865	-1.0
266.17477	-1.0
266.2147	-1.0
266.22235	-1.0
266.2446	-1.0
266.303	-1.0
266.31308	-1.0
266.34848	-1.0
266.37555	-1.0
266.40936	-1.0
266.422	-1.0
266.43304	-1.0
266.43896	-1.0
266.47385	-1.0
266.48587	-1.0
266.57373	-1.0
266.63928	-1.0
266.71533	-1.0
266.7288	-1.0
266.78143	-1.0
266.84406	-1.0
266.86237	-1.0
266.91324	-1.0
271.2857	-1.0
271.28995	-1.0
271.30585	-1.0
271.3096	-1.0
271.34177	-1.0
271.34723	-1.0
271.41296	-1.0
271.45255	-1.0
271.48813	-1.0
271.5036	-1.0
271.51764	-1.0
271.54388	-1.0
271.57455	-1.0
271.58368	-1.0
271.60892	-1.0
271.6372	-1.0
271.6697	-1.0
271.69296	-1.0
271.72153	-1.0
271.725	1.0
271.7484	-1.0
271.7576	-1.0
271.78033	-1.0
271.80713	-1.0
271.84473	-1.0
271.8914	-1.0
271.91705	-1.0
271.92944	-1.0
271.97308	-1.0
272.00507	-1.0
272.03503	-1.0
272.04288	-1.0
272.04776	-1.0
272.05988	-1.0
272.0954	-1.0
272.15863	-1.0
272.20923	-1.0
272.24713	-1.0
274.8664	-1.0
274.88232	-1.0
274.90817	-1.0
274.95615	-1.0
274.97437	-1.0
274.9816	-1.0
274.99423	-1.0
275.02017	-1.0
275.03885	-1.0
275.04407	-1.0
275.04843	-1.0
275.06476	-1.0
275.0998	-1.0
275.1299	-1.0
275.163	-1.0
275.17172	-1.0
275.21933	-1.0
275.24933	-1.0
275.2573	-1.0
275.2965	-1.0
275.35464	-1.0
275.36087	-1.0
275.38425	-1.0
275.40915	-1.0
275.4759	-1.0
275.5386	-1.0
275.54135	-1.0
275.57776	-1.0
275.5848	-1.0
275.62192	-1.0
275.6447	-1.0
275.6636	-1.0
275.7487	-1.0
275.77087	-1.0
275.8195	-1.0
275.83368	-1.0
275.854	-1.0
275.94308	-1.0
276.00348	-1.0
276.04932	-1.0
281.38748	-1.0
281.40067	-1.0
281.4131	-1.0
281.4344	-1.0
281.45233	-1.0
281.4638	-1.0
281.48505	-1.0
281.51993	-1.0
281.57877	-1.0
281.6045	-1.0
281.61017	-1.0
281.6307	-1.0
281.65714	-1.0
281.6738	-1.0
281.71588	-1.0
281.73935	-1.0
281.77936	-1.0
281.8069	-1.0
281.8362	-1.0
281.84	-1.0
281.86075	-1.0
281.873	-1.0
281.88992	-1.0
281.94992	-1.0
281.97757	-1.0
282.02573	-1.0
282.05865	-1.0
282.08167	-1.0
282.08737	-1.0
282.14627	-1.0
282.20105	-1.0
282.24704	-1.0
282.26547	-1.0
282.29596	-1.0
282.34137	-1.0
282.421	-1.0
282.46216	-1.0
282.471	-1.0
282.47803	-1.0
286.447	-1.0
286.45508	-1.0
286.4722	-1.0
286.4932	-1.0
286.50537	-1.0
286.5237	-1.0
286.52924	-1.0
286.55338	-1.0
286.57007	-1.0
286.60065	-1.0
286.60532	-1.0
286.6295	-1.0
286.655	-1.0
286.67444	-1.0
286.712	-1.0
286.73123	-1.0
286.7746	-1.0
286.83344	-1.0
286.86768	-1.0
286.8957	-1.0
286.93924	-1.0
286.97552	-1.0
286.9938	-1.0
287.04495	-1.0
287.12097	-1.0
287.20837	-1.0
287.22675	-1.0
287.2606	-1.0
287.32144	-1.0
287.32523	-1.0
287.3682	-1.0
287.4977	-1.0
287.55588	-1.0
290.0268	-1.0
290.03583	-1.0
290.05185	-1.0
290.05792	-1.0
290.10117	-1.0
290.10675	-1.0
290.18304	-1.0
290.1887	-1.0
290.2293	-1.0
290.23325	-1.0
290.23956	-1.0
290.2667	-1.0
290.3044	-1.0
290.31235	-1.0
290.34467	-1.0
290.38617	-1.0
290.43484	-1.0
290.462	-1.0
290.51584	-1.0
290.54037	-1.0
290.57162	-1.0
290.59784	-1.0
290.60355	-1.0
290.64395	-1.0
290.70312	-1.0
290.75693	-1.0
290.80457	-1.0
290.8753	-1.0
290.94293	-1.0
290.95752	-1.0
290.97385	-1.0
291.04184	-1.0
291.05524	-1.0
291.14648	-1.0
295.48026	-1.0
295.49747	-1.0
295.52875	-1.0
295.5716	-1.0
295.57657	-1.0
295.5933	-1.0
295.61417	-1.0
295.6174	-1.0
295.63593	-1.0
295.6458	-1.0
295.6504	-1.0
295.68045	-1.0
295.71912	-1.0
295.72784	-1.0
295.73163	-1.0
295.74808	-1.0
295.8002	-1.0
295.83685	-1.0
295.87708	-1.0
295.90027	-1.0
295.91736	-1.0
295.95096	-1.0
296.013	-1.0
296.05655	-1.0
296.11523	-1.0
296.1662	-1.0
296.2396	-1.0
296.26593	-1.0
296.29935	-1.0
296.3756	-1.0
296.4258	-1.0
296.55923	-1.0
296.65308	-1.0
300.4095	-1.0
300.43573	-1.0
300.45447	-1.0
300.47293	-1.0
300.48148	-1.0
300.498	-1.0
300.50836	-1.0
300.53052	-1.0
300.57205	-1.0
300.59344	-1.0
300.63092	-1.0
300.69485	-1.0
300.72025	-1.0
300.72833	-1.0
300.78036	-1.0
300.809	-1.0
300.8973	-1.0
300.92792	-1.0
300.96603	-1.0
301.00577	-1.0
301.03308	-1.0
301.07776	-1.0
301.11316	-1.0
301.13852	-1.0
301.14993	-1.0
301.17053	-1.0
301.2498	-1.0
301.3186	-1.0
301.4037	-1.0
301.47412	-1.0
301.67422	-1.0
305.45172	-1.0
305.45572	-1.0
305.53476	-1.0
305.54807	-1.0
305.5924	-1.0
305.62393	-1.0
305.6402	-1.0
305.6568	-1.0
305.68408	-1.0
305.6956	-1.0
305.71268	-1.0
305.7423	-1.0
305.77295	-1.0
305.8	-1.0
305.83075	-1.0
305.8871	-1.0
305.90372	-1.0
305.93152	-1.0
305.971	-1.0
306.00287	-1.0
306.07193	-1.0
306.12625	-1.0
306.13663	-1.0
306.20685	-1.0
306.23355	-1.0
306.23737	-1.0
306.24136	-1.0
306.32788	-1.0
306.35812	-1.0
306.40204	-1.0
306.60745	-1.0
310.2394	-1.0
310.2805	-1.0
310.2958	-1.0
310.3102	-1.0
310.3167	-1.0
310.3344	-1.0
310.34387	-1.0
310.3576	-1.0
310.39935	-1.0
310.42807	-1.0
310.45792	-1.0
310.48724	-1.0
310.51828	-1.0
310.56516	-1.0
310.61008	-1.0
310.63324	-1.0
310.6442	-1.0
310.6772	-1.0
310.7224	-1.0
310.77264	-1.0
310.81683	-1.0
310.8547	-1.0
310.86975	-1.0
310.89847	-1.0
310.90237	-1.0
310.96033	-1.0
311.00143	-1.0
311.05627	-1.0
315.826	-1.0
315.9385	-1.0
315.98703	-1.0
316.0164	-1.0
316.02783	-1.0
316.03323	-1.0
316.0475	-1.0
316.0828	-1.0
316.11044	-1.0
316.1139	-1.0
316.14188	-1.0
316.16837	-1.0
316.20428	-1.0
316.29092	-1.0
316.3437	-1.0
316.40097	-1.0
316.43542	-1.0
316.43896	-1.0
316.4927	-1.0
316.53284	-1.0
316.558	-1.0
316.6062	-1.0
316.72803	-1.0
316.7462	-1.0
316.75043	-1.0
316.78824	-1.0
320.99854	-1.0
321.00443	-1.0
321.03	-1.0
321.09143	-1.0
321.1228	-1.0
321.1304	-1.0
321.19147	-1.0
321.21896	-1.0
321.2347	1.0
321.2524	-1.0
321.2838	-1.0
321.33447	-1.0
321.38104	-1.0
321.4102	-1.0
321.42575	-1.0
321.4709	-1.0
321.53235	-1.0
321.56183	-1.0
321.61383	-1.0
321.651	-1.0
321.70853	-1.0
321.76477	-1.0
321.81107	-1.0
321.89304	-1.0
321.90717	-1.0
321.95804	-1.0
325.948	-1.0
325.96005	-1.0
325.99716	-1.0
326.006	-1.0
326.01627	-1.0
326.0414	-1.0
326.10928	-1.0
326.13745	-1.0
326.19855	-1.0
326.2181	-1.0
326.25415	-1.0
326.2762	-1.0
326.3073	-1.0
326.3127	-1.0
326.38232	-1.0
326.41284	-1.0
326.45444	-1.0
326.5265	-1.0
326.55023	-1.0
326.60956	-1.0
326.6592	-1.0
326.78204	-1.0
326.85944	-1.0
327.03143	-1.0
327.038	-1.0
327.14523	-1.0
331.82983	-1.0
331.8516	-1.0
331.85733	-1.0
331.8713	-1.0
331.8791	-1.0
331.88165	-1.0
331.9351	-1.0
331.97015	-1.0
331.99353	-1.0
332.02545	-1.0
332.06552	-1.0
332.0936	-1.0
332.13284	-1.0
332.1364	-1.0
332.17975	-1.0
332.19028	-1.0
332.2434	-1.0
332.24927	-1.0
332.29663	-1.0
332.3006	-1.0
332.35397	-1.0
332.4867	-1.0
332.57004	-1.0
332.7625	-1.0
332.8149	-1.0
332.8185	-1.0
338.19907	-1.0
338.21033	-1.0
338.2266	-1.0
338.24197	-1.0
338.26752	-1.0
338.2944	-1.0
338.2971	-1.0
338.33472	-1.0
338.34085	-1.0
338.3754	-1.0
338.39136	-1.0
338.42532	-1.0
338.43533	-1.0
338.5418	-1.0
338.5597	-1.0
338.57672	-1.0
338.627	-1.0
338.65588	-1.0
338.74115	-1.0
338.77524	-1.0
338.8845	-1.0
338.93457	-1.0
338.97607	-1.0
338.99628	-1.0
339.0138	-1.0
339.07465	-1.0
339.08392	-1.0
343.2461	-1.0
343.25793	-1.0
343.28015	-1.0
343.30948	-1.0
343.3123	-1.0
343.328	-1.0
343.36224	-1.0
343.38644	-1.0
343.39337	-1.0
343.4174	-1.0
343.47623	-1.0
343.5265	-1.0
343.56985	-1.0
343.58185	-1.0
343.58636	-1.0
343.64575	-1.0
343.66788	-1.0
343.73233	-1.0
343.77307	-1.0
343.7902	-1.0
343.80157	-1.0
343.86996	-1.0
343.9742	-1.0
343.9777	-1.0
343.98132	-1.0
344.0023	-1.0
344.03024	-1.0
344.0998	-1.0
348.6284	1.0
348.63092	-1.0
348.6581	-1.0
348.7025	-1.0
348.7239	-1.0
348.75577	-1.0
348.8193	-1.0
348.83563	-1.0
348.8474	-1.0
348.89444	-1.0
348.97223	-1.0
348.9817	-1.0
349.00073	-1.0
349.03705	-1.0
349.05023	-1.0
349.11612	-1.0
349.20792	-1.0
349.30328	-1.0
353.60995	-1.0
353.61716	-1.0
353.63452	-1.0
353.64008	-1.0
353.669	-1.0
353.67407	-1.0
353.74677	-1.0
353.77368	-1.0
353.85992	-1.0
353.8665	-1.0
353.8697	-1.0
353.96948	-1.0
354.049	-1.0
354.06268	-1.0
354.06604	-1.0
354.08112	-1.0
354.09933	-1.0
354.11105	-1.0
354.1819	-1.0
354.23383	-1.0
354.2624	-1.0
354.2858	-1.0
354.3787	-1.0
354.40115	-1.0
354.4266	-1.0
354.4463	-1.0
354.6314	-1.0
354.67957	-1.0
354.73044	-1.0
354.73956	-1.0
358.38104	-1.0
358.40308	-1.0
358.40683	-1.0
358.44156	-1.0
358.4564	-1.0
358.50183	-1.0
358.53067	-1.0
358.61008	-1.0
358.6266	-1.0
358.66388	-1.0
358.72705	-1.0
358.74188	-1.0
358.7502	-1.0
358.835	-1.0
358.8416	-1.0
358.97815	-1.0
359.14563	-1.0
359.26053	-1.0
359.29916	-1.0
363.4726	-1.0
363.48953	-1.0
363.58984	-1.0
363.6139	-1.0
363.6867	-1.0
363.70657	-1.0
363.7226	-1.0
363.838	-1.0
363.8639	-1.0
363.90988	-1.0
363.91544	-1.0
363.9276	-1.0
363.93048	-1.0
363.93704	-1.0
363.94937	-1.0
363.9591	-1.0
363.96872	-1.0
364.13083	-1.0
364.19708	-1.0
364.32755	-1.0
364.44083	-1.0
364.70416	-1.0
364.70813	-1.0
364.77847	-1.0
368.42932	-1.0
368.5138	-1.0
368.5174	-1.0
368.5861	-1.0
368.599	-1.0
368.6366	-1.0
368.65848	-1.0
368.69543	-1.0
368.73523	-1.0
368.84604	-1.0
368.90735	-1.0
369.0251	-1.0
369.07053	-1.0
369.08652	-1.0
369.12704	-1.0
369.17172	-1.0
369.23273	-1.0
373.15244	-1.0
373.16193	-1.0
373.1923	-1.0
373.21805	1.0
373.23465	-1.0
373.28796	1.0
373.2974	-1.0
373.30795	-1.0
373.31497	-1.0
373.34348	-1.0
373.37653	-1.0
373.41537	-1.0
373.44153	-1.0
373.45404	-1.0
373.46167	-1.0
373.47614	-1.0
373.48175	-1.0
373.49527	-1.0
373.53244	-1.0
373.55533	-1.0
373.56995	-1.0
373.57913	-1.0
373.64536	-1.0
373.66995	-1.0
373.71725	-1.0
373.83563	-1.0
373.83997	-1.0
373.8834	-1.0
373.98236	-1.0
374.0878	-1.0
374.18225	-1.0
377.989	-1.0
377.99484	-1.0
378.03876	-1.0
378.0937	-1.0
378.1399	-1.0
378.14697	-1.0
378.15112	-1.0
378.16232	-1.0
378.16635	-1.0
378.1775	-1.0
378.1934	-1.0
378.2017	-1.0
378.2149	-1.0
378.23303	-1.0
378.357	-1.0
378.37244	-1.0
378.44836	-1.0
378.47467	-1.0
378.50854	-1.0
378.5346	-1.0
378.54907	-1.0
378.5869	-1.0
378.60724	-1.0
378.61685	-1.0
378.6234	-1.0
378.63843	-1.0
378.77313	-1.0
378.78036	-1.0
378.79214	-1.0
378.90668	-1.0
383.03745	-1.0
383.0462	-1.0
383.053	-1.0
383.07736	-1.0
383.0954	-1.0
383.11505	-1.0
383.12576	-1.0
383.13428	-1.0
383.1429	-1.0
383.15182	-1.0
383.16904	-1.0
383.1814	-1.0
383.24792	-1.0
383.2625	-1.0
383.2841	-1.0
383.30563	-1.0
383.3274	-1.0
383.3655	-1.0
383.41513	-1.0
383.4383	-1.0
383.45712	-1.0
383.47327	-1.0
383.50272	-1.0
383.56097	-1.0
383.57193	-1.0
383.61865	-1.0
383.64673	-1.0
383.65863	-1.0
383.68616	-1.0
383.70673	-1.0
383.8683	-1.0
383.95013	-1.0
383.9703	-1.0
388.05692	-1.0
388.08823	-1.0
388.09537	-1.0
388.12683	-1.0
388.13107	-1.0
388.15808	-1.0
388.16772	-1.0
388.17252	-1.0
388.17816	-1.0
388.188	-1.0
388.19516	-1.0
388.20633	-1.0
388.3512	-1.0
388.40225	1.0
388.41357	-1.0
388.42447	-1.0
388.43045	-1.0
388.44284	-1.0
388.44647	-1.0
388.47748	-1.0
388.48828	-1.0
388.49344	-1.0
388.51617	-1.0
388.55212	-1.0
388.5577	-1.0
388.6046	-1.0
388.64856	-1.0
388.67972	-1.0
388.68573	-1.0
388.8307	-1.0
388.8677	-1.0
388.9454	-1.0
392.78476	-1.0
392.81732	-1.0
392.83945	-1.0
392.87943	-1.0
392.898	-1.0
392.90536	-1.0
392.90976	-1.0
392.9175	-1.0
392.927	-1.0
392.93405	-1.0
392.9453	-1.0
392.9515	-1.0
392.9732	-1.0
393.0774	-1.0
393.0842	-1.0
393.133	-1.0
393.15323	-1.0
393.16653	-1.0
393.1903	-1.0
393.19824	-1.0
393.23315	-1.0
393.26355	-1.0
393.2818	-1.0
393.31003	-1.0
393.31885	-1.0
393.35892	-1.0
393.3668	-1.0
393.41785	-1.0
393.42953	-1.0
393.6025	-1.0
393.6125	-1.0
393.733	-1.0
393.7586	-1.0
397.1881	-1.0
397.2411	-1.0
397.25067	-1.0
397.27863	-1.0
397.28516	-1.0
397.29016	-1.0
397.30005	1.0
397.31036	-1.0
397.3178	-1.0
397.32672	-1.0
397.33505	-1.0
397.3409	-1.0
397.3974	-1.0
397.44843	-1.0
397.47388	-1.0
397.4973	-1.0
397.53094	-1.0
397.53607	-1.0
397.55173	-1.0
397.5798	-1.0
397.59732	-1.0
397.6558	-1.0
397.67648	-1.0
397.72287	-1.0
397.76144	-1.0
397.85287	-1.0
397.85544	-1.0
397.878	-1.0
397.91824	-1.0
398.01804	-1.0
402.105	-1.0
402.15384	-1.0
402.15985	-1.0
402.1661	1.0
402.17813	-1.0
402.1815	-1.0
402.1901	-1.0
402.1982	-1.0
402.20508	-1.0
402.21033	-1.0
402.22217	-1.0
402.24203	-1.0
402.293	-1.0
402.34216	-1.0
402.35867	-1.0
402.3744	-1.0
402.38403	-1.0
402.4091	-1.0
402.43912	-1.0
402.45203	-1.0
402.4604	-1.0
402.48248	-1.0
402.49152	-1.0
402.5156	-1.0
402.53296	-1.0
402.55377	-1.0
402.55896	-1.0
402.5617	-1.0
402.5886	-1.0
402.621	-1.0
402.64087	-1.0
402.6627	-1.0
402.67188	-1.0
402.70425	-1.0
402.74725	-1.0
402.78305	-1.0
402.79544	-1.0
402.81412	-1.0
402.8615	-1.0
402.93747	-1.0
403.0184	-1.0
403.0676	-1.0
407.42047	-1.0
407.4759	-1.0
407.4968	1.0
407.50232	-1.0
407.50916	-1.0
407.51733	-1.0
407.52304	-1.0
407.52927	-1.0
407.54828	-1.0
407.55597	-1.0
407.6078	-1.0
407.62143	-1.0
407.64673	-1.0
407.66507	-1.0
407.68085	-1.0
407.69147	-1.0
407.71463	-1.0
407.7173	-1.0
407.75336	-1.0
407.757	-1.0
407.81924	-1.0
407.8226	-1.0
407.83093	-1.0
407.8477	-1.0
407.86624	-1.0
407.8943	-1.0
407.8976	-1.0
407.9546	-1.0
407.98093	-1.0
408.00436	-1.0
408.05157	-1.0
408.0554	-1.0
408.09412	-1.0
408.1074	-1.0
408.14212	-1.0
408.16284	-1.0
408.2222	-1.0
408.22687	-1.0
408.30817	-1.0
408.342	-1.0
411.7722	-1.0
411.80972	-1.0
411.82013	-1.0
411.83243	-1.0
411.842	-1.0
411.84888	1.0
411.85156	1.0
411.859	-1.0
411.87097	-1.0
411.88	-1.0
411.8932	-1.0
411.9077	-1.0
411.93073	-1.0
411.96243	-1.0
412.00204	-1.0
412.01285	-1.0
412.03384	-1.0
412.05167	-1.0
412.06207	-1.0
412.0717	-1.0
412.08704	-1.0
412.13763	-1.0
412.1551	-1.0
412.16687	-1.0
412.19843	-1.0
412.20233	-1.0
412.22983	-1.0
412.25854	-1.0
412.2856	-1.0
412.32147	-1.0
412.36127	-1.0
412.3759	-1.0
412.3934	-1.0
412.44485	-1.0
412.53033	-1.0
412.59445	-1.0
412.61655	-1.0
412.6244	-1.0
416.4705	-1.0
416.61945	-1.0
416.6246	1.0
416.63193	-1.0
416.6466	-1.0
416.65137	-1.0
416.67203	-1.0
416.69153	-1.0
416.7011	-1.0
416.7136	-1.0
416.7177	-1.0
416.7465	-1.0
416.7509	-1.0
416.76617	-1.0
416.77695	-1.0
416.80316	-1.0
416.81223	-1.0
416.82184	-1.0
416.83932	-1.0
416.87192	-1.0
416.8969	-1.0
416.91928	-1.0
416.92676	-1.0
416.95264	-1.0
416.99588	-1.0
417.0247	-1.0
417.0505	-1.0
417.05405	-1.0
417.07376	-1.0
417.0926	-1.0
417.11227	-1.0
417.1606	-1.0
417.18356	-1.0
417.192	-1.0
417.22507	-1.0
417.28708	-1.0
417.30463	-1.0
417.33435	-1.0
417.38766	-1.0
417.39673	-1.0
417.43765	-1.0
417.49734	-1.0
417.542	-1.0
421.28473	-1.0
421.3118	-1.0
421.3163	-1.0
421.322	-1.0
421.32452	-1.0
421.33276	-1.0
421.34088	-1.0
421.3543	-1.0
421.35883	-1.0
421.36646	-1.0
421.40927	-1.0
421.41895	-1.0
421.44	-1.0
421.45627	-1.0
421.4624	-1.0
421.47397	-1.0
421.4851	-1.0
421.53284	-1.0
421.54657	-1.0
421.5596	-1.0
421.5634	-1.0
421.5963	-1.0
421.604	-1.0
421.64752	-1.0
421.6603	-1.0
421.71445	-1.0
421.72992	-1.0
421.7563	-1.0
421.76355	-1.0
421.76688	-1.0
421.80292	-1.0
421.8257	-1.0
421.84537	-1.0
421.86856	-1.0
421.87656	-1.0
421.89963	-1.0
421.97012	-1.0
422.0172	-1.0
422.09943	-1.0
425.6811	-1.0
425.70688	-1.0
425.72675	-1.0
425.73077	-1.0
425.736	-1.0
425.74008	-1.0
425.744	-1.0
425.7527	-1.0
425.75616	-1.0
425.76776	-1.0
425.77707	-1.0
425.7891	-1.0
425.79837	-1.0
425.81247	-1.0
425.81857	-1.0
425.84955	-1.0
425.8579	-1.0
425.8955	-1.0
425.90927	-1.0
425.94348	-1.0
425.96292	-1.0
425.98688	-1.0
425.9958	-1.0
426.03003	-1.0
426.04172	-1.0
426.063	-1.0
426.0917	-1.0
426.10413	-1.0
426.10663	-1.0
426.12997	-1.0
426.14987	-1.0
426.15527	-1.0
426.20053	-1.0
426.23428	-1.0
426.26892	-1.0
426.2906	-1.0
426.29413	-1.0
426.3616	-1.0
426.41153	-1.0
426.42453	-1.0
426.51562	-1.0
429.6102	-1.0
429.61795	-1.0
429.66852	-1.0
429.6732	-1.0
429.67755	-1.0
429.68793	-1.0
429.69852	-1.0
429.70624	-1.0
429.71335	-1.0
429.72815	-1.0
429.75516	-1.0
429.78003	-1.0
429.7918	-1.0
429.79565	-1.0
429.8074	-1.0
429.83496	-1.0
429.85367	-1.0
429.8839	-1.0
429.92712	-1.0
429.9557	-1.0
429.9828	-1.0
429.99728	-1.0
430.0308	-1.0
430.05176	-1.0
430.08713	-1.0
430.1079	-1.0
430.11163	-1.0
430.15585	-1.0
430.171	-1.0
430.18643	-1.0
430.2502	-1.0
430.30487	-1.0
430.3622	-1.0
433.63766	-1.0
433.6627	-1.0
433.68265	-1.0
433.6881	-1.0
433.69476	-1.0
433.70276	-1.0
433.70932	-1.0
433.71353	-1.0
433.72073	-1.0
433.72903	-1.0
433.7465	-1.0
433.76715	-1.0
433.79776	-1.0
433.8104	-1.0
433.8599	-1.0
433.8628	-1.0
433.90344	-1.0
433.92383	-1.0
433.97604	-1.0
433.9835	-1.0
434.0108	-1.0
434.016	-1.0
434.03	-1.0
434.04907	-1.0
434.05927	-1.0
434.08005	-1.0
434.0842	-1.0
434.0901	-1.0
434.1202	-1.0
434.1526	-1.0
434.18616	-1.0
434.23215	-1.0
434.23755	-1.0
434.272	-1.0
434.3012	-1.0
434.37292	-1.0
434.41827	-1.0
434.4325	-1.0
437.4687	-1.0
437.49677	-1.0
437.51648	-1.0
437.5252	-1.0
437.5341	-1.0
437.53885	-1.0
437.5443	-1.0
437.55316	-1.0
437.5592	-1.0
437.57144	-1.0
437.60065	-1.0
437.62915	-1.0
437.63516	-1.0
437.67072	-1.0
437.69528	-1.0
437.7262	-1.0
437.76108	-1.0
437.7636	-1.0
437.7888	-1.0
437.80835	-1.0
437.84286	-1.0
437.87744	-1.0
437.89395	-1.0
437.9212	-1.0
437.9572	-1.0
437.96844	-1.0
438.00037	-1.0
438.04813	-1.0
438.09076	-1.0
438.15527	-1.0
438.2297	-1.0
442.4604	-1.0
442.4726	-1.0
442.48776	-1.0
442.50235	-1.0
442.51233	-1.0
442.51587	-1.0
442.51907	-1.0
442.52365	-1.0
442.52713	-1.0
442.53577	-1.0
442.5451	-1.0
442.5779	-1.0
442.6021	-1.0
442.62476	-1.0
442.6433	-1.0
442.6527	-1.0
442.67267	-1.0
442.68283	-1.0
442.71024	-1.0
442.72083	-1.0
442.75815	-1.0
442.7733	-1.0
442.7758	-1.0
442.78796	-1.0
442.80847	-1.0
442.81448	-1.0
442.8397	-1.0
442.87363	-1.0
442.91617	-1.0
442.94785	-1.0
442.96417	-1.0
443.00455	-1.0
443.03094	-1.0
443.0532	-1.0
443.0969	-1.0
443.15576	-1.0
443.1811	-1.0
443.19287	-1.0
443.21893	-1.0
443.2338	-1.0
443.3007	-1.0
443.34555	-1.0
446.3379	-1.0
446.3644	-1.0
446.38187	-1.0
446.38464	-1.0
446.39545	-1.0
446.40335	-1.0
446.41324	-1.0
446.42108	-1.0
446.4306	-1.0
446.44952	-1.0
446.45703	-1.0
446.4896	-1.0
446.53668	-1.0
446.5393	-1.0
446.54297	-1.0
446.58112	-1.0
446.6321	-1.0
446.63776	-1.0
446.6569	-1.0
446.6828	-1.0
446.70264	-1.0
446.7096	-1.0
446.7315	-1.0
446.7412	-1.0
446.7517	-1.0
446.773	-1.0
446.79712	-1.0
446.79977	-1.0
446.8077	-1.0
446.83768	-1.0
446.843	-1.0
446.8733	-1.0
446.91656	-1.0
446.92685	-1.0
450.38223	-1.0
450.3988	-1.0
450.40668	-1.0
450.4193	-1.0
450.42523	-1.0
450.4359	-1.0
450.4406	-1.0
450.44537	-1.0
450.4537	-1.0
450.4618	-1.0
450.4758	-1.0
450.48944	-1.0
450.49405	-1.0
450.49756	-1.0
450.51968	-1.0
450.54544	-1.0
450.5563	-1.0
450.56937	-1.0
450.60492	-1.0
450.62915	-1.0
450.6547	-1.0
450.67004	-1.0
450.69296	-1.0
450.71545	-1.0
450.72192	1.0
450.74664	-1.0
450.75797	-1.0
450.76733	-1.0
450.8225	-1.0
450.8254	-1.0
450.8433	-1.0
450.86313	-1.0
450.90717	-1.0
450.97205	-1.0
451.01355	-1.0
451.034	-1.0
451.06073	-1.0
453.92844	-1.0
453.9478	-1.0
453.96164	-1.0
453.96588	-1.0
453.97476	-1.0
453.9822	-1.0
453.99133	-1.0
454.00037	-1.0
454.01263	-1.0
454.02585	-1.0
454.05048	-1.0
454.08557	-1.0
454.1065	-1.0
454.11948	-1.0
454.15152	-1.0
454.18585	-1.0
454.19955	-1.0
454.22107	-1.0
454.262	-1.0
454.28568	-1.0
454.30188	-1.0
454.31052	-1.0
454.323	-1.0
454.3426	-1.0
454.35632	-1.0
454.38223	-1.0
454.426	-1.0
454.4862	-1.0
454.50693	-1.0
454.5167	-1.0
454.57608	-1.0
457.44662	-1.0
457.4632	-1.0
457.483	-1.0
457.48685	-1.0
457.49463	-1.0
457.50427	-1.0
457.50757	-1.0
457.51688	-1.0
457.52505	-1.0
457.53015	-1.0
457.54517	-1.0
457.55212	-1.0
457.56976	-1.0
457.59235	-1.0
457.60025	-1.0
457.62784	-1.0
457.63037	-1.0
457.63287	-1.0
457.65436	-1.0
457.69388	-1.0
457.73944	-1.0
457.76425	-1.0
457.78275	-1.0
457.79623	-1.0
457.8323	-1.0
457.85867	-1.0
457.87857	-1.0
457.90817	-1.0
457.92783	-1.0
457.93137	-1.0
457.9682	-1.0
457.98364	-1.0
458.026	-1.0
458.07187	-1.0
458.144	-1.0
460.7055	-1.0
460.71667	-1.0
460.72964	-1.0
460.74036	-1.0
460.74823	-1.0
460.75824	-1.0
460.76465	-1.0
460.7684	-1.0
460.78516	-1.0
460.7984	-1.0
460.80515	-1.0
460.83585	-1.0
460.83987	-1.0
460.84695	-1.0
460.853	-1.0
460.88577	-1.0
460.911	-1.0
460.97867	-1.0
461.0021	-1.0
461.01495	-1.0
461.0374	-1.0
461.0559	-1.0
461.07788	-1.0
461.1102	-1.0
461.12772	-1.0
461.16528	-1.0
461.1693	-1.0
461.21384	-1.0
461.2285	-1.0
461.29788	-1.0
461.3593	-1.0
464.16745	-1.0
464.17627	-1.0
464.188	-1.0
464.20297	-1.0
464.21637	-1.0
464.23068	-1.0
464.23953	-1.0
464.2428	-1.0
464.24792	-1.0
464.26505	-1.0
464.27145	-1.0
464.28476	-1.0
464.2911	-1.0
464.31247	-1.0
464.34323	-1.0
464.3657	-1.0
464.41635	-1.0
464.44797	-1.0
464.4598	-1.0
464.4832	-1.0
464.54285	-1.0
464.57684	-1.0
464.59824	-1.0
464.62924	-1.0
464.63675	-1.0
464.67892	-1.0
464.7221	-1.0
464.79205	-1.0
464.82196	-1.0
467.66205	-1.0
467.6848	-1.0
467.6925	-1.0
467.697	-1.0
467.70303	-1.0
467.70627	-1.0
467.71432	-1.0
467.7214	-1.0
467.7402	-1.0
467.76556	-1.0
467.7824	-1.0
467.80804	-1.0
467.8253	-1.0
467.83453	-1.0
467.8468	-1.0
467.84964	1.0
467.866	-1.0
467.894	-1.0
467.92908	-1.0
467.95453	-1.0
467.96124	-1.0
467.98212	-1.0
468.02975	-1.0
468.0591	-1.0
468.06665	-1.0
468.09824	-1.0
468.14215	-1.0
468.2486	-1.0
468.31808	-1.0
470.95053	-1.0
470.97437	-1.0
470.98007	-1.0
470.98764	-1.0
470.9923	-1.0
470.99896	-1.0
471.00912	-1.0
471.01935	-1.0
471.02448	1.0
471.0296	-1.0
471.0484	-1.0
471.0554	-1.0
471.06268	-1.0
471.0742	-1.0
471.0829	-1.0
471.13223	-1.0
471.1356	-1.0
471.1556	-1.0
471.1693	-1.0
471.21484	-1.0
471.22784	-1.0
471.29483	-1.0
471.33685	-1.0
471.36517	-1.0
471.38928	-1.0
471.40625	-1.0
471.43253	-1.0
471.44827	-1.0
471.46725	-1.0
471.50107	-1.0
471.5284	-1.0
471.55164	-1.0
471.61703	-1.0
473.916	-1.0
473.92297	-1.0
473.92587	-1.0
473.9421	-1.0
473.95193	-1.0
473.95657	-1.0
473.9612	-1.0
473.97153	1.0
473.97412	-1.0
473.99243	-1.0
474.011	-1.0
474.03937	-1.0
474.08707	-1.0
474.09	-1.0
474.13492	-1.0
474.14923	-1.0
474.196	-1.0
474.225	-1.0
474.2378	-1.0
474.25665	-1.0
474.29907	-1.0
474.3123	-1.0
474.3411	-1.0
474.36993	-1.0
474.41733	-1.0
476.89883	-1.0
476.9336	-1.0
476.94397	-1.0
476.94672	-1.0
476.95615	-1.0
476.96033	-1.0
476.96335	-1.0
476.98447	-1.0
476.987	-1.0
477.00784	-1.0
477.03387	-1.0
477.06	-1.0
477.07977	-1.0
477.1029	-1.0
477.11868	-1.0
477.13968	-1.0
477.15512	-1.0
477.1862	-1.0
477.20187	-1.0
477.2562	-1.0
477.30927	-1.0
477.3998	-1.0
479.77512	-1.0
479.81183	-1.0
479.82492	-1.0
479.8368	-1.0
479.84192	-1.0
479.84732	-1.0
479.85544	-1.0
479.871	-1.0
479.88107	-1.0
479.90823	-1.0
479.91095	-1.0
479.91376	-1.0
479.9364	-1.0
479.96103	-1.0
479.97507	-1.0
479.99136	-1.0
480.019	-1.0
480.07224	-1.0
480.11044	-1.0
480.15225	-1.0
480.22876	-1.0
480.26312	-1.0
482.46536	-1.0
482.49207	-1.0
482.51236	-1.0
482.51956	-1.0
482.5227	-1.0
482.52975	-1.0
482.54135	-1.0
482.55133	-1.0
482.5546	-1.0
482.5698	-1.0
482.57928	-1.0
482.59412	-1.0
482.59885	-1.0
482.6157	-1.0
482.62875	-1.0
482.6492	-1.0
482.67816	-1.0
482.69864	-1.0
482.7107	-1.0
482.73376	-1.0
482.76572	-1.0
482.78625	-1.0
485.71405	-1.0
485.74573	-1.0
485.761	-1.0
485.77252	-1.0
485.7892	-1.0
485.79388	-1.0
485.8019	-1.0
485.80823	-1.0
485.81952	-1.0
485.82385	-1.0
485.84464	-1.0
485.86163	-1.0
485.86444	-1.0
485.89236	-1.0
485.90637	-1.0
485.91302	-1.0
485.9326	-1.0
485.95584	-1.0
485.98712	-1.0
486.0034	-1.0
486.06088	-1.0
486.0994	-1.0
486.14932	-1.0
486.18533	-1.0
486.3348	-1.0
489.05255	-1.0
489.0778	-1.0
489.08084	-1.0
489.09213	-1.0
489.09515	-1.0
489.10403	-1.0
489.10687	1.0
489.11404	-1.0
489.12448	-1.0
489.1313	-1.0
489.134	-1.0
489.1533	-1.0
489.1559	-1.0
489.17892	-1.0
489.19733	-1.0
489.21005	-1.0
489.2204	-1.0
489.2572	-1.0
489.28125	-1.0
489.30383	-1.0
489.3459	-1.0
489.368	-1.0
489.3824	-1.0
489.4152	-1.0
489.4448	-1.0
489.484	-1.0
489.53616	-1.0
489.55933	-1.0
492.67087	-1.0
492.6866	-1.0
492.6989	-1.0
492.70624	-1.0
492.71176	-1.0
492.72217	-1.0
492.73395	-1.0
492.73795	1.0
492.7433	-1.0
492.75732	-1.0
492.76273	-1.0
492.77615	-1.0
492.7854	-1.0
492.7966	-1.0
492.82855	-1.0
492.83264	-1.0
492.85583	-1.0
492.88208	-1.0
492.9086	-1.0
492.93195	-1.0
492.98157	-1.0
493.01443	-1.0
493.02744	-1.0
493.0587	-1.0
493.09	-1.0
493.13504	-1.0
493.1849	-1.0
493.34793	-1.0
495.40332	-1.0
495.43887	-1.0
495.46008	-1.0
495.4661	-1.0
495.48657	-1.0
495.49384	-1.0
495.50064	-1.0
495.51047	1.0
495.51544	-1.0
495.51837	-1.0
495.5302	-1.0
495.5439	-1.0
495.56128	-1.0
495.58627	-1.0
495.60123	-1.0
495.6308	-1.0
495.64612	-1.0
495.68533	-1.0
495.73395	-1.0
498.4584	-1.0
498.47253	-1.0
498.4795	-1.0
498.50012	-1.0
498.5227	-1.0
498.52524	-1.0
498.5363	-1.0
498.54373	-1.0
498.54645	-1.0
498.5529	-1.0
498.56027	-1.0
498.57047	-1.0
498.5776	-1.0
498.6071	-1.0
498.63004	-1.0
498.65057	-1.0
498.6776	-1.0
498.70605	-1.0
498.72336	-1.0
498.7478	-1.0
498.78165	-1.0
498.85977	-1.0
498.88907	-1.0
498.91257	-1.0
498.9782	-1.0
503.92236	-1.0
503.94073	-1.0
503.94553	-1.0
503.952	-1.0
503.955	-1.0
503.96432	-1.0
503.97275	-1.0
503.98175	-1.0
503.98453	-1.0
503.99405	-1.0
504.003	-1.0
504.0212	-1.0
504.02496	-1.0
504.05008	-1.0
504.07416	-1.0
504.08923	-1.0
504.10876	-1.0
504.11417	-1.0
504.13425	-1.0
504.15643	-1.0
504.18283	-1.0
504.20212	-1.0
504.22784	-1.0
504.25845	-1.0
504.27267	-1.0
504.29535	-1.0
504.32153	-1.0
504.35132	-1.0
504.38373	-1.0
504.4121	-1.0
504.45416	-1.0
504.48865	-1.0
504.50528	-1.0
506.89917	-1.0
506.9085	-1.0
506.92163	1.0
506.94107	-1.0
506.9456	-1.0
506.9498	-1.0
506.9537	-1.0
506.96213	-1.0
506.98163	-1.0
506.99	-1.0
507.0053	-1.0
507.0158	-1.0
507.01953	-1.0
507.07108	-1.0
507.08347	-1.0
507.1296	-1.0
507.19757	-1.0
507.28253	-1.0
507.7963	1.0
509.36792	-1.0
509.404	-1.0
509.4117	-1.0
509.4298	-1.0
509.43695	-1.0
509.44373	-1.0
509.44928	-1.0
509.4547	-1.0
509.46323	-1.0
509.4709	-1.0
509.48013	-1.0
509.49677	-1.0
509.5042	-1.0
509.54623	-1.0
509.6229	-1.0
509.66037	-1.0
511.58905	-1.0
512.5483	-1.0
512.58167	-1.0
512.6074	-1.0
512.6295	-1.0
512.64307	-1.0
512.6649	-1.0
512.6844	-1.0
512.6877	1.0
512.6976	-1.0
512.7097	-1.0
512.7269	-1.0
512.7646	-1.0
512.817	-1.0
512.8584	-1.0
512.91583	-1.0
515.32385	-1.0
515.35016	-1.0
515.35913	-1.0
515.3682	-1.0
515.37854	-1.0
515.3976	1.0
515.40045	1.0
515.4154	-1.0
515.42993	-1.0
515.44086	-1.0
515.4456	-1.0
515.4726	-1.0
515.5097	-1.0
515.5227	-1.0
515.5493	-1.0
515.5639	-1.0
515.6287	-1.0
515.6472	-1.0
518.17	-1.0
518.2389	-1.0
518.24243	-1.0
518.2782	-1.0
518.3074	-1.0
518.31537	-1.0
518.3261	-1.0
518.33527	-1.0
518.34705	-1.0
518.35895	-1.0
518.36395	-1.0
518.38446	-1.0
518.4004	-1.0
518.42676	-1.0
518.4528	-1.0
518.5086	-1.0
518.5444	-1.0
518.6018	-1.0
518.63806	-1.0
521.3383	-1.0
521.3805	-1.0
521.41034	-1.0
521.42566	-1.0
521.4309	-1.0
521.442	-1.0
521.4543	-1.0
521.4644	-1.0
521.4695	-1.0
521.48364	-1.0
521.5019	-1.0
521.5091	-1.0
521.535	-1.0
521.5477	-1.0
521.5676	-1.0
521.608	-1.0
521.6406	-1.0
524.12354	-1.0
524.179	-1.0
524.19855	-1.0
524.20135	-1.0
524.21674	1.0
524.21954	1.0
524.242	-1.0
524.2485	-1.0
524.2582	-1.0
524.27277	-1.0
524.2758	-1.0
524.2834	-1.0
524.3068	-1.0
524.3327	-1.0
524.35486	-1.0
524.3933	-1.0
524.41205	-1.0
524.41693	-1.0
524.4663	-1.0
524.4834	-1.0
526.7086	-1.0
526.764	-1.0
526.7925	-1.0
526.80475	-1.0
526.81714	-1.0
526.82153	-1.0
526.83154	-1.0
526.84314	-1.0
526.85614	-1.0
526.8681	-1.0
526.876	-1.0
526.8812	-1.0
526.9087	-1.0
526.9429	-1.0
530.0261	-1.0
530.07874	-1.0
530.0821	-1.0
530.09955	-1.0
530.1049	-1.0
530.1176	-1.0
530.1224	-1.0
530.13763	-1.0
530.14484	-1.0
530.1633	-1.0
530.17126	-1.0
530.17816	-1.0
530.18604	-1.0
530.2086	-1.0
530.21875	-1.0
530.2784	-1.0
530.3416	-1.0
530.4419	-1.0
532.7302	-1.0
533.52515	-1.0
533.54694	-1.0
533.56146	-1.0
533.5749	-1.0
533.6164	-1.0
533.6216	-1.0
533.649	-1.0
533.6562	-1.0
533.665	-1.0
533.6766	-1.0
533.68097	-1.0
533.6941	-1.0
533.6991	-1.0
533.7144	-1.0
533.8729	-1.0
535.85913	-1.0
536.2592	-1.0
536.30273	-1.0
536.3312	-1.0
536.34674	-1.0
536.3507	-1.0
536.3695	-1.0
536.3854	-1.0
536.4031	-1.0
538.35187	-1.0
538.433	-1.0
538.4591	-1.0
538.47546	-1.0
538.4815	-1.0
538.4984	-1.0
538.50134	-1.0
538.50885	-1.0
538.5227	1.0
538.5363	-1.0
538.5602	-1.0
538.5765	-1.0
541.8604	-1.0
541.9356	-1.0
541.9492	-1.0
541.9548	-1.0
541.9585	-1.0
541.975	-1.0
541.98584	-1.0
542.002	-1.0
542.0126	-1.0
542.0226	-1.0
542.0338	-1.0
542.0549	-1.0
542.1137	-1.0
542.1173	-1.0
544.38715	-1.0
546.9724	-1.0
547.0347	-1.0
547.0513	-1.0
547.06445	-1.0
547.0699	-1.0
547.07605	-1.0
547.0958	-1.0
547.11176	-1.0
547.12335	-1.0
547.1446	-1.0
547.1562	-1.0
547.1712	-1.0
547.2113	-1.0
547.30676	-1.0
549.8542	-1.0
549.8692	-1.0
551.7815	-1.0
551.79736	-1.0
551.8024	-1.0
551.82153	-1.0
551.8412	-1.0
551.85986	-1.0
551.872	-1.0
551.8855	-1.0
551.8967	-1.0
551.89966	1.0
551.9035	-1.0
551.95795	-1.0
551.9896	-1.0
554.77295	-1.0
556.00146	-1.0
556.04895	-1.0
556.06067	-1.0
556.0764	-1.0
556.08154	-1.0
556.0924	-1.0
556.10144	-1.0
556.1116	-1.0
556.1204	-1.0
556.1242	-1.0
556.1332	-1.0
556.15625	-1.0
556.3198	-1.0
558.8343	-1.0
559.752	-1.0
559.8305	-1.0
559.856	-1.0
559.86835	-1.0
559.87787	-1.0
559.88306	-1.0
559.89966	-1.0
559.9083	-1.0
559.91614	-1.0
559.9774	-1.0
562.7279	-1.0
562.93195	-1.0
562.9407	-1.0
562.949	-1.0
562.9572	-1.0
562.96405	-1.0
562.97327	-1.0
562.9814	-1.0
562.9898	-1.0
563.0111	-1.0
563.0146	-1.0
563.03204	-1.0
563.0676	-1.0
563.07574	-1.0
563.16376	-1.0
567.0982	-1.0
567.14996	-1.0
567.16614	-1.0
567.1826	-1.0
567.2018	-1.0
567.21173	-1.0
567.217	-1.0
567.2272	-1.0
567.2743	-1.0
567.2892	-1.0
567.33905	-1.0
570.0594	-1.0
574.81274	-1.0
574.87274	-1.0
574.8827	-1.0
574.8891	-1.0
574.8998	-1.0
574.9026	-1.0
574.9081	-1.0
574.9291	-1.0
574.9374	-1.0
574.95	-1.0
574.9652	-1.0
575.03546	-1.0
575.0422	-1.0
575.10846	-1.0
575.13666	-1.0
578.46606	-1.0
578.5497	-1.0
578.56866	-1.0
578.5883	-1.0
578.6037	-1.0
578.61206	-1.0
578.6147	-1.0
578.62805	-1.0
578.637	-1.0
578.6511	-1.0
578.6826	-1.0
578.74725	-1.0
581.618	-1.0
581.9071	-1.0
581.9164	-1.0
581.9308	-1.0
581.9338	1.0
581.9388	-1.0
581.9487	-1.0
581.97284	-1.0
581.9889	-1.0
582.032	-1.0
582.0732	-1.0
582.14136	-1.0
585.101	-1.0
586.7158	-1.0
586.8439	-1.0
586.8508	-1.0
586.85803	-1.0
586.87366	-1.0
586.9418	-1.0
586.9797	-1.0
586.9912	-1.0
587.00854	-1.0
587.43866	-1.0
587.4688	-1.0
587.4889	-1.0
590.17676	-1.0
593.1434	-1.0
593.1978	-1.0
593.2224	-1.0
593.23395	-1.0
593.2367	-1.0
593.251	-1.0
593.2619	-1.0
593.27704	-1.0
593.2931	-1.0
593.29565	-1.0
593.3302	-1.0
593.33307	-1.0
593.3953	-1.0
597.0433	-1.0
597.1725	-1.0
597.18225	1.0
597.2112	-1.0
597.2404	-1.0
597.2498	-1.0
597.26215	-1.0
597.2684	-1.0
597.2757	-1.0
597.2808	-1.0
597.2866	-1.0
597.42975	-1.0
