0.0074	-1.0
0.0124	1.0
0.05024	1.0
0.0696	-1.0
0.07576	-1.0
0.10384	-1.0
0.11856	-1.0
0.1324	-1.0
0.1508	-1.0
0.16164	-1.0
0.1848	-1.0
0.19012	-1.0
0.22588	-1.0
0.23172	-1.0
0.2542	-1.0
0.27732	-1.0
0.30448	-1.0
0.32308	-1.0
0.3274	-1.0
0.35728	-1.0
0.37704	-1.0
0.38644	-1.0
0.41476	-1.0
0.44596	-1.0
0.4612	-1.0
0.48692	-1.0
0.5354	-1.0
0.5602	-1.0
0.59304	-1.0
0.6222	1.0
0.6326	-1.0
0.65736	1.0
0.67928	-1.0
0.68756	-1.0
0.8478	-1.0
0.93692	-1.0
0.98188	-1.0
1.087	-1.0
1.12216	-1.0
1.24908	-1.0
1.35532	-1.0
1.45468	-1.0
5.4088	-1.0
5.42076	-1.0
5.42368	1.0
5.4452	-1.0
5.45044	-1.0
5.46644	-1.0
5.4924	-1.0
5.50824	-1.0
5.5144	-1.0
5.53188	-1.0
5.54188	-1.0
5.55748	-1.0
5.6134	-1.0
5.63176	-1.0
5.641	-1.0
5.66168	-1.0
5.68	1.0
5.68352	-1.0
5.74704	-1.0
5.785	-1.0
5.8138	-1.0
5.83376	-1.0
5.8662	-1.0
5.88992	-1.0
5.89284	-1.0
5.91428	-1.0
5.9312	-1.0
5.95696	-1.0
5.98384	-1.0
6.01432	-1.0
6.04368	-1.0
6.069	-1.0
6.12524	-1.0
6.1546	1.0
6.18964	-1.0
6.21604	-1.0
6.23752	-1.0
6.2754	-1.0
6.37792	-1.0
6.57308	-1.0
6.62084	-1.0
6.62928	1.0
6.73064	-1.0
7.17368	-1.0
8.96824	-1.0
8.977	-1.0
8.98764	-1.0
9.01036	-1.0
9.03712	-1.0
9.0484	-1.0
9.07128	-1.0
9.09256	-1.0
9.11456	-1.0
9.12548	-1.0
9.14372	-1.0
9.1766	-1.0
9.29044	-1.0
9.30964	-1.0
9.3184	-1.0
9.36548	-1.0
9.45076	-1.0
9.45588	-1.0
9.48852	-1.0
9.52124	-1.0
9.56604	-1.0
9.63292	-1.0
9.72888	-1.0
9.80868	-1.0
9.85764	-1.0
9.90252	1.0
10.09688	-1.0
10.13984	-1.0
10.91048	-1.0
10.93096	-1.0
10.94828	-1.0
11.03116	-1.0
11.15944	-1.0
11.17304	-1.0
11.23496	-1.0
11.7574	-1.0
11.76	-1.0
11.78184	1.0
11.7902	-1.0
11.81708	-1.0
11.8292	-1.0
11.85552	-1.0
11.89328	-1.0
11.89936	-1.0
11.93368	-1.0
11.948	-1.0
12.0028	-1.0
12.14504	-1.0
12.16076	-1.0
12.19688	-1.0
12.3074	1.0
12.3298	-1.0
12.37048	-1.0
12.4686	-1.0
12.55812	-1.0
14.93896	-1.0
14.94636	-1.0
14.96848	-1.0
14.97992	-1.0
15.00288	-1.0
15.038	-1.0
15.04516	-1.0
15.06308	-1.0
15.12132	-1.0
15.1632	-1.0
15.18652	-1.0
15.20796	-1.0
15.2372	-1.0
15.25336	-1.0
15.29028	-1.0
15.37904	-1.0
15.44628	-1.0
15.50456	-1.0
15.67208	-1.0
15.7752	-1.0
15.8088	1.0
15.81636	-1.0
15.87644	-1.0
15.95408	-1.0
16.12624	-1.0
16.21048	-1.0
16.29204	-1.0
16.44364	-1.0
16.59848	-1.0
19.3898	-1.0
19.40504	-1.0
19.41752	1.0
19.42964	-1.0
19.43624	-1.0
19.4602	-1.0
19.46644	-1.0
19.47848	-1.0
19.49388	-1.0
19.58452	-1.0
19.62236	-1.0
19.626	-1.0
19.66668	-1.0
19.68596	-1.0
19.71184	-1.0
19.75612	-1.0
19.77316	-1.0
19.7954	-1.0
19.82012	-1.0
19.85304	-1.0
19.8946	-1.0
19.92876	-1.0
19.97708	-1.0
19.97964	-1.0
20.03484	-1.0
20.24504	-1.0
20.32148	-1.0
20.36976	-1.0
20.39432	-1.0
20.40484	-1.0
20.5256	-1.0
20.56744	-1.0
20.62796	-1.0
20.65552	-1.0
20.68148	-1.0
20.71468	-1.0
20.73292	1.0
20.90404	-1.0
24.83776	-1.0
24.85032	-1.0
24.871	-1.0
24.89188	-1.0
24.90628	-1.0
24.94548	1.0
25.02616	-1.0
25.0408	-1.0
25.09176	-1.0
25.11592	-1.0
25.14092	-1.0
25.188	-1.0
25.2632	1.0
25.33408	-1.0
25.34852	-1.0
25.3782	-1.0
25.40036	-1.0
25.4246	-1.0
25.47132	-1.0
25.51348	-1.0
25.54692	-1.0
25.63532	-1.0
25.65408	-1.0
25.65676	-1.0
25.67584	-1.0
25.70236	-1.0
25.82864	-1.0
25.87892	-1.0
26.0536	-1.0
26.09836	-1.0
26.18696	-1.0
26.28172	-1.0
26.393	-1.0
26.40968	-1.0
29.82644	-1.0
29.83172	1.0
29.8588	1.0
29.88504	-1.0
29.89948	-1.0
29.91056	-1.0
29.91824	-1.0
29.9558	-1.0
29.97848	-1.0
30.00376	1.0
30.00708	-1.0
30.05432	-1.0
30.07848	-1.0
30.108	-1.0
30.13812	-1.0
30.18348	-1.0
30.216	-1.0
30.23316	-1.0
30.23976	-1.0
30.26884	-1.0
30.3046	-1.0
30.33372	-1.0
30.3638	-1.0
30.40948	-1.0
30.51948	-1.0
30.55532	-1.0
30.58932	-1.0
30.61476	1.0
30.64244	-1.0
30.67836	-1.0
30.76584	-1.0
30.80792	-1.0
30.83284	-1.0
30.86408	1.0
31.02044	-1.0
31.09072	-1.0
31.21148	-1.0
31.31092	-1.0
35.70732	-1.0
35.72032	-1.0
35.72452	-1.0
35.73936	-1.0
35.74916	-1.0
35.75928	-1.0
35.76508	-1.0
35.783	-1.0
35.78732	-1.0
35.8058	-1.0
35.82724	-1.0
35.86152	-1.0
35.9304	-1.0
35.96012	-1.0
35.96624	-1.0
35.98648	-1.0
36.02192	1.0
36.05216	-1.0
36.09416	-1.0
36.11568	-1.0
36.1352	-1.0
36.15616	-1.0
36.17808	-1.0
36.18884	-1.0
36.20584	-1.0
36.2506	-1.0
36.31396	-1.0
36.3368	-1.0
36.36856	-1.0
36.39932	-1.0
36.46068	-1.0
36.4646	-1.0
36.52848	-1.0
36.55448	-1.0
36.55864	-1.0
36.59004	-1.0
36.6266	-1.0
36.79712	-1.0
36.84136	-1.0
36.91268	-1.0
36.95476	-1.0
36.9944	-1.0
37.06648	-1.0
37.23824	-1.0
37.25096	-1.0
37.79324	-1.0
37.81328	1.0
37.81772	-1.0
37.85128	-1.0
37.8958	-1.0
37.9356	-1.0
37.99656	-1.0
40.45376	-1.0
40.45632	-1.0
40.47108	-1.0
40.4742	-1.0
40.50228	-1.0
40.52084	-1.0
40.54272	-1.0
40.54544	-1.0
40.56576	-1.0
40.58048	-1.0
40.58352	-1.0
40.60236	-1.0
40.64832	-1.0
40.67948	-1.0
40.69	-1.0
40.71292	-1.0
40.75024	-1.0
40.757	-1.0
40.78428	-1.0
40.8026	-1.0
40.8288	-1.0
40.8472	-1.0
40.88536	-1.0
40.88876	-1.0
40.91656	-1.0
40.92188	-1.0
40.94964	-1.0
41.005	-1.0
41.15608	-1.0
41.26568	1.0
41.3116	1.0
41.3204	-1.0
41.33948	-1.0
41.4138	-1.0
41.47268	-1.0
41.52596	-1.0
41.58816	-1.0
41.62248	-1.0
41.62612	-1.0
41.67208	-1.0
41.75132	-1.0
41.7796	-1.0
41.8266	-1.0
41.86332	-1.0
44.67796	-1.0
44.68824	1.0
44.69912	-1.0
44.70524	-1.0
44.71708	1.0
44.74568	-1.0
44.7592	-1.0
44.77168	-1.0
44.78452	-1.0
44.82904	-1.0
44.86248	-1.0
44.88272	-1.0
44.92644	-1.0
44.93372	-1.0
44.95888	-1.0
44.98944	-1.0
44.99204	-1.0
44.99492	-1.0
45.01716	-1.0
45.02356	-1.0
45.08216	-1.0
45.1016	-1.0
45.1508	-1.0
45.18068	-1.0
45.20672	-1.0
45.24104	-1.0
45.2752	-1.0
45.28756	-1.0
45.31176	-1.0
45.39156	-1.0
45.42532	-1.0
45.58728	-1.0
45.60452	-1.0
45.60896	-1.0
45.70728	-1.0
45.74056	-1.0
45.78052	-1.0
45.82024	-1.0
45.84264	-1.0
45.90096	-1.0
45.9512	-1.0
45.95388	-1.0
46.01128	-1.0
46.10716	-1.0
46.16672	-1.0
49.25484	-1.0
49.2744	-1.0
49.291	-1.0
49.29492	-1.0
49.32548	-1.0
49.366	-1.0
49.36948	-1.0
49.38984	-1.0
49.429	-1.0
49.43348	-1.0
49.45288	-1.0
49.48044	-1.0
49.48584	-1.0
49.50896	-1.0
49.54412	-1.0
49.54872	-1.0
49.58792	-1.0
49.5916	-1.0
49.63212	-1.0
49.6822	-1.0
49.70804	-1.0
49.74144	-1.0
49.76156	-1.0
49.79036	-1.0
49.81324	-1.0
49.81576	-1.0
49.84652	-1.0
49.90496	-1.0
49.90772	-1.0
49.93036	-1.0
50.01792	-1.0
50.02376	-1.0
50.0546	-1.0
50.0912	-1.0
50.11424	-1.0
50.15828	-1.0
50.17944	-1.0
50.22048	-1.0
50.26432	-1.0
50.29704	-1.0
50.34624	-1.0
50.36176	-1.0
50.39988	-1.0
50.4312	-1.0
50.61712	-1.0
50.6804	-1.0
50.70864	-1.0
50.83672	-1.0
50.86628	-1.0
50.92872	-1.0
50.9326	-1.0
54.46112	-1.0
54.46768	1.0
54.47676	-1.0
54.50432	-1.0
54.507	1.0
54.525	-1.0
54.54436	-1.0
54.55224	-1.0
54.56024	-1.0
54.57528	-1.0
54.59264	-1.0
54.61028	-1.0
54.63092	-1.0
54.6618	-1.0
54.6842	-1.0
54.705	1.0
54.70884	-1.0
54.7492	-1.0
54.78148	-1.0
54.8044	-1.0
54.82676	-1.0
54.82968	-1.0
54.8324	-1.0
54.86508	-1.0
54.87112	-1.0
54.91484	-1.0
54.94456	-1.0
54.96172	-1.0
55.0218	-1.0
55.06336	-1.0
55.09164	-1.0
55.12024	-1.0
55.13784	-1.0
55.20504	-1.0
55.26404	-1.0
55.3212	-1.0
55.3492	-1.0
55.39748	-1.0
55.45248	-1.0
55.47008	-1.0
55.50596	-1.0
55.51656	-1.0
55.62288	-1.0
55.65756	-1.0
55.69168	-1.0
55.74932	-1.0
55.7866	-1.0
59.59156	-1.0
59.59644	1.0
59.61928	-1.0
59.64652	-1.0
59.665	-1.0
59.69624	-1.0
59.72276	-1.0
59.73372	-1.0
59.73736	-1.0
59.75456	-1.0
59.76324	-1.0
59.7956	-1.0
59.808	-1.0
59.82568	-1.0
59.83216	-1.0
59.85116	-1.0
59.85396	-1.0
59.8578	-1.0
59.88956	-1.0
59.92868	-1.0
59.99092	-1.0
59.99652	-1.0
60.01468	1.0
60.04492	-1.0
60.05016	-1.0
60.07868	-1.0
60.08244	-1.0
60.10584	-1.0
60.13336	-1.0
60.16908	-1.0
60.17436	-1.0
60.20436	-1.0
60.23088	-1.0
60.28588	-1.0
60.332	-1.0
60.38256	-1.0
60.3944	-1.0
60.41888	-1.0
60.42548	-1.0
60.4504	-1.0
60.45468	-1.0
60.50472	-1.0
60.55732	-1.0
60.5746	-1.0
60.60816	-1.0
60.64148	-1.0
60.68132	-1.0
60.74676	-1.0
61.01628	-1.0
61.84784	-1.0
63.86344	-1.0
63.87868	-1.0
63.8974	-1.0
63.91804	-1.0
63.93476	-1.0
63.94132	-1.0
63.94388	-1.0
63.96252	-1.0
63.98204	-1.0
63.98472	-1.0
64.00196	1.0
64.02268	-1.0
64.04348	-1.0
64.0654	1.0
64.1008	-1.0
64.10552	-1.0
64.12688	-1.0
64.15056	-1.0
64.16308	-1.0
64.18212	-1.0
64.18508	-1.0
64.1884	-1.0
64.22804	-1.0
64.23236	-1.0
64.25312	-1.0
64.25584	-1.0
64.27276	-1.0
64.30768	-1.0
64.33168	-1.0
64.33648	-1.0
64.36144	-1.0
64.38896	-1.0
64.4204	-1.0
64.46588	-1.0
64.4684	-1.0
64.53376	-1.0
64.563	-1.0
64.61248	-1.0
64.63772	-1.0
64.6786	-1.0
64.70016	-1.0
64.78188	-1.0
64.86828	-1.0
64.9424	-1.0
64.9478	1.0
64.95332	-1.0
65.10164	-1.0
65.14304	1.0
68.26692	-1.0
68.292	-1.0
68.3086	-1.0
68.32496	-1.0
68.34028	-1.0
68.34688	-1.0
68.36468	-1.0
68.38564	-1.0
68.39948	1.0
68.40252	-1.0
68.43016	-1.0
68.4504	1.0
68.45508	-1.0
68.47308	-1.0
68.47924	-1.0
68.49992	-1.0
68.50368	-1.0
68.51084	-1.0
68.53656	-1.0
68.56044	-1.0
68.58468	-1.0
68.61352	-1.0
68.6556	-1.0
68.68336	-1.0
68.744	-1.0
68.74848	-1.0
68.77496	-1.0
68.7964	-1.0
68.80344	-1.0
68.83172	-1.0
68.83616	-1.0
68.88592	-1.0
68.92772	-1.0
68.95364	-1.0
69.01208	-1.0
69.11236	-1.0
69.14736	-1.0
69.18384	-1.0
69.26784	-1.0
69.31224	-1.0
69.47032	-1.0
69.49652	-1.0
73.53616	1.0
73.54428	-1.0
73.54776	1.0
73.57228	-1.0
73.60168	-1.0
73.6076	-1.0
73.61764	-1.0
73.64032	-1.0
73.6554	1.0
73.66164	-1.0
73.68264	-1.0
73.70536	-1.0
73.7264	-1.0
73.7668	-1.0
73.78572	-1.0
73.793	-1.0
73.8156	-1.0
73.83772	-1.0
73.86868	-1.0
73.8928	-1.0
73.91652	-1.0
73.9388	-1.0
73.96484	-1.0
73.99056	-1.0
73.99632	-1.0
74.01848	-1.0
74.0392	-1.0
74.08584	-1.0
74.09488	-1.0
74.12564	-1.0
74.15392	-1.0
74.15808	-1.0
74.1618	-1.0
74.2124	-1.0
74.2798	-1.0
74.33724	-1.0
74.3464	-1.0
74.38764	-1.0
74.42608	-1.0
74.43064	-1.0
74.4764	-1.0
74.48948	-1.0
74.53512	-1.0
74.58832	-1.0
74.65212	-1.0
74.68324	-1.0
78.50568	-1.0
78.5196	-1.0
78.53508	-1.0
78.55144	-1.0
78.57084	-1.0
78.57348	-1.0
78.5904	-1.0
78.61548	-1.0
78.63684	-1.0
78.6886	-1.0
78.69896	1.0
78.70336	-1.0
78.70624	-1.0
78.70924	-1.0
78.73488	-1.0
78.74096	-1.0
78.77568	-1.0
78.79732	-1.0
78.8052	-1.0
78.82768	-1.0
78.86328	-1.0
78.88208	-1.0
78.90752	-1.0
78.93528	-1.0
78.97108	-1.0
79.02192	-1.0
79.083	-1.0
79.11884	-1.0
79.13988	-1.0
79.15072	-1.0
79.2092	-1.0
79.23236	-1.0
79.2554	-1.0
79.288	-1.0
79.3706	-1.0
79.4874	-1.0
79.54312	-1.0
79.59656	-1.0
79.73688	-1.0
83.87396	1.0
83.8772	-1.0
83.89908	-1.0
83.91232	-1.0
83.91716	-1.0
83.93612	-1.0
83.96052	1.0
83.98336	-1.0
83.9894	-1.0
84.00924	-1.0
84.03408	-1.0
84.05096	-1.0
84.05776	-1.0
84.09108	-1.0
84.12064	-1.0
84.15112	-1.0
84.1686	-1.0
84.17552	-1.0
84.19884	-1.0
84.22688	-1.0
84.2312	-1.0
84.25348	-1.0
84.27964	-1.0
84.32756	-1.0
84.33416	-1.0
84.3744	-1.0
84.4006	-1.0
84.43196	-1.0
84.43508	-1.0
84.47312	-1.0
84.49808	-1.0
84.53412	-1.0
84.53844	-1.0
84.57488	-1.0
84.57808	-1.0
84.64888	-1.0
84.65712	-1.0
84.6976	-1.0
84.73928	-1.0
84.79028	-1.0
84.79944	-1.0
84.82676	-1.0
84.9132	-1.0
84.916	1.0
84.96036	-1.0
85.0704	-1.0
88.43116	-1.0
88.45488	-1.0
88.46212	-1.0
88.46544	-1.0
88.481	-1.0
88.50924	-1.0
88.51332	-1.0
88.5314	-1.0
88.56788	-1.0
88.5728	-1.0
88.59236	-1.0
88.64344	-1.0
88.6536	-1.0
88.68868	-1.0
88.71096	1.0
88.71532	-1.0
88.73704	-1.0
88.7646	-1.0
88.79848	-1.0
88.80104	-1.0
88.84708	-1.0
88.9028	-1.0
88.91116	-1.0
88.9294	-1.0
88.95564	-1.0
88.98604	-1.0
88.99532	-1.0
89.02092	-1.0
89.11444	-1.0
89.15296	-1.0
89.19484	-1.0
89.24644	-1.0
89.29296	-1.0
89.3368	-1.0
89.46164	-1.0
89.46548	-1.0
89.55312	-1.0
89.5916	-1.0
89.61848	-1.0
89.66196	1.0
93.24476	-1.0
93.2648	-1.0
93.30856	-1.0
93.3204	-1.0
93.3604	-1.0
93.38216	-1.0
93.42608	-1.0
93.45824	-1.0
93.47324	1.0
93.47652	-1.0
93.51024	1.0
93.53692	-1.0
93.59092	-1.0
93.63164	-1.0
93.67724	-1.0
93.70464	-1.0
93.70892	-1.0
93.73648	-1.0
93.7634	-1.0
93.81544	-1.0
93.85744	-1.0
93.86616	-1.0
93.90032	-1.0
93.91668	-1.0
93.97032	-1.0
93.99644	-1.0
94.03328	-1.0
94.06972	-1.0
94.09636	1.0
94.13804	-1.0
94.2102	-1.0
94.28292	-1.0
94.28916	-1.0
94.34616	-1.0
94.39288	-1.0
94.45904	1.0
94.48868	-1.0
94.57508	-1.0
99.32048	1.0
99.3256	1.0
99.33868	-1.0
99.34328	1.0
99.35616	-1.0
99.36252	-1.0
99.38752	-1.0
99.39004	-1.0
99.3932	-1.0
99.44048	-1.0
99.44332	-1.0
99.48824	-1.0
99.51448	-1.0
99.52636	-1.0
99.5708	-1.0
99.6028	-1.0
99.62776	-1.0
99.63116	-1.0
99.65276	1.0
99.67492	-1.0
99.68536	-1.0
99.72468	-1.0
99.72792	-1.0
99.75536	-1.0
99.77932	-1.0
99.83948	-1.0
99.86056	-1.0
99.92984	-1.0
99.9332	-1.0
99.98	-1.0
99.98384	1.0
99.99664	1.0
100.05976	-1.0
100.08092	1.0
100.08684	-1.0
100.12672	-1.0
100.174	-1.0
100.25896	-1.0
100.324	-1.0
100.35988	-1.0
100.43692	-1.0
100.4648	-1.0
100.57648	-1.0
100.58688	1.0
100.61456	-1.0
100.7078	-1.0
100.73344	1.0
100.7534	-1.0
100.84144	-1.0
100.88748	-1.0
104.59756	1.0
104.61672	-1.0
104.6304	-1.0
104.64712	1.0
104.6736	-1.0
104.67612	-1.0
104.71216	-1.0
104.74172	-1.0
104.74452	-1.0
104.82052	-1.0
104.82336	-1.0
104.82808	-1.0
104.87388	-1.0
104.9012	-1.0
104.9214	-1.0
104.9246	-1.0
104.94228	-1.0
104.97896	-1.0
105.00124	-1.0
105.0406	-1.0
105.06964	-1.0
105.09356	-1.0
105.13036	-1.0
105.16972	-1.0
105.18512	-1.0
105.18764	-1.0
105.21648	-1.0
105.27444	-1.0
105.35032	-1.0
105.35372	-1.0
105.38744	-1.0
105.41672	-1.0
105.47084	-1.0
105.5498	-1.0
105.59248	1.0
105.66	-1.0
105.74276	-1.0
105.78784	-1.0
105.93112	1.0
105.94784	-1.0
105.9988	1.0
106.068	1.0
109.70188	1.0
109.7332	-1.0
109.74972	-1.0
109.77376	1.0
109.7778	-1.0
109.78964	1.0
109.79552	-1.0
109.81196	1.0
109.83208	-1.0
109.92332	-1.0
109.95076	-1.0
110.01292	-1.0
110.046	-1.0
110.05132	-1.0
110.07512	-1.0
110.10732	-1.0
110.13452	-1.0
110.15528	-1.0
110.19684	-1.0
110.25832	-1.0
110.31112	-1.0
110.33988	-1.0
110.39204	-1.0
110.44876	-1.0
110.48404	-1.0
110.503	-1.0
110.51824	-1.0
110.6144	-1.0
110.61992	-1.0
110.65324	-1.0
110.71508	-1.0
110.73216	-1.0
110.77844	-1.0
110.98684	-1.0
111.14344	-1.0
114.8264	1.0
114.83508	1.0
114.8444	1.0
114.86456	-1.0
114.90636	-1.0
114.93636	-1.0
114.96852	-1.0
114.99408	-1.0
114.99808	-1.0
115.0388	-1.0
115.07956	-1.0
115.0826	-1.0
115.115	-1.0
115.13764	-1.0
115.16452	-1.0
115.171	-1.0
115.19836	-1.0
115.2068	-1.0
115.24368	-1.0
115.24652	-1.0
115.26936	-1.0
115.28056	-1.0
115.28468	-1.0
115.31524	1.0
115.32312	-1.0
115.35872	-1.0
115.3686	-1.0
115.3854	-1.0
115.46956	-1.0
115.50648	-1.0
115.58148	-1.0
115.66356	-1.0
115.70484	-1.0
115.7846	-1.0
115.82532	-1.0
115.8938	-1.0
115.9988	-1.0
116.03916	-1.0
116.10844	-1.0
116.135	-1.0
116.27528	-1.0
116.34556	-1.0
116.46696	-1.0
119.74908	-1.0
119.75532	-1.0
119.82324	-1.0
119.85068	1.0
119.86748	-1.0
119.91592	1.0
119.94044	-1.0
119.9806	-1.0
119.99008	1.0
120.01228	-1.0
120.02148	-1.0
120.0458	-1.0
120.08172	-1.0
120.1434	-1.0
120.19356	-1.0
120.2314	-1.0
120.25628	-1.0
120.28616	-1.0
120.29392	-1.0
120.32264	-1.0
120.34376	-1.0
120.45796	-1.0
120.47668	-1.0
120.52232	-1.0
120.56508	-1.0
120.63388	-1.0
120.68356	1.0
120.7312	-1.0
120.80152	-1.0
120.8182	-1.0
120.91348	-1.0
121.01168	-1.0
121.06232	-1.0
121.08076	1.0
121.0946	-1.0
121.12328	-1.0
121.15612	-1.0
121.24336	-1.0
121.3648	-1.0
121.39928	-1.0
124.87084	-1.0
124.92472	1.0
124.93848	1.0
124.97724	-1.0
125.01664	-1.0
125.06368	-1.0
125.08544	1.0
125.1588	-1.0
125.19984	1.0
125.22188	1.0
125.2588	-1.0
125.35008	-1.0
125.39796	-1.0
125.4008	-1.0
125.40496	-1.0
125.428	-1.0
125.46804	-1.0
125.541	-1.0
125.61588	-1.0
125.77708	-1.0
125.79412	-1.0
125.82544	-1.0
125.84708	-1.0
125.94044	-1.0
125.99016	-1.0
126.08916	-1.0
126.11132	-1.0
126.15928	-1.0
126.27548	-1.0
126.30668	1.0
126.3258	-1.0
126.39748	-1.0
126.44668	-1.0
126.49676	-1.0
130.59932	-1.0
130.66171	-1.0
130.6948	1.0
130.71404	1.0
130.71788	-1.0
130.74124	-1.0
130.77412	-1.0
130.8002	-1.0
130.81564	1.0
130.83005	-1.0
130.85667	1.0
130.8592	-1.0
130.87848	-1.0
130.90327	-1.0
130.95135	-1.0
130.98917	-1.0
130.99692	-1.0
131.04231	-1.0
131.08385	-1.0
131.13672	-1.0
131.15717	-1.0
131.18224	-1.0
131.2656	-1.0
131.3632	1.0
131.37984	-1.0
131.5036	-1.0
131.5442	-1.0
131.62016	-1.0
131.64372	-1.0
131.94691	-1.0
132.14587	-1.0
132.21852	-1.0
132.24588	-1.0
132.29248	-1.0
136.49736	-1.0
136.53484	-1.0
136.5746	1.0
136.62408	-1.0
136.69415	-1.0
136.7372	-1.0
136.76031	-1.0
136.78696	-1.0
136.8884	1.0
136.91148	-1.0
136.91428	-1.0
136.94563	-1.0
136.96992	-1.0
137.019	-1.0
137.04332	1.0
137.10432	-1.0
137.27068	-1.0
137.30244	-1.0
137.36812	-1.0
137.52916	-1.0
137.57327	-1.0
137.60872	-1.0
137.64777	1.0
137.69388	-1.0
137.8308	-1.0
137.8656	-1.0
137.90157	-1.0
137.95155	-1.0
138.0022	-1.0
138.09688	-1.0
138.13593	1.0
138.31029	-1.0
142.45409	1.0
142.4932	-1.0
142.5018	-1.0
142.62367	-1.0
142.65088	-1.0
142.6796	-1.0
142.74223	-1.0
142.7878	-1.0
142.949	-1.0
142.9774	1.0
143.03052	-1.0
143.0496	-1.0
143.09103	1.0
143.09544	-1.0
143.11148	-1.0
143.13107	-1.0
143.207	-1.0
143.25957	1.0
143.26328	-1.0
143.2728	-1.0
143.30351	-1.0
143.31084	-1.0
143.4478	-1.0
143.46764	-1.0
143.58852	-1.0
143.69792	-1.0
143.78516	-1.0
143.80756	-1.0
143.8298	-1.0
143.90157	-1.0
144.004	-1.0
144.02972	-1.0
144.11755	-1.0
144.1212	-1.0
148.68784	1.0
148.69724	1.0
148.73811	-1.0
148.74164	-1.0
148.76456	-1.0
148.79764	-1.0
148.80595	-1.0
148.82732	-1.0
148.84508	-1.0
148.85349	-1.0
148.89052	-1.0
148.92905	-1.0
148.94572	-1.0
148.99956	-1.0
149.03052	-1.0
149.04791	-1.0
149.09164	-1.0
149.12251	-1.0
149.12544	-1.0
149.15652	-1.0
149.20631	-1.0
149.25464	-1.0
149.27524	-1.0
149.31412	1.0
149.31972	-1.0
149.34557	-1.0
149.39792	-1.0
149.42688	-1.0
149.50735	-1.0
149.75948	-1.0
149.85912	-1.0
149.96423	1.0
150.02556	-1.0
150.09937	-1.0
150.12263	-1.0
150.3866	-1.0
153.7346	1.0
153.75232	-1.0
153.79568	-1.0
153.8036	-1.0
153.85287	-1.0
153.88112	-1.0
153.90125	-1.0
153.92113	-1.0
153.95108	-1.0
153.97353	-1.0
154.03552	-1.0
154.06032	1.0
154.07932	-1.0
154.1194	-1.0
154.14536	-1.0
154.1798	-1.0
154.21635	-1.0
154.23888	-1.0
154.27077	-1.0
154.29164	-1.0
154.2946	-1.0
154.3254	-1.0
154.34892	-1.0
154.44836	-1.0
154.74272	-1.0
154.79828	-1.0
154.80312	-1.0
154.86427	-1.0
154.93816	-1.0
154.9812	-1.0
155.00496	-1.0
155.03236	-1.0
155.20332	-1.0
159.97168	-1.0
159.97916	-1.0
159.98872	-1.0
159.99307	-1.0
160.02087	-1.0
160.03876	-1.0
160.05669	1.0
160.09424	1.0
160.10172	-1.0
160.14565	1.0
160.16763	-1.0
160.20515	-1.0
160.22131	-1.0
160.27805	-1.0
160.30168	-1.0
160.3042	-1.0
160.32916	-1.0
160.35332	-1.0
160.40312	-1.0
160.4302	-1.0
160.50464	-1.0
160.51132	-1.0
160.55595	-1.0
160.65665	-1.0
160.71852	-1.0
160.75928	-1.0
160.78812	-1.0
160.87564	-1.0
160.88652	-1.0
160.92928	-1.0
160.9562	-1.0
160.9918	-1.0
161.04948	-1.0
161.12668	1.0
161.13213	-1.0
161.22084	-1.0
161.48648	-1.0
161.54263	-1.0
161.55943	-1.0
166.26273	-1.0
166.27489	1.0
166.35608	-1.0
166.38188	-1.0
166.4024	-1.0
166.41724	-1.0
166.46336	-1.0
166.49556	-1.0
166.53424	-1.0
166.55832	-1.0
166.56204	-1.0
166.59688	1.0
166.64153	-1.0
166.668	-1.0
166.69864	-1.0
166.72356	-1.0
166.72884	-1.0
166.7794	-1.0
166.80556	-1.0
166.86024	-1.0
166.88376	-1.0
166.92249	-1.0
166.96272	-1.0
167.00108	-1.0
167.01588	-1.0
167.054	-1.0
167.13844	-1.0
167.21872	1.0
167.23148	-1.0
167.2552	-1.0
167.2586	-1.0
167.28493	-1.0
167.47292	-1.0
167.47772	-1.0
167.55415	-1.0
167.69669	-1.0
167.77284	-1.0
167.84769	-1.0
167.97385	-1.0
167.99692	-1.0
172.90224	-1.0
172.91708	-1.0
172.91995	1.0
172.937	1.0
172.95024	-1.0
173.01125	-1.0
173.03091	-1.0
173.05264	-1.0
173.07248	-1.0
173.09325	-1.0
173.1164	-1.0
173.16212	-1.0
173.17732	-1.0
173.19492	-1.0
173.22548	-1.0
173.29063	-1.0
173.30856	-1.0
173.35815	-1.0
173.38756	-1.0
173.41412	-1.0
173.44109	-1.0
173.48824	-1.0
173.5198	-1.0
173.54736	-1.0
173.58432	-1.0
173.64417	-1.0
173.70113	-1.0
173.84344	-1.0
173.85529	-1.0
173.93564	-1.0
174.09692	-1.0
174.1394	-1.0
174.19649	-1.0
174.22047	-1.0
174.29204	-1.0
179.046	-1.0
179.05304	-1.0
179.0966	-1.0
179.11928	-1.0
179.12463	-1.0
179.16824	-1.0
179.19344	-1.0
179.23096	-1.0
179.24796	-1.0
179.27711	-1.0
179.31076	-1.0
179.32285	-1.0
179.34044	-1.0
179.39008	-1.0
179.42345	-1.0
179.45155	-1.0
179.47804	-1.0
179.50052	-1.0
179.5376	-1.0
179.59216	-1.0
179.61476	-1.0
179.68517	-1.0
179.71628	-1.0
179.81308	-1.0
179.84656	-1.0
179.87843	-1.0
179.93571	-1.0
179.97136	-1.0
179.99055	-1.0
180.20651	-1.0
180.25385	-1.0
180.26408	-1.0
180.40845	-1.0
180.48436	-1.0
180.53604	-1.0
184.83148	1.0
184.85316	-1.0
184.87048	-1.0
184.90788	-1.0
184.91092	-1.0
184.95224	-1.0
184.96216	1.0
184.96716	-1.0
184.99896	-1.0
185.03185	-1.0
185.05508	-1.0
185.0782	-1.0
185.09589	-1.0
185.12971	-1.0
185.1416	-1.0
185.20592	-1.0
185.22728	-1.0
185.25671	-1.0
185.297	-1.0
185.34564	-1.0
185.40276	-1.0
185.42984	-1.0
185.43887	-1.0
185.49152	-1.0
185.51988	-1.0
185.54276	-1.0
185.57973	-1.0
185.60872	-1.0
185.64584	-1.0
185.6664	-1.0
185.71188	-1.0
185.73135	-1.0
185.82324	-1.0
185.93784	-1.0
185.97112	-1.0
186.1254	-1.0
186.19173	-1.0
186.26448	-1.0
186.4594	-1.0
190.22052	1.0
190.23904	-1.0
190.28049	-1.0
190.29048	-1.0
190.30656	1.0
190.3178	-1.0
190.35963	-1.0
190.38272	-1.0
190.39972	-1.0
190.4448	-1.0
190.47324	-1.0
190.48927	-1.0
190.51408	-1.0
190.53896	-1.0
190.58331	-1.0
190.6076	-1.0
190.64809	-1.0
190.70724	-1.0
190.73283	-1.0
190.75412	-1.0
190.79776	-1.0
190.83723	-1.0
190.87296	-1.0
190.90216	-1.0
190.93428	-1.0
191.03256	-1.0
191.06676	-1.0
191.10233	-1.0
191.15128	-1.0
191.18391	-1.0
191.26064	-1.0
191.31377	-1.0
191.34288	-1.0
191.37843	-1.0
191.39964	-1.0
191.42772	-1.0
191.43024	-1.0
191.45885	-1.0
191.58092	-1.0
191.65211	-1.0
191.80447	-1.0
196.05064	-1.0
196.06708	-1.0
196.09708	-1.0
196.116	1.0
196.14291	-1.0
196.15948	1.0
196.21497	-1.0
196.2728	-1.0
196.2988	-1.0
196.32169	-1.0
196.34608	-1.0
196.37332	-1.0
196.3948	-1.0
196.42172	-1.0
196.44228	-1.0
196.4694	-1.0
196.5172	-1.0
196.55548	-1.0
196.59512	-1.0
196.62868	-1.0
196.65813	-1.0
196.70596	-1.0
196.7226	-1.0
196.72945	-1.0
196.80289	-1.0
196.80573	-1.0
196.88065	-1.0
196.91092	-1.0
196.9654	-1.0
196.99704	-1.0
197.04791	-1.0
197.1216	-1.0
197.28735	-1.0
197.30884	-1.0
197.36192	-1.0
197.42508	-1.0
201.95	1.0
201.97792	-1.0
202.03308	-1.0
202.05489	-1.0
202.06544	-1.0
202.0756	-1.0
202.11456	-1.0
202.13684	-1.0
202.1596	-1.0
202.1872	-1.0
202.20824	-1.0
202.22935	-1.0
202.24911	-1.0
202.27963	-1.0
202.411	-1.0
202.4592	-1.0
202.5142	-1.0
202.5462	-1.0
202.56471	-1.0
202.58807	-1.0
202.6518	-1.0
202.69092	-1.0
202.72096	-1.0
202.76273	-1.0
202.81187	-1.0
202.883	-1.0
202.989	-1.0
203.07576	-1.0
203.10393	-1.0
203.23135	-1.0
203.4384	-1.0
207.84468	-1.0
207.88432	-1.0
207.92728	-1.0
207.96033	-1.0
207.981	-1.0
207.9988	-1.0
208.03244	-1.0
208.06409	-1.0
208.09184	-1.0
208.14328	-1.0
208.17764	-1.0
208.1968	-1.0
208.23128	-1.0
208.25124	-1.0
208.27403	-1.0
208.321	-1.0
208.36296	-1.0
208.41203	-1.0
208.45268	-1.0
208.526	-1.0
208.54416	-1.0
208.59303	-1.0
208.65984	-1.0
208.70705	-1.0
208.80504	-1.0
208.85297	-1.0
208.9258	-1.0
209.052	-1.0
209.16632	-1.0
209.24908	-1.0
209.28084	-1.0
213.70895	1.0
213.75133	1.0
213.77068	-1.0
213.77415	-1.0
213.83028	-1.0
213.8508	-1.0
213.86047	-1.0
213.88484	-1.0
213.94232	-1.0
213.97192	-1.0
214.0252	-1.0
214.05388	-1.0
214.08716	-1.0
214.12024	-1.0
214.13657	-1.0
214.16692	-1.0
214.21628	-1.0
214.2432	-1.0
214.313	-1.0
214.35568	-1.0
214.4214	-1.0
214.44228	-1.0
214.50449	-1.0
214.545	-1.0
214.57988	-1.0
214.62115	-1.0
214.67088	-1.0
214.77615	-1.0
214.82677	-1.0
214.85371	-1.0
215.03651	-1.0
215.2088	-1.0
219.3074	1.0
219.34428	-1.0
219.36296	-1.0
219.38287	-1.0
219.40024	1.0
219.424	-1.0
219.44933	-1.0
219.48048	1.0
219.48796	-1.0
219.50592	-1.0
219.53336	-1.0
219.55289	-1.0
219.58968	-1.0
219.60953	-1.0
219.6342	-1.0
219.65305	-1.0
219.70448	-1.0
219.73917	-1.0
219.76031	-1.0
219.82011	-1.0
219.8506	-1.0
219.88792	-1.0
219.94543	-1.0
220.05763	-1.0
220.1372	-1.0
220.2694	-1.0
220.37328	-1.0
220.4832	-1.0
220.52448	-1.0
220.57256	-1.0
220.72696	-1.0
220.74904	-1.0
220.80548	-1.0
225.26668	-1.0
225.321	-1.0
225.34428	-1.0
225.3468	-1.0
225.38	-1.0
225.3894	-1.0
225.4216	-1.0
225.44228	-1.0
225.49171	-1.0
225.52704	-1.0
225.56052	-1.0
225.57628	-1.0
225.6024	-1.0
225.60516	-1.0
225.6196	-1.0
225.67064	-1.0
225.68936	-1.0
225.7122	-1.0
225.74492	-1.0
225.76527	-1.0
225.78348	-1.0
225.8142	-1.0
225.85124	-1.0
225.89047	-1.0
225.9416	-1.0
225.98357	-1.0
226.01584	-1.0
226.06187	-1.0
226.1174	-1.0
226.16212	-1.0
226.19691	-1.0
226.2674	-1.0
226.28745	-1.0
226.3152	-1.0
226.51932	-1.0
226.5818	-1.0
230.78873	1.0
230.79184	-1.0
230.81424	-1.0
230.87209	-1.0
230.87589	-1.0
230.89232	-1.0
230.91489	-1.0
230.95244	-1.0
230.97723	-1.0
231.02548	-1.0
231.0586	-1.0
231.1042	-1.0
231.15976	-1.0
231.19067	-1.0
231.21428	-1.0
231.245	-1.0
231.32944	-1.0
231.35529	-1.0
231.39932	-1.0
231.4512	-1.0
231.54056	-1.0
231.60687	-1.0
231.64764	-1.0
231.78596	-1.0
231.99196	-1.0
232.05804	-1.0
232.11977	-1.0
236.63792	-1.0
236.6626	-1.0
236.68465	1.0
236.69872	-1.0
236.71732	-1.0
236.73256	-1.0
236.73508	-1.0
236.74995	-1.0
236.77832	-1.0
236.80415	-1.0
236.82388	-1.0
236.87148	-1.0
236.90092	-1.0
236.92313	-1.0
236.94492	-1.0
236.98389	-1.0
237.03444	-1.0
237.08836	-1.0
237.11832	-1.0
237.20024	-1.0
237.28745	-1.0
237.32544	-1.0
237.3982	-1.0
237.60512	-1.0
237.64925	-1.0
237.73804	-1.0
237.98708	-1.0
242.15984	1.0
242.213	-1.0
242.32576	-1.0
242.33829	-1.0
242.35805	-1.0
242.394	-1.0
242.4184	-1.0
242.4598	-1.0
242.48885	-1.0
242.50772	-1.0
242.54912	-1.0
242.5764	-1.0
242.59567	-1.0
242.6168	-1.0
242.66109	-1.0
242.7272	-1.0
242.76172	-1.0
242.83476	-1.0
242.87268	-1.0
242.87843	-1.0
242.92204	-1.0
242.96776	-1.0
243.2282	-1.0
243.48132	-1.0
243.5164	1.0
248.639	1.0
248.6542	-1.0
248.66328	1.0
248.66972	-1.0
248.7336	-1.0
248.76192	-1.0
248.8136	-1.0
248.82692	-1.0
248.84685	-1.0
248.87476	-1.0
248.90784	-1.0
248.93697	-1.0
248.9528	-1.0
248.9944	-1.0
249.02457	-1.0
249.0508	-1.0
249.11772	-1.0
249.16376	-1.0
249.20256	-1.0
249.2374	-1.0
249.27077	-1.0
249.29465	-1.0
249.34488	-1.0
249.44244	-1.0
249.57416	-1.0
249.64523	-1.0
249.67424	-1.0
249.73515	-1.0
249.82408	-1.0
249.96053	-1.0
255.04744	-1.0
255.0684	-1.0
255.088	-1.0
255.10867	-1.0
255.13948	-1.0
255.17052	-1.0
255.21033	-1.0
255.2452	-1.0
255.28207	-1.0
255.3294	-1.0
255.34885	-1.0
255.394	-1.0
255.42128	-1.0
255.45972	-1.0
255.49188	-1.0
255.52	-1.0
255.54813	-1.0
255.6628	-1.0
255.78436	1.0
255.81017	-1.0
255.85004	-1.0
255.983	-1.0
256.04376	-1.0
256.09268	-1.0
256.19037	-1.0
256.32965	-1.0
260.259	-1.0
260.26443	-1.0
260.2802	-1.0
260.3036	-1.0
260.3557	-1.0
260.38293	-1.0
260.41217	-1.0
260.436	-1.0
260.45483	1.0
260.4589	-1.0
260.48535	-1.0
260.52988	-1.0
260.5742	-1.0
260.6584	-1.0
260.7093	-1.0
260.73367	-1.0
260.75873	-1.0
260.80484	-1.0
260.8907	-1.0
260.95193	-1.0
261.1144	-1.0
261.1721	-1.0
261.2206	-1.0
261.39493	-1.0
261.51917	-1.0
261.5894	-1.0
265.8238	-1.0
265.83127	-1.0
265.85068	-1.0
265.90363	-1.0
265.97055	-1.0
266.0038	-1.0
266.0314	-1.0
266.10724	-1.0
266.1779	-1.0
266.24033	-1.0
266.2576	-1.0
266.29803	-1.0
266.3498	-1.0
266.37384	-1.0
266.48633	-1.0
266.5077	-1.0
266.57828	-1.0
266.8326	-1.0
266.9643	-1.0
271.28207	1.0
271.34784	-1.0
271.35104	-1.0
271.4002	-1.0
271.43875	-1.0
271.48425	-1.0
271.5068	-1.0
271.54617	-1.0
271.61472	-1.0
271.66663	-1.0
271.6888	-1.0
271.75308	-1.0
271.8126	-1.0
271.83176	-1.0
271.88327	-1.0
271.93033	-1.0
271.98315	-1.0
272.01724	-1.0
272.09857	-1.0
272.127	-1.0
272.1972	-1.0
272.20813	-1.0
272.25027	-1.0
272.25333	-1.0
274.8708	1.0
274.9139	-1.0
274.95767	-1.0
275.0363	-1.0
275.06607	-1.0
275.09204	-1.0
275.11563	-1.0
275.16675	-1.0
275.2386	-1.0
275.27765	-1.0
275.32977	-1.0
275.35767	-1.0
275.48148	-1.0
275.51273	-1.0
275.59384	-1.0
275.72064	-1.0
275.76755	-1.0
275.82593	-1.0
275.91672	-1.0
275.9462	-1.0
276.04437	-1.0
281.38156	-1.0
281.4149	-1.0
281.4298	-1.0
281.4586	-1.0
281.48944	-1.0
281.5245	-1.0
281.5326	-1.0
281.56876	-1.0
281.63123	-1.0
281.649	-1.0
281.66068	-1.0
281.69116	-1.0
281.7148	-1.0
281.7451	-1.0
281.80597	-1.0
281.83145	-1.0
281.8692	-1.0
281.88553	-1.0
281.9082	-1.0
281.9573	-1.0
282.0138	-1.0
282.0667	-1.0
282.11685	-1.0
282.1744	-1.0
282.2903	-1.0
282.40155	-1.0
286.4327	-1.0
286.44803	-1.0
286.54565	-1.0
286.60147	-1.0
286.6302	-1.0
286.6877	-1.0
286.72955	-1.0
286.83496	-1.0
286.88367	-1.0
286.97617	-1.0
287.02573	-1.0
287.0972	-1.0
287.17987	-1.0
287.238	-1.0
287.25015	-1.0
287.47577	-1.0
287.51068	-1.0
287.57336	-1.0
287.64084	-1.0
290.07608	-1.0
290.09216	-1.0
290.1856	-1.0
290.22153	-1.0
290.25964	-1.0
290.34204	-1.0
290.36945	-1.0
290.4002	-1.0
290.5529	-1.0
290.67233	-1.0
290.69815	-1.0
290.78696	-1.0
290.84528	1.0
290.84915	-1.0
290.87192	-1.0
290.891	-1.0
290.91232	-1.0
290.96252	-1.0
291.03592	-1.0
291.0884	-1.0
291.17737	-1.0
295.47003	-1.0
295.5054	1.0
295.5318	-1.0
295.5463	-1.0
295.5698	1.0
295.57767	-1.0
295.60715	-1.0
295.6165	-1.0
295.63953	-1.0
295.6621	-1.0
295.69736	-1.0
295.76007	-1.0
295.78168	-1.0
295.80905	-1.0
295.83487	-1.0
295.92612	-1.0
295.97104	-1.0
296.03232	-1.0
296.1465	-1.0
296.20956	-1.0
296.2264	-1.0
296.25873	-1.0
296.29468	-1.0
296.50372	-1.0
300.45636	-1.0
300.50168	1.0
300.54175	-1.0
300.57217	-1.0
300.67017	-1.0
300.73575	-1.0
300.79007	-1.0
300.9494	-1.0
301.0693	-1.0
301.10977	-1.0
301.15012	-1.0
301.22195	-1.0
301.25336	-1.0
301.36905	-1.0
305.45157	1.0
305.5294	-1.0
305.64096	-1.0
305.68033	-1.0
305.7885	-1.0
305.9143	-1.0
305.95197	-1.0
306.0688	-1.0
306.10117	-1.0
306.1299	-1.0
306.2335	1.0
306.32767	-1.0
306.33817	-1.0
306.36267	-1.0
306.39368	-1.0
306.4499	-1.0
306.47815	-1.0
306.627	-1.0
310.2814	-1.0
310.31888	-1.0
310.37354	-1.0
310.41452	-1.0
310.44623	-1.0
310.53815	-1.0
310.6046	-1.0
310.65244	-1.0
310.68845	-1.0
310.71786	-1.0
310.85156	-1.0
310.8962	-1.0
311.049	-1.0
311.12024	-1.0
311.15085	-1.0
311.18668	-1.0
311.23563	-1.0
312.87256	1.0
315.90033	1.0
315.96213	1.0
315.9683	-1.0
316.09924	-1.0
316.1661	-1.0
316.19736	-1.0
316.2379	-1.0
316.4381	-1.0
316.56705	-1.0
316.6508	-1.0
316.70523	-1.0
316.77896	-1.0
316.8632	-1.0
316.96268	-1.0
320.99896	-1.0
321.05713	-1.0
321.08923	-1.0
321.25772	-1.0
321.33423	-1.0
321.42307	-1.0
321.5908	-1.0
321.79248	-1.0
321.9594	-1.0
322.0341	-1.0
325.9378	1.0
326.06927	-1.0
326.10287	-1.0
326.3776	-1.0
326.4426	-1.0
326.5409	-1.0
326.71317	-1.0
326.7867	-1.0
326.98026	-1.0
327.1823	-1.0
331.822	1.0
332.03513	-1.0
332.06897	-1.0
332.13327	-1.0
332.24728	-1.0
332.3189	-1.0
332.36133	-1.0
332.39536	-1.0
332.46716	-1.0
332.49753	-1.0
332.5781	-1.0
332.5861	-1.0
332.6927	-1.0
332.8105	-1.0
332.89392	-1.0
338.2584	1.0
338.2854	1.0
338.32675	1.0
338.36948	-1.0
338.39047	-1.0
338.50684	-1.0
338.52988	1.0
338.58163	-1.0
338.64667	-1.0
338.79007	-1.0
338.91284	-1.0
343.237	-1.0
343.31055	1.0
343.41696	-1.0
343.4749	-1.0
343.5731	-1.0
343.5852	-1.0
343.68787	-1.0
343.75577	-1.0
343.78235	-1.0
343.79053	1.0
343.82083	-1.0
343.905	-1.0
344.09497	-1.0
344.13068	-1.0
348.62234	-1.0
348.71823	1.0
348.80112	-1.0
348.8319	-1.0
348.8996	-1.0
348.9705	-1.0
349.03592	-1.0
349.07843	-1.0
349.12457	-1.0
349.16803	-1.0
349.32635	-1.0
349.46387	-1.0
353.60663	-1.0
353.7026	1.0
353.72076	-1.0
353.7407	1.0
353.7508	-1.0
353.78607	-1.0
353.80176	-1.0
353.82208	-1.0
353.8364	-1.0
353.94223	-1.0
354.05383	-1.0
354.09363	1.0
354.0976	-1.0
354.34476	-1.0
354.44	-1.0
354.523	-1.0
354.56473	-1.0
354.6176	-1.0
358.3747	-1.0
358.3827	-1.0
358.51437	-1.0
358.5866	-1.0
358.64465	-1.0
358.74057	-1.0
358.8328	-1.0
358.9122	-1.0
358.97513	-1.0
359.01077	-1.0
359.10016	-1.0
359.21237	-1.0
363.48965	1.0
363.5402	-1.0
363.5739	-1.0
363.62723	-1.0
363.65057	-1.0
363.6964	-1.0
363.76172	-1.0
363.82397	-1.0
363.84973	-1.0
363.86423	-1.0
363.89133	-1.0
363.90317	-1.0
363.92288	-1.0
363.9261	-1.0
363.94296	-1.0
364.0712	-1.0
364.0941	-1.0
364.22888	-1.0
364.3694	-1.0
364.374	-1.0
364.459	-1.0
364.51108	1.0
364.56415	-1.0
368.45355	-1.0
368.47733	-1.0
368.51993	-1.0
368.5582	-1.0
368.57852	-1.0
368.5811	-1.0
368.65143	-1.0
368.70035	-1.0
368.72476	-1.0
368.7488	-1.0
368.75525	-1.0
368.79196	-1.0
368.8441	-1.0
368.8635	-1.0
368.9011	-1.0
368.97687	-1.0
369.05316	1.0
369.08	-1.0
369.1314	-1.0
369.15576	-1.0
369.20627	-1.0
369.21265	1.0
369.27863	1.0
369.2839	-1.0
373.15033	-1.0
373.21136	-1.0
373.23553	-1.0
373.25665	-1.0
373.2714	-1.0
373.2826	-1.0
373.29922	-1.0
373.30228	-1.0
373.35733	-1.0
373.3626	-1.0
373.401	-1.0
373.4486	-1.0
373.48065	-1.0
373.53088	-1.0
373.57904	-1.0
373.61557	-1.0
373.65607	-1.0
373.69925	-1.0
373.73163	-1.0
373.76605	-1.0
373.81955	-1.0
373.87668	-1.0
373.92764	-1.0
373.9326	-1.0
373.9724	-1.0
374.01776	-1.0
374.029	-1.0
374.07373	-1.0
374.1746	-1.0
377.9759	-1.0
378.05972	-1.0
378.08984	-1.0
378.12265	-1.0
378.1456	-1.0
378.14896	1.0
378.23212	-1.0
378.25333	-1.0
378.2832	-1.0
378.3279	-1.0
378.37213	-1.0
378.4131	-1.0
378.42352	-1.0
378.44684	-1.0
378.4868	-1.0
378.52112	-1.0
378.55612	-1.0
378.5876	-1.0
378.61447	-1.0
378.63873	-1.0
378.69604	-1.0
378.7893	-1.0
378.84283	-1.0
383.02805	-1.0
383.044	1.0
383.07263	-1.0
383.1018	-1.0
383.1183	-1.0
383.17935	-1.0
383.21313	-1.0
383.24045	-1.0
383.275	-1.0
383.30475	-1.0
383.33588	-1.0
383.35605	-1.0
383.3795	-1.0
383.41095	-1.0
383.42575	1.0
383.43457	-1.0
383.44757	-1.0
383.48523	-1.0
383.5	-1.0
383.51227	-1.0
383.5243	-1.0
383.5328	-1.0
383.55243	-1.0
383.5919	-1.0
383.63013	-1.0
383.6592	-1.0
383.68985	-1.0
383.7246	-1.0
383.74844	-1.0
383.75467	-1.0
383.78183	-1.0
383.813	-1.0
383.85535	-1.0
383.90015	-1.0
383.9072	-1.0
383.93527	-1.0
383.9695	-1.0
384.02124	-1.0
384.09293	-1.0
388.03677	-1.0
388.05533	1.0
388.10403	-1.0
388.12912	-1.0
388.15408	-1.0
388.1732	-1.0
388.19507	-1.0
388.2202	-1.0
388.27313	-1.0
388.30573	-1.0
388.3388	-1.0
388.37064	-1.0
388.37793	-1.0
388.38354	-1.0
388.39996	-1.0
388.4301	-1.0
388.4498	-1.0
388.47125	-1.0
388.48743	-1.0
388.5302	-1.0
388.53387	-1.0
388.55737	-1.0
388.5783	-1.0
388.58536	-1.0
388.61295	-1.0
388.6428	-1.0
388.6809	-1.0
388.72217	-1.0
388.7591	-1.0
388.80508	-1.0
388.818	-1.0
388.84357	-1.0
388.85995	-1.0
388.88925	-1.0
388.9265	-1.0
388.99084	-1.0
388.9984	-1.0
389.03732	-1.0
389.08768	-1.0
392.77164	-1.0
392.82077	-1.0
392.85123	-1.0
392.8692	-1.0
392.88037	-1.0
392.89792	-1.0
392.91824	-1.0
392.9349	-1.0
392.9618	-1.0
392.96555	1.0
393.00577	-1.0
393.04453	-1.0
393.0862	-1.0
393.1156	-1.0
393.1288	-1.0
393.15323	-1.0
393.177	-1.0
393.18127	-1.0
393.205	-1.0
393.23523	-1.0
393.26184	-1.0
393.28403	-1.0
393.3167	-1.0
393.32297	-1.0
393.34595	-1.0
393.35968	-1.0
393.37646	-1.0
393.40817	-1.0
393.4333	-1.0
393.44937	-1.0
393.4797	-1.0
393.51273	-1.0
393.5554	-1.0
393.60004	-1.0
393.6028	1.0
393.6321	-1.0
393.67245	-1.0
393.71432	-1.0
393.74533	-1.0
393.7841	-1.0
393.8926	-1.0
397.18405	-1.0
397.21545	-1.0
397.23883	-1.0
397.24155	-1.0
397.2644	-1.0
397.28256	-1.0
397.2997	1.0
397.30292	1.0
397.319	-1.0
397.3326	1.0
397.35583	-1.0
397.38184	-1.0
397.406	-1.0
397.4352	-1.0
397.4589	-1.0
397.4782	-1.0
397.49423	-1.0
397.51804	1.0
397.52124	-1.0
397.54916	-1.0
397.56	-1.0
397.584	-1.0
397.61044	-1.0
397.62784	-1.0
397.6483	-1.0
397.6607	1.0
397.67804	-1.0
397.70645	-1.0
397.7324	-1.0
397.7429	-1.0
397.7626	-1.0
397.79984	-1.0
397.8274	-1.0
397.84528	-1.0
397.87192	-1.0
397.90125	-1.0
397.92596	-1.0
397.9822	-1.0
398.01352	-1.0
398.03772	-1.0
398.05267	-1.0
398.10455	-1.0
402.10788	1.0
402.14056	-1.0
402.15576	-1.0
402.17792	-1.0
402.19052	-1.0
402.20743	-1.0
402.2138	-1.0
402.2459	-1.0
402.24997	-1.0
402.266	-1.0
402.2996	-1.0
402.3373	-1.0
402.34937	-1.0
402.35944	-1.0
402.364	1.0
402.36737	-1.0
402.3842	-1.0
402.40945	-1.0
402.4464	-1.0
402.46805	-1.0
402.4824	-1.0
402.4958	-1.0
402.51443	-1.0
402.52585	-1.0
402.54376	-1.0
402.55447	-1.0
402.57092	-1.0
402.57617	-1.0
402.59644	-1.0
402.60083	-1.0
402.60938	-1.0
402.64236	-1.0
402.64633	-1.0
402.6639	-1.0
402.6778	-1.0
402.71915	-1.0
402.7466	-1.0
402.75607	-1.0
402.77817	-1.0
402.81192	-1.0
402.88217	-1.0
402.91177	-1.0
402.93207	-1.0
402.96555	-1.0
402.98587	-1.0
403.00113	-1.0
403.03983	-1.0
403.06424	-1.0
403.08685	-1.0
403.12888	-1.0
403.1748	-1.0
407.44363	-1.0
407.4645	-1.0
407.4814	-1.0
407.49997	1.0
407.5045	1.0
407.51044	1.0
407.5131	-1.0
407.56067	-1.0
407.5888	-1.0
407.59497	-1.0
407.6143	-1.0
407.63275	-1.0
407.65607	-1.0
407.67484	-1.0
407.68036	-1.0
407.69513	-1.0
407.70697	-1.0
407.71207	-1.0
407.74295	-1.0
407.7568	-1.0
407.76965	-1.0
407.7761	-1.0
407.79584	-1.0
407.81113	-1.0
407.83557	-1.0
407.86127	-1.0
407.88052	-1.0
407.9002	-1.0
407.9042	-1.0
407.92703	-1.0
407.93204	-1.0
407.9583	-1.0
407.96265	-1.0
407.9951	-1.0
408.0395	-1.0
408.04532	-1.0
408.06973	-1.0
408.077	-1.0
408.10727	-1.0
408.15344	-1.0
408.19232	-1.0
408.20435	-1.0
408.2374	-1.0
408.27588	-1.0
408.3064	-1.0
408.32257	-1.0
408.34647	-1.0
408.39008	-1.0
408.41245	-1.0
408.45624	-1.0
411.7737	1.0
411.7882	-1.0
411.80765	-1.0
411.8178	-1.0
411.8213	-1.0
411.8283	-1.0
411.84076	-1.0
411.8482	-1.0
411.85663	-1.0
411.8764	-1.0
411.8948	-1.0
411.89752	-1.0
411.90265	-1.0
411.92685	-1.0
411.9341	-1.0
411.9548	-1.0
411.96823	-1.0
411.9804	-1.0
412.0171	-1.0
412.02188	-1.0
412.05368	-1.0
412.07248	-1.0
412.0901	-1.0
412.106	-1.0
412.127	-1.0
412.14896	-1.0
412.17383	-1.0
412.19577	-1.0
412.1999	-1.0
412.2138	-1.0
412.23297	-1.0
412.23807	-1.0
412.25995	-1.0
412.2958	-1.0
412.32095	-1.0
412.3346	-1.0
412.33835	-1.0
412.3719	-1.0
412.3755	-1.0
412.4023	-1.0
412.42838	-1.0
412.4594	-1.0
412.50357	-1.0
412.52548	-1.0
412.5352	-1.0
412.5389	1.0
412.56064	-1.0
412.5998	-1.0
412.64453	-1.0
412.65143	-1.0
412.69016	-1.0
412.74393	-1.0
416.1833	-1.0
416.61612	-1.0
416.6254	-1.0
416.62817	-1.0
416.6392	-1.0
416.64377	-1.0
416.65927	-1.0
416.6728	-1.0
416.69064	-1.0
416.70657	-1.0
416.71677	-1.0
416.72375	-1.0
416.74017	-1.0
416.75876	-1.0
416.7618	-1.0
416.7746	-1.0
416.79227	-1.0
416.80728	-1.0
416.81488	-1.0
416.81873	-1.0
416.8373	-1.0
416.85275	-1.0
416.866	-1.0
416.88632	-1.0
416.9032	-1.0
416.9202	-1.0
416.9401	-1.0
416.96057	-1.0
416.98523	-1.0
416.99777	-1.0
417.0175	-1.0
417.0222	-1.0
417.04425	-1.0
417.05237	-1.0
417.07443	-1.0
417.08508	-1.0
417.10883	-1.0
417.12497	-1.0
417.13507	-1.0
417.14868	-1.0
417.17807	-1.0
417.20544	-1.0
417.2241	-1.0
417.24448	-1.0
417.26773	-1.0
417.28705	-1.0
417.31216	-1.0
417.3438	-1.0
417.38324	-1.0
417.39935	-1.0
417.44437	-1.0
417.45255	-1.0
417.47977	-1.0
417.49713	-1.0
417.54636	-1.0
417.56656	-1.0
417.61783	-1.0
421.25983	1.0
421.27444	-1.0
421.2909	-1.0
421.30588	-1.0
421.3094	-1.0
421.31992	-1.0
421.3355	-1.0
421.34335	-1.0
421.3621	-1.0
421.3668	-1.0
421.37677	-1.0
421.4001	-1.0
421.41437	-1.0
421.42633	-1.0
421.432	-1.0
421.4642	-1.0
421.47296	-1.0
421.49057	-1.0
421.49777	-1.0
421.52115	-1.0
421.52536	-1.0
421.5416	-1.0
421.54575	-1.0
421.5677	-1.0
421.59268	-1.0
421.59808	-1.0
421.6209	-1.0
421.6523	-1.0
421.67215	-1.0
421.67517	-1.0
421.69632	-1.0
421.69904	-1.0
421.7292	-1.0
421.733	-1.0
421.76263	-1.0
421.78568	-1.0
421.8046	-1.0
421.82767	-1.0
421.84204	-1.0
421.86185	-1.0
421.86945	-1.0
421.8987	-1.0
421.92404	-1.0
421.92844	-1.0
421.95032	-1.0
421.96017	-1.0
421.9891	-1.0
422.00815	-1.0
422.03537	-1.0
422.0693	-1.0
422.08475	-1.0
422.11975	-1.0
422.17676	-1.0
422.18488	-1.0
422.2418	-1.0
425.67145	1.0
425.6825	-1.0
425.70245	-1.0
425.71732	-1.0
425.73373	-1.0
425.74915	-1.0
425.75192	-1.0
425.76636	-1.0
425.7759	1.0
425.77948	-1.0
425.7939	-1.0
425.8144	-1.0
425.82596	-1.0
425.8397	-1.0
425.85104	-1.0
425.8688	-1.0
425.8928	-1.0
425.89624	-1.0
425.9002	-1.0
425.9154	-1.0
425.92084	-1.0
425.94348	-1.0
425.9569	-1.0
425.96472	1.0
425.99133	-1.0
426.00595	-1.0
426.0185	-1.0
426.0372	-1.0
426.0544	-1.0
426.074	-1.0
426.08167	-1.0
426.10284	-1.0
426.1166	-1.0
426.14108	-1.0
426.16373	-1.0
426.18604	-1.0
426.20184	-1.0
426.2134	-1.0
426.2312	-1.0
426.2388	-1.0
426.26276	-1.0
426.27448	-1.0
426.2964	-1.0
426.3068	-1.0
426.33435	-1.0
426.34277	-1.0
426.37692	-1.0
426.3836	-1.0
426.4148	-1.0
426.42957	1.0
426.452	-1.0
426.473	-1.0
426.49765	-1.0
426.53592	-1.0
426.54416	-1.0
426.58755	-1.0
426.62433	-1.0
429.64667	1.0
429.6531	-1.0
429.66473	-1.0
429.6786	-1.0
429.69064	-1.0
429.7039	-1.0
429.7216	-1.0
429.74155	-1.0
429.74527	-1.0
429.76477	-1.0
429.7694	-1.0
429.80188	-1.0
429.8082	-1.0
429.82477	-1.0
429.8336	-1.0
429.85284	1.0
429.85553	1.0
429.87805	-1.0
429.89517	-1.0
429.92908	-1.0
429.9461	-1.0
429.9503	1.0
429.9682	-1.0
429.97467	-1.0
429.99396	-1.0
430.00247	-1.0
430.02332	-1.0
430.0462	-1.0
430.0515	-1.0
430.07523	-1.0
430.0902	-1.0
430.0967	-1.0
430.12924	-1.0
430.13297	-1.0
430.166	-1.0
430.17252	-1.0
430.1913	-1.0
430.21408	-1.0
430.23587	-1.0
430.2633	-1.0
430.29913	-1.0
430.34644	-1.0
430.37955	-1.0
430.4214	-1.0
430.43732	-1.0
433.65295	-1.0
433.66885	-1.0
433.68295	-1.0
433.6877	-1.0
433.6985	-1.0
433.70227	-1.0
433.7048	1.0
433.72284	-1.0
433.7293	-1.0
433.744	-1.0
433.74927	-1.0
433.7712	-1.0
433.79523	-1.0
433.8029	-1.0
433.8235	-1.0
433.86304	-1.0
433.902	-1.0
433.9171	-1.0
433.9244	-1.0
433.9458	-1.0
433.95392	-1.0
433.9708	-1.0
433.98532	-1.0
433.99368	-1.0
434.01675	-1.0
434.03036	-1.0
434.04916	-1.0
434.06393	-1.0
434.09732	-1.0
434.10852	-1.0
434.1242	-1.0
434.12717	-1.0
434.14212	-1.0
434.16183	-1.0
434.19003	-1.0
434.22653	-1.0
434.23785	-1.0
434.2548	-1.0
434.2809	-1.0
434.31604	-1.0
434.35635	-1.0
434.37268	-1.0
434.3994	1.0
434.43857	-1.0
434.44635	-1.0
434.47144	1.0
434.49368	-1.0
434.51443	-1.0
434.56265	-1.0
434.63913	-1.0
437.46832	-1.0
437.4716	-1.0
437.488	-1.0
437.5085	-1.0
437.51404	-1.0
437.52292	-1.0
437.5316	1.0
437.535	1.0
437.54507	-1.0
437.5506	-1.0
437.56784	-1.0
437.58395	-1.0
437.60236	-1.0
437.6056	-1.0
437.63535	-1.0
437.65375	-1.0
437.66776	-1.0
437.68787	-1.0
437.70728	-1.0
437.7342	-1.0
437.74405	-1.0
437.761	-1.0
437.78415	1.0
437.803	-1.0
437.81873	-1.0
437.82248	-1.0
437.8413	-1.0
437.84644	-1.0
437.86884	-1.0
437.88815	-1.0
437.90863	-1.0
437.9132	-1.0
437.95023	-1.0
437.9709	-1.0
437.99908	-1.0
438.0078	-1.0
438.083	-1.0
438.08624	-1.0
438.12048	-1.0
438.15747	-1.0
438.1946	-1.0
438.25388	-1.0
438.31357	-1.0
442.4712	-1.0
442.4934	-1.0
442.50113	-1.0
442.5077	-1.0
442.5106	-1.0
442.51645	1.0
442.52057	-1.0
442.52936	-1.0
442.53647	-1.0
442.5561	-1.0
442.5694	-1.0
442.58408	-1.0
442.59647	-1.0
442.6028	1.0
442.6192	-1.0
442.62616	-1.0
442.64603	-1.0
442.6634	-1.0
442.68317	-1.0
442.69647	-1.0
442.69925	-1.0
442.7056	-1.0
442.7212	-1.0
442.7322	-1.0
442.74533	-1.0
442.75525	-1.0
442.7716	-1.0
442.7772	-1.0
442.78983	-1.0
442.81003	-1.0
442.81705	-1.0
442.83713	-1.0
442.85565	-1.0
442.8708	-1.0
442.87427	-1.0
442.89197	-1.0
442.9055	-1.0
442.9243	-1.0
442.94885	-1.0
442.97235	-1.0
442.98245	-1.0
443.0063	-1.0
443.03052	-1.0
443.04745	-1.0
443.05856	-1.0
443.09692	-1.0
443.12	-1.0
443.136	-1.0
443.14117	-1.0
443.16068	-1.0
443.16772	-1.0
443.19376	-1.0
443.23065	-1.0
443.2443	-1.0
443.27472	-1.0
443.30627	-1.0
443.347	-1.0
443.36948	-1.0
443.41064	-1.0
443.475	-1.0
446.35236	1.0
446.3549	-1.0
446.36615	-1.0
446.37833	-1.0
446.38113	-1.0
446.40384	-1.0
446.4064	-1.0
446.41965	-1.0
446.4333	-1.0
446.43823	-1.0
446.45627	-1.0
446.46033	-1.0
446.484	-1.0
446.52393	-1.0
446.54575	-1.0
446.55908	-1.0
446.58203	-1.0
446.5904	-1.0
446.61316	-1.0
446.6321	-1.0
446.64587	-1.0
446.67188	-1.0
446.68445	-1.0
446.696	-1.0
446.70163	-1.0
446.71484	-1.0
446.72305	-1.0
446.73752	-1.0
446.7595	1.0
446.76376	-1.0
446.80365	-1.0
446.8225	-1.0
446.83777	-1.0
446.8582	-1.0
446.88196	1.0
446.887	-1.0
446.91287	-1.0
446.94373	-1.0
446.94724	-1.0
446.9611	-1.0
446.98007	-1.0
447.03275	-1.0
447.05576	-1.0
447.15564	-1.0
450.38916	1.0
450.39407	-1.0
450.40488	1.0
450.41064	-1.0
450.41507	1.0
450.41797	-1.0
450.42108	-1.0
450.43265	-1.0
450.4352	-1.0
450.4526	-1.0
450.47403	-1.0
450.47656	-1.0
450.49683	-1.0
450.51257	-1.0
450.5381	-1.0
450.5577	-1.0
450.57416	-1.0
450.6007	-1.0
450.60712	-1.0
450.62717	-1.0
450.6475	-1.0
450.6548	-1.0
450.67288	-1.0
450.67828	-1.0
450.68356	-1.0
450.69757	-1.0
450.70184	-1.0
450.7277	-1.0
450.74515	-1.0
450.76495	-1.0
450.76755	-1.0
450.79596	-1.0
450.82608	-1.0
450.8354	-1.0
450.85245	-1.0
450.85727	-1.0
450.88495	-1.0
450.89105	1.0
450.9124	-1.0
450.94507	-1.0
450.9609	-1.0
450.97772	-1.0
450.9885	-1.0
451.01025	-1.0
451.02737	-1.0
451.06537	-1.0
451.09464	-1.0
451.09756	-1.0
451.19455	-1.0
451.2414	-1.0
451.2908	-1.0
453.90884	-1.0
453.9252	-1.0
453.9443	-1.0
453.94904	-1.0
453.9615	-1.0
453.9655	-1.0
453.96863	1.0
453.9726	-1.0
453.98035	-1.0
453.98288	-1.0
453.9933	1.0
453.99695	-1.0
454.005	-1.0
454.0188	-1.0
454.03903	-1.0
454.05432	-1.0
454.0612	-1.0
454.07037	-1.0
454.07343	-1.0
454.09427	-1.0
454.1152	-1.0
454.14087	-1.0
454.16333	-1.0
454.16714	-1.0
454.17767	1.0
454.19107	-1.0
454.20145	-1.0
454.22208	-1.0
454.22507	-1.0
454.24896	-1.0
454.25665	-1.0
454.2764	-1.0
454.28363	-1.0
454.30243	-1.0
454.3453	-1.0
454.35217	-1.0
454.37573	-1.0
454.40384	-1.0
454.41083	-1.0
454.45105	-1.0
454.47137	-1.0
454.47623	-1.0
454.5048	-1.0
454.51163	-1.0
454.54214	-1.0
454.577	-1.0
454.6192	-1.0
454.65384	-1.0
454.67932	-1.0
454.7426	-1.0
457.4453	-1.0
457.45972	-1.0
457.4778	-1.0
457.49823	-1.0
457.50168	-1.0
457.50983	-1.0
457.5189	-1.0
457.52335	1.0
457.5263	-1.0
457.54492	-1.0
457.56833	-1.0
457.57556	-1.0
457.59	-1.0
457.5963	1.0
457.61685	-1.0
457.6219	-1.0
457.64868	-1.0
457.67145	-1.0
457.6747	-1.0
457.6943	-1.0
457.72412	-1.0
457.7294	-1.0
457.74756	-1.0
457.76868	-1.0
457.78265	-1.0
457.85852	-1.0
457.8781	-1.0
457.9047	-1.0
457.91263	1.0
457.92575	-1.0
457.93048	-1.0
457.961	-1.0
458.10345	-1.0
458.11697	-1.0
458.17236	-1.0
458.2216	-1.0
458.2693	-1.0
458.3437	-1.0
460.7012	-1.0
460.7206	-1.0
460.73703	-1.0
460.73956	1.0
460.75003	-1.0
460.7563	-1.0
460.76932	-1.0
460.77728	-1.0
460.80103	-1.0
460.81192	-1.0
460.81937	-1.0
460.8236	-1.0
460.844	-1.0
460.85892	-1.0
460.87708	-1.0
460.88184	-1.0
460.90057	-1.0
460.92584	-1.0
460.9395	-1.0
460.95468	-1.0
460.96323	-1.0
460.9666	-1.0
460.98932	-1.0
461.00296	-1.0
461.02386	-1.0
461.02957	-1.0
461.04153	-1.0
461.07117	-1.0
461.08536	-1.0
461.0928	1.0
461.12155	-1.0
461.19693	-1.0
461.23956	-1.0
461.26492	-1.0
461.29764	-1.0
461.34235	-1.0
461.44925	-1.0
461.5599	-1.0
464.16684	-1.0
464.1833	-1.0
464.19937	-1.0
464.2034	-1.0
464.21124	1.0
464.2161	-1.0
464.2279	-1.0
464.2328	1.0
464.2364	-1.0
464.251	-1.0
464.25903	-1.0
464.27386	-1.0
464.27792	-1.0
464.28055	-1.0
464.29245	1.0
464.31473	-1.0
464.32483	-1.0
464.34583	-1.0
464.36523	-1.0
464.38608	-1.0
464.4098	-1.0
464.42847	-1.0
464.44687	-1.0
464.4576	-1.0
464.46796	-1.0
464.48065	-1.0
464.4852	-1.0
464.50537	-1.0
464.54025	-1.0
464.55124	-1.0
464.57495	-1.0
464.6014	-1.0
464.61316	-1.0
464.63632	-1.0
464.6599	-1.0
464.66895	-1.0
464.69632	-1.0
464.71475	-1.0
464.73657	-1.0
464.74753	-1.0
464.7809	-1.0
464.88367	-1.0
464.92313	-1.0
465.01596	-1.0
467.67447	-1.0
467.68503	-1.0
467.6971	-1.0
467.70053	-1.0
467.71307	-1.0
467.71677	-1.0
467.71927	-1.0
467.7326	-1.0
467.73593	-1.0
467.74167	-1.0
467.75095	-1.0
467.76367	1.0
467.8062	-1.0
467.81027	-1.0
467.82843	-1.0
467.83472	-1.0
467.85175	-1.0
467.85825	-1.0
467.87463	-1.0
467.89743	-1.0
467.94827	1.0
467.9513	-1.0
467.9758	-1.0
467.99753	-1.0
468.0003	-1.0
468.046	-1.0
468.0905	-1.0
468.12857	-1.0
468.14453	-1.0
468.17285	-1.0
468.20187	-1.0
468.2204	-1.0
468.24527	-1.0
468.3084	-1.0
468.31445	-1.0
468.34213	-1.0
468.39432	-1.0
468.4399	-1.0
470.93903	1.0
470.94156	-1.0
470.9591	-1.0
470.97803	-1.0
470.9929	-1.0
470.9954	-1.0
471.00363	1.0
471.00616	-1.0
471.01483	-1.0
471.02884	-1.0
471.03143	-1.0
471.05063	-1.0
471.0666	-1.0
471.07208	-1.0
471.0895	-1.0
471.10263	-1.0
471.13412	-1.0
471.14664	-1.0
471.16302	1.0
471.16864	1.0
471.1717	-1.0
471.19016	-1.0
471.20972	-1.0
471.22305	-1.0
471.27512	-1.0
471.28912	-1.0
471.29333	-1.0
471.3299	-1.0
471.33383	1.0
471.35913	-1.0
471.37408	-1.0
471.40445	-1.0
471.4092	-1.0
471.42908	-1.0
471.45816	-1.0
471.48657	-1.0
471.4954	-1.0
471.52365	-1.0
471.54895	-1.0
471.56015	-1.0
471.6054	-1.0
471.6738	-1.0
471.7075	-1.0
471.7167	-1.0
471.7661	-1.0
473.9092	-1.0
473.92468	-1.0
473.936	-1.0
473.93857	-1.0
473.95197	-1.0
473.97604	-1.0
473.97888	-1.0
473.99164	-1.0
473.99417	-1.0
474.01068	-1.0
474.04495	-1.0
474.0704	-1.0
474.0967	-1.0
474.12012	-1.0
474.12775	-1.0
474.15283	-1.0
474.18408	-1.0
474.1904	-1.0
474.22168	-1.0
474.2782	-1.0
474.3086	-1.0
474.337	-1.0
474.37753	-1.0
474.384	-1.0
474.40857	-1.0
474.43753	-1.0
474.46313	-1.0
474.5269	-1.0
474.5562	-1.0
474.57892	-1.0
476.7607	-1.0
476.78717	-1.0
476.9049	-1.0
476.91965	-1.0
476.93542	-1.0
476.93985	-1.0
476.94836	-1.0
476.9517	-1.0
476.95535	-1.0
476.96747	1.0
476.9717	-1.0
476.9904	-1.0
476.9952	-1.0
477.01065	1.0
477.03033	-1.0
477.04407	-1.0
477.0851	-1.0
477.08765	-1.0
477.10016	-1.0
477.13147	-1.0
477.13763	-1.0
477.16132	-1.0
477.18945	-1.0
477.21188	-1.0
477.2302	-1.0
477.24146	-1.0
477.2504	1.0
477.27237	-1.0
477.29004	-1.0
477.3189	-1.0
477.33893	-1.0
477.40344	-1.0
477.46915	-1.0
477.50583	-1.0
477.5373	-1.0
477.61533	-1.0
479.81207	-1.0
479.82584	-1.0
479.8347	-1.0
479.84875	-1.0
479.857	-1.0
479.86963	-1.0
479.88953	-1.0
479.89343	-1.0
479.91467	-1.0
479.9177	-1.0
479.95184	-1.0
479.98608	-1.0
479.98895	-1.0
480.0167	-1.0
480.04523	-1.0
480.05563	-1.0
480.08273	-1.0
480.10876	-1.0
480.1419	-1.0
480.17523	-1.0
480.2032	-1.0
480.24377	-1.0
480.26636	-1.0
480.2795	-1.0
480.3246	-1.0
480.35812	-1.0
480.3882	-1.0
480.42776	-1.0
480.46857	-1.0
482.4829	-1.0
482.50217	-1.0
482.5056	-1.0
482.50974	-1.0
482.519	-1.0
482.53244	-1.0
482.53677	-1.0
482.5532	-1.0
482.5577	-1.0
482.5763	-1.0
482.5886	-1.0
482.6079	-1.0
482.6251	-1.0
482.63004	-1.0
482.6483	-1.0
482.6752	-1.0
482.71368	-1.0
482.73984	-1.0
482.7454	-1.0
482.75293	-1.0
482.76212	1.0
482.77423	-1.0
482.79504	1.0
482.812	-1.0
482.82	-1.0
482.84363	-1.0
482.89185	-1.0
482.92963	-1.0
482.97232	-1.0
483.02505	-1.0
483.09384	-1.0
485.72803	-1.0
485.73947	-1.0
485.75964	-1.0
485.7638	-1.0
485.7804	-1.0
485.7871	-1.0
485.79108	-1.0
485.82208	-1.0
485.8382	-1.0
485.8408	1.0
485.87103	-1.0
485.8766	-1.0
485.9054	-1.0
485.9196	-1.0
485.9405	-1.0
485.95755	-1.0
485.98035	-1.0
485.99625	1.0
486.0093	-1.0
486.0463	-1.0
486.07367	-1.0
486.08887	-1.0
486.09464	-1.0
486.1146	-1.0
486.1274	-1.0
486.14743	-1.0
486.17255	-1.0
486.19287	-1.0
486.21893	-1.0
486.2297	-1.0
486.25943	-1.0
486.32428	-1.0
486.3614	-1.0
486.37976	-1.0
486.41855	-1.0
489.04672	-1.0
489.06113	-1.0
489.06567	1.0
489.0764	-1.0
489.08496	-1.0
489.0946	-1.0
489.11325	-1.0
489.1165	-1.0
489.1379	-1.0
489.14407	-1.0
489.1585	-1.0
489.18585	-1.0
489.2022	-1.0
489.20728	-1.0
489.22525	-1.0
489.2516	-1.0
489.25677	-1.0
489.28555	-1.0
489.32275	-1.0
489.33087	-1.0
489.35205	-1.0
489.36917	-1.0
489.3894	-1.0
489.42245	-1.0
489.43875	-1.0
489.45917	-1.0
489.49817	-1.0
489.51483	-1.0
489.528	-1.0
489.5641	-1.0
489.59393	-1.0
489.6237	-1.0
489.66312	-1.0
489.72653	-1.0
489.7814	-1.0
492.67056	1.0
492.6862	-1.0
492.68903	1.0
492.6927	-1.0
492.70956	-1.0
492.72928	-1.0
492.74033	-1.0
492.7544	-1.0
492.75717	-1.0
492.77695	-1.0
492.79922	-1.0
492.8166	-1.0
492.82275	-1.0
492.8362	1.0
492.85547	-1.0
492.86047	-1.0
492.87576	-1.0
492.90182	-1.0
492.92297	-1.0
492.93265	-1.0
492.95056	-1.0
492.97757	-1.0
493.00507	-1.0
493.01935	-1.0
493.02676	-1.0
493.05484	-1.0
493.07928	-1.0
493.08905	-1.0
493.11203	-1.0
493.1187	-1.0
493.14148	-1.0
493.15747	-1.0
493.17676	-1.0
493.1847	-1.0
493.2318	-1.0
493.30457	-1.0
493.33572	-1.0
493.37357	-1.0
493.4108	-1.0
493.4562	-1.0
495.44952	-1.0
495.46164	-1.0
495.4815	-1.0
495.49637	-1.0
495.50027	-1.0
495.51773	-1.0
495.5323	-1.0
495.5354	-1.0
495.55627	-1.0
495.57867	-1.0
495.591	-1.0
495.61032	-1.0
495.6419	-1.0
495.6648	-1.0
495.6814	-1.0
495.70944	-1.0
495.7133	-1.0
495.73737	-1.0
495.77173	-1.0
495.8079	-1.0
495.8549	-1.0
495.91675	-1.0
498.48056	-1.0
498.49747	-1.0
498.51193	1.0
498.5229	-1.0
498.5292	-1.0
498.54248	-1.0
498.55203	-1.0
498.55804	-1.0
498.5617	-1.0
498.5841	-1.0
498.6036	-1.0
498.62537	-1.0
498.65244	-1.0
498.68167	-1.0
498.6903	-1.0
498.70715	-1.0
498.73584	-1.0
498.75604	-1.0
498.76944	-1.0
498.7725	-1.0
498.8314	-1.0
498.9008	-1.0
498.93253	-1.0
498.93936	-1.0
498.97208	-1.0
499.009	-1.0
499.04245	-1.0
499.08215	-1.0
499.1388	-1.0
503.9121	-1.0
503.92007	-1.0
503.9236	1.0
503.93857	-1.0
503.94363	1.0
503.96243	-1.0
503.96884	-1.0
503.9754	-1.0
503.98056	-1.0
503.9956	-1.0
504.00348	-1.0
504.00735	-1.0
504.02097	-1.0
504.06308	-1.0
504.08405	-1.0
504.10092	-1.0
504.10373	-1.0
504.1216	-1.0
504.12653	-1.0
504.15417	-1.0
504.16147	-1.0
504.17612	-1.0
504.1927	-1.0
504.2058	-1.0
504.2094	-1.0
504.22327	-1.0
504.2388	-1.0
504.24893	-1.0
504.2678	-1.0
504.27148	-1.0
504.2752	1.0
504.2926	-1.0
504.3172	-1.0
504.32343	-1.0
504.34045	-1.0
504.36743	-1.0
504.38757	-1.0
504.3994	-1.0
504.4221	-1.0
504.4435	-1.0
504.4588	-1.0
504.49197	-1.0
504.50204	-1.0
504.5317	-1.0
504.5475	-1.0
504.58148	-1.0
504.58835	-1.0
504.6092	-1.0
504.6752	-1.0
504.71732	-1.0
504.7738	-1.0
506.8897	-1.0
506.91217	-1.0
506.9225	-1.0
506.93695	-1.0
506.95752	1.0
506.96036	-1.0
506.9848	-1.0
506.9986	-1.0
507.01883	-1.0
507.0408	-1.0
507.0619	-1.0
507.09344	-1.0
507.09985	-1.0
507.12585	-1.0
507.14212	-1.0
507.15512	-1.0
507.19507	-1.0
507.24072	-1.0
507.32733	-1.0
509.37973	-1.0
509.38293	-1.0
509.3972	-1.0
509.40005	-1.0
509.42856	-1.0
509.43283	-1.0
509.4463	-1.0
509.45145	-1.0
509.46393	-1.0
509.46997	-1.0
509.48987	-1.0
509.50107	-1.0
509.52527	-1.0
509.53928	-1.0
509.55157	1.0
509.56567	-1.0
509.57028	-1.0
509.587	-1.0
509.5895	-1.0
509.61896	-1.0
509.64856	-1.0
509.6901	-1.0
509.70468	-1.0
509.75867	-1.0
509.7949	-1.0
509.8138	-1.0
509.89105	-1.0
512.50366	-1.0
512.56476	-1.0
512.5827	-1.0
512.6014	-1.0
512.6151	-1.0
512.6222	-1.0
512.6378	-1.0
512.6615	-1.0
512.66595	-1.0
512.67676	-1.0
512.7211	-1.0
512.74115	-1.0
512.7749	-1.0
512.7887	-1.0
512.8222	-1.0
512.8697	-1.0
512.8776	-1.0
512.8985	-1.0
512.9352	-1.0
512.96796	-1.0
513.0093	-1.0
513.07794	-1.0
513.13367	-1.0
513.1814	-1.0
515.32446	-1.0
515.3343	-1.0
515.3412	-1.0
515.35333	-1.0
515.35754	-1.0
515.36487	-1.0
515.36743	-1.0
515.3963	-1.0
515.41364	-1.0
515.45374	-1.0
515.4752	-1.0
515.4969	-1.0
515.52167	-1.0
515.5472	-1.0
515.57806	-1.0
515.6017	-1.0
515.63184	-1.0
515.6675	-1.0
515.70404	-1.0
515.7467	-1.0
515.8024	-1.0
518.2242	-1.0
518.2319	1.0
518.2445	-1.0
518.26917	-1.0
518.2928	-1.0
518.31067	-1.0
518.3147	-1.0
518.3176	-1.0
518.3272	-1.0
518.33453	-1.0
518.3379	-1.0
518.35565	-1.0
518.36005	-1.0
518.37726	-1.0
518.4045	-1.0
518.4265	-1.0
518.4685	-1.0
518.4991	-1.0
518.506	-1.0
518.538	-1.0
518.57153	-1.0
518.60596	-1.0
518.6622	-1.0
521.3666	-1.0
521.37714	-1.0
521.4058	-1.0
521.42126	-1.0
521.4302	1.0
521.4411	-1.0
521.45886	-1.0
521.4755	-1.0
521.48175	-1.0
521.486	-1.0
521.4989	-1.0
521.5218	-1.0
521.55804	-1.0
521.5807	-1.0
521.62085	-1.0
521.6496	-1.0
521.6814	-1.0
521.7152	-1.0
521.75476	-1.0
521.7748	-1.0
521.80817	-1.0
521.91833	-1.0
524.1574	1.0
524.1801	-1.0
524.1952	-1.0
524.21954	-1.0
524.2366	-1.0
524.24774	-1.0
524.25134	-1.0
524.25464	-1.0
524.27185	-1.0
524.29193	-1.0
524.3166	-1.0
524.341	-1.0
524.3493	-1.0
524.35187	-1.0
524.3689	-1.0
524.38586	-1.0
524.4202	-1.0
524.4236	-1.0
524.4549	-1.0
524.4917	-1.0
524.5388	-1.0
524.5946	-1.0
526.696	-1.0
526.7234	-1.0
526.75116	-1.0
526.78815	-1.0
526.79205	-1.0
526.80566	-1.0
526.8148	-1.0
526.8173	-1.0
526.83154	-1.0
526.8409	-1.0
526.8702	-1.0
526.8766	-1.0
526.91016	-1.0
526.9372	-1.0
526.97766	-1.0
527.01575	-1.0
527.0818	-1.0
530.0783	-1.0
530.09814	-1.0
530.1115	-1.0
530.12897	-1.0
530.1325	-1.0
530.13855	-1.0
530.14844	-1.0
530.1512	-1.0
530.1764	-1.0
530.17957	-1.0
530.2178	-1.0
530.2363	-1.0
530.26794	-1.0
530.28033	-1.0
530.30084	-1.0
530.325	-1.0
530.35516	-1.0
530.39594	-1.0
530.4083	-1.0
530.4416	-1.0
530.5069	-1.0
530.6283	-1.0
532.86597	-1.0
533.52155	-1.0
533.54736	-1.0
533.5834	-1.0
533.6081	-1.0
533.6123	-1.0
533.6297	-1.0
533.6638	-1.0
533.6775	-1.0
533.6845	-1.0
533.71375	-1.0
533.7211	-1.0
533.7552	-1.0
533.8214	-1.0
533.91974	-1.0
535.83685	-1.0
535.88306	-1.0
535.953	-1.0
536.0013	-1.0
536.00885	-1.0
536.0502	-1.0
536.0543	-1.0
536.1009	-1.0
536.2655	-1.0
536.2691	-1.0
536.2718	1.0
536.27985	-1.0
536.3079	-1.0
536.34436	-1.0
536.3484	1.0
536.3689	-1.0
536.405	-1.0
536.43445	-1.0
536.54236	-1.0
538.4114	-1.0
538.41406	-1.0
538.4304	-1.0
538.45105	-1.0
538.47644	-1.0
538.47986	-1.0
538.49615	-1.0
538.5219	-1.0
538.5249	-1.0
538.5435	-1.0
538.5467	-1.0
538.58295	-1.0
538.6226	-1.0
538.6838	-1.0
538.72626	-1.0
541.9025	-1.0
541.936	-1.0
541.95447	-1.0
541.9701	1.0
541.9807	-1.0
542.0004	-1.0
542.0141	-1.0
542.0601	-1.0
542.082	-1.0
542.0912	-1.0
542.1175	-1.0
542.13306	-1.0
542.165	-1.0
542.20886	-1.0
542.25824	-1.0
544.5314	-1.0
544.55066	-1.0
544.58875	-1.0
547.0271	-1.0
547.04175	-1.0
547.06274	-1.0
547.0679	-1.0
547.0728	1.0
547.08276	-1.0
547.0881	-1.0
547.09235	-1.0
547.11334	-1.0
547.1234	-1.0
547.14636	-1.0
547.15375	-1.0
547.17615	-1.0
547.1874	-1.0
547.21185	-1.0
547.2317	-1.0
547.25446	-1.0
547.2857	-1.0
547.3182	-1.0
547.3584	-1.0
547.4058	-1.0
547.4505	-1.0
551.777	-1.0
551.8008	-1.0
551.8257	-1.0
551.83453	-1.0
551.8524	-1.0
551.8593	-1.0
551.8911	-1.0
551.9686	-1.0
552.0048	1.0
552.05896	-1.0
556.0048	-1.0
556.01044	1.0
556.0329	-1.0
556.06213	-1.0
556.0731	-1.0
556.07764	-1.0
556.096	-1.0
556.10266	-1.0
556.1241	-1.0
556.15393	-1.0
556.21655	-1.0
556.2895	-1.0
559.7444	-1.0
559.7579	-1.0
559.77814	1.0
559.80646	-1.0
559.8276	-1.0
559.8409	-1.0
559.8485	-1.0
559.8612	-1.0
559.8817	-1.0
559.9093	-1.0
559.9189	-1.0
559.9578	-1.0
560.0243	-1.0
562.7735	1.0
562.88776	-1.0
562.92584	-1.0
562.94916	-1.0
562.9712	-1.0
563.00354	-1.0
563.0559	-1.0
563.1031	-1.0
567.1728	1.0
567.1825	-1.0
567.21106	-1.0
567.26184	-1.0
567.415	-1.0
574.81226	-1.0
574.8747	-1.0
574.8978	-1.0
574.9015	-1.0
574.91266	-1.0
574.9533	-1.0
574.9986	-1.0
575.05914	-1.0
575.10767	-1.0
575.15546	-1.0
575.2193	-1.0
578.4398	1.0
578.5532	-1.0
578.5819	-1.0
578.60986	-1.0
578.6362	-1.0
578.67645	-1.0
578.7507	-1.0
578.7988	-1.0
581.59576	1.0
581.8666	-1.0
581.91113	-1.0
581.9436	-1.0
581.9748	-1.0
582.0284	-1.0
582.10614	-1.0
582.1671	-1.0
586.7801	-1.0
586.8003	-1.0
586.81213	-1.0
586.83606	-1.0
586.8744	-1.0
586.9591	-1.0
586.9968	-1.0
587.0545	-1.0
587.41675	1.0
587.4598	-1.0
587.4989	-1.0
593.1548	1.0
593.19055	1.0
593.19653	-1.0
593.2254	-1.0
593.25586	-1.0
593.2757	-1.0
593.396	-1.0
597.095	1.0
597.1743	1.0
597.2317	-1.0
597.2405	-1.0
597.2564	-1.0
597.2683	-1.0
597.349	-1.0
597.3906	-1.0
