0.02264	-1.0
0.03	-1.0
0.06784	1.0
0.11068	1.0
0.137	-1.0
0.18396	-1.0
0.18952	1.0
0.20636	1.0
0.20888	1.0
0.2288	-1.0
0.2534	-1.0
0.26128	1.0
0.2924	-1.0
0.33588	-1.0
0.3562	-1.0
0.38104	-1.0
0.3842	-1.0
0.41328	1.0
0.42424	-1.0
0.44428	1.0
0.46404	-1.0
0.48752	-1.0
0.51268	-1.0
0.53416	-1.0
0.5594	-1.0
0.59508	-1.0
0.6446	-1.0
0.68416	1.0
0.71224	-1.0
0.7574	1.0
0.75996	1.0
0.78592	1.0
0.81832	-1.0
0.84452	1.0
0.88584	-1.0
0.92008	-1.0
0.94544	-1.0
0.98876	-1.0
1.0302	1.0
1.05264	-1.0
1.05852	-1.0
1.08836	-1.0
1.1228	1.0
1.15728	-1.0
1.16196	-1.0
1.1896	1.0
1.26784	-1.0
1.2912	1.0
1.3142	1.0
1.35704	-1.0
1.39748	-1.0
1.4726	-1.0
1.52924	1.0
5.40608	-1.0
5.41504	1.0
5.42656	1.0
5.42908	1.0
5.44256	-1.0
5.46712	-1.0
5.49788	1.0
5.5072	1.0
5.5302	-1.0
5.56056	1.0
5.57988	-1.0
5.617	-1.0
5.63548	-1.0
5.6652	1.0
5.69472	-1.0
5.69748	-1.0
5.73308	-1.0
5.7614	-1.0
5.79208	-1.0
5.81236	-1.0
5.82076	-1.0
5.84312	1.0
5.86672	1.0
5.89164	1.0
5.955	-1.0
5.98592	-1.0
6.01196	-1.0
6.04296	-1.0
6.093	-1.0
6.09564	-1.0
6.13328	-1.0
6.15896	-1.0
6.19	-1.0
6.22296	-1.0
6.2504	-1.0
6.27224	-1.0
6.33916	-1.0
6.38028	-1.0
6.391	1.0
6.39352	1.0
6.41948	-1.0
6.45252	-1.0
6.47292	-1.0
6.50408	1.0
6.53756	-1.0
6.61888	-1.0
6.66892	-1.0
6.70672	1.0
6.77912	-1.0
6.88972	1.0
6.89232	1.0
7.01556	1.0
7.01816	1.0
8.96116	-1.0
8.97516	1.0
9.00096	-1.0
9.03504	1.0
9.0552	1.0
9.09304	1.0
9.1196	1.0
9.14608	1.0
9.19848	-1.0
9.21964	-1.0
9.23576	-1.0
9.2686	1.0
9.2886	-1.0
9.29216	-1.0
9.31016	-1.0
9.35344	-1.0
9.37664	-1.0
9.43188	-1.0
9.45936	1.0
9.50304	1.0
9.50892	-1.0
9.5262	-1.0
9.54748	-1.0
9.60512	-1.0
9.63948	-1.0
9.68876	-1.0
9.6922	-1.0
9.73584	1.0
9.76992	1.0
9.83928	-1.0
9.86624	-1.0
9.88848	1.0
9.937	-1.0
10.01076	-1.0
10.03192	1.0
10.0918	-1.0
10.13788	-1.0
10.9036	1.0
11.71196	1.0
11.76548	-1.0
11.79776	1.0
11.80044	1.0
11.8404	1.0
11.875	-1.0
11.91344	1.0
11.96104	-1.0
11.97332	-1.0
12.0036	1.0
12.02604	-1.0
12.08424	-1.0
12.12008	-1.0
12.19976	-1.0
12.27376	-1.0
12.29724	-1.0
12.31916	1.0
12.37984	-1.0
12.43576	-1.0
12.49952	-1.0
12.5296	1.0
12.53212	1.0
12.63624	-1.0
12.70124	-1.0
12.76384	1.0
14.95028	1.0
14.9616	-1.0
14.96724	-1.0
14.99352	-1.0
15.02252	1.0
15.04744	-1.0
15.06248	1.0
15.08684	1.0
15.09656	-1.0
15.10208	-1.0
15.14176	-1.0
15.22488	-1.0
15.27312	-1.0
15.30548	1.0
15.32352	1.0
15.36068	-1.0
15.40004	-1.0
15.44604	1.0
15.46852	1.0
15.49952	-1.0
15.50304	1.0
15.53428	-1.0
15.57136	-1.0
15.63224	-1.0
15.65752	1.0
15.69272	1.0
15.70064	1.0
15.70324	1.0
15.73344	-1.0
15.78568	-1.0
15.82224	-1.0
15.85608	1.0
15.86636	1.0
15.869	1.0
15.88272	1.0
15.91568	-1.0
15.91856	-1.0
15.95424	-1.0
15.9876	-1.0
15.99708	1.0
16.03216	-1.0
16.067	-1.0
16.09264	-1.0
16.12172	-1.0
16.13712	-1.0
16.25296	-1.0
16.449	-1.0
19.38272	-1.0
19.39308	-1.0
19.41288	-1.0
19.41572	-1.0
19.43516	-1.0
19.4474	-1.0
19.45028	-1.0
19.47264	-1.0
19.49472	-1.0
19.52192	-1.0
19.54212	-1.0
19.55424	-1.0
19.58232	1.0
19.63436	-1.0
19.65968	-1.0
19.68212	1.0
19.70784	-1.0
19.73052	1.0
19.76292	-1.0
19.79636	-1.0
19.82044	-1.0
19.84532	-1.0
19.86956	-1.0
19.90368	1.0
19.91044	1.0
19.94688	-1.0
19.97708	1.0
19.99884	-1.0
20.05304	-1.0
20.05708	-1.0
20.086	1.0
20.10264	-1.0
20.12592	-1.0
20.16596	-1.0
20.1882	-1.0
20.24024	-1.0
20.25668	-1.0
20.26304	-1.0
20.28264	-1.0
20.31768	-1.0
20.3774	-1.0
20.44532	-1.0
20.46932	1.0
20.5132	-1.0
20.5462	-1.0
20.63428	-1.0
20.71592	1.0
20.8388	-1.0
24.83212	-1.0
24.8524	-1.0
24.85492	-1.0
24.92604	-1.0
24.9426	-1.0
24.94568	-1.0
24.94892	-1.0
24.9836	-1.0
25.00764	-1.0
25.02228	1.0
25.03316	1.0
25.03876	-1.0
25.06728	-1.0
25.11332	-1.0
25.13976	-1.0
25.15948	-1.0
25.17156	1.0
25.18284	-1.0
25.2014	1.0
25.23148	-1.0
25.27072	1.0
25.2966	1.0
25.3182	-1.0
25.35864	-1.0
25.37356	-1.0
25.39628	-1.0
25.40172	1.0
25.4222	-1.0
25.44092	1.0
25.47196	-1.0
25.49544	-1.0
25.52508	-1.0
25.54788	-1.0
25.58152	-1.0
25.59392	-1.0
25.61944	-1.0
25.66288	-1.0
25.67828	-1.0
25.70376	-1.0
25.73812	-1.0
25.79368	-1.0
25.82068	1.0
25.85564	-1.0
25.8896	-1.0
25.92596	-1.0
25.96976	-1.0
26.00592	-1.0
26.02908	-1.0
26.07032	-1.0
26.18536	-1.0
26.2028	-1.0
29.82916	1.0
29.8318	1.0
29.844	1.0
29.84652	1.0
29.84984	1.0
29.86548	-1.0
29.88908	-1.0
29.89864	-1.0
29.91372	1.0
29.92676	-1.0
29.95492	-1.0
29.9838	-1.0
30.0082	1.0
30.0418	-1.0
30.0566	1.0
30.08396	-1.0
30.11976	-1.0
30.14052	-1.0
30.16276	-1.0
30.18088	-1.0
30.20884	-1.0
30.23168	-1.0
30.2614	-1.0
30.30472	-1.0
30.32828	-1.0
30.35516	-1.0
30.38052	-1.0
30.41428	-1.0
30.44208	-1.0
30.47252	-1.0
30.47528	-1.0
30.50036	-1.0
30.52972	1.0
30.5528	-1.0
30.58652	-1.0
30.61496	-1.0
30.6406	1.0
30.68084	-1.0
30.70816	1.0
30.71068	1.0
30.7452	-1.0
30.77804	-1.0
30.8188	-1.0
30.91944	-1.0
30.92292	-1.0
30.98744	-1.0
31.02664	-1.0
31.07188	-1.0
31.14268	-1.0
31.17896	-1.0
31.23336	-1.0
31.28532	-1.0
31.32128	1.0
31.36316	-1.0
35.70224	-1.0
35.72344	1.0
35.72596	1.0
35.74648	-1.0
35.749	1.0
35.76692	1.0
35.78136	1.0
35.80304	1.0
35.8086	1.0
35.82332	1.0
35.84116	-1.0
35.86012	-1.0
35.8892	-1.0
35.91748	-1.0
35.94536	-1.0
35.98468	-1.0
36.00696	-1.0
36.04416	1.0
36.0624	-1.0
36.07576	-1.0
36.08852	1.0
36.09136	1.0
36.10936	-1.0
36.1358	-1.0
36.15792	-1.0
36.17592	-1.0
36.20856	-1.0
36.22528	-1.0
36.25684	-1.0
36.28264	-1.0
36.28516	-1.0
36.31204	-1.0
36.3378	-1.0
36.3648	-1.0
36.41104	-1.0
36.43248	-1.0
36.45776	-1.0
36.4864	-1.0
36.52032	-1.0
36.55296	-1.0
36.56484	-1.0
36.59328	1.0
36.63616	-1.0
36.6686	-1.0
36.69916	-1.0
36.74616	-1.0
36.78112	-1.0
36.80848	-1.0
36.84444	1.0
36.86768	1.0
36.8702	1.0
36.88696	1.0
36.90992	1.0
36.97372	-1.0
37.0544	-1.0
37.05752	-1.0
37.83724	-1.0
37.8686	-1.0
37.9208	-1.0
40.44312	-1.0
40.4496	1.0
40.45752	1.0
40.487	-1.0
40.50564	1.0
40.52456	1.0
40.546	-1.0
40.56224	-1.0
40.58268	1.0
40.66096	1.0
40.72228	-1.0
40.74884	-1.0
40.76684	-1.0
40.78168	1.0
40.81036	1.0
40.85004	-1.0
40.88604	1.0
40.91824	1.0
40.94668	-1.0
40.97844	1.0
41.02864	-1.0
41.06476	1.0
41.08904	1.0
41.12236	1.0
41.20292	-1.0
41.23092	-1.0
41.33504	-1.0
41.3596	-1.0
41.3954	-1.0
41.4316	-1.0
41.47288	-1.0
41.51116	1.0
41.55236	-1.0
44.674	1.0
44.69436	1.0
44.69688	1.0
44.7428	-1.0
44.75928	1.0
44.7722	1.0
44.79324	1.0
44.86196	1.0
44.88204	-1.0
44.90792	-1.0
44.94136	-1.0
44.9454	-1.0
44.97328	-1.0
44.99372	-1.0
45.0182	-1.0
45.05608	-1.0
45.08	-1.0
45.12248	1.0
45.12504	1.0
45.1594	-1.0
45.17916	-1.0
45.21716	-1.0
45.25132	-1.0
45.28424	-1.0
45.28736	-1.0
45.31172	-1.0
45.34416	-1.0
45.39088	1.0
45.44352	1.0
45.47144	-1.0
45.5154	-1.0
45.54112	-1.0
45.57636	-1.0
45.62084	-1.0
45.66344	-1.0
45.7424	-1.0
45.78156	1.0
45.78408	1.0
45.79004	1.0
45.84876	-1.0
45.89212	-1.0
46.00556	-1.0
46.0878	-1.0
49.25112	-1.0
49.2626	-1.0
49.27424	-1.0
49.3082	1.0
49.34276	1.0
49.36656	-1.0
49.39376	-1.0
49.43388	-1.0
49.44608	1.0
49.44948	-1.0
49.4526	1.0
49.46704	-1.0
49.48796	-1.0
49.5202	-1.0
49.57272	-1.0
49.60992	-1.0
49.6334	-1.0
49.65348	-1.0
49.6568	-1.0
49.67548	1.0
49.68204	1.0
49.68456	1.0
49.71272	-1.0
49.75212	-1.0
49.7896	-1.0
49.81548	1.0
49.818	1.0
49.84528	1.0
49.84884	-1.0
49.85488	-1.0
49.87784	1.0
49.88036	1.0
49.90544	-1.0
49.9402	-1.0
49.98836	-1.0
50.03252	-1.0
50.12432	-1.0
50.15852	1.0
50.21256	-1.0
50.25988	1.0
50.266	-1.0
50.3014	-1.0
50.30812	1.0
50.35028	-1.0
50.3686	1.0
50.40532	-1.0
50.60112	-1.0
54.46468	1.0
54.48992	-1.0
54.52576	1.0
54.60732	1.0
54.68492	-1.0
54.70592	-1.0
54.723	1.0
54.73176	1.0
54.75056	1.0
54.8322	-1.0
54.83524	-1.0
54.89092	-1.0
54.91352	1.0
54.9594	-1.0
54.99004	1.0
55.02828	-1.0
55.06148	-1.0
55.11948	-1.0
55.179	-1.0
55.20312	-1.0
55.24008	-1.0
55.28096	1.0
55.28348	1.0
55.32648	-1.0
55.38704	-1.0
55.42264	1.0
55.46736	1.0
59.57484	1.0
59.59072	-1.0
59.6086	1.0
59.62192	1.0
59.68108	1.0
59.69912	1.0
59.70164	1.0
59.73844	1.0
59.78024	-1.0
59.85968	-1.0
59.88896	1.0
59.93856	-1.0
59.97028	-1.0
59.97284	-1.0
59.9918	-1.0
60.0198	1.0
60.05436	1.0
60.08024	-1.0
60.11356	-1.0
60.14004	-1.0
60.18448	-1.0
60.24416	-1.0
60.26196	1.0
60.30652	1.0
60.34568	-1.0
60.42116	-1.0
60.45256	-1.0
60.48496	-1.0
60.5284	-1.0
60.5842	-1.0
60.59864	-1.0
60.64528	1.0
63.85204	1.0
63.87592	1.0
63.91356	1.0
63.93636	-1.0
63.93992	-1.0
64.00184	-1.0
64.04492	1.0
64.06824	-1.0
64.0776	-1.0
64.12656	-1.0
64.18964	1.0
64.20468	-1.0
64.25328	-1.0
64.28188	-1.0
64.2844	-1.0
64.30796	1.0
64.33136	-1.0
64.36412	-1.0
64.39728	-1.0
64.43692	-1.0
64.46688	-1.0
64.50412	-1.0
64.5714	1.0
64.58644	-1.0
64.5974	-1.0
64.7104	-1.0
64.71356	-1.0
64.80868	-1.0
68.25944	1.0
68.2764	-1.0
68.27936	-1.0
68.3428	-1.0
68.406	-1.0
68.45444	-1.0
68.52904	1.0
68.53304	-1.0
68.56084	-1.0
68.61424	-1.0
68.68276	-1.0
68.71864	-1.0
68.80744	1.0
68.84072	1.0
68.90144	-1.0
68.9362	1.0
68.95092	-1.0
68.95384	-1.0
69.05612	-1.0
69.19132	-1.0
69.24616	1.0
73.53312	-1.0
73.5548	-1.0
73.58988	1.0
73.61772	-1.0
73.63948	1.0
73.68564	-1.0
73.68956	-1.0
73.73372	-1.0
73.76616	-1.0
73.77316	1.0
73.81552	1.0
73.87336	-1.0
73.97128	1.0
74.00136	-1.0
74.03968	1.0
74.16016	-1.0
74.20968	1.0
74.23304	-1.0
74.24636	-1.0
74.28616	1.0
74.34432	1.0
74.43436	-1.0
74.48648	-1.0
74.49664	-1.0
74.6916	-1.0
78.49212	1.0
78.5136	-1.0
78.51652	-1.0
78.51964	-1.0
78.60696	-1.0
78.61396	-1.0
78.70648	-1.0
78.77452	-1.0
78.80172	1.0
78.80432	1.0
78.835	1.0
78.90288	1.0
78.95792	-1.0
78.97764	-1.0
78.99648	1.0
79.0524	-1.0
79.12132	1.0
79.1488	1.0
79.21788	-1.0
79.32484	-1.0
83.8774	-1.0
83.89916	-1.0
83.91096	-1.0
84.02088	-1.0
84.07832	-1.0
84.1314	1.0
84.20312	1.0
84.20576	1.0
84.23336	1.0
84.33684	-1.0
84.40188	-1.0
84.47036	-1.0
84.534	-1.0
84.6238	-1.0
84.65804	1.0
84.83492	1.0
84.92272	1.0
84.93412	-1.0
85.06724	1.0
88.38916	1.0
88.41368	-1.0
88.4864	-1.0
88.6596	1.0
88.81324	1.0
88.83928	1.0
88.8734	1.0
88.89964	1.0
88.91048	-1.0
88.95276	-1.0
88.99272	1.0
89.05244	-1.0
89.07984	1.0
89.18312	-1.0
89.24144	-1.0
89.29968	-1.0
89.52952	1.0
93.2238	-1.0
93.26324	-1.0
93.31468	1.0
93.3404	-1.0
93.39396	-1.0
93.49956	-1.0
93.558	-1.0
93.6514	1.0
93.7022	1.0
93.73272	-1.0
93.86304	-1.0
93.96644	-1.0
94.07244	-1.0
94.11752	-1.0
94.2184	-1.0
94.47676	-1.0
99.3164	1.0
99.31904	1.0
99.33136	1.0
99.33552	-1.0
99.3434	-1.0
99.37036	1.0
99.37716	1.0
99.39764	-1.0
99.41836	-1.0
99.55096	-1.0
99.6062	1.0
99.65884	1.0
99.6824	-1.0
99.7258	-1.0
99.78	-1.0
99.8102	-1.0
99.84488	-1.0
99.8478	-1.0
99.94132	1.0
99.99692	-1.0
100.02428	1.0
100.05548	1.0
100.15364	-1.0
100.26392	-1.0
100.3528	1.0
100.59532	-1.0
100.6256	-1.0
100.85244	-1.0
104.60832	-1.0
104.61824	-1.0
104.63516	-1.0
104.71872	1.0
104.85112	-1.0
104.85688	-1.0
104.97836	1.0
105.0364	-1.0
105.03892	-1.0
105.06996	-1.0
105.08836	-1.0
105.14776	-1.0
105.21076	-1.0
105.25744	-1.0
105.27632	1.0
105.29456	-1.0
105.35196	-1.0
105.47992	1.0
105.57856	-1.0
105.69744	-1.0
105.92748	-1.0
106.00368	-1.0
109.7048	1.0
109.7114	-1.0
109.72324	1.0
109.74832	1.0
109.77284	1.0
109.8118	1.0
109.88236	-1.0
109.96024	-1.0
110.01324	1.0
110.09108	1.0
110.13096	-1.0
110.47448	-1.0
110.52036	-1.0
110.63344	-1.0
110.7832	1.0
110.82944	-1.0
110.83588	-1.0
111.05832	1.0
114.8322	1.0
114.84184	1.0
114.8458	-1.0
114.85356	-1.0
114.86204	-1.0
114.90496	1.0
115.09664	1.0
115.13236	-1.0
115.152	1.0
115.17112	-1.0
115.19728	-1.0
115.28548	1.0
115.38436	-1.0
115.45376	1.0
115.63348	-1.0
115.68464	-1.0
115.68832	-1.0
115.8362	-1.0
115.877	1.0
115.94804	1.0
115.95396	1.0
116.04916	1.0
116.20572	-1.0
119.75308	-1.0
119.76676	-1.0
119.77856	1.0
119.84912	1.0
119.97152	-1.0
120.01572	-1.0
120.08672	1.0
120.14196	-1.0
120.14564	-1.0
120.32804	1.0
120.60284	-1.0
120.68724	-1.0
120.82312	1.0
121.04604	-1.0
121.23604	-1.0
121.43236	1.0
124.8776	1.0
124.88012	1.0
124.88352	-1.0
124.90396	1.0
124.90648	1.0
125.01428	-1.0
125.06696	-1.0
125.10684	-1.0
125.13132	-1.0
125.13448	-1.0
125.13936	-1.0
125.28748	-1.0
125.32508	-1.0
125.49468	-1.0
125.7636	-1.0
125.86596	-1.0
125.97324	1.0
126.27428	-1.0
126.2774	-1.0
126.44396	-1.0
130.60097	-1.0
130.60756	1.0
130.63556	-1.0
130.63911	-1.0
130.69864	1.0
130.70673	-1.0
130.72649	1.0
130.94876	1.0
131.01472	1.0
131.0252	-1.0
131.34004	1.0
131.34296	1.0
131.61316	1.0
131.6494	1.0
131.65596	1.0
131.72188	-1.0
132.05943	-1.0
132.1064	-1.0
132.24297	-1.0
136.49544	-1.0
136.51656	1.0
136.52129	-1.0
136.52773	-1.0
136.55716	1.0
136.5718	1.0
136.57504	-1.0
136.61232	-1.0
136.82584	-1.0
136.915	1.0
136.9644	1.0
136.96704	-1.0
137.33807	1.0
137.36716	-1.0
137.3706	-1.0
137.52933	1.0
138.121	1.0
142.45444	-1.0
142.46548	1.0
142.47856	1.0
142.4912	-1.0
142.4992	1.0
142.52336	-1.0
142.56256	1.0
142.60509	-1.0
142.64967	-1.0
142.6796	-1.0
142.74132	-1.0
142.81096	1.0
142.88132	1.0
142.892	1.0
142.94672	1.0
143.21492	-1.0
143.31648	1.0
143.813	-1.0
144.23552	-1.0
144.57928	-1.0
148.02383	-1.0
148.69363	1.0
148.70084	1.0
148.72536	-1.0
148.73895	-1.0
148.74364	-1.0
148.76135	-1.0
148.92328	-1.0
148.94772	-1.0
149.02316	1.0
149.124	-1.0
149.14912	-1.0
149.25092	1.0
149.28072	-1.0
149.4198	-1.0
149.48592	-1.0
149.59828	-1.0
150.40865	-1.0
153.71275	1.0
153.72264	1.0
153.74615	1.0
153.78368	1.0
153.83128	1.0
153.84924	1.0
153.85667	1.0
153.98769	1.0
154.0122	-1.0
154.24435	-1.0
154.30585	-1.0
154.36092	-1.0
154.56168	1.0
154.5642	1.0
154.64896	-1.0
154.81471	-1.0
155.11903	-1.0
159.97269	-1.0
159.9942	-1.0
160.02148	-1.0
160.07704	1.0
160.09676	1.0
160.11668	-1.0
160.12357	-1.0
160.1724	-1.0
160.19997	-1.0
160.2062	-1.0
160.25052	-1.0
160.35245	-1.0
160.4008	1.0
160.5068	-1.0
160.59412	-1.0
160.78893	1.0
161.03868	1.0
161.131	-1.0
161.22284	-1.0
161.5344	1.0
166.26135	-1.0
166.26411	-1.0
166.2684	1.0
166.28452	1.0
166.3542	1.0
166.38116	-1.0
166.42432	1.0
166.43813	-1.0
166.5582	1.0
166.5826	-1.0
166.64296	-1.0
166.647	1.0
166.80464	1.0
166.88844	-1.0
166.93248	1.0
167.02235	1.0
167.11948	-1.0
167.31853	1.0
167.64008	-1.0
167.99576	1.0
168.01292	-1.0
172.91467	1.0
172.93596	-1.0
172.96008	-1.0
172.97269	1.0
172.99876	1.0
173.05003	1.0
173.11584	1.0
173.29872	-1.0
173.336	-1.0
173.55708	-1.0
174.24709	1.0
179.05563	-1.0
179.08168	-1.0
179.10435	1.0
179.19373	-1.0
179.232	-1.0
179.47188	1.0
179.56628	-1.0
179.63892	-1.0
179.67668	1.0
179.94012	-1.0
180.29208	-1.0
184.82936	-1.0
184.85023	1.0
184.85275	1.0
184.86336	-1.0
184.86804	1.0
184.91116	-1.0
184.9668	1.0
185.05132	1.0
185.1592	-1.0
185.2324	1.0
185.2928	1.0
185.40596	-1.0
185.52936	1.0
185.60156	-1.0
185.72353	-1.0
185.8034	-1.0
185.99297	1.0
186.43855	-1.0
190.22604	-1.0
190.2482	-1.0
190.2542	1.0
190.30348	1.0
190.31049	1.0
190.38023	-1.0
190.39745	-1.0
190.77435	1.0
190.80756	-1.0
191.33752	1.0
191.34004	1.0
191.5314	-1.0
196.0574	1.0
196.16956	-1.0
196.34212	1.0
196.41953	-1.0
196.553	-1.0
196.72153	-1.0
197.00893	1.0
201.9468	1.0
201.98367	1.0
202.0006	1.0
202.0182	1.0
202.03136	1.0
202.28532	-1.0
202.36444	-1.0
202.4612	1.0
202.63976	-1.0
202.92113	-1.0
202.9802	1.0
207.84056	-1.0
207.8454	1.0
207.86543	-1.0
207.90411	1.0
207.90804	-1.0
207.92451	-1.0
207.94437	-1.0
207.9504	-1.0
208.0336	-1.0
208.03967	1.0
208.1016	1.0
208.17288	-1.0
208.1758	1.0
208.24768	-1.0
208.3204	1.0
208.3582	-1.0
208.56628	1.0
208.70708	1.0
209.12932	-1.0
209.16656	-1.0
209.21484	-1.0
209.2234	1.0
213.71672	1.0
213.72964	1.0
213.75935	-1.0
214.0684	-1.0
214.23116	1.0
214.34288	-1.0
214.50597	-1.0
214.70564	-1.0
215.08792	1.0
219.31128	-1.0
219.31648	1.0
219.33385	-1.0
219.39928	1.0
219.42493	1.0
219.44595	-1.0
219.4838	-1.0
219.51791	1.0
219.59152	1.0
219.75688	-1.0
219.89056	-1.0
219.91512	1.0
220.03831	1.0
220.05548	-1.0
220.1114	-1.0
220.24576	1.0
220.47437	-1.0
220.5466	1.0
225.27724	1.0
225.29909	1.0
225.30168	1.0
225.34332	1.0
225.35368	1.0
225.37177	-1.0
225.37672	1.0
225.38988	1.0
225.67136	-1.0
226.17628	1.0
226.37636	-1.0
226.4018	-1.0
230.78915	1.0
230.79349	-1.0
230.81036	1.0
230.8144	1.0
230.87212	-1.0
230.97868	-1.0
231.05585	-1.0
231.19797	-1.0
231.321	-1.0
231.48473	-1.0
231.6254	-1.0
231.74472	1.0
232.19676	1.0
236.62872	-1.0
236.647	-1.0
236.68776	-1.0
236.72144	1.0
236.74776	-1.0
236.75064	-1.0
236.82892	1.0
236.91203	-1.0
236.9846	1.0
237.02888	-1.0
237.29292	-1.0
237.3076	1.0
237.349	-1.0
237.71127	-1.0
237.8932	1.0
238.02847	-1.0
242.17207	-1.0
242.17792	-1.0
242.20076	-1.0
242.29568	-1.0
242.32117	1.0
242.43716	-1.0
242.52472	1.0
242.66753	-1.0
242.84752	-1.0
242.86868	-1.0
242.8788	-1.0
242.8842	-1.0
243.48088	-1.0
248.6602	1.0
248.66373	-1.0
248.66933	1.0
248.673	-1.0
248.67932	-1.0
248.72205	-1.0
248.74788	-1.0
248.81104	-1.0
248.82608	-1.0
248.99144	-1.0
249.11967	-1.0
249.2724	1.0
249.72269	1.0
249.86644	1.0
255.015	-1.0
255.0206	1.0
255.06604	1.0
255.11356	-1.0
255.21548	-1.0
255.292	1.0
255.29512	-1.0
255.34988	1.0
255.42548	-1.0
255.51875	-1.0
255.66812	-1.0
255.73412	-1.0
255.79144	-1.0
256.42673	-1.0
260.24313	-1.0
260.26028	1.0
260.2792	-1.0
260.2838	1.0
260.28632	-1.0
260.334	-1.0
260.36664	-1.0
260.4396	-1.0
260.54877	-1.0
260.5536	1.0
260.60092	1.0
260.6519	-1.0
260.71136	1.0
260.77148	-1.0
260.90976	1.0
260.91248	1.0
260.9251	-1.0
261.08813	-1.0
261.4175	1.0
261.4301	1.0
261.5381	1.0
265.73135	1.0
265.7502	-1.0
265.83167	1.0
265.8695	1.0
265.9219	-1.0
265.93463	1.0
266.02332	1.0
266.18167	-1.0
266.22684	1.0
266.24863	-1.0
266.34503	-1.0
266.37555	1.0
266.7874	-1.0
266.8359	1.0
271.3306	-1.0
271.3356	-1.0
271.351	-1.0
271.3726	1.0
271.4144	-1.0
271.4749	-1.0
271.48947	1.0
271.54517	-1.0
271.57065	1.0
271.60736	1.0
271.7441	1.0
271.74667	1.0
271.82837	1.0
271.8896	1.0
272.01355	-1.0
272.2518	-1.0
272.31137	1.0
274.87723	-1.0
274.88153	1.0
275.187	1.0
275.3374	1.0
275.4582	-1.0
281.39886	1.0
281.41696	-1.0
281.43683	1.0
281.4394	-1.0
281.60483	1.0
281.6342	-1.0
281.86407	-1.0
281.86667	-1.0
282.11508	-1.0
282.1609	1.0
282.21027	1.0
282.2486	-1.0
282.3076	-1.0
282.3543	-1.0
282.44305	-1.0
282.453	1.0
286.4495	1.0
286.5658	-1.0
286.62048	-1.0
286.63113	-1.0
286.685	-1.0
286.7214	-1.0
286.73416	1.0
286.81757	1.0
286.8521	-1.0
286.93365	1.0
286.99677	-1.0
287.0555	-1.0
290.05023	-1.0
290.06616	1.0
290.223	-1.0
290.432	-1.0
290.4849	1.0
290.77524	1.0
295.4868	-1.0
295.53113	-1.0
295.55765	-1.0
295.57065	1.0
295.57816	1.0
295.7369	1.0
296.0952	1.0
296.1564	1.0
296.16302	1.0
296.18533	-1.0
296.2983	1.0
296.36084	1.0
300.44128	1.0
300.6356	1.0
300.64508	-1.0
300.74072	1.0
300.8954	-1.0
300.97076	-1.0
301.15073	1.0
301.17776	1.0
301.39008	-1.0
305.50812	-1.0
305.51236	-1.0
305.581	1.0
305.65915	1.0
305.7944	1.0
305.93555	1.0
306.0314	-1.0
306.10153	-1.0
306.61313	-1.0
310.285	-1.0
310.34003	1.0
310.3686	1.0
310.4813	-1.0
310.48892	-1.0
310.6066	-1.0
310.64984	-1.0
310.9282	-1.0
310.99197	-1.0
311.20648	-1.0
315.9406	1.0
315.98547	-1.0
316.0439	-1.0
316.1287	-1.0
316.21927	1.0
316.4048	-1.0
321.0222	1.0
321.0332	-1.0
321.24185	-1.0
321.5543	-1.0
321.6053	-1.0
321.70395	1.0
321.81763	-1.0
321.9181	-1.0
325.94748	-1.0
325.98193	-1.0
326.00043	1.0
326.10367	-1.0
326.1065	-1.0
326.13135	-1.0
326.53305	1.0
326.68292	-1.0
326.84735	-1.0
327.0468	1.0
331.82544	-1.0
331.8637	-1.0
331.8782	1.0
332.05225	-1.0
332.30576	1.0
332.35544	-1.0
332.4562	-1.0
332.47385	1.0
332.52216	-1.0
338.19736	-1.0
338.20013	-1.0
338.22855	-1.0
338.23685	1.0
338.29587	-1.0
338.3589	1.0
338.398	1.0
338.55164	-1.0
338.56857	1.0
338.60013	-1.0
338.71948	-1.0
338.83096	-1.0
338.8696	1.0
338.96515	1.0
339.03583	1.0
343.23108	-1.0
343.23383	-1.0
343.2522	1.0
343.2927	-1.0
343.47052	1.0
343.69025	-1.0
343.8337	-1.0
343.93143	-1.0
344.01093	1.0
344.02808	1.0
344.597	-1.0
348.63196	-1.0
348.6458	1.0
348.66144	1.0
348.85413	-1.0
348.8947	-1.0
348.96555	-1.0
349.09988	-1.0
349.33527	-1.0
353.621	1.0
353.64813	1.0
353.8022	1.0
353.8456	-1.0
354.0606	1.0
354.07245	1.0
354.13092	1.0
354.63275	1.0
354.63528	1.0
358.48737	-1.0
358.51492	-1.0
358.66776	-1.0
359.02347	1.0
359.05887	-1.0
363.46893	1.0
363.48663	-1.0
363.57556	1.0
363.58585	1.0
363.65152	-1.0
363.69025	-1.0
363.73065	-1.0
363.79895	-1.0
363.86105	1.0
363.91385	1.0
363.93503	-1.0
364.0461	-1.0
364.27527	1.0
364.2813	-1.0
364.32416	-1.0
368.45413	1.0
368.50217	1.0
368.53915	-1.0
368.61893	1.0
368.9096	1.0
369.0075	-1.0
369.1585	-1.0
373.179	1.0
373.21915	1.0
373.2909	1.0
373.3698	1.0
373.44485	1.0
373.47812	1.0
373.53693	-1.0
373.66135	-1.0
373.67557	-1.0
373.6979	-1.0
378.02353	1.0
378.0596	-1.0
378.12543	1.0
378.14603	1.0
378.15167	-1.0
378.15955	1.0
378.21408	-1.0
378.57465	-1.0
378.62735	1.0
378.64233	-1.0
383.04724	-1.0
383.056	1.0
383.07352	1.0
383.1247	1.0
383.14032	-1.0
383.32205	-1.0
383.33264	1.0
383.44812	1.0
383.46695	1.0
383.6065	1.0
383.6536	1.0
383.7805	-1.0
388.0789	-1.0
388.1844	-1.0
388.45157	-1.0
388.69693	1.0
388.76843	1.0
388.95883	-1.0
392.77563	-1.0
392.8006	1.0
392.88657	1.0
392.93555	-1.0
392.9885	-1.0
393.03412	-1.0
393.16217	1.0
393.29257	-1.0
393.4493	-1.0
393.5132	-1.0
393.64413	-1.0
393.7505	1.0
397.24173	1.0
397.27933	1.0
397.2979	-1.0
397.42444	1.0
397.53836	-1.0
397.77655	-1.0
397.81537	1.0
397.8706	-1.0
402.15668	1.0
402.1592	1.0
402.18292	1.0
402.20847	1.0
402.2488	-1.0
402.42447	-1.0
402.46344	-1.0
402.55588	-1.0
402.57495	1.0
402.6247	-1.0
402.6908	-1.0
402.73203	-1.0
402.77884	-1.0
402.86093	-1.0
402.9054	-1.0
402.909	-1.0
407.49033	-1.0
407.5062	1.0
407.51065	1.0
407.53967	1.0
407.55017	1.0
407.64548	1.0
407.6617	-1.0
407.71777	-1.0
407.72748	-1.0
407.79037	1.0
407.82645	1.0
407.84045	1.0
407.84296	1.0
407.90277	1.0
407.9749	-1.0
408.01544	1.0
408.07773	-1.0
408.1661	-1.0
408.24265	-1.0
411.82648	1.0
411.83615	-1.0
411.8774	1.0
411.8882	-1.0
411.90253	-1.0
411.92764	-1.0
411.99576	-1.0
412.00333	1.0
412.0391	1.0
412.13275	-1.0
412.20547	1.0
412.2123	-1.0
412.2746	1.0
412.3356	1.0
412.4284	-1.0
416.63284	-1.0
416.66953	-1.0
416.74332	1.0
416.81528	-1.0
416.89307	-1.0
416.9242	1.0
417.01724	1.0
417.0843	1.0
417.0868	1.0
417.1354	-1.0
417.18365	-1.0
417.2268	-1.0
417.35544	-1.0
417.44244	-1.0
421.28244	-1.0
421.3132	-1.0
421.31848	-1.0
421.3318	1.0
421.33676	-1.0
421.34744	1.0
421.34995	1.0
421.40714	-1.0
421.44217	-1.0
421.54752	-1.0
421.574	1.0
421.59024	1.0
421.63565	-1.0
421.6775	1.0
421.70465	-1.0
421.71136	1.0
421.71387	1.0
421.82895	1.0
421.88617	1.0
421.88867	1.0
421.92307	-1.0
421.9719	1.0
422.01593	1.0
422.09	-1.0
425.7029	-1.0
425.71515	-1.0
425.7342	1.0
425.7522	-1.0
425.7723	1.0
425.79547	-1.0
425.85516	1.0
425.9345	-1.0
425.9374	-1.0
425.96323	1.0
425.9699	1.0
426.0539	1.0
426.12585	1.0
426.2109	1.0
426.23328	-1.0
426.35495	-1.0
426.4214	1.0
426.47552	1.0
429.6506	1.0
429.68707	1.0
429.70773	1.0
429.7685	1.0
429.80792	-1.0
429.8638	-1.0
429.90125	1.0
429.90375	1.0
429.9969	1.0
430.0449	1.0
430.09637	1.0
430.11395	1.0
430.1165	1.0
430.17215	-1.0
430.20633	-1.0
430.27512	-1.0
433.6664	1.0
433.66937	-1.0
433.68912	-1.0
433.70135	1.0
433.70648	1.0
433.72256	1.0
433.72717	1.0
433.73755	1.0
433.79437	1.0
433.82187	1.0
433.84564	-1.0
433.88785	1.0
433.9442	1.0
433.9981	-1.0
434.0392	-1.0
434.0747	1.0
434.099	1.0
434.13828	-1.0
434.16837	-1.0
434.2017	-1.0
434.20532	-1.0
434.26227	1.0
434.2648	1.0
434.29593	-1.0
434.3723	-1.0
434.41837	-1.0
437.4691	-1.0
437.5581	-1.0
437.64023	1.0
437.67172	1.0
437.715	1.0
437.76303	1.0
437.84772	-1.0
437.8723	1.0
437.89105	-1.0
437.95197	1.0
437.95517	-1.0
438.0559	-1.0
438.09387	1.0
438.13608	1.0
442.4799	-1.0
442.50287	-1.0
442.50592	1.0
442.51273	1.0
442.52133	1.0
442.52527	-1.0
442.53802	1.0
442.5771	1.0
442.60455	-1.0
442.6453	-1.0
442.6688	-1.0
442.69675	-1.0
442.7244	1.0
442.75336	1.0
442.7927	-1.0
442.8099	1.0
442.8232	-1.0
442.8696	-1.0
442.90228	-1.0
442.94467	-1.0
442.9784	-1.0
443.00583	1.0
443.00916	-1.0
443.03085	-1.0
443.07504	-1.0
443.11035	-1.0
443.1362	-1.0
443.21265	-1.0
443.2762	-1.0
443.33307	-1.0
446.3526	1.0
446.3552	1.0
446.39157	-1.0
446.40375	1.0
446.44052	1.0
446.47015	-1.0
446.54163	-1.0
446.58807	-1.0
446.6562	-1.0
446.67297	-1.0
446.71576	-1.0
446.78516	-1.0
446.8325	1.0
446.89233	1.0
446.95132	-1.0
450.3928	1.0
450.41653	-1.0
450.41943	-1.0
450.44827	1.0
450.45856	1.0
450.46875	1.0
450.4734	-1.0
450.4959	1.0
450.5049	-1.0
450.54565	-1.0
450.58487	1.0
450.5875	1.0
450.6308	-1.0
450.65424	1.0
450.6789	1.0
450.71875	-1.0
450.74805	-1.0
450.7985	-1.0
450.83817	-1.0
450.87085	-1.0
450.91245	-1.0
450.9817	-1.0
451.076	1.0
451.14664	1.0
453.91055	-1.0
453.95248	1.0
453.96896	1.0
453.9773	-1.0
453.981	1.0
453.99475	1.0
454.03937	-1.0
454.04236	-1.0
454.05856	-1.0
454.078	1.0
454.0949	1.0
454.14755	-1.0
454.16956	1.0
454.19797	1.0
454.20047	1.0
454.22992	-1.0
454.25156	-1.0
454.2839	1.0
454.28644	1.0
454.32056	-1.0
454.35883	-1.0
454.38223	-1.0
454.41052	-1.0
454.44547	-1.0
454.47467	-1.0
454.5117	-1.0
454.54788	1.0
454.5504	1.0
454.64145	1.0
457.45923	-1.0
457.4889	1.0
457.52457	-1.0
457.53397	1.0
457.56647	1.0
457.5776	-1.0
457.63168	-1.0
457.67517	-1.0
457.70325	-1.0
457.7657	-1.0
457.80685	-1.0
457.85803	-1.0
457.90396	1.0
457.96304	1.0
458.0431	-1.0
458.15033	1.0
460.70755	1.0
460.7347	-1.0
460.7618	-1.0
460.78036	-1.0
460.79315	1.0
460.80832	1.0
460.85977	1.0
460.8792	1.0
460.9006	-1.0
460.9571	-1.0
461.00064	-1.0
461.06403	1.0
461.10007	1.0
461.1026	-1.0
461.14468	-1.0
461.18564	-1.0
461.20596	1.0
461.24307	-1.0
461.277	-1.0
461.3432	-1.0
464.17993	1.0
464.20123	1.0
464.21393	1.0
464.22552	1.0
464.23376	1.0
464.23743	-1.0
464.24747	-1.0
464.27615	1.0
464.2787	1.0
464.29495	1.0
464.3002	1.0
464.33032	-1.0
464.37448	1.0
464.43793	-1.0
464.46152	-1.0
464.49146	-1.0
464.5219	1.0
464.55652	-1.0
464.60263	-1.0
464.62357	-1.0
464.6476	-1.0
464.67468	-1.0
464.7146	1.0
467.67505	-1.0
467.69437	1.0
467.71896	1.0
467.72275	-1.0
467.73117	1.0
467.74487	1.0
467.77115	-1.0
467.78464	-1.0
467.79324	1.0
467.81015	1.0
467.81268	1.0
467.83643	1.0
467.85257	-1.0
467.896	-1.0
467.9291	1.0
467.9367	-1.0
467.95856	-1.0
468.01755	-1.0
468.0615	-1.0
468.08243	1.0
468.1094	-1.0
468.14285	1.0
468.16965	-1.0
468.20047	-1.0
468.2882	-1.0
470.95657	-1.0
470.98495	-1.0
471.00903	-1.0
471.0134	1.0
471.03003	1.0
471.0478	-1.0
471.05673	-1.0
471.07803	1.0
471.0992	-1.0
471.12076	-1.0
471.151	1.0
471.19345	1.0
471.19595	1.0
471.22906	-1.0
471.2456	-1.0
471.27045	-1.0
471.3167	1.0
471.3753	1.0
471.40952	-1.0
471.46167	1.0
471.49197	1.0
471.52628	1.0
473.90897	-1.0
473.93576	1.0
473.96704	1.0
473.97372	-1.0
474.01788	1.0
474.04507	1.0
474.064	1.0
474.07632	1.0
474.12973	1.0
474.16483	-1.0
474.2032	-1.0
474.22464	-1.0
474.28024	1.0
474.3208	1.0
474.35526	-1.0
474.44263	-1.0
474.4999	-1.0
476.91476	1.0
476.9372	-1.0
476.95563	-1.0
476.97827	1.0
476.99167	1.0
477.02695	-1.0
477.0297	-1.0
477.07056	-1.0
477.09943	-1.0
477.13824	-1.0
477.1636	-1.0
477.2368	-1.0
477.27023	-1.0
477.3113	1.0
477.3615	-1.0
477.41083	-1.0
479.8169	1.0
479.84277	-1.0
479.8709	1.0
479.88977	-1.0
479.89227	-1.0
479.91663	1.0
479.91916	1.0
479.92816	-1.0
479.9504	1.0
479.95996	1.0
480.0273	1.0
480.02985	1.0
480.06436	1.0
480.0898	-1.0
480.12524	-1.0
480.1528	-1.0
480.22305	1.0
480.25513	-1.0
480.30115	-1.0
480.33743	-1.0
482.4912	-1.0
482.5309	-1.0
482.53427	-1.0
482.552	1.0
482.61124	-1.0
482.62973	-1.0
482.6766	1.0
482.7194	-1.0
482.75146	-1.0
482.789	-1.0
482.82928	-1.0
482.875	-1.0
485.72415	-1.0
485.75085	-1.0
485.76685	-1.0
485.77325	1.0
485.78433	1.0
485.80936	-1.0
485.85825	-1.0
485.88953	-1.0
485.90863	-1.0
485.9413	-1.0
485.96683	-1.0
485.99652	1.0
486.0522	-1.0
486.0678	1.0
486.08887	-1.0
486.11984	-1.0
486.23416	-1.0
486.30035	-1.0
489.03036	1.0
489.0761	1.0
489.104	-1.0
489.1083	1.0
489.1436	-1.0
489.15207	1.0
489.1739	-1.0
489.1816	1.0
489.20673	-1.0
489.22464	-1.0
489.23248	-1.0
489.24713	-1.0
489.26715	-1.0
489.3026	-1.0
489.32516	-1.0
489.32797	-1.0
489.376	-1.0
489.43665	-1.0
489.4821	-1.0
489.53824	1.0
489.62695	1.0
489.6922	-1.0
492.6678	-1.0
492.6975	1.0
492.7162	1.0
492.7217	1.0
492.73163	-1.0
492.74423	1.0
492.75073	1.0
492.75848	1.0
492.7787	1.0
492.78903	-1.0
492.8015	-1.0
492.83698	1.0
492.87753	1.0
492.90228	-1.0
492.9593	-1.0
492.9981	-1.0
493.03857	-1.0
493.05713	-1.0
493.08353	-1.0
493.12024	1.0
493.12277	1.0
493.14865	1.0
493.1824	-1.0
493.20953	-1.0
493.24408	-1.0
495.4441	-1.0
495.48325	-1.0
495.51617	-1.0
495.5188	-1.0
495.53632	1.0
495.53885	1.0
495.5588	-1.0
495.591	-1.0
495.62427	-1.0
495.6382	1.0
495.6607	-1.0
495.68912	-1.0
495.7122	-1.0
495.86087	-1.0
498.48267	-1.0
498.51093	-1.0
498.52808	1.0
498.5442	-1.0
498.54953	1.0
498.57224	1.0
498.58212	1.0
498.6078	1.0
498.62616	-1.0
498.68408	-1.0
498.7158	1.0
498.73984	-1.0
498.80795	1.0
498.87936	-1.0
498.95657	-1.0
498.9766	-1.0
503.91705	1.0
503.94507	1.0
503.9492	-1.0
503.95377	-1.0
503.96423	1.0
503.9704	1.0
504.00266	-1.0
504.022	1.0
504.0317	-1.0
504.05276	-1.0
504.06723	-1.0
504.1044	1.0
504.10693	1.0
504.15765	1.0
504.21753	1.0
504.24063	1.0
504.2764	1.0
504.27893	1.0
504.29224	-1.0
504.323	-1.0
504.34528	1.0
504.37415	1.0
504.4022	1.0
504.42972	-1.0
504.46512	-1.0
504.51953	-1.0
504.54767	1.0
504.72083	-1.0
506.89703	-1.0
506.92072	-1.0
506.94977	1.0
506.9602	1.0
506.97693	1.0
507.01587	1.0
507.01843	1.0
507.03943	-1.0
507.10135	1.0
507.1148	1.0
507.13037	-1.0
507.2479	-1.0
509.37784	-1.0
509.41092	1.0
509.43137	-1.0
509.43408	-1.0
509.45853	-1.0
509.47012	1.0
509.51505	-1.0
509.5667	1.0
509.67825	-1.0
509.7066	-1.0
512.5588	1.0
512.5999	1.0
512.6288	-1.0
512.65955	1.0
512.6905	1.0
512.69305	1.0
512.71735	1.0
512.7423	1.0
512.759	1.0
512.7615	1.0
512.8063	-1.0
512.85046	-1.0
512.90967	1.0
515.3357	1.0
515.33936	-1.0
515.3554	-1.0
515.35803	-1.0
515.3821	1.0
515.3846	1.0
515.4194	1.0
515.4739	-1.0
515.5017	-1.0
515.52954	1.0
515.53345	-1.0
515.5569	-1.0
515.5776	-1.0
515.6304	-1.0
518.21014	1.0
518.3155	1.0
518.3326	-1.0
518.35626	1.0
518.3872	-1.0
518.4302	1.0
518.4328	1.0
518.4719	-1.0
518.51965	-1.0
518.54425	1.0
518.5734	-1.0
518.6291	1.0
518.6316	1.0
521.36066	1.0
521.4044	-1.0
521.4433	-1.0
521.49817	1.0
521.5075	1.0
521.5128	-1.0
521.5314	-1.0
521.5607	1.0
521.6032	-1.0
521.65686	-1.0
522.26935	-1.0
524.17224	1.0
524.20795	-1.0
524.23315	1.0
524.2358	1.0
524.2462	1.0
524.30194	1.0
524.3227	1.0
524.332	1.0
524.3641	1.0
524.3946	1.0
524.45966	1.0
524.5014	-1.0
526.705	-1.0
526.75134	-1.0
526.7835	-1.0
526.8024	1.0
526.8136	1.0
526.82074	-1.0
526.8349	1.0
526.8379	-1.0
526.85156	-1.0
526.8662	1.0
526.87335	-1.0
526.8762	-1.0
526.8901	1.0
526.9378	-1.0
530.08136	1.0
530.11096	-1.0
530.1335	1.0
530.1596	-1.0
530.2022	1.0
530.26855	-1.0
530.32605	-1.0
530.3679	-1.0
530.4057	-1.0
532.82166	-1.0
533.5292	-1.0
533.56757	-1.0
533.60956	-1.0
533.63525	-1.0
533.64825	-1.0
533.6614	-1.0
533.688	-1.0
533.7172	-1.0
533.78595	1.0
535.84955	1.0
535.957	-1.0
536.0205	-1.0
536.28204	1.0
536.3117	-1.0
536.3472	-1.0
536.36127	1.0
536.4079	1.0
536.4883	-1.0
538.3916	-1.0
538.4556	-1.0
538.4828	-1.0
538.48895	1.0
538.49786	-1.0
538.52856	1.0
538.549	1.0
538.5965	-1.0
538.64307	-1.0
541.91113	-1.0
541.9539	1.0
541.97003	1.0
541.97363	1.0
541.9884	-1.0
542.00586	-1.0
542.0385	-1.0
542.0584	-1.0
542.0805	-1.0
542.1794	-1.0
544.52905	-1.0
547.00726	-1.0
547.0502	1.0
547.0697	1.0
547.08716	1.0
547.11127	1.0
547.1512	-1.0
547.20715	1.0
547.24274	1.0
547.29205	1.0
547.3669	-1.0
551.8036	1.0
551.83844	1.0
551.8866	-1.0
551.8897	-1.0
551.92914	-1.0
552.02466	-1.0
556.0039	1.0
556.0543	1.0
556.0697	-1.0
556.0818	1.0
556.10266	1.0
556.1058	-1.0
556.1752	-1.0
556.21783	1.0
559.7812	-1.0
559.8107	-1.0
559.9153	1.0
559.9802	-1.0
562.8162	1.0
562.8392	-1.0
562.9048	1.0
562.93835	1.0
562.9409	1.0
562.9572	1.0
562.9707	1.0
562.98334	1.0
563.0062	-1.0
563.0747	1.0
563.1724	-1.0
567.1689	1.0
567.20953	-1.0
567.2127	-1.0
567.2366	1.0
567.31146	-1.0
567.3502	1.0
574.85803	-1.0
574.87195	-1.0
574.90106	-1.0
574.9405	1.0
575.007	1.0
575.0415	-1.0
575.08453	-1.0
578.55054	1.0
578.6091	-1.0
578.61707	1.0
578.7137	-1.0
581.9173	-1.0
581.9454	-1.0
581.95996	-1.0
581.9862	-1.0
586.7742	1.0
586.87225	-1.0
586.8869	-1.0
586.9294	-1.0
586.98627	-1.0
593.19275	1.0
593.2321	-1.0
593.2351	1.0
593.27576	-1.0
593.3614	-1.0
597.1888	-1.0
597.19354	-1.0
597.23364	1.0
597.2546	-1.0
597.3158	1.0
