0.005	-1.0
0.00848	-1.0
0.03076	-1.0
0.0514	-1.0
0.0994	-1.0
0.16448	-1.0
0.18468	-1.0
0.1902	-1.0
0.22892	-1.0
0.24952	-1.0
0.25532	-1.0
0.33992	-1.0
0.4	-1.0
0.42536	-1.0
0.45692	-1.0
0.5314	-1.0
0.64632	-1.0
0.7978	-1.0
0.82912	-1.0
0.88448	1.0
1.27244	1.0
1.37532	-1.0
1.39136	-1.0
1.47768	-1.0
1.60792	1.0
5.35656	-1.0
5.36912	-1.0
5.39544	-1.0
5.40248	-1.0
5.43456	-1.0
5.44028	-1.0
5.47144	-1.0
5.49148	-1.0
5.5116	-1.0
5.51888	1.0
5.52532	-1.0
5.56068	-1.0
5.57112	-1.0
5.62288	-1.0
5.62896	1.0
5.63268	-1.0
5.6448	-1.0
5.69992	-1.0
5.71844	-1.0
5.76072	1.0
5.78444	-1.0
5.81888	-1.0
5.84656	-1.0
5.89028	-1.0
5.93824	-1.0
6.04384	-1.0
6.21004	-1.0
6.2888	-1.0
6.30908	-1.0
6.47536	-1.0
6.50096	1.0
6.67468	-1.0
6.71196	-1.0
6.7352	-1.0
6.82512	-1.0
6.89624	1.0
7.0948	1.0
7.11808	-1.0
8.98184	-1.0
8.99024	-1.0
9.00556	-1.0
9.02904	-1.0
9.04712	-1.0
9.053	-1.0
9.067	-1.0
9.0962	-1.0
9.10424	-1.0
9.11504	-1.0
9.12032	-1.0
9.1314	-1.0
9.14904	-1.0
9.16544	-1.0
9.20652	-1.0
9.22972	-1.0
9.25216	-1.0
9.26576	-1.0
9.33804	-1.0
9.34948	-1.0
9.35644	1.0
9.37088	-1.0
9.42096	-1.0
9.45096	1.0
9.57904	-1.0
9.6728	1.0
9.67552	-1.0
9.72144	-1.0
9.77292	-1.0
9.8232	-1.0
9.86012	-1.0
10.1404	-1.0
10.85376	-1.0
11.16212	-1.0
11.573	-1.0
11.7096	-1.0
11.71268	-1.0
11.761	-1.0
11.78304	-1.0
11.83512	-1.0
11.92568	-1.0
11.94744	-1.0
11.96244	-1.0
12.08692	-1.0
12.11176	-1.0
12.15736	-1.0
12.37096	-1.0
12.51544	-1.0
14.90236	-1.0
14.92436	-1.0
14.94608	-1.0
14.9532	1.0
14.96836	-1.0
14.98096	-1.0
14.9924	-1.0
14.99892	-1.0
15.01324	-1.0
15.01752	1.0
15.02104	-1.0
15.04088	-1.0
15.07388	-1.0
15.08432	-1.0
15.10752	-1.0
15.16052	-1.0
15.19956	-1.0
15.26552	-1.0
15.31964	1.0
15.3264	-1.0
15.3854	-1.0
15.41824	-1.0
15.42176	-1.0
15.50468	1.0
15.5674	-1.0
15.61668	-1.0
15.69004	-1.0
15.706	-1.0
15.7418	-1.0
15.77148	1.0
15.79128	1.0
15.83328	-1.0
15.95588	-1.0
16.0056	-1.0
16.0764	-1.0
16.18396	-1.0
16.45336	-1.0
16.46408	-1.0
19.3246	-1.0
19.32832	-1.0
19.34124	-1.0
19.35544	-1.0
19.3694	-1.0
19.38808	-1.0
19.40904	1.0
19.41172	-1.0
19.4184	1.0
19.4342	-1.0
19.44132	-1.0
19.45276	-1.0
19.4596	-1.0
19.50388	-1.0
19.5112	-1.0
19.63004	-1.0
19.67812	1.0
19.6844	-1.0
19.71504	-1.0
19.72324	-1.0
19.73572	-1.0
19.74348	1.0
19.765	-1.0
19.78604	-1.0
19.79024	-1.0
19.85876	-1.0
20.09436	-1.0
20.21492	1.0
20.28784	-1.0
20.38324	-1.0
20.55408	-1.0
20.65532	-1.0
20.76688	-1.0
20.83236	-1.0
20.98564	-1.0
24.80904	-1.0
24.83204	-1.0
24.83768	-1.0
24.8424	1.0
24.84964	-1.0
24.87036	-1.0
24.87648	-1.0
24.8954	-1.0
24.91236	-1.0
24.9238	-1.0
24.93196	-1.0
24.93992	-1.0
24.9674	1.0
24.9782	-1.0
24.98592	-1.0
25.01584	-1.0
25.02532	-1.0
25.05532	-1.0
25.07396	-1.0
25.09232	-1.0
25.12212	-1.0
25.12688	1.0
25.13152	-1.0
25.14472	-1.0
25.16836	-1.0
25.26904	-1.0
25.29828	-1.0
25.30508	-1.0
25.34876	-1.0
25.43948	-1.0
25.51032	1.0
25.53664	-1.0
25.62108	-1.0
25.67632	-1.0
25.70448	-1.0
25.71168	-1.0
25.74372	-1.0
25.96784	-1.0
26.02108	-1.0
26.07716	-1.0
26.19452	-1.0
26.2064	1.0
26.213	1.0
26.4666	-1.0
29.80964	-1.0
29.8122	1.0
29.8238	-1.0
29.8264	-1.0
29.83368	1.0
29.83884	-1.0
29.868	-1.0
29.88064	-1.0
29.89884	-1.0
29.9092	-1.0
29.93028	-1.0
29.93616	-1.0
29.945	-1.0
29.96092	-1.0
30.05212	-1.0
30.05636	-1.0
30.10056	-1.0
30.15824	1.0
30.17792	-1.0
30.18956	-1.0
30.21472	-1.0
30.24384	-1.0
30.277	1.0
30.28092	-1.0
30.30624	-1.0
30.3364	-1.0
30.38444	-1.0
30.40148	1.0
30.47488	-1.0
30.55408	-1.0
30.57124	1.0
30.58232	-1.0
30.68872	-1.0
30.71904	-1.0
30.8466	-1.0
30.92636	-1.0
31.02912	1.0
31.07128	-1.0
31.12348	-1.0
31.1802	-1.0
31.24372	-1.0
31.35368	1.0
35.67464	-1.0
35.6784	-1.0
35.68216	-1.0
35.68496	1.0
35.693	-1.0
35.69988	-1.0
35.70892	-1.0
35.7236	-1.0
35.72672	1.0
35.77836	-1.0
35.79724	-1.0
35.80596	-1.0
35.831	-1.0
35.84356	-1.0
35.85036	-1.0
35.86908	1.0
35.87168	1.0
35.87536	-1.0
35.89536	-1.0
35.91548	-1.0
35.94056	-1.0
35.95192	-1.0
35.96916	-1.0
36.00628	-1.0
36.07096	-1.0
36.09056	-1.0
36.10884	1.0
36.1176	-1.0
36.13584	1.0
36.13888	-1.0
36.16264	-1.0
36.25896	1.0
36.26316	-1.0
36.31988	-1.0
36.32592	-1.0
36.34932	-1.0
36.40448	-1.0
36.43864	-1.0
36.46516	-1.0
36.47048	-1.0
36.48664	-1.0
36.5288	-1.0
36.56492	-1.0
36.65096	-1.0
36.6796	-1.0
36.72508	-1.0
36.75904	1.0
36.9322	-1.0
36.99584	-1.0
37.06928	-1.0
37.21588	-1.0
37.22128	-1.0
37.79132	-1.0
37.8054	-1.0
37.80996	-1.0
37.83788	-1.0
37.86596	-1.0
37.94296	1.0
37.94704	-1.0
37.96936	-1.0
40.45844	-1.0
40.46484	-1.0
40.47296	-1.0
40.47648	-1.0
40.49076	-1.0
40.49748	1.0
40.5258	-1.0
40.52832	-1.0
40.53984	-1.0
40.552	-1.0
40.55788	-1.0
40.56676	-1.0
40.57936	1.0
40.58324	-1.0
40.58668	-1.0
40.62668	-1.0
40.63732	-1.0
40.64452	-1.0
40.68772	-1.0
40.71948	-1.0
40.75664	-1.0
40.78148	-1.0
40.78592	-1.0
40.83016	-1.0
40.83704	-1.0
40.86428	-1.0
40.89388	-1.0
40.91944	1.0
40.92332	-1.0
40.99012	-1.0
41.01504	1.0
41.0182	-1.0
41.0588	-1.0
41.0836	1.0
41.08724	-1.0
41.182	-1.0
41.19948	-1.0
41.20356	-1.0
41.2354	-1.0
41.34236	-1.0
41.42964	-1.0
41.4638	-1.0
41.51116	-1.0
41.5516	-1.0
41.5632	-1.0
41.62876	-1.0
41.63536	-1.0
41.68824	-1.0
41.9502	-1.0
41.95984	-1.0
42.03724	-1.0
44.65824	-1.0
44.68452	-1.0
44.70296	1.0
44.71032	-1.0
44.72212	1.0
44.7346	-1.0
44.75804	-1.0
44.78628	-1.0
44.81456	-1.0
44.84436	1.0
44.84748	-1.0
44.89624	-1.0
44.90064	-1.0
44.9322	-1.0
44.95724	-1.0
44.96592	-1.0
45.022	-1.0
45.06364	-1.0
45.09852	-1.0
45.1336	-1.0
45.14212	-1.0
45.14748	-1.0
45.2124	-1.0
45.26416	-1.0
45.35004	-1.0
45.46156	-1.0
45.53536	-1.0
45.55952	-1.0
45.57572	-1.0
45.64544	-1.0
45.671	-1.0
45.6842	-1.0
45.75336	-1.0
45.76208	-1.0
46.082	-1.0
49.1968	-1.0
49.21584	-1.0
49.22744	-1.0
49.23112	-1.0
49.24376	1.0
49.24684	-1.0
49.29796	1.0
49.391	-1.0
49.39608	-1.0
49.4006	-1.0
49.4356	-1.0
49.45136	-1.0
49.4632	-1.0
49.52208	-1.0
49.53876	-1.0
49.58316	1.0
49.58932	-1.0
49.6122	-1.0
49.62272	-1.0
49.74764	-1.0
49.80484	1.0
49.8496	-1.0
49.93476	-1.0
49.94344	-1.0
49.95896	-1.0
50.05796	-1.0
50.09276	-1.0
50.11448	-1.0
50.12128	1.0
50.16152	-1.0
50.23512	-1.0
50.29792	-1.0
50.3018	-1.0
50.39396	-1.0
50.49924	-1.0
50.56932	1.0
50.70924	-1.0
50.71316	-1.0
50.81872	-1.0
50.87656	-1.0
50.88704	-1.0
54.41652	-1.0
54.43236	-1.0
54.44272	-1.0
54.46144	-1.0
54.46928	1.0
54.47188	1.0
54.50152	-1.0
54.50556	-1.0
54.52876	-1.0
54.5362	1.0
54.5624	1.0
54.56804	1.0
54.57272	-1.0
54.57744	-1.0
54.58084	-1.0
54.601	1.0
54.60448	-1.0
54.6182	-1.0
54.6258	-1.0
54.63616	-1.0
54.68104	1.0
54.68572	-1.0
54.71444	-1.0
54.75536	-1.0
54.78816	-1.0
54.79988	-1.0
54.80328	-1.0
54.846	-1.0
54.86068	-1.0
54.8736	1.0
54.88716	-1.0
54.8902	-1.0
54.95428	-1.0
54.9722	-1.0
54.9852	-1.0
55.00388	-1.0
55.05928	-1.0
55.06208	1.0
55.14376	-1.0
55.2952	-1.0
55.31288	-1.0
55.31708	-1.0
55.35264	-1.0
55.40896	-1.0
55.41316	1.0
55.42616	-1.0
55.51956	-1.0
55.63636	-1.0
55.64816	-1.0
55.66052	-1.0
55.74096	1.0
59.54732	-1.0
59.5606	-1.0
59.57184	-1.0
59.58328	-1.0
59.58772	-1.0
59.5932	1.0
59.59592	-1.0
59.62652	1.0
59.651	1.0
59.6598	-1.0
59.67348	-1.0
59.68332	-1.0
59.69748	-1.0
59.702	-1.0
59.7464	-1.0
59.77312	-1.0
59.79568	-1.0
59.79988	-1.0
59.8144	-1.0
59.82944	-1.0
59.88932	1.0
59.90488	-1.0
59.90948	-1.0
59.9146	-1.0
59.93328	-1.0
59.94168	-1.0
60.00768	-1.0
60.02412	-1.0
60.04096	-1.0
60.0556	-1.0
60.10816	1.0
60.13452	-1.0
60.17956	-1.0
60.24616	1.0
60.28984	-1.0
60.29376	-1.0
60.36808	-1.0
60.42168	1.0
60.53628	-1.0
60.54732	1.0
60.55656	-1.0
60.57616	-1.0
60.62148	-1.0
60.6634	-1.0
60.69512	-1.0
60.74692	-1.0
60.80356	-1.0
60.9662	-1.0
63.80292	-1.0
63.82192	-1.0
63.8336	-1.0
63.84184	-1.0
63.84444	-1.0
63.8524	-1.0
63.87088	-1.0
63.87984	1.0
63.88552	-1.0
63.91108	-1.0
63.91732	-1.0
63.9218	-1.0
63.97872	-1.0
63.98132	1.0
64.0032	-1.0
64.00604	-1.0
64.02752	-1.0
64.06176	-1.0
64.06624	-1.0
64.07188	-1.0
64.07664	-1.0
64.09548	-1.0
64.12196	1.0
64.14508	-1.0
64.17868	-1.0
64.18784	-1.0
64.26108	-1.0
64.31108	-1.0
64.31424	-1.0
64.34196	1.0
64.34564	-1.0
64.39284	-1.0
64.40568	-1.0
64.42624	-1.0
64.43312	-1.0
64.43764	-1.0
64.44404	-1.0
64.48624	-1.0
64.58552	1.0
64.61308	1.0
64.663	-1.0
64.71256	-1.0
64.7592	1.0
64.8248	-1.0
64.87524	-1.0
64.93984	-1.0
65.08852	-1.0
65.1238	1.0
68.2074	-1.0
68.21932	-1.0
68.22804	-1.0
68.23612	-1.0
68.24496	-1.0
68.24884	-1.0
68.26756	1.0
68.29304	-1.0
68.32524	-1.0
68.33068	-1.0
68.34224	-1.0
68.3728	-1.0
68.38616	-1.0
68.40032	1.0
68.40832	-1.0
68.41188	-1.0
68.41456	-1.0
68.43272	1.0
68.43664	-1.0
68.45812	-1.0
68.5084	-1.0
68.51132	-1.0
68.53316	-1.0
68.55868	-1.0
68.57184	1.0
68.57672	-1.0
68.61492	-1.0
68.63724	-1.0
68.6632	-1.0
68.68724	-1.0
68.74064	-1.0
68.74316	-1.0
68.77832	-1.0
68.83696	-1.0
68.83988	-1.0
68.85532	-1.0
68.90764	-1.0
68.94144	-1.0
68.981	-1.0
69.0162	-1.0
69.08628	-1.0
69.1572	-1.0
69.18844	-1.0
69.28436	-1.0
69.31724	-1.0
69.54396	-1.0
73.49576	-1.0
73.50688	1.0
73.51704	-1.0
73.52768	-1.0
73.5302	-1.0
73.5362	1.0
73.54212	1.0
73.55136	-1.0
73.55944	-1.0
73.57168	-1.0
73.57428	1.0
73.57804	-1.0
73.59056	-1.0
73.60436	-1.0
73.6318	-1.0
73.63468	-1.0
73.64268	-1.0
73.65716	-1.0
73.66288	-1.0
73.6756	-1.0
73.68744	-1.0
73.70428	-1.0
73.7132	-1.0
73.74876	1.0
73.75264	1.0
73.76788	-1.0
73.82696	1.0
73.83008	-1.0
73.85636	-1.0
73.87348	1.0
73.87648	-1.0
73.88896	-1.0
73.91372	-1.0
73.94304	-1.0
73.97448	-1.0
74.02224	-1.0
74.02616	-1.0
74.05504	-1.0
74.07	-1.0
74.14176	-1.0
74.16132	-1.0
74.17744	-1.0
74.18	1.0
74.18308	-1.0
74.21756	-1.0
74.23732	-1.0
74.26144	-1.0
74.35552	-1.0
74.43688	-1.0
74.47416	-1.0
74.47964	-1.0
74.57892	-1.0
74.58632	-1.0
74.60052	-1.0
74.65372	-1.0
74.68016	-1.0
78.43476	-1.0
78.44868	-1.0
78.46768	-1.0
78.48396	1.0
78.48648	1.0
78.50604	-1.0
78.5092	-1.0
78.51516	1.0
78.51948	-1.0
78.53504	-1.0
78.54072	1.0
78.5434	-1.0
78.56008	-1.0
78.58468	1.0
78.59704	-1.0
78.5998	-1.0
78.60368	-1.0
78.64412	-1.0
78.6652	-1.0
78.67988	-1.0
78.69184	1.0
78.70688	-1.0
78.71984	-1.0
78.73648	-1.0
78.74224	-1.0
78.76336	-1.0
78.79872	1.0
78.80164	-1.0
78.82288	-1.0
78.83064	-1.0
78.87788	-1.0
78.88484	-1.0
78.89632	-1.0
78.90336	1.0
78.90912	-1.0
78.91552	-1.0
78.91908	-1.0
78.93912	-1.0
78.96232	-1.0
78.98856	-1.0
79.00052	-1.0
79.01756	-1.0
79.02324	-1.0
79.04204	-1.0
79.05852	-1.0
79.09196	-1.0
79.12352	-1.0
79.14044	1.0
79.181	-1.0
79.19268	-1.0
79.27364	-1.0
79.41432	1.0
79.48976	-1.0
79.49496	-1.0
79.53008	-1.0
79.53804	1.0
79.63296	-1.0
79.68288	-1.0
83.87752	-1.0
83.8858	1.0
83.88848	1.0
83.90244	-1.0
83.90632	-1.0
83.90896	1.0
83.9186	-1.0
83.9316	-1.0
83.93432	-1.0
83.93908	1.0
83.94328	1.0
83.94912	-1.0
83.96156	-1.0
83.96772	-1.0
83.97068	-1.0
84.011	-1.0
84.03252	-1.0
84.05096	-1.0
84.05348	-1.0
84.05736	-1.0
84.07752	-1.0
84.08344	-1.0
84.11672	1.0
84.12356	-1.0
84.16104	1.0
84.1642	-1.0
84.1752	-1.0
84.22212	1.0
84.22488	1.0
84.23728	-1.0
84.25236	-1.0
84.2988	1.0
84.30988	-1.0
84.37424	-1.0
84.3958	-1.0
84.43624	1.0
84.46608	-1.0
84.49472	1.0
84.5006	-1.0
84.51996	-1.0
84.55124	1.0
84.5732	-1.0
84.58136	-1.0
84.6128	-1.0
84.64024	-1.0
84.68856	1.0
84.69128	-1.0
84.7008	1.0
84.75792	-1.0
84.79536	-1.0
84.80664	-1.0
84.82728	-1.0
84.83396	-1.0
84.85892	1.0
84.8906	-1.0
84.91208	-1.0
85.02404	-1.0
88.35232	-1.0
88.372	-1.0
88.38992	-1.0
88.39352	-1.0
88.40464	1.0
88.41836	-1.0
88.4278	-1.0
88.43064	1.0
88.45316	-1.0
88.46288	1.0
88.47856	1.0
88.48328	-1.0
88.48612	-1.0
88.49704	1.0
88.51416	-1.0
88.52556	-1.0
88.53016	-1.0
88.5436	-1.0
88.55372	-1.0
88.5822	-1.0
88.61268	-1.0
88.663	1.0
88.66636	-1.0
88.6848	-1.0
88.69924	-1.0
88.70464	1.0
88.71756	-1.0
88.7504	1.0
88.75424	-1.0
88.7772	-1.0
88.78132	-1.0
88.83288	-1.0
88.86156	-1.0
88.89912	-1.0
88.92388	1.0
88.95488	-1.0
88.96096	-1.0
88.96884	-1.0
89.02868	-1.0
89.04964	-1.0
89.06104	1.0
89.09112	-1.0
89.14384	-1.0
89.15348	-1.0
89.20056	-1.0
89.23508	-1.0
89.3912	-1.0
89.4922	-1.0
89.49852	1.0
89.50368	-1.0
89.50816	1.0
89.51104	-1.0
89.55628	-1.0
89.64688	-1.0
93.1756	-1.0
93.18168	-1.0
93.1982	-1.0
93.21296	-1.0
93.2194	-1.0
93.22208	-1.0
93.23244	-1.0
93.2444	1.0
93.27468	1.0
93.2788	-1.0
93.28752	-1.0
93.29968	-1.0
93.32052	-1.0
93.32616	-1.0
93.33816	-1.0
93.34652	-1.0
93.35024	-1.0
93.36432	-1.0
93.37908	-1.0
93.41284	-1.0
93.41632	-1.0
93.44444	-1.0
93.455	-1.0
93.46452	-1.0
93.48108	1.0
93.49764	-1.0
93.53616	-1.0
93.56148	-1.0
93.5838	-1.0
93.58636	-1.0
93.61936	-1.0
93.64096	-1.0
93.64416	1.0
93.64688	1.0
93.671	-1.0
93.73044	-1.0
93.74144	-1.0
93.74396	-1.0
93.76476	-1.0
93.77224	-1.0
93.79276	-1.0
93.80324	1.0
93.8176	-1.0
93.8652	1.0
93.90232	-1.0
93.95972	-1.0
93.9642	-1.0
94.02468	-1.0
94.07472	-1.0
94.11988	-1.0
94.17152	-1.0
94.17988	-1.0
94.1864	-1.0
94.21672	1.0
94.22872	-1.0
94.2786	-1.0
94.30812	1.0
94.31084	-1.0
94.33184	-1.0
94.3858	-1.0
94.4084	-1.0
94.47144	-1.0
94.49344	1.0
94.49712	-1.0
99.32808	-1.0
99.33656	1.0
99.33916	1.0
99.34484	-1.0
99.36428	-1.0
99.37056	-1.0
99.38688	1.0
99.39144	-1.0
99.40404	-1.0
99.42524	-1.0
99.42788	-1.0
99.43176	-1.0
99.46412	1.0
99.47296	-1.0
99.47992	-1.0
99.48432	1.0
99.49048	-1.0
99.51788	1.0
99.5324	-1.0
99.56712	1.0
99.56984	-1.0
99.57288	-1.0
99.58056	-1.0
99.58784	1.0
99.63428	-1.0
99.6484	1.0
99.6546	1.0
99.65928	-1.0
99.68832	-1.0
99.71036	-1.0
99.72072	1.0
99.73648	1.0
99.75932	-1.0
99.77032	-1.0
99.78064	-1.0
99.78624	1.0
99.8032	-1.0
99.80744	1.0
99.81028	-1.0
99.84108	-1.0
99.85684	-1.0
99.87204	-1.0
99.89712	-1.0
99.90588	-1.0
99.95044	-1.0
99.95428	-1.0
99.96764	-1.0
99.98136	-1.0
100.00664	-1.0
100.08276	-1.0
100.09192	-1.0
100.13308	1.0
100.13624	-1.0
100.18728	-1.0
100.24804	1.0
100.25216	-1.0
100.26596	-1.0
100.28496	1.0
100.30664	-1.0
100.43348	-1.0
100.57192	-1.0
100.5758	-1.0
100.59752	-1.0
100.64376	-1.0
100.6818	-1.0
100.821	-1.0
100.8354	-1.0
100.85664	-1.0
100.90112	-1.0
100.95928	-1.0
101.03188	-1.0
104.58068	-1.0
104.58868	-1.0
104.59724	-1.0
104.60072	-1.0
104.60396	1.0
104.6068	-1.0
104.61744	1.0
104.62828	-1.0
104.6324	1.0
104.6402	1.0
104.64336	1.0
104.65376	-1.0
104.67904	-1.0
104.69308	-1.0
104.70656	-1.0
104.71848	-1.0
104.74124	1.0
104.7444	-1.0
104.79008	-1.0
104.81488	-1.0
104.81856	1.0
104.82792	-1.0
104.83568	-1.0
104.85672	-1.0
104.90716	-1.0
104.91008	-1.0
104.92164	1.0
104.9246	-1.0
104.94416	-1.0
104.97064	-1.0
104.98276	-1.0
105.00316	-1.0
105.02424	-1.0
105.0522	-1.0
105.06892	1.0
105.08796	-1.0
105.09448	-1.0
105.12628	1.0
105.15984	-1.0
105.20744	1.0
105.21672	-1.0
105.22788	-1.0
105.25996	1.0
105.26248	-1.0
105.3044	1.0
105.35628	-1.0
105.37336	-1.0
105.42508	-1.0
105.42792	-1.0
105.4574	1.0
105.47176	-1.0
105.50392	-1.0
105.53592	-1.0
105.54876	-1.0
105.55268	-1.0
105.60836	-1.0
105.61144	-1.0
105.6758	-1.0
105.689	1.0
105.69152	-1.0
105.80196	-1.0
105.89116	-1.0
105.92284	-1.0
105.96168	-1.0
106.01052	-1.0
106.06356	1.0
106.06644	-1.0
106.08052	-1.0
109.6644	-1.0
109.6898	-1.0
109.70244	-1.0
109.72648	1.0
109.7304	-1.0
109.74148	-1.0
109.745	1.0
109.76648	1.0
109.77108	1.0
109.78608	1.0
109.79004	-1.0
109.79584	-1.0
109.82252	-1.0
109.82832	-1.0
109.8376	-1.0
109.85484	1.0
109.85736	1.0
109.90448	1.0
109.93088	-1.0
109.95456	-1.0
109.95808	-1.0
109.98608	-1.0
109.99168	-1.0
110.0096	1.0
110.01304	1.0
110.04956	-1.0
110.07744	-1.0
110.08496	-1.0
110.1648	-1.0
110.1838	-1.0
110.205	1.0
110.2076	-1.0
110.2394	-1.0
110.26684	-1.0
110.2776	-1.0
110.32788	1.0
110.33164	-1.0
110.34808	1.0
110.3538	-1.0
110.40844	-1.0
110.4652	-1.0
110.4832	-1.0
110.48592	-1.0
110.51612	-1.0
110.52288	-1.0
110.54032	-1.0
110.54872	-1.0
110.60696	-1.0
110.62228	-1.0
110.62576	1.0
110.71084	-1.0
110.7156	-1.0
110.71964	-1.0
110.81484	-1.0
110.89924	-1.0
110.90264	-1.0
110.9854	-1.0
111.0698	-1.0
114.8254	-1.0
114.82984	-1.0
114.83236	-1.0
114.84136	-1.0
114.85144	1.0
114.8542	-1.0
114.86276	-1.0
114.86548	1.0
114.86808	1.0
114.8776	1.0
114.89488	-1.0
114.89788	-1.0
114.90968	-1.0
114.91864	1.0
114.92136	-1.0
114.93044	-1.0
114.94452	1.0
114.95448	-1.0
114.95736	-1.0
114.96684	-1.0
114.98156	1.0
114.99748	1.0
115.0004	-1.0
115.04288	-1.0
115.0472	-1.0
115.0602	-1.0
115.08104	-1.0
115.096	1.0
115.11404	-1.0
115.13796	-1.0
115.16172	1.0
115.16724	-1.0
115.17012	-1.0
115.19088	-1.0
115.22188	-1.0
115.22512	-1.0
115.28456	-1.0
115.29272	1.0
115.30072	1.0
115.34652	-1.0
115.35384	-1.0
115.3614	-1.0
115.41744	-1.0
115.4526	-1.0
115.466	-1.0
115.47664	-1.0
115.5028	-1.0
115.50548	1.0
115.51748	-1.0
115.52772	1.0
115.57608	1.0
115.58008	-1.0
115.5868	-1.0
115.66732	-1.0
115.68408	-1.0
115.71612	1.0
115.7608	-1.0
115.78272	-1.0
115.81516	-1.0
115.8754	1.0
115.88228	1.0
115.88548	-1.0
115.941	-1.0
115.95492	-1.0
115.98732	-1.0
116.00696	-1.0
116.05528	-1.0
116.07264	-1.0
116.09168	-1.0
116.1374	1.0
116.36552	-1.0
116.39996	-1.0
119.71068	-1.0
119.71708	-1.0
119.72064	-1.0
119.73412	-1.0
119.73796	-1.0
119.74224	-1.0
119.749	-1.0
119.75248	-1.0
119.75552	1.0
119.76428	-1.0
119.7698	1.0
119.7786	-1.0
119.78304	-1.0
119.79916	-1.0
119.80344	1.0
119.8066	-1.0
119.81012	-1.0
119.81264	1.0
119.83152	-1.0
119.85668	1.0
119.87468	1.0
119.89332	-1.0
119.90188	-1.0
119.94272	1.0
119.969	-1.0
120.0254	-1.0
120.03056	-1.0
120.04352	-1.0
120.06992	-1.0
120.07432	-1.0
120.08136	-1.0
120.1136	-1.0
120.137	1.0
120.1398	-1.0
120.16828	1.0
120.17456	-1.0
120.23648	1.0
120.25948	-1.0
120.29124	1.0
120.32644	-1.0
120.36012	-1.0
120.36548	-1.0
120.38156	-1.0
120.439	-1.0
120.47864	-1.0
120.48116	-1.0
120.51144	-1.0
120.52804	1.0
120.53156	-1.0
120.55844	1.0
120.57072	-1.0
120.60364	1.0
120.66672	-1.0
120.67076	-1.0
120.67752	-1.0
120.70332	-1.0
120.71696	1.0
120.73904	-1.0
120.80584	-1.0
120.82392	1.0
120.82668	1.0
120.87536	-1.0
120.88972	-1.0
120.90688	1.0
120.91996	-1.0
121.05624	-1.0
121.07964	-1.0
121.11492	-1.0
121.18492	-1.0
121.23808	-1.0
124.8766	-1.0
124.88704	1.0
124.89268	-1.0
124.90216	1.0
124.90488	-1.0
124.91344	-1.0
124.9178	1.0
124.92608	-1.0
124.93204	-1.0
124.935	-1.0
124.9494	1.0
124.9538	-1.0
124.95724	-1.0
124.97276	-1.0
124.97896	1.0
124.99716	-1.0
125.00232	1.0
125.00884	-1.0
125.02084	-1.0
125.0314	1.0
125.04432	-1.0
125.05132	-1.0
125.0592	1.0
125.0618	-1.0
125.06528	-1.0
125.08088	-1.0
125.11312	-1.0
125.11792	-1.0
125.14012	1.0
125.14288	1.0
125.16628	1.0
125.17072	-1.0
125.199	-1.0
125.21764	-1.0
125.22796	1.0
125.28992	1.0
125.30832	-1.0
125.32956	-1.0
125.335	-1.0
125.36112	-1.0
125.37208	-1.0
125.37792	1.0
125.4054	-1.0
125.45828	1.0
125.463	-1.0
125.53484	-1.0
125.54376	-1.0
125.56784	-1.0
125.5704	1.0
125.57448	-1.0
125.592	-1.0
125.61144	1.0
125.64668	-1.0
125.71256	1.0
125.73356	-1.0
125.74748	-1.0
125.79744	-1.0
125.88584	-1.0
125.9426	-1.0
126.00364	-1.0
126.05712	1.0
126.06248	-1.0
126.14316	-1.0
126.15592	-1.0
126.17044	-1.0
126.3142	-1.0
126.35336	-1.0
126.52668	1.0
130.61111	-1.0
130.61407	-1.0
130.62804	-1.0
130.63416	-1.0
130.6436	-1.0
130.64925	-1.0
130.66129	-1.0
130.6662	-1.0
130.6806	-1.0
130.68344	-1.0
130.686	1.0
130.69624	1.0
130.69965	-1.0
130.71053	-1.0
130.72072	-1.0
130.73917	-1.0
130.74171	-1.0
130.7638	-1.0
130.78148	-1.0
130.79364	-1.0
130.79655	-1.0
130.80309	-1.0
130.82108	-1.0
130.83528	-1.0
130.84096	-1.0
130.8544	-1.0
130.85835	-1.0
130.86316	-1.0
130.88383	-1.0
130.92908	-1.0
130.95236	-1.0
130.9756	1.0
130.98537	-1.0
131.01292	-1.0
131.0386	-1.0
131.04956	-1.0
131.05844	-1.0
131.06528	-1.0
131.09048	-1.0
131.11748	-1.0
131.13329	-1.0
131.1558	-1.0
131.18095	-1.0
131.20895	1.0
131.21332	1.0
131.21964	-1.0
131.2232	-1.0
131.25244	-1.0
131.26544	-1.0
131.28732	1.0
131.34409	-1.0
131.34747	1.0
131.35768	1.0
131.36365	-1.0
131.38028	-1.0
131.38324	-1.0
131.42715	-1.0
131.42996	-1.0
131.46492	-1.0
131.50587	-1.0
131.59784	-1.0
131.63815	1.0
131.64696	-1.0
131.65596	-1.0
131.66316	-1.0
131.67915	-1.0
131.68744	1.0
131.69516	-1.0
131.71033	-1.0
131.84912	1.0
131.90884	1.0
131.9156	-1.0
131.91948	-1.0
131.93404	-1.0
131.93752	-1.0
132.06856	1.0
132.07892	-1.0
132.08464	-1.0
132.11624	1.0
132.12212	-1.0
132.1614	1.0
132.28696	1.0
136.4746	-1.0
136.4808	1.0
136.48332	-1.0
136.49092	-1.0
136.49348	-1.0
136.5042	-1.0
136.51147	-1.0
136.52528	1.0
136.52943	-1.0
136.53229	-1.0
136.55351	-1.0
136.55775	1.0
136.56076	-1.0
136.57036	-1.0
136.58472	-1.0
136.5934	1.0
136.59592	-1.0
136.60963	1.0
136.61388	-1.0
136.61772	-1.0
136.63004	-1.0
136.64868	1.0
136.6512	-1.0
136.65724	-1.0
136.66736	1.0
136.6754	-1.0
136.6812	-1.0
136.68448	-1.0
136.7296	-1.0
136.73409	1.0
136.737	-1.0
136.75932	-1.0
136.78905	-1.0
136.79532	-1.0
136.81937	1.0
136.82336	-1.0
136.84187	-1.0
136.85588	1.0
136.88329	1.0
136.8876	1.0
136.89032	-1.0
136.91393	-1.0
136.91832	-1.0
136.97876	-1.0
136.98631	-1.0
137.02176	-1.0
137.02672	-1.0
137.0982	-1.0
137.10616	-1.0
137.12364	1.0
137.15132	1.0
137.15408	-1.0
137.17165	-1.0
137.1756	1.0
137.1786	1.0
137.19716	-1.0
137.2268	-1.0
137.305	-1.0
137.3614	-1.0
137.3822	-1.0
137.39812	1.0
137.41312	-1.0
137.44405	-1.0
137.52415	-1.0
137.56984	-1.0
137.59567	1.0
137.6624	-1.0
137.66612	-1.0
137.6946	-1.0
137.702	-1.0
137.73888	-1.0
137.85312	1.0
137.86829	-1.0
137.87431	-1.0
137.87772	-1.0
137.88876	-1.0
137.927	-1.0
137.97523	-1.0
137.99744	-1.0
138.00323	-1.0
142.45332	-1.0
142.45808	-1.0
142.46564	1.0
142.46964	-1.0
142.484	1.0
142.48885	-1.0
142.49144	-1.0
142.50204	-1.0
142.5066	-1.0
142.52956	-1.0
142.53236	-1.0
142.5424	-1.0
142.56116	-1.0
142.5706	1.0
142.574	-1.0
142.57709	-1.0
142.59335	1.0
142.59811	-1.0
142.6032	-1.0
142.6094	-1.0
142.62044	-1.0
142.62833	1.0
142.63452	-1.0
142.65263	-1.0
142.67296	1.0
142.68764	-1.0
142.7072	-1.0
142.71275	-1.0
142.71628	-1.0
142.7364	-1.0
142.74336	-1.0
142.75392	-1.0
142.75787	-1.0
142.81355	-1.0
142.82852	-1.0
142.8318	-1.0
142.84512	-1.0
142.86684	-1.0
142.87093	-1.0
142.89632	1.0
142.94652	1.0
142.98264	-1.0
143.03844	-1.0
143.04428	-1.0
143.0524	-1.0
143.07152	1.0
143.07413	-1.0
143.0912	-1.0
143.10364	-1.0
143.13504	-1.0
143.16943	-1.0
143.20651	-1.0
143.23589	-1.0
143.24332	1.0
143.24625	-1.0
143.2488	-1.0
143.2712	-1.0
143.2794	-1.0
143.2836	-1.0
143.33089	-1.0
143.33768	-1.0
143.37144	1.0
143.4112	-1.0
143.4928	-1.0
143.52963	-1.0
143.54596	1.0
143.54848	-1.0
143.61032	-1.0
143.61328	-1.0
143.6474	1.0
143.70256	-1.0
143.76288	-1.0
143.84184	1.0
143.88647	-1.0
148.69617	-1.0
148.70409	1.0
148.70668	1.0
148.7098	-1.0
148.71815	1.0
148.72272	-1.0
148.73708	-1.0
148.74625	-1.0
148.75584	-1.0
148.7604	-1.0
148.7684	-1.0
148.77107	1.0
148.77544	-1.0
148.79332	1.0
148.79608	1.0
148.80504	1.0
148.80869	-1.0
148.81355	-1.0
148.82268	1.0
148.826	-1.0
148.84409	1.0
148.84692	-1.0
148.85376	-1.0
148.87288	-1.0
148.89069	1.0
148.89476	-1.0
148.89784	1.0
148.91344	-1.0
148.948	-1.0
148.96852	-1.0
148.99596	-1.0
149.012	-1.0
149.0184	-1.0
149.0466	-1.0
149.053	-1.0
149.0746	-1.0
149.07768	-1.0
149.09584	-1.0
149.12695	-1.0
149.14851	-1.0
149.17752	1.0
149.1814	-1.0
149.2024	1.0
149.22131	-1.0
149.23	1.0
149.25504	-1.0
149.26485	-1.0
149.29388	-1.0
149.2994	-1.0
149.3034	-1.0
149.32396	1.0
149.33228	-1.0
149.35452	-1.0
149.40976	-1.0
149.43388	-1.0
149.43764	-1.0
149.50276	-1.0
149.5588	-1.0
149.58904	-1.0
149.62788	-1.0
149.7238	-1.0
149.74652	1.0
149.76076	-1.0
149.76416	-1.0
149.82655	-1.0
149.85864	-1.0
149.86952	-1.0
149.888	-1.0
149.91563	1.0
149.97112	-1.0
149.98952	-1.0
150.06636	-1.0
150.09113	-1.0
150.09608	-1.0
150.32588	-1.0
153.67012	-1.0
153.67969	-1.0
153.68529	-1.0
153.6878	1.0
153.6942	-1.0
153.698	-1.0
153.70352	1.0
153.70772	-1.0
153.724	-1.0
153.75072	1.0
153.75323	-1.0
153.75745	-1.0
153.77824	1.0
153.8034	-1.0
153.80595	-1.0
153.83272	1.0
153.83748	-1.0
153.857	-1.0
153.87093	-1.0
153.88815	-1.0
153.90076	1.0
153.9046	-1.0
153.92764	-1.0
153.93124	-1.0
153.95348	-1.0
153.9908	-1.0
153.99512	-1.0
154.0066	1.0
154.02287	-1.0
154.0328	-1.0
154.03824	-1.0
154.0516	1.0
154.0598	-1.0
154.07864	-1.0
154.0844	-1.0
154.08752	-1.0
154.10995	-1.0
154.1132	1.0
154.15912	-1.0
154.16489	-1.0
154.16876	-1.0
154.1958	-1.0
154.20328	-1.0
154.21191	-1.0
154.21516	1.0
154.23692	-1.0
154.26408	1.0
154.26875	-1.0
154.29652	1.0
154.2992	-1.0
154.31992	-1.0
154.32887	-1.0
154.35583	1.0
154.36084	-1.0
154.37032	-1.0
154.42456	1.0
154.43552	-1.0
154.44772	-1.0
154.47208	-1.0
154.527	1.0
154.53136	-1.0
154.55647	-1.0
154.571	-1.0
154.60028	-1.0
154.61328	-1.0
154.61896	-1.0
154.6802	-1.0
154.68436	-1.0
154.69768	-1.0
154.73051	-1.0
154.73764	-1.0
154.77396	1.0
154.83192	-1.0
154.83888	-1.0
154.85928	-1.0
154.86777	-1.0
154.87456	-1.0
154.88815	-1.0
155.06592	-1.0
155.12872	-1.0
159.97804	-1.0
159.98532	1.0
159.98792	-1.0
159.99756	1.0
160.00232	1.0
160.00844	-1.0
160.01337	-1.0
160.0164	-1.0
160.02028	-1.0
160.02628	1.0
160.03032	1.0
160.05045	-1.0
160.05849	1.0
160.06244	-1.0
160.0706	1.0
160.0866	-1.0
160.10512	1.0
160.13013	-1.0
160.13464	-1.0
160.13911	-1.0
160.14784	1.0
160.15492	1.0
160.158	-1.0
160.17348	-1.0
160.17693	-1.0
160.19864	1.0
160.20116	1.0
160.22128	-1.0
160.23	-1.0
160.25044	1.0
160.25513	-1.0
160.27376	-1.0
160.27708	-1.0
160.28397	-1.0
160.30568	-1.0
160.32152	1.0
160.32492	-1.0
160.3496	-1.0
160.36205	-1.0
160.37744	1.0
160.3808	-1.0
160.40436	-1.0
160.40791	-1.0
160.41136	-1.0
160.43324	-1.0
160.43704	-1.0
160.47067	-1.0
160.48604	-1.0
160.49744	-1.0
160.55975	-1.0
160.58183	-1.0
160.58728	-1.0
160.61488	-1.0
160.63171	-1.0
160.63536	-1.0
160.6384	-1.0
160.7742	-1.0
160.79305	-1.0
160.84404	-1.0
160.87885	-1.0
160.92268	-1.0
160.92812	1.0
160.96252	1.0
161.00572	-1.0
161.05508	1.0
161.05795	-1.0
161.13847	-1.0
161.15208	-1.0
161.161	-1.0
161.16496	-1.0
161.20224	-1.0
161.2552	-1.0
161.56544	-1.0
166.26912	-1.0
166.27464	1.0
166.2782	-1.0
166.28072	-1.0
166.28757	1.0
166.2914	1.0
166.29692	1.0
166.3118	-1.0
166.32788	1.0
166.3324	1.0
166.33504	-1.0
166.3538	1.0
166.36388	1.0
166.36804	-1.0
166.3846	1.0
166.40276	-1.0
166.4078	1.0
166.41605	-1.0
166.42236	1.0
166.44003	-1.0
166.44508	1.0
166.44765	-1.0
166.46704	1.0
166.47025	-1.0
166.4964	-1.0
166.50092	-1.0
166.50636	-1.0
166.51328	1.0
166.52292	-1.0
166.55632	-1.0
166.57304	-1.0
166.57756	1.0
166.59084	-1.0
166.59364	-1.0
166.60092	1.0
166.60667	-1.0
166.62167	-1.0
166.64313	-1.0
166.64604	1.0
166.6742	1.0
166.69472	-1.0
166.6994	-1.0
166.7312	-1.0
166.77953	1.0
166.80183	-1.0
166.81133	-1.0
166.83612	-1.0
166.85551	-1.0
166.87083	-1.0
166.87352	-1.0
166.87608	-1.0
166.99988	-1.0
167.02304	1.0
167.04836	-1.0
167.05109	-1.0
167.14032	-1.0
167.19151	1.0
167.19469	-1.0
167.22804	-1.0
167.2666	-1.0
167.31548	-1.0
167.35657	-1.0
167.37628	-1.0
167.38667	-1.0
167.43156	-1.0
167.71857	-1.0
167.72871	-1.0
167.75024	-1.0
167.84848	-1.0
167.86452	-1.0
167.88548	-1.0
168.00343	-1.0
168.01172	-1.0
172.91225	-1.0
172.91476	-1.0
172.91795	-1.0
172.92072	1.0
172.9244	-1.0
172.93085	-1.0
172.93613	-1.0
172.94676	1.0
172.94992	-1.0
172.95944	-1.0
172.97585	-1.0
172.9788	-1.0
172.98305	-1.0
172.9948	-1.0
172.99805	-1.0
173.00308	-1.0
173.01804	1.0
173.02097	-1.0
173.02492	-1.0
173.02812	-1.0
173.0432	-1.0
173.06528	1.0
173.06908	-1.0
173.07584	-1.0
173.10011	1.0
173.11772	-1.0
173.16612	1.0
173.17744	-1.0
173.19304	1.0
173.1956	-1.0
173.21896	-1.0
173.2266	-1.0
173.26372	-1.0
173.27716	-1.0
173.30531	-1.0
173.324	-1.0
173.3266	-1.0
173.36708	-1.0
173.39291	-1.0
173.41748	-1.0
173.42088	-1.0
173.44733	-1.0
173.48932	-1.0
173.51552	-1.0
173.53336	-1.0
173.5484	-1.0
173.57924	1.0
173.608	-1.0
173.6296	-1.0
173.63736	-1.0
173.6662	-1.0
173.6744	-1.0
173.69852	-1.0
173.73547	-1.0
173.74712	-1.0
173.78928	-1.0
173.8038	-1.0
173.8352	-1.0
173.89592	-1.0
173.91928	-1.0
173.9262	-1.0
173.95132	-1.0
174.01416	-1.0
174.0466	-1.0
174.1	-1.0
174.11163	-1.0
174.21065	-1.0
174.21529	-1.0
174.42224	-1.0
174.43324	-1.0
179.05444	-1.0
179.06044	1.0
179.063	-1.0
179.06715	1.0
179.07011	-1.0
179.07623	-1.0
179.08548	-1.0
179.09012	1.0
179.0938	1.0
179.09908	-1.0
179.1162	-1.0
179.11925	-1.0
179.12177	1.0
179.14328	-1.0
179.15144	-1.0
179.16933	-1.0
179.17224	-1.0
179.19008	1.0
179.19704	1.0
179.20064	-1.0
179.21832	-1.0
179.24088	1.0
179.24484	-1.0
179.25516	-1.0
179.27087	-1.0
179.27412	-1.0
179.27972	-1.0
179.30128	-1.0
179.31424	1.0
179.31831	-1.0
179.34155	-1.0
179.36787	-1.0
179.38284	-1.0
179.39336	1.0
179.41096	-1.0
179.42784	-1.0
179.4606	1.0
179.4716	-1.0
179.47824	-1.0
179.49608	-1.0
179.49985	-1.0
179.55588	-1.0
179.5734	-1.0
179.59396	-1.0
179.59648	-1.0
179.62112	-1.0
179.64503	-1.0
179.6512	-1.0
179.67493	-1.0
179.68971	-1.0
179.72252	1.0
179.75096	-1.0
179.7578	-1.0
179.76244	-1.0
179.82204	-1.0
179.83733	-1.0
179.89944	-1.0
179.92168	-1.0
179.9266	-1.0
179.93616	-1.0
179.99396	-1.0
180.076	-1.0
180.09209	-1.0
180.11176	-1.0
180.21112	1.0
180.21376	1.0
180.21748	-1.0
180.28925	-1.0
180.29784	1.0
180.3008	-1.0
180.31503	-1.0
180.37325	-1.0
180.4186	1.0
180.4214	-1.0
180.45493	-1.0
184.83644	-1.0
184.84236	-1.0
184.8508	1.0
184.85571	-1.0
184.8644	1.0
184.87216	-1.0
184.87532	1.0
184.87952	-1.0
184.89124	-1.0
184.8938	-1.0
184.90396	1.0
184.90984	1.0
184.91316	-1.0
184.91595	1.0
184.91872	-1.0
184.92873	-1.0
184.93144	-1.0
184.94637	1.0
184.95012	-1.0
184.95372	1.0
184.96507	-1.0
184.97585	-1.0
184.997	1.0
185.00548	-1.0
185.00844	-1.0
185.01176	-1.0
185.05669	-1.0
185.06056	-1.0
185.06535	-1.0
185.08205	-1.0
185.10085	-1.0
185.10423	-1.0
185.1214	-1.0
185.12737	-1.0
185.14577	1.0
185.16052	-1.0
185.17513	-1.0
185.17764	-1.0
185.19556	-1.0
185.20528	-1.0
185.22852	-1.0
185.23184	-1.0
185.275	-1.0
185.28476	1.0
185.28967	-1.0
185.34288	-1.0
185.40285	-1.0
185.40784	-1.0
185.43623	-1.0
185.45947	-1.0
185.48672	-1.0
185.54984	-1.0
185.5836	-1.0
185.60448	-1.0
185.61555	-1.0
185.64491	-1.0
185.67377	1.0
185.70044	-1.0
185.74632	1.0
185.74995	-1.0
185.85764	-1.0
185.8602	-1.0
185.87492	-1.0
185.91212	-1.0
185.91472	-1.0
185.94035	-1.0
185.95493	-1.0
185.97356	-1.0
186.03671	-1.0
186.45769	-1.0
190.19556	-1.0
190.20264	1.0
190.2064	-1.0
190.21233	-1.0
190.21687	-1.0
190.22543	1.0
190.22849	1.0
190.23108	1.0
190.23964	-1.0
190.24477	1.0
190.26064	1.0
190.267	-1.0
190.26968	-1.0
190.28316	-1.0
190.28604	-1.0
190.29668	-1.0
190.30472	1.0
190.30724	-1.0
190.3118	-1.0
190.31947	1.0
190.326	-1.0
190.32973	-1.0
190.33588	-1.0
190.352	-1.0
190.3598	1.0
190.36684	-1.0
190.38484	1.0
190.38792	-1.0
190.3948	-1.0
190.40675	1.0
190.40976	-1.0
190.44392	-1.0
190.47476	1.0
190.47987	-1.0
190.49188	-1.0
190.50456	-1.0
190.51096	-1.0
190.52516	-1.0
190.54256	-1.0
190.55504	-1.0
190.5622	1.0
190.58311	-1.0
190.5906	-1.0
190.62776	-1.0
190.63272	-1.0
190.6554	-1.0
190.65816	-1.0
190.68184	-1.0
190.6872	-1.0
190.7324	-1.0
190.7358	-1.0
190.77844	-1.0
190.78291	-1.0
190.8174	-1.0
190.843	-1.0
190.84712	-1.0
190.85492	-1.0
190.87756	-1.0
190.88203	-1.0
190.90443	-1.0
190.90752	-1.0
190.92148	-1.0
190.92856	1.0
190.97987	1.0
190.98347	-1.0
191.00816	1.0
191.02435	-1.0
191.04144	-1.0
191.05128	-1.0
191.05383	-1.0
191.13676	-1.0
191.14084	-1.0
191.14565	-1.0
191.20984	-1.0
191.22417	-1.0
191.23312	-1.0
191.23564	-1.0
191.29172	-1.0
191.29784	-1.0
191.3238	-1.0
191.34991	-1.0
191.43488	-1.0
191.54495	-1.0
191.55696	1.0
191.59312	-1.0
191.6516	-1.0
191.69788	-1.0
196.05708	-1.0
196.06873	-1.0
196.0716	1.0
196.07465	1.0
196.08627	1.0
196.0956	-1.0
196.10625	-1.0
196.123	-1.0
196.12616	1.0
196.13316	1.0
196.137	-1.0
196.13985	1.0
196.14604	1.0
196.14856	-1.0
196.1564	1.0
196.15907	-1.0
196.175	-1.0
196.1794	1.0
196.20396	-1.0
196.20816	-1.0
196.21465	-1.0
196.22745	-1.0
196.23048	1.0
196.27844	-1.0
196.2954	-1.0
196.29848	-1.0
196.32124	-1.0
196.32391	-1.0
196.3472	-1.0
196.35788	-1.0
196.369	1.0
196.37376	1.0
196.39604	-1.0
196.40076	-1.0
196.42404	-1.0
196.42851	-1.0
196.43571	-1.0
196.45976	1.0
196.46835	-1.0
196.49208	-1.0
196.50668	-1.0
196.50945	-1.0
196.51764	-1.0
196.55351	-1.0
196.59108	-1.0
196.61836	-1.0
196.62328	-1.0
196.68127	-1.0
196.71085	-1.0
196.73132	-1.0
196.73412	-1.0
196.74908	-1.0
196.75888	-1.0
196.76517	-1.0
196.8214	-1.0
196.86092	-1.0
196.95956	-1.0
196.96936	-1.0
196.99709	-1.0
197.02393	-1.0
197.02753	-1.0
197.05832	1.0
197.06244	-1.0
197.14896	-1.0
197.16028	-1.0
197.19684	-1.0
197.19948	-1.0
197.22237	-1.0
197.28064	-1.0
197.33688	-1.0
197.37611	-1.0
197.45345	-1.0
201.95209	-1.0
201.95789	-1.0
201.96228	-1.0
201.96576	1.0
201.97116	-1.0
201.97508	-1.0
201.98984	1.0
201.9932	-1.0
202.01527	1.0
202.01872	1.0
202.02625	-1.0
202.02911	-1.0
202.04172	-1.0
202.05508	-1.0
202.05972	-1.0
202.06444	-1.0
202.07272	-1.0
202.07709	-1.0
202.09348	-1.0
202.09991	-1.0
202.11388	1.0
202.13509	-1.0
202.16168	-1.0
202.1822	-1.0
202.18677	-1.0
202.1982	-1.0
202.20416	-1.0
202.21396	-1.0
202.21716	-1.0
202.22896	-1.0
202.25804	-1.0
202.26204	-1.0
202.28088	1.0
202.28352	1.0
202.31	-1.0
202.33511	-1.0
202.33884	-1.0
202.40588	-1.0
202.41856	-1.0
202.4498	-1.0
202.4524	-1.0
202.48177	-1.0
202.49876	-1.0
202.50143	-1.0
202.5852	-1.0
202.60248	-1.0
202.6232	-1.0
202.6262	-1.0
202.62904	-1.0
202.63588	1.0
202.66032	-1.0
202.76936	-1.0
202.85008	-1.0
202.92232	-1.0
202.92557	-1.0
202.94057	-1.0
202.94676	-1.0
202.95268	-1.0
202.99324	-1.0
203.09088	-1.0
203.1	-1.0
203.11116	-1.0
203.14372	-1.0
203.16817	-1.0
207.85268	-1.0
207.8574	-1.0
207.86444	-1.0
207.86713	1.0
207.88208	-1.0
207.90424	-1.0
207.90744	-1.0
207.91072	1.0
207.92148	-1.0
207.9338	-1.0
207.94344	-1.0
207.96516	-1.0
207.98537	-1.0
207.98843	-1.0
208.01212	-1.0
208.02003	-1.0
208.0284	-1.0
208.05997	-1.0
208.06432	-1.0
208.08511	-1.0
208.09029	-1.0
208.10216	-1.0
208.11432	-1.0
208.12009	-1.0
208.14696	-1.0
208.15048	-1.0
208.15468	-1.0
208.17168	-1.0
208.20187	-1.0
208.23305	-1.0
208.25977	-1.0
208.27748	-1.0
208.29411	-1.0
208.3248	-1.0
208.35876	-1.0
208.384	-1.0
208.38805	-1.0
208.43796	-1.0
208.44736	-1.0
208.4826	-1.0
208.51756	-1.0
208.54948	-1.0
208.55595	-1.0
208.5774	-1.0
208.58385	-1.0
208.61424	-1.0
208.64236	-1.0
208.66615	-1.0
208.68497	-1.0
208.70764	-1.0
208.71504	-1.0
208.7182	-1.0
208.77744	-1.0
208.78165	-1.0
208.81712	1.0
208.82124	-1.0
208.84212	-1.0
208.85583	-1.0
208.8938	-1.0
208.89944	-1.0
208.93044	-1.0
208.9368	-1.0
208.96228	-1.0
208.98576	-1.0
209.01852	-1.0
209.17056	-1.0
209.18507	-1.0
209.23569	-1.0
213.71608	-1.0
213.72064	-1.0
213.72427	-1.0
213.72896	-1.0
213.7374	-1.0
213.74112	-1.0
213.74512	1.0
213.75272	-1.0
213.75745	-1.0
213.76244	-1.0
213.77763	1.0
213.78375	-1.0
213.78651	-1.0
213.78989	-1.0
213.79633	-1.0
213.80904	1.0
213.81348	-1.0
213.83784	1.0
213.84068	-1.0
213.84636	-1.0
213.84895	-1.0
213.85815	-1.0
213.86656	-1.0
213.88171	-1.0
213.90685	-1.0
213.92377	1.0
213.92664	-1.0
213.94716	-1.0
213.9504	-1.0
213.97284	-1.0
213.976	1.0
213.97968	-1.0
214.00407	-1.0
214.03036	-1.0
214.03609	-1.0
214.05716	-1.0
214.05972	-1.0
214.08691	-1.0
214.0908	-1.0
214.10371	-1.0
214.10928	-1.0
214.12416	-1.0
214.14069	1.0
214.1684	-1.0
214.17604	-1.0
214.18433	-1.0
214.19504	-1.0
214.21973	-1.0
214.24255	-1.0
214.25008	-1.0
214.2834	-1.0
214.30368	1.0
214.36372	-1.0
214.40816	-1.0
214.46472	-1.0
214.50464	-1.0
214.50787	-1.0
214.56912	-1.0
214.61292	-1.0
214.61708	-1.0
214.6206	-1.0
214.6728	-1.0
214.67656	-1.0
214.71872	-1.0
214.74329	-1.0
214.76564	-1.0
214.7702	-1.0
214.77612	-1.0
214.91373	-1.0
215.06123	1.0
215.20464	-1.0
215.22227	-1.0
219.31328	-1.0
219.3218	-1.0
219.32507	-1.0
219.33109	-1.0
219.33836	1.0
219.3424	-1.0
219.34616	-1.0
219.34996	-1.0
219.3584	-1.0
219.36143	-1.0
219.36987	-1.0
219.3752	1.0
219.38272	-1.0
219.38672	-1.0
219.39236	1.0
219.40932	-1.0
219.41373	1.0
219.41632	-1.0
219.4204	-1.0
219.44296	-1.0
219.44664	-1.0
219.45676	-1.0
219.481	1.0
219.48624	-1.0
219.49216	-1.0
219.50508	1.0
219.5268	-1.0
219.53188	-1.0
219.54749	-1.0
219.55092	-1.0
219.57648	-1.0
219.59552	-1.0
219.59917	-1.0
219.60596	-1.0
219.60973	-1.0
219.63203	-1.0
219.6436	-1.0
219.65356	-1.0
219.68588	-1.0
219.69617	-1.0
219.7328	-1.0
219.748	-1.0
219.75893	-1.0
219.78809	-1.0
219.82317	-1.0
219.84064	-1.0
219.86368	1.0
219.88368	-1.0
219.88676	1.0
219.91576	-1.0
219.937	-1.0
219.94916	-1.0
219.95564	-1.0
219.97356	-1.0
220.0142	-1.0
220.03291	-1.0
220.04204	-1.0
220.06512	-1.0
220.08348	-1.0
220.08832	-1.0
220.12248	-1.0
220.13712	-1.0
220.26115	-1.0
220.271	-1.0
220.29948	-1.0
220.30696	1.0
220.31444	-1.0
220.32176	-1.0
220.32896	-1.0
220.3706	-1.0
220.3982	-1.0
220.4098	-1.0
220.45567	-1.0
220.46507	-1.0
220.56444	1.0
220.56744	-1.0
220.5744	-1.0
220.64288	-1.0
225.27632	-1.0
225.27988	-1.0
225.28816	-1.0
225.29137	-1.0
225.3014	1.0
225.30437	-1.0
225.30785	-1.0
225.31596	-1.0
225.33716	-1.0
225.3398	-1.0
225.3464	1.0
225.34908	-1.0
225.35872	-1.0
225.36407	-1.0
225.36864	1.0
225.38956	1.0
225.39316	-1.0
225.39728	-1.0
225.41676	1.0
225.44028	-1.0
225.443	-1.0
225.46053	-1.0
225.46704	-1.0
225.48788	-1.0
225.4904	-1.0
225.49908	-1.0
225.51717	-1.0
225.52016	-1.0
225.55328	-1.0
225.5558	1.0
225.58257	-1.0
225.612	-1.0
225.61476	-1.0
225.64096	-1.0
225.64456	-1.0
225.66827	-1.0
225.69196	-1.0
225.69604	-1.0
225.71233	-1.0
225.71628	-1.0
225.76184	-1.0
225.8124	-1.0
225.81589	-1.0
225.85075	-1.0
225.88388	-1.0
225.91068	-1.0
225.91656	-1.0
225.92471	-1.0
225.97484	-1.0
225.9788	-1.0
226.00764	-1.0
226.01189	-1.0
226.07788	1.0
226.1292	-1.0
226.1558	-1.0
226.18668	-1.0
226.27376	1.0
226.33128	-1.0
226.37823	-1.0
226.38928	-1.0
226.39449	-1.0
226.41148	-1.0
226.58012	-1.0
226.58324	-1.0
230.78772	-1.0
230.79268	-1.0
230.79613	1.0
230.79976	-1.0
230.80304	1.0
230.80748	1.0
230.81012	-1.0
230.8138	-1.0
230.8178	-1.0
230.82748	-1.0
230.84248	1.0
230.84547	-1.0
230.85876	-1.0
230.86688	1.0
230.86977	1.0
230.88837	-1.0
230.8934	1.0
230.91852	-1.0
230.9214	-1.0
230.96384	-1.0
230.9694	-1.0
230.99832	1.0
231.02632	-1.0
231.02884	-1.0
231.05148	1.0
231.0608	-1.0
231.07433	1.0
231.10332	-1.0
231.10968	-1.0
231.11304	-1.0
231.13615	-1.0
231.16467	-1.0
231.1796	-1.0
231.1916	1.0
231.19536	-1.0
231.20544	-1.0
231.21852	-1.0
231.22176	-1.0
231.23476	-1.0
231.24112	-1.0
231.24384	-1.0
231.26604	1.0
231.29591	-1.0
231.30003	-1.0
231.31288	-1.0
231.33276	-1.0
231.33624	-1.0
231.38304	-1.0
231.38716	-1.0
231.42557	-1.0
231.43292	-1.0
231.46036	-1.0
231.48187	1.0
231.4844	-1.0
231.50696	-1.0
231.51144	-1.0
231.54152	-1.0
231.55904	-1.0
231.57436	-1.0
231.60196	1.0
231.60497	-1.0
231.65749	-1.0
231.67252	-1.0
231.7256	-1.0
231.73537	-1.0
231.74008	-1.0
231.76224	-1.0
231.79327	-1.0
231.80067	-1.0
231.84764	1.0
231.85992	-1.0
231.94536	-1.0
231.95197	-1.0
231.98895	-1.0
231.993	-1.0
232.0116	-1.0
232.035	1.0
232.11977	-1.0
236.626	-1.0
236.62952	-1.0
236.63805	-1.0
236.64192	-1.0
236.64444	-1.0
236.64696	-1.0
236.65147	1.0
236.66428	-1.0
236.6746	-1.0
236.68687	1.0
236.69072	-1.0
236.71223	-1.0
236.7174	-1.0
236.72108	1.0
236.74008	-1.0
236.74316	-1.0
236.7568	-1.0
236.77708	-1.0
236.78545	-1.0
236.79068	-1.0
236.7934	-1.0
236.79771	-1.0
236.80753	1.0
236.8242	-1.0
236.86456	-1.0
236.86708	-1.0
236.87624	-1.0
236.89503	1.0
236.89809	-1.0
236.91888	-1.0
236.9246	-1.0
236.94711	1.0
236.9504	-1.0
236.97464	-1.0
236.99995	1.0
237.02625	-1.0
237.03471	-1.0
237.08289	1.0
237.08632	-1.0
237.09348	1.0
237.12024	-1.0
237.12312	-1.0
237.1352	-1.0
237.1804	-1.0
237.18524	-1.0
237.1928	-1.0
237.21516	-1.0
237.222	-1.0
237.24403	1.0
237.24689	-1.0
237.26984	-1.0
237.2858	-1.0
237.30508	-1.0
237.3194	1.0
237.351	-1.0
237.40791	-1.0
237.43169	-1.0
237.44943	-1.0
237.46307	-1.0
237.48528	1.0
237.491	-1.0
237.49867	-1.0
237.54485	-1.0
237.6058	1.0
237.61044	-1.0
237.61372	-1.0
237.64424	-1.0
237.68088	-1.0
237.68497	-1.0
237.74388	1.0
237.79424	-1.0
237.8036	-1.0
237.82887	-1.0
237.84389	-1.0
237.86856	-1.0
237.94704	-1.0
237.95683	-1.0
238.04031	-1.0
238.0556	-1.0
242.1672	-1.0
242.17572	-1.0
242.18344	-1.0
242.18704	-1.0
242.19116	-1.0
242.1958	1.0
242.19844	-1.0
242.20656	-1.0
242.2106	-1.0
242.21497	-1.0
242.22856	-1.0
242.2322	1.0
242.23776	1.0
242.2472	-1.0
242.252	-1.0
242.25624	-1.0
242.271	-1.0
242.27956	1.0
242.28229	-1.0
242.29897	-1.0
242.30309	-1.0
242.32571	-1.0
242.3458	-1.0
242.3504	1.0
242.3536	-1.0
242.36597	-1.0
242.38277	-1.0
242.38968	-1.0
242.39735	-1.0
242.40816	1.0
242.4172	-1.0
242.43904	-1.0
242.44704	-1.0
242.47052	-1.0
242.48264	-1.0
242.48592	-1.0
242.51031	-1.0
242.51704	-1.0
242.54648	-1.0
242.58331	-1.0
242.5862	-1.0
242.58904	-1.0
242.61153	-1.0
242.62364	-1.0
242.641	-1.0
242.66968	-1.0
242.67409	-1.0
242.69556	-1.0
242.69908	-1.0
242.7214	-1.0
242.75323	1.0
242.75644	-1.0
242.76608	-1.0
242.76888	-1.0
242.79655	-1.0
242.79948	-1.0
242.84128	-1.0
242.84496	-1.0
242.8676	-1.0
242.89412	-1.0
242.95113	-1.0
242.95816	-1.0
242.99384	-1.0
243.0204	-1.0
243.02368	-1.0
243.04633	-1.0
243.05763	-1.0
243.07867	-1.0
243.18816	-1.0
243.21492	-1.0
243.21756	-1.0
243.2236	-1.0
243.29105	1.0
243.29485	-1.0
243.47331	-1.0
243.52756	-1.0
243.5498	-1.0
243.5532	-1.0
243.56767	-1.0
243.59251	1.0
243.59528	-1.0
248.64735	-1.0
248.65068	-1.0
248.6578	1.0
248.66225	-1.0
248.66624	1.0
248.685	1.0
248.69	-1.0
248.69812	-1.0
248.70512	-1.0
248.70764	1.0
248.71413	-1.0
248.71968	-1.0
248.72775	-1.0
248.73068	-1.0
248.73912	-1.0
248.75224	-1.0
248.75504	-1.0
248.75984	1.0
248.77477	1.0
248.77744	-1.0
248.78397	-1.0
248.78972	-1.0
248.79527	-1.0
248.81444	-1.0
248.82344	-1.0
248.8298	-1.0
248.84764	1.0
248.85107	-1.0
248.87473	-1.0
248.87897	-1.0
248.89148	-1.0
248.89713	-1.0
248.92136	1.0
248.9358	-1.0
248.9464	-1.0
248.95828	-1.0
248.9624	-1.0
248.97552	-1.0
248.97829	-1.0
248.98088	-1.0
248.99712	-1.0
249.00185	-1.0
249.02824	1.0
249.031	-1.0
249.05025	-1.0
249.05504	-1.0
249.10213	-1.0
249.115	-1.0
249.14348	-1.0
249.16183	-1.0
249.17032	1.0
249.17516	-1.0
249.1926	1.0
249.20135	-1.0
249.23784	-1.0
249.2682	-1.0
249.29184	-1.0
249.30264	-1.0
249.35268	-1.0
249.39456	-1.0
249.41252	1.0
249.41624	-1.0
249.4216	-1.0
249.46552	-1.0
249.51337	-1.0
249.55072	-1.0
249.5534	-1.0
249.57297	-1.0
249.57564	1.0
249.62952	-1.0
249.6512	-1.0
249.6966	-1.0
249.71284	-1.0
249.71783	1.0
249.72691	-1.0
249.75195	1.0
249.75896	-1.0
249.82184	1.0
249.83116	-1.0
249.89156	-1.0
249.8994	-1.0
249.90308	-1.0
249.90944	-1.0
249.91536	-1.0
249.95964	-1.0
249.96552	-1.0
250.05257	-1.0
250.06863	-1.0
255.01369	-1.0
255.0184	-1.0
255.02132	-1.0
255.02496	-1.0
255.02872	-1.0
255.03271	1.0
255.03952	-1.0
255.0444	-1.0
255.04887	1.0
255.05405	-1.0
255.05672	-1.0
255.05923	-1.0
255.06177	-1.0
255.07172	-1.0
255.07608	-1.0
255.07936	-1.0
255.10448	-1.0
255.11232	1.0
255.1172	-1.0
255.13908	-1.0
255.14252	-1.0
255.15344	1.0
255.16156	-1.0
255.16516	-1.0
255.1692	-1.0
255.18633	1.0
255.18983	-1.0
255.20436	-1.0
255.21068	1.0
255.21329	-1.0
255.23076	-1.0
255.23436	-1.0
255.23708	-1.0
255.25732	1.0
255.25984	-1.0
255.2826	-1.0
255.28688	1.0
255.3136	1.0
255.3166	-1.0
255.3428	-1.0
255.3694	-1.0
255.3944	-1.0
255.3982	-1.0
255.41852	-1.0
255.42996	-1.0
255.43344	-1.0
255.45416	-1.0
255.48192	-1.0
255.51064	-1.0
255.535	-1.0
255.56032	-1.0
255.57832	-1.0
255.58092	-1.0
255.60524	1.0
255.61084	-1.0
255.61449	-1.0
255.64484	-1.0
255.66248	-1.0
255.66516	-1.0
255.70377	-1.0
255.72328	-1.0
255.73476	-1.0
255.75308	-1.0
255.78572	-1.0
255.80975	-1.0
255.85033	1.0
255.85284	-1.0
255.87984	-1.0
255.88992	-1.0
255.94363	-1.0
255.94936	-1.0
255.97195	-1.0
255.97968	-1.0
256.03488	-1.0
256.18588	-1.0
256.19272	-1.0
256.22748	-1.0
256.2303	-1.0
256.2491	-1.0
256.2806	-1.0
256.28693	-1.0
256.29187	-1.0
256.3462	-1.0
260.21353	-1.0
260.23007	-1.0
260.23303	-1.0
260.24164	1.0
260.2445	-1.0
260.26056	-1.0
260.26437	-1.0
260.27353	-1.0
260.29987	-1.0
260.30243	-1.0
260.31476	-1.0
260.31976	-1.0
260.32455	-1.0
260.3287	-1.0
260.33783	1.0
260.34088	-1.0
260.3489	-1.0
260.35852	-1.0
260.3611	-1.0
260.382	-1.0
260.3846	-1.0
260.40353	-1.0
260.40735	1.0
260.45892	-1.0
260.46497	-1.0
260.48932	-1.0
260.4983	-1.0
260.50735	-1.0
260.531	-1.0
260.53915	1.0
260.5591	-1.0
260.57303	-1.0
260.57584	-1.0
260.5938	1.0
260.59995	-1.0
260.64047	-1.0
260.65375	-1.0
260.6578	-1.0
260.68488	-1.0
260.7044	-1.0
260.73712	-1.0
260.75064	-1.0
260.7592	-1.0
260.7787	-1.0
260.7814	-1.0
260.78876	-1.0
260.82693	-1.0
260.84665	1.0
260.84933	-1.0
260.8523	-1.0
260.87305	-1.0
260.8785	-1.0
260.925	1.0
260.928	-1.0
260.95557	-1.0
260.99268	-1.0
261.00104	-1.0
261.05313	-1.0
261.117	-1.0
261.12396	1.0
261.20303	-1.0
261.2527	-1.0
261.34625	-1.0
261.41077	-1.0
261.42987	-1.0
261.4334	-1.0
261.49664	-1.0
261.50467	-1.0
261.5202	-1.0
261.60324	-1.0
261.63608	-1.0
261.64133	-1.0
265.68643	-1.0
265.697	-1.0
265.70587	-1.0
265.71515	-1.0
265.71793	-1.0
265.72177	1.0
265.72723	-1.0
265.73395	-1.0
265.74344	1.0
265.74615	-1.0
265.75156	-1.0
265.76077	1.0
265.76675	-1.0
265.76968	1.0
265.77505	-1.0
265.79236	-1.0
265.7958	1.0
265.80164	-1.0
265.82748	-1.0
265.83	-1.0
265.84476	-1.0
265.8536	1.0
265.85715	-1.0
265.876	-1.0
265.8818	-1.0
265.90173	-1.0
265.9087	-1.0
265.92868	1.0
265.93192	-1.0
265.93524	1.0
265.96243	-1.0
265.96735	-1.0
265.97028	-1.0
265.98196	1.0
265.98483	-1.0
265.9986	-1.0
266.00308	-1.0
266.0144	-1.0
266.03192	1.0
266.054	1.0
266.07227	-1.0
266.0906	-1.0
266.09393	-1.0
266.11224	-1.0
266.11572	-1.0
266.14664	-1.0
266.16397	-1.0
266.1678	-1.0
266.17172	-1.0
266.1948	-1.0
266.22784	-1.0
266.2498	-1.0
266.264	-1.0
266.29025	-1.0
266.30893	-1.0
266.36395	1.0
266.36752	-1.0
266.40204	1.0
266.43137	-1.0
266.45944	-1.0
266.46396	-1.0
266.48267	-1.0
266.5059	1.0
266.5094	-1.0
266.5151	-1.0
266.54633	-1.0
266.59433	-1.0
266.6502	-1.0
266.6531	-1.0
266.71143	-1.0
266.71655	-1.0
266.73444	-1.0
266.73724	-1.0
266.77444	-1.0
266.7907	1.0
266.79547	-1.0
266.89935	-1.0
267.00317	-1.0
271.22867	-1.0
271.24765	-1.0
271.26135	1.0
271.26532	1.0
271.28845	-1.0
271.29224	1.0
271.31464	-1.0
271.3508	-1.0
271.35364	1.0
271.37637	-1.0
271.38467	1.0
271.4141	-1.0
271.42776	1.0
271.4308	-1.0
271.45355	-1.0
271.47052	-1.0
271.4732	-1.0
271.48267	-1.0
271.49146	-1.0
271.50974	-1.0
271.53156	-1.0
271.53876	-1.0
271.54248	1.0
271.55896	-1.0
271.56815	-1.0
271.58975	-1.0
271.6114	-1.0
271.61496	1.0
271.64944	-1.0
271.67087	-1.0
271.6772	-1.0
271.69675	-1.0
271.7163	-1.0
271.73184	-1.0
271.74973	-1.0
271.7541	-1.0
271.77176	-1.0
271.77737	-1.0
271.8003	-1.0
271.8061	1.0
271.80896	1.0
271.8547	-1.0
271.87	-1.0
271.92627	-1.0
271.92917	-1.0
271.9667	-1.0
271.99347	1.0
271.99652	-1.0
272.0138	-1.0
272.0342	1.0
272.09827	-1.0
272.16068	-1.0
272.16467	1.0
272.16776	-1.0
272.1703	-1.0
272.19705	-1.0
272.1996	-1.0
272.24	-1.0
272.27444	-1.0
272.29187	-1.0
272.37503	-1.0
274.81656	-1.0
274.82263	-1.0
274.85114	-1.0
274.85364	1.0
274.8661	-1.0
274.86865	-1.0
274.8778	-1.0
274.88177	1.0
274.8972	1.0
274.9015	-1.0
274.91785	-1.0
274.92703	-1.0
274.93436	-1.0
274.9461	1.0
274.9588	-1.0
274.97153	-1.0
274.98035	-1.0
275.0078	-1.0
275.02853	-1.0
275.0339	1.0
275.03757	1.0
275.06036	-1.0
275.08633	1.0
275.12015	1.0
275.12268	-1.0
275.15237	-1.0
275.15976	-1.0
275.17807	-1.0
275.18848	-1.0
275.19293	-1.0
275.2046	-1.0
275.20715	-1.0
275.24533	-1.0
275.28665	-1.0
275.28955	-1.0
275.29828	-1.0
275.3333	-1.0
275.35938	-1.0
275.3659	-1.0
275.4122	1.0
275.41647	-1.0
275.42236	-1.0
275.4403	-1.0
275.44577	-1.0
275.536	-1.0
275.54236	-1.0
275.5666	1.0
275.6047	-1.0
275.61636	-1.0
275.6533	-1.0
275.6614	1.0
275.74884	-1.0
275.7585	-1.0
275.77625	-1.0
275.77887	-1.0
275.83868	-1.0
275.84863	-1.0
275.9102	-1.0
275.91568	1.0
275.91843	-1.0
276.00165	-1.0
281.38464	-1.0
281.39072	-1.0
281.3934	-1.0
281.39703	-1.0
281.4008	-1.0
281.411	-1.0
281.42157	1.0
281.4297	1.0
281.4366	-1.0
281.4536	1.0
281.45663	-1.0
281.46063	-1.0
281.47043	-1.0
281.48688	-1.0
281.49448	-1.0
281.50317	-1.0
281.51465	-1.0
281.51852	-1.0
281.541	-1.0
281.5569	-1.0
281.56528	-1.0
281.56793	1.0
281.57608	-1.0
281.5941	-1.0
281.60437	-1.0
281.62643	-1.0
281.65112	1.0
281.65427	-1.0
281.6712	-1.0
281.6805	-1.0
281.71164	-1.0
281.73483	-1.0
281.74292	-1.0
281.7477	-1.0
281.77032	-1.0
281.7732	-1.0
281.77716	-1.0
281.8014	1.0
281.80423	1.0
281.82425	-1.0
281.83524	-1.0
281.85376	-1.0
281.86752	-1.0
281.8906	1.0
281.92053	-1.0
281.94928	-1.0
281.95648	-1.0
281.9914	-1.0
281.99472	-1.0
282.01712	-1.0
282.03796	-1.0
282.06244	1.0
282.1496	-1.0
282.15372	-1.0
282.15695	-1.0
282.177	-1.0
282.2165	-1.0
282.21924	1.0
282.22287	-1.0
282.26807	-1.0
282.27255	-1.0
282.31192	-1.0
282.31595	-1.0
282.36032	-1.0
282.4222	-1.0
282.44623	-1.0
282.46548	-1.0
282.47748	-1.0
282.48264	-1.0
286.3684	-1.0
286.38367	-1.0
286.4106	-1.0
286.43036	-1.0
286.43344	-1.0
286.43765	1.0
286.4478	-1.0
286.45428	1.0
286.45807	-1.0
286.46484	-1.0
286.47617	-1.0
286.49255	-1.0
286.49945	-1.0
286.5091	-1.0
286.52527	-1.0
286.53113	1.0
286.53732	1.0
286.567	-1.0
286.5852	-1.0
286.59232	1.0
286.62363	1.0
286.65448	-1.0
286.66302	-1.0
286.66708	-1.0
286.6834	1.0
286.68677	-1.0
286.692	1.0
286.71176	-1.0
286.7257	-1.0
286.74063	1.0
286.7434	-1.0
286.7466	-1.0
286.77448	-1.0
286.78015	-1.0
286.8095	1.0
286.81335	-1.0
286.83148	-1.0
286.86725	-1.0
286.8711	-1.0
286.8834	-1.0
286.89108	1.0
286.89453	-1.0
286.93884	-1.0
287.00717	-1.0
287.02505	-1.0
287.0398	-1.0
287.0746	-1.0
287.09076	1.0
287.1245	-1.0
287.15167	-1.0
287.1842	-1.0
287.20227	-1.0
287.21564	-1.0
287.2222	-1.0
287.25473	-1.0
287.2802	-1.0
287.2839	1.0
287.37973	-1.0
287.3834	1.0
287.38647	1.0
287.38925	-1.0
287.45383	-1.0
287.56668	-1.0
287.6013	-1.0
287.60504	-1.0
289.92407	-1.0
289.93936	-1.0
289.97623	-1.0
289.982	-1.0
289.989	-1.0
290.004	-1.0
290.00732	-1.0
290.01376	1.0
290.0178	-1.0
290.02997	-1.0
290.0345	1.0
290.0432	-1.0
290.05777	1.0
290.07535	1.0
290.0786	1.0
290.10193	1.0
290.10504	-1.0
290.11157	-1.0
290.13785	-1.0
290.1458	-1.0
290.1696	-1.0
290.17627	-1.0
290.18484	-1.0
290.18735	-1.0
290.1944	1.0
290.2284	-1.0
290.23663	-1.0
290.24448	1.0
290.25266	-1.0
290.27615	-1.0
290.28055	-1.0
290.30505	-1.0
290.33453	-1.0
290.34756	-1.0
290.3795	-1.0
290.42017	1.0
290.4282	-1.0
290.43167	-1.0
290.45248	-1.0
290.45856	-1.0
290.48663	1.0
290.48972	1.0
290.52808	-1.0
290.56137	-1.0
290.56467	-1.0
290.59875	-1.0
290.63113	1.0
290.63632	-1.0
290.66748	-1.0
290.6719	-1.0
290.76923	-1.0
290.79984	-1.0
290.82028	-1.0
290.82297	1.0
290.82565	-1.0
290.85687	-1.0
290.87036	-1.0
290.8737	-1.0
291.0449	-1.0
291.06073	-1.0
295.44547	-1.0
295.45343	-1.0
295.45865	-1.0
295.46487	-1.0
295.4789	1.0
295.48212	-1.0
295.4946	1.0
295.4974	-1.0
295.5133	-1.0
295.53113	-1.0
295.5382	1.0
295.55457	-1.0
295.5753	1.0
295.58313	-1.0
295.58588	-1.0
295.61243	1.0
295.6306	-1.0
295.64728	-1.0
295.65665	1.0
295.66003	1.0
295.68607	1.0
295.69016	-1.0
295.69888	-1.0
295.7316	-1.0
295.74344	-1.0
295.74957	1.0
295.75424	1.0
295.75696	-1.0
295.77252	-1.0
295.78143	-1.0
295.78537	-1.0
295.8019	-1.0
295.8113	1.0
295.81396	1.0
295.83923	-1.0
295.84824	-1.0
295.87555	-1.0
295.8966	-1.0
295.89993	-1.0
295.92947	-1.0
295.94644	-1.0
295.9753	-1.0
295.99432	1.0
295.9986	-1.0
296.01028	-1.0
296.0406	-1.0
296.04376	-1.0
296.0695	-1.0
296.07217	-1.0
296.14133	-1.0
296.14417	1.0
296.15204	-1.0
296.19504	-1.0
296.23785	-1.0
296.26535	-1.0
296.36017	-1.0
296.37924	-1.0
296.42963	-1.0
296.44025	-1.0
296.49588	-1.0
296.56927	-1.0
300.3252	-1.0
300.33044	-1.0
300.3701	-1.0
300.37436	-1.0
300.3818	-1.0
300.39127	-1.0
300.40372	-1.0
300.4098	-1.0
300.41245	1.0
300.41495	-1.0
300.44937	1.0
300.45276	-1.0
300.45624	-1.0
300.459	1.0
300.46167	1.0
300.47916	-1.0
300.48276	1.0
300.50974	-1.0
300.53064	1.0
300.5364	1.0
300.54276	1.0
300.54565	-1.0
300.56952	-1.0
300.57733	-1.0
300.58136	-1.0
300.6092	-1.0
300.6324	-1.0
300.6352	-1.0
300.6417	-1.0
300.6464	-1.0
300.66656	-1.0
300.7075	-1.0
300.7298	-1.0
300.73236	1.0
300.77176	-1.0
300.7764	1.0
300.7797	1.0
300.815	-1.0
300.86792	-1.0
300.87503	-1.0
300.88025	-1.0
300.8969	-1.0
300.89984	-1.0
300.9069	1.0
300.90988	-1.0
300.93573	-1.0
300.9762	-1.0
300.98343	1.0
301.03125	-1.0
301.058	1.0
301.06165	-1.0
301.1381	-1.0
301.14853	1.0
301.15228	-1.0
301.16077	-1.0
301.2073	-1.0
301.21057	-1.0
301.25815	-1.0
305.42493	-1.0
305.43375	-1.0
305.44073	-1.0
305.44873	-1.0
305.45157	-1.0
305.48257	1.0
305.49973	-1.0
305.5094	1.0
305.5319	1.0
305.53455	-1.0
305.54633	-1.0
305.54932	-1.0
305.55447	1.0
305.57883	-1.0
305.5816	-1.0
305.58517	-1.0
305.58984	-1.0
305.60352	-1.0
305.60803	1.0
305.61896	-1.0
305.63907	1.0
305.6418	-1.0
305.64523	-1.0
305.66907	-1.0
305.6818	-1.0
305.6932	-1.0
305.69644	-1.0
305.73145	1.0
305.7697	-1.0
305.78452	-1.0
305.80737	-1.0
305.8115	1.0
305.82288	-1.0
305.82785	-1.0
305.84207	1.0
305.85413	-1.0
305.85843	-1.0
305.8875	-1.0
305.90692	1.0
305.90952	-1.0
305.91467	-1.0
305.93408	-1.0
305.94485	1.0
305.94797	-1.0
305.97467	-1.0
306.00677	1.0
306.01077	-1.0
306.0167	-1.0
306.06903	-1.0
306.08453	-1.0
306.11816	-1.0
306.1531	-1.0
306.16257	-1.0
306.1654	1.0
306.2177	-1.0
306.27536	-1.0
306.28284	-1.0
306.28543	-1.0
306.29272	-1.0
306.36313	-1.0
306.36603	-1.0
306.40692	-1.0
306.431	1.0
310.2021	-1.0
310.20932	-1.0
310.22308	-1.0
310.24835	-1.0
310.25412	-1.0
310.26593	1.0
310.26947	-1.0
310.2891	1.0
310.29285	-1.0
310.29556	-1.0
310.3207	-1.0
310.32547	-1.0
310.3287	-1.0
310.34937	-1.0
310.3701	-1.0
310.37354	-1.0
310.39285	-1.0
310.39804	-1.0
310.41983	-1.0
310.42255	-1.0
310.4272	-1.0
310.4392	-1.0
310.4508	-1.0
310.46957	-1.0
310.47293	-1.0
310.4963	-1.0
310.5162	-1.0
310.51883	-1.0
310.53455	-1.0
310.5594	-1.0
310.56613	1.0
310.58148	-1.0
310.61975	-1.0
310.6434	-1.0
310.65955	-1.0
310.6739	-1.0
310.68008	-1.0
310.75043	-1.0
310.75397	1.0
310.7671	-1.0
310.7929	-1.0
310.82788	1.0
310.8304	-1.0
310.83496	-1.0
310.90692	-1.0
310.957	-1.0
310.96075	-1.0
310.97906	-1.0
310.98868	-1.0
310.99408	-1.0
311.04523	1.0
311.12646	-1.0
311.1514	-1.0
315.77692	-1.0
315.82788	-1.0
315.837	-1.0
315.8474	-1.0
315.869	-1.0
315.89493	-1.0
315.90768	-1.0
315.91367	-1.0
315.9288	-1.0
315.93137	-1.0
315.9352	1.0
315.94073	-1.0
315.96155	-1.0
315.96408	-1.0
315.96835	-1.0
316.00165	-1.0
316.01028	-1.0
316.01767	-1.0
316.02667	-1.0
316.04547	-1.0
316.05228	-1.0
316.05804	1.0
316.0618	1.0
316.10388	-1.0
316.12833	-1.0
316.13095	-1.0
316.14243	-1.0
316.1612	-1.0
316.1917	-1.0
316.19662	1.0
316.2052	-1.0
316.219	-1.0
316.23035	-1.0
316.2585	-1.0
316.2622	-1.0
316.26587	1.0
316.2708	-1.0
316.28168	-1.0
316.2986	-1.0
316.30145	-1.0
316.30524	-1.0
316.32257	1.0
316.32584	-1.0
316.34592	-1.0
316.38013	-1.0
316.40552	-1.0
316.4314	-1.0
316.46487	1.0
316.46887	-1.0
316.5216	-1.0
316.5443	-1.0
316.55048	-1.0
316.56183	-1.0
316.60767	-1.0
316.61136	-1.0
316.66412	-1.0
316.67465	-1.0
316.6786	-1.0
316.7034	-1.0
316.71127	-1.0
316.73438	-1.0
316.74207	-1.0
316.7521	-1.0
316.78015	-1.0
316.81216	1.0
316.81476	-1.0
321.0103	-1.0
321.0167	-1.0
321.0212	-1.0
321.03363	-1.0
321.04193	-1.0
321.05725	-1.0
321.05997	-1.0
321.06567	1.0
321.07147	-1.0
321.0765	-1.0
321.09308	-1.0
321.1036	-1.0
321.11804	1.0
321.1379	1.0
321.1518	1.0
321.16187	-1.0
321.1698	-1.0
321.19485	-1.0
321.199	-1.0
321.21973	-1.0
321.24603	-1.0
321.25525	-1.0
321.27075	-1.0
321.2849	-1.0
321.3218	-1.0
321.34003	-1.0
321.35257	1.0
321.36163	-1.0
321.37408	-1.0
321.37775	-1.0
321.4032	-1.0
321.42896	1.0
321.4316	1.0
321.4413	-1.0
321.4638	-1.0
321.49747	1.0
321.5111	-1.0
321.5241	1.0
321.55075	-1.0
321.57343	-1.0
321.57785	-1.0
321.61435	1.0
321.6958	-1.0
321.72284	-1.0
321.73047	-1.0
321.76093	-1.0
321.77692	-1.0
321.79413	1.0
321.80353	-1.0
321.80853	-1.0
321.91223	-1.0
321.92432	-1.0
321.94492	1.0
322.0313	-1.0
322.0436	-1.0
325.94543	-1.0
325.94876	-1.0
325.96387	-1.0
325.97635	-1.0
325.98016	-1.0
326.00433	-1.0
326.00696	-1.0
326.046	-1.0
326.05493	-1.0
326.10205	-1.0
326.10556	-1.0
326.1139	-1.0
326.12323	1.0
326.1259	-1.0
326.12872	1.0
326.1378	-1.0
326.19467	-1.0
326.2394	-1.0
326.24524	-1.0
326.2496	1.0
326.25613	-1.0
326.26587	-1.0
326.27484	-1.0
326.30545	-1.0
326.32745	-1.0
326.3658	-1.0
326.4367	1.0
326.43924	-1.0
326.44452	-1.0
326.4553	-1.0
326.45844	-1.0
326.46097	1.0
326.49	-1.0
326.50668	-1.0
326.51535	-1.0
326.5192	-1.0
326.52417	-1.0
326.54144	-1.0
326.56223	-1.0
326.56476	-1.0
326.63507	-1.0
326.66907	-1.0
326.72653	-1.0
326.73984	-1.0
326.76004	-1.0
326.7891	1.0
326.8504	-1.0
326.90787	-1.0
326.97775	-1.0
327.04135	-1.0
327.1237	-1.0
327.1271	-1.0
327.13007	-1.0
331.84772	-1.0
331.85352	-1.0
331.8676	-1.0
331.87204	-1.0
331.87488	-1.0
331.8822	-1.0
331.89407	-1.0
331.90048	-1.0
331.90375	-1.0
331.9184	1.0
331.9326	-1.0
331.94595	-1.0
331.95795	-1.0
331.96768	1.0
331.98727	-1.0
331.99463	-1.0
332.0	-1.0
332.0655	-1.0
332.07343	1.0
332.0799	1.0
332.08768	-1.0
332.09833	-1.0
332.10406	1.0
332.13153	-1.0
332.1344	-1.0
332.1491	1.0
332.17233	-1.0
332.18124	1.0
332.19687	-1.0
332.2046	-1.0
332.22064	-1.0
332.2245	-1.0
332.26828	-1.0
332.285	-1.0
332.2964	-1.0
332.32404	1.0
332.32736	-1.0
332.36588	-1.0
332.37372	-1.0
332.3886	1.0
332.4235	-1.0
332.44632	-1.0
332.4498	-1.0
332.5452	1.0
332.5478	-1.0
332.5644	-1.0
332.58224	-1.0
332.59628	-1.0
332.60245	-1.0
332.73026	-1.0
332.78125	-1.0
332.81912	-1.0
332.82285	-1.0
338.1974	-1.0
338.20108	-1.0
338.20605	-1.0
338.20993	-1.0
338.2164	-1.0
338.22995	1.0
338.2405	-1.0
338.24908	-1.0
338.2574	-1.0
338.26303	1.0
338.2657	-1.0
338.29968	1.0
338.30377	-1.0
338.32648	1.0
338.38004	-1.0
338.39432	-1.0
338.40527	-1.0
338.42365	-1.0
338.47037	-1.0
338.4951	-1.0
338.49805	-1.0
338.5063	-1.0
338.51785	-1.0
338.5207	-1.0
338.53476	-1.0
338.54733	-1.0
338.60095	-1.0
338.6182	-1.0
338.62537	-1.0
338.64435	-1.0
338.66208	-1.0
338.66632	-1.0
338.7674	-1.0
338.77356	-1.0
338.8265	-1.0
338.8326	-1.0
338.87076	1.0
338.87463	1.0
338.904	-1.0
338.9274	-1.0
338.93216	1.0
338.94513	-1.0
338.95868	-1.0
338.97913	-1.0
339.01816	-1.0
343.27603	-1.0
343.28168	-1.0
343.28973	-1.0
343.2935	-1.0
343.2989	-1.0
343.31592	1.0
343.32364	-1.0
343.33893	-1.0
343.37793	-1.0
343.38605	-1.0
343.39233	1.0
343.39523	1.0
343.39865	1.0
343.42404	-1.0
343.42715	-1.0
343.45224	-1.0
343.4632	1.0
343.48438	-1.0
343.52365	-1.0
343.5454	-1.0
343.55524	-1.0
343.56177	-1.0
343.58823	-1.0
343.5926	-1.0
343.60892	-1.0
343.63556	-1.0
343.69363	-1.0
343.71652	-1.0
343.73633	-1.0
343.75693	-1.0
343.78455	-1.0
343.79727	-1.0
343.8051	-1.0
343.816	-1.0
343.84976	-1.0
343.85648	-1.0
343.96463	-1.0
348.6187	-1.0
348.6263	-1.0
348.62985	-1.0
348.63852	-1.0
348.6443	-1.0
348.66733	-1.0
348.6905	-1.0
348.70975	1.0
348.71555	-1.0
348.72647	1.0
348.7364	-1.0
348.7412	-1.0
348.7442	-1.0
348.758	1.0
348.7876	-1.0
348.81964	-1.0
348.8472	-1.0
348.8503	-1.0
348.86237	-1.0
348.87463	-1.0
348.88577	-1.0
348.89685	-1.0
348.91144	-1.0
348.92056	-1.0
348.9716	-1.0
348.9981	-1.0
349.0238	-1.0
349.10837	-1.0
349.14853	-1.0
349.17276	-1.0
349.17636	-1.0
349.25592	-1.0
349.29648	-1.0
349.2997	-1.0
349.327	-1.0
349.34317	-1.0
349.40085	-1.0
349.4878	-1.0
349.49985	-1.0
353.61456	-1.0
353.62488	-1.0
353.6706	-1.0
353.68048	-1.0
353.69165	-1.0
353.69925	-1.0
353.71255	-1.0
353.71588	-1.0
353.7783	-1.0
353.7831	-1.0
353.86908	-1.0
353.87357	-1.0
353.89224	-1.0
353.91397	1.0
353.92096	1.0
353.9255	-1.0
353.99393	-1.0
354.0089	-1.0
354.02884	-1.0
354.06003	-1.0
354.07584	-1.0
354.0812	-1.0
354.17215	-1.0
354.2177	-1.0
354.2383	-1.0
354.246	-1.0
354.25644	-1.0
354.30923	-1.0
354.32227	-1.0
354.36072	-1.0
354.3872	-1.0
354.44113	-1.0
354.5148	-1.0
354.55795	-1.0
354.64133	-1.0
354.71637	-1.0
358.4141	-1.0
358.42725	-1.0
358.45236	1.0
358.45547	-1.0
358.4741	-1.0
358.48117	-1.0
358.486	1.0
358.49384	-1.0
358.51172	-1.0
358.5162	1.0
358.51883	-1.0
358.5315	-1.0
358.5435	-1.0
358.55887	-1.0
358.56577	-1.0
358.57397	-1.0
358.5793	-1.0
358.63043	-1.0
358.6545	-1.0
358.6627	-1.0
358.69492	-1.0
358.74863	-1.0
358.75125	1.0
358.76617	-1.0
358.80045	-1.0
358.8455	-1.0
358.85327	-1.0
358.86884	1.0
358.92825	1.0
358.93347	-1.0
359.01517	-1.0
359.03943	-1.0
359.08792	-1.0
359.12164	-1.0
359.28705	-1.0
363.40588	-1.0
363.45145	-1.0
363.461	-1.0
363.4691	-1.0
363.4816	-1.0
363.4937	-1.0
363.4972	-1.0
363.5107	-1.0
363.55276	-1.0
363.5678	-1.0
363.57593	-1.0
363.6388	1.0
363.64236	1.0
363.67667	1.0
363.67947	-1.0
363.68585	-1.0
363.6905	-1.0
363.74188	-1.0
363.8341	-1.0
363.88412	-1.0
363.89447	-1.0
363.9172	-1.0
363.93704	-1.0
363.9446	-1.0
363.967	-1.0
364.00745	-1.0
364.0456	-1.0
364.25385	-1.0
364.29144	-1.0
364.29843	-1.0
364.30576	-1.0
364.33273	-1.0
364.40793	-1.0
364.43353	-1.0
364.45792	-1.0
364.4767	-1.0
364.48575	-1.0
364.49283	-1.0
364.58136	-1.0
368.40704	-1.0
368.42325	-1.0
368.4286	-1.0
368.4377	-1.0
368.4462	-1.0
368.47955	-1.0
368.52408	-1.0
368.53955	-1.0
368.54993	-1.0
368.56308	-1.0
368.56732	1.0
368.56985	1.0
368.58084	-1.0
368.6068	-1.0
368.6245	-1.0
368.6522	-1.0
368.67896	-1.0
368.7147	-1.0
368.71863	1.0
368.7528	-1.0
368.78232	-1.0
368.79688	-1.0
368.80676	-1.0
368.81644	-1.0
368.85608	-1.0
368.8883	-1.0
368.94135	-1.0
368.9699	-1.0
368.9864	-1.0
368.98904	-1.0
368.99854	-1.0
369.11377	-1.0
369.15112	-1.0
369.22955	-1.0
369.276	-1.0
373.19824	-1.0
373.20453	-1.0
373.21707	-1.0
373.22647	1.0
373.258	-1.0
373.27463	-1.0
373.27927	-1.0
373.28604	-1.0
373.2939	-1.0
373.30133	-1.0
373.3285	-1.0
373.35464	-1.0
373.35873	-1.0
373.37277	-1.0
373.47375	1.0
373.479	-1.0
373.50977	-1.0
373.67676	-1.0
373.6859	-1.0
373.83212	-1.0
373.8658	-1.0
373.86856	-1.0
373.93005	-1.0
373.96045	-1.0
373.96643	-1.0
374.00146	-1.0
374.02255	-1.0
374.08047	-1.0
378.0581	-1.0
378.07205	-1.0
378.08032	-1.0
378.09537	-1.0
378.11575	-1.0
378.12073	-1.0
378.15457	-1.0
378.16995	-1.0
378.1798	-1.0
378.20084	-1.0
378.22595	-1.0
378.2532	-1.0
378.2924	-1.0
378.3032	-1.0
378.39487	-1.0
378.4341	-1.0
378.43723	1.0
378.4459	-1.0
378.46243	-1.0
378.48083	-1.0
378.5476	-1.0
378.56973	-1.0
378.5764	-1.0
378.59195	-1.0
378.69797	-1.0
378.71155	-1.0
383.07025	-1.0
383.07712	-1.0
383.08264	-1.0
383.114	-1.0
383.12628	-1.0
383.13028	-1.0
383.1562	-1.0
383.22415	1.0
383.24292	-1.0
383.26544	-1.0
383.291	-1.0
383.30795	-1.0
383.31656	-1.0
383.32376	-1.0
383.32767	1.0
383.3308	1.0
383.34265	-1.0
383.375	-1.0
383.43005	-1.0
383.45157	-1.0
383.49512	-1.0
383.53568	-1.0
383.55753	-1.0
383.56015	-1.0
383.63263	-1.0
383.65875	-1.0
383.70264	-1.0
383.7362	-1.0
383.7788	-1.0
383.83936	-1.0
383.8538	-1.0
383.87195	-1.0
383.9438	-1.0
383.98785	-1.0
383.9972	-1.0
388.10837	-1.0
388.13327	-1.0
388.15268	-1.0
388.16727	-1.0
388.17944	-1.0
388.20297	-1.0
388.2554	-1.0
388.27536	-1.0
388.37228	-1.0
388.3943	-1.0
388.42685	-1.0
388.4446	-1.0
388.4511	-1.0
388.5102	-1.0
388.5201	-1.0
388.6132	-1.0
388.64468	-1.0
388.74753	-1.0
388.78668	-1.0
388.85007	-1.0
388.9402	-1.0
388.9636	-1.0
392.84317	-1.0
392.86804	-1.0
392.8818	-1.0
392.8946	-1.0
392.8978	-1.0
392.97125	-1.0
392.9794	-1.0
392.98584	-1.0
393.02908	-1.0
393.03732	-1.0
393.06036	-1.0
393.08255	-1.0
393.18948	-1.0
393.22156	-1.0
393.27417	-1.0
393.44476	-1.0
393.65735	-1.0
393.72412	-1.0
393.783	-1.0
393.7877	-1.0
393.79205	-1.0
397.2436	-1.0
397.25635	-1.0
397.26144	-1.0
397.26596	-1.0
397.2804	-1.0
397.3022	-1.0
397.32397	-1.0
397.43753	-1.0
397.4536	-1.0
397.4672	-1.0
397.47964	-1.0
397.49335	-1.0
397.5263	-1.0
397.56165	-1.0
397.5691	-1.0
397.59024	-1.0
397.6944	-1.0
397.70163	-1.0
397.7352	-1.0
397.78616	-1.0
397.84317	-1.0
397.904	-1.0
397.9872	-1.0
402.16135	-1.0
402.17963	-1.0
402.21164	-1.0
402.22147	-1.0
402.3328	-1.0
402.39075	-1.0
402.46695	1.0
402.4883	-1.0
402.51477	-1.0
402.5288	-1.0
402.55496	-1.0
402.6416	-1.0
402.66135	-1.0
402.69583	-1.0
402.71365	-1.0
402.7264	-1.0
402.77127	-1.0
402.83917	-1.0
402.92795	-1.0
402.96243	-1.0
403.01816	-1.0
403.05716	-1.0
403.11505	-1.0
407.48248	-1.0
407.48907	-1.0
407.50644	-1.0
407.5316	-1.0
407.53635	-1.0
407.5417	-1.0
407.55225	-1.0
407.58633	-1.0
407.61816	-1.0
407.65396	-1.0
407.6613	-1.0
407.6937	-1.0
407.70325	-1.0
407.8182	-1.0
407.90475	-1.0
407.93765	-1.0
407.99985	-1.0
408.01172	-1.0
408.0171	-1.0
408.05005	-1.0
408.15445	-1.0
408.23413	-1.0
408.28143	-1.0
411.8055	-1.0
411.81207	-1.0
411.817	-1.0
411.82443	-1.0
411.8278	-1.0
411.83408	-1.0
411.84372	-1.0
411.85568	-1.0
411.8711	-1.0
411.89276	-1.0
411.90057	-1.0
411.95004	-1.0
411.9861	-1.0
412.01532	-1.0
412.13284	-1.0
412.1457	-1.0
412.17773	-1.0
412.19672	-1.0
412.22168	-1.0
412.2945	-1.0
412.41605	-1.0
412.4212	-1.0
412.50143	-1.0
412.57416	-1.0
416.60583	-1.0
416.60977	-1.0
416.6137	-1.0
416.63083	-1.0
416.66205	-1.0
416.669	-1.0
416.68835	-1.0
416.75772	-1.0
416.811	-1.0
416.81573	-1.0
416.823	-1.0
416.85684	-1.0
416.92032	-1.0
416.97852	-1.0
417.07175	-1.0
417.1346	-1.0
417.14093	-1.0
417.22717	-1.0
417.29108	-1.0
417.31403	-1.0
417.4028	-1.0
417.43637	-1.0
421.27905	-1.0
421.2839	-1.0
421.28845	-1.0
421.30145	-1.0
421.30615	-1.0
421.30945	-1.0
421.31485	-1.0
421.32205	1.0
421.36295	-1.0
421.37637	-1.0
421.39584	-1.0
421.45367	-1.0
421.4695	-1.0
421.4981	-1.0
421.51953	-1.0
421.57043	-1.0
421.6468	-1.0
421.73868	-1.0
421.7535	-1.0
421.77325	-1.0
421.8186	-1.0
421.9266	-1.0
421.95575	-1.0
422.00168	-1.0
422.0672	-1.0
425.69705	-1.0
425.72345	1.0
425.73297	-1.0
425.74496	-1.0
425.74915	-1.0
425.78247	-1.0
425.81525	-1.0
425.82376	-1.0
425.86404	-1.0
425.94092	-1.0
425.97263	-1.0
425.9868	-1.0
426.01465	-1.0
426.0456	-1.0
426.08264	-1.0
426.1349	1.0
426.1438	-1.0
426.1966	-1.0
426.28452	-1.0
426.29584	-1.0
426.3079	-1.0
426.40076	-1.0
426.51068	-1.0
429.6478	-1.0
429.65457	-1.0
429.66177	-1.0
429.66876	-1.0
429.6734	-1.0
429.68805	-1.0
429.73785	-1.0
429.74625	-1.0
429.75348	-1.0
429.84824	-1.0
429.8804	-1.0
429.93887	-1.0
429.95612	-1.0
430.0044	-1.0
430.02783	-1.0
430.04752	-1.0
430.10123	-1.0
430.20337	-1.0
433.6474	-1.0
433.6636	-1.0
433.67432	-1.0
433.68372	-1.0
433.69043	-1.0
433.7196	-1.0
433.7277	-1.0
433.74203	-1.0
433.76547	-1.0
433.8859	-1.0
433.91714	-1.0
433.9461	-1.0
433.9713	-1.0
433.97397	-1.0
433.98584	-1.0
433.99237	-1.0
434.05823	-1.0
434.29077	-1.0
434.39032	-1.0
437.5107	-1.0
437.51755	-1.0
437.5215	-1.0
437.53177	-1.0
437.5526	-1.0
437.56845	-1.0
437.6154	-1.0
437.64032	-1.0
437.6645	-1.0
437.75055	-1.0
437.761	-1.0
437.7776	-1.0
437.87915	-1.0
437.88452	-1.0
437.9311	-1.0
437.9458	-1.0
438.1584	-1.0
438.23712	-1.0
442.47644	-1.0
442.4824	-1.0
442.48645	-1.0
442.50476	-1.0
442.5086	-1.0
442.51324	-1.0
442.5438	-1.0
442.62064	-1.0
442.64667	-1.0
442.66287	-1.0
442.70963	-1.0
442.77924	-1.0
442.78812	-1.0
442.83823	-1.0
442.868	-1.0
442.95428	-1.0
442.96695	-1.0
443.03412	-1.0
443.0946	-1.0
443.16077	-1.0
443.2352	-1.0
443.24353	-1.0
443.36832	-1.0
446.36603	-1.0
446.381	-1.0
446.38632	-1.0
446.3916	1.0
446.40967	-1.0
446.4359	-1.0
446.46323	-1.0
446.49292	-1.0
446.50867	-1.0
446.63483	-1.0
446.63824	-1.0
446.79214	-1.0
446.8553	-1.0
446.86307	-1.0
446.8812	-1.0
446.89297	-1.0
446.9141	-1.0
447.06784	-1.0
450.40753	1.0
450.41132	-1.0
450.41528	-1.0
450.44592	-1.0
450.46075	-1.0
450.47607	-1.0
450.48123	-1.0
450.4926	-1.0
450.51163	-1.0
450.5479	-1.0
450.66205	-1.0
450.67755	-1.0
450.6982	-1.0
450.72156	-1.0
450.74207	-1.0
450.82785	-1.0
450.88467	-1.0
450.9419	-1.0
450.9665	-1.0
453.92548	-1.0
453.9346	-1.0
453.95325	-1.0
453.95828	-1.0
453.985	-1.0
453.99673	-1.0
454.0089	-1.0
454.0895	-1.0
454.10367	-1.0
454.1314	-1.0
454.141	-1.0
454.15656	-1.0
454.17108	-1.0
454.20447	-1.0
454.2248	-1.0
454.27908	-1.0
454.30933	-1.0
454.37552	-1.0
454.4622	-1.0
454.53964	-1.0
454.6151	-1.0
457.438	-1.0
457.47617	-1.0
457.486	-1.0
457.5046	-1.0
457.51025	-1.0
457.53632	-1.0
457.54388	-1.0
457.5521	-1.0
457.62903	-1.0
457.64407	-1.0
457.67108	-1.0
457.8843	-1.0
458.0126	-1.0
458.023	-1.0
458.0674	-1.0
460.68436	-1.0
460.7326	-1.0
460.75146	-1.0
460.76248	-1.0
460.78775	-1.0
460.81458	-1.0
460.8554	-1.0
460.87543	-1.0
460.89325	-1.0
460.97595	-1.0
460.98795	-1.0
461.033	-1.0
461.0605	-1.0
461.0788	-1.0
461.229	-1.0
461.26624	-1.0
461.30023	-1.0
461.44992	-1.0
464.1789	-1.0
464.21085	-1.0
464.21353	-1.0
464.22656	-1.0
464.2378	-1.0
464.25024	-1.0
464.27472	-1.0
464.28915	-1.0
464.30096	-1.0
464.33548	-1.0
464.3722	-1.0
464.38147	-1.0
464.3979	-1.0
464.42328	-1.0
464.47775	-1.0
464.5245	-1.0
464.59943	-1.0
464.60312	-1.0
464.6589	-1.0
464.6698	-1.0
464.6797	-1.0
464.69815	-1.0
464.78552	-1.0
464.8531	-1.0
467.67465	-1.0
467.6939	-1.0
467.69995	-1.0
467.71185	-1.0
467.73123	1.0
467.7564	-1.0
467.84924	-1.0
467.8744	-1.0
467.8953	-1.0
467.9532	-1.0
468.01553	-1.0
468.04703	-1.0
468.18448	-1.0
470.97232	-1.0
470.97723	-1.0
470.99207	-1.0
471.00217	-1.0
471.0096	-1.0
471.07532	-1.0
471.09073	-1.0
471.12735	-1.0
471.17392	-1.0
471.2298	-1.0
471.28503	-1.0
471.29785	-1.0
471.3563	-1.0
471.42703	-1.0
471.60852	-1.0
471.6478	-1.0
473.92984	-1.0
473.93863	-1.0
473.94843	-1.0
473.96777	-1.0
473.97067	1.0
473.98013	-1.0
473.99695	-1.0
474.02103	-1.0
474.0708	-1.0
474.08728	-1.0
474.11935	-1.0
474.23035	-1.0
474.24695	-1.0
474.28223	-1.0
474.38284	-1.0
474.39548	-1.0
474.41885	-1.0
476.9232	-1.0
476.9306	-1.0
476.9351	-1.0
476.94452	-1.0
476.95416	-1.0
476.96213	-1.0
476.9868	-1.0
476.99484	-1.0
476.99753	-1.0
477.0064	-1.0
477.00912	-1.0
477.04797	-1.0
477.06592	-1.0
477.08267	-1.0
477.20627	-1.0
477.23703	-1.0
477.2591	-1.0
477.29565	-1.0
477.34164	-1.0
477.39853	-1.0
479.83032	-1.0
479.84125	-1.0
479.8531	-1.0
479.86804	-1.0
479.89777	-1.0
479.90704	-1.0
479.9185	-1.0
479.93185	-1.0
479.9428	-1.0
479.98026	-1.0
480.02353	-1.0
480.07535	-1.0
480.1039	-1.0
480.16797	-1.0
480.23672	-1.0
480.295	-1.0
480.33875	-1.0
480.36093	-1.0
480.37585	-1.0
482.50165	-1.0
482.50937	-1.0
482.5281	-1.0
482.6018	-1.0
482.61517	-1.0
482.6241	-1.0
482.6513	-1.0
482.65997	-1.0
482.68472	-1.0
482.73407	-1.0
482.74936	-1.0
482.84088	-1.0
482.8934	-1.0
485.7012	-1.0
485.74075	-1.0
485.75143	-1.0
485.77408	-1.0
485.7889	-1.0
485.81796	-1.0
485.8221	-1.0
485.8786	-1.0
485.88904	-1.0
485.90182	-1.0
485.9338	-1.0
485.94037	-1.0
485.982	-1.0
485.98843	-1.0
486.0052	-1.0
486.01877	-1.0
486.0335	-1.0
486.08328	-1.0
486.1118	-1.0
486.12897	-1.0
486.19144	-1.0
489.0052	-1.0
489.08984	-1.0
489.09763	-1.0
489.1094	-1.0
489.11456	-1.0
489.12125	-1.0
489.12653	-1.0
489.1822	-1.0
489.22968	-1.0
489.2402	-1.0
489.29855	-1.0
489.33243	-1.0
489.4095	-1.0
489.4195	-1.0
489.51447	-1.0
489.61423	-1.0
489.6792	-1.0
492.67383	-1.0
492.6848	-1.0
492.73593	-1.0
492.74075	-1.0
492.7441	-1.0
492.76764	-1.0
492.79565	-1.0
492.8394	-1.0
492.87488	-1.0
492.88293	-1.0
492.91223	-1.0
492.9247	-1.0
492.9316	-1.0
492.99167	-1.0
493.04276	-1.0
493.06458	-1.0
493.08008	-1.0
493.14716	-1.0
493.32077	-1.0
493.37296	-1.0
493.3954	-1.0
495.4641	-1.0
495.51065	-1.0
495.52747	-1.0
495.53232	-1.0
495.5436	-1.0
495.5557	-1.0
495.56296	-1.0
495.6052	-1.0
495.61237	-1.0
495.65408	-1.0
495.80338	-1.0
498.49704	-1.0
498.50375	-1.0
498.51083	-1.0
498.5187	-1.0
498.52267	-1.0
498.52713	-1.0
498.5386	-1.0
498.54605	-1.0
498.55368	-1.0
498.57257	-1.0
498.58432	-1.0
498.59637	-1.0
498.61465	-1.0
498.64197	-1.0
498.64456	-1.0
498.66284	-1.0
498.66656	-1.0
498.69327	-1.0
498.70383	-1.0
498.7946	-1.0
498.86963	-1.0
498.907	-1.0
498.98773	-1.0
503.89612	-1.0
503.91205	-1.0
503.91583	-1.0
503.927	-1.0
503.95813	-1.0
503.9963	-1.0
504.14075	-1.0
504.239	-1.0
504.254	-1.0
504.29285	-1.0
504.31628	-1.0
504.34763	-1.0
504.58316	-1.0
504.7285	-1.0
506.85095	-1.0
506.85892	-1.0
506.88333	-1.0
506.8942	-1.0
506.91516	-1.0
506.93576	-1.0
506.93997	-1.0
506.9482	-1.0
506.97488	-1.0
506.9807	-1.0
507.04224	-1.0
507.1867	-1.0
509.4052	-1.0
509.44376	-1.0
509.45303	-1.0
509.46384	-1.0
509.4909	-1.0
509.5205	-1.0
509.5399	-1.0
509.57797	-1.0
509.6137	-1.0
509.62448	-1.0
509.6502	-1.0
509.67084	-1.0
509.70105	-1.0
509.71463	-1.0
509.81317	-1.0
512.587	-1.0
512.60266	-1.0
512.66675	-1.0
512.6792	-1.0
512.691	-1.0
512.698	-1.0
512.7084	-1.0
512.72015	-1.0
512.81775	-1.0
512.82513	-1.0
512.8492	-1.0
512.8652	-1.0
512.87476	-1.0
512.88947	-1.0
512.9369	-1.0
513.18134	-1.0
515.32794	-1.0
515.34186	-1.0
515.37305	-1.0
515.38165	-1.0
515.4	-1.0
515.40985	-1.0
515.434	-1.0
515.4537	-1.0
515.5484	-1.0
518.25433	-1.0
518.2641	-1.0
518.27527	-1.0
518.2945	-1.0
518.3179	-1.0
518.35474	-1.0
518.38586	-1.0
518.401	-1.0
518.4125	-1.0
518.42926	-1.0
518.4498	-1.0
518.4999	-1.0
518.5112	-1.0
518.5234	-1.0
518.54224	-1.0
518.55853	-1.0
521.3825	-1.0
521.4052	-1.0
521.40955	-1.0
521.4123	-1.0
521.4802	-1.0
521.49615	-1.0
521.51965	-1.0
521.5417	-1.0
521.5584	-1.0
521.7038	-1.0
524.17	-1.0
524.18353	-1.0
524.1933	-1.0
524.1968	-1.0
524.23505	-1.0
524.2445	-1.0
524.2641	-1.0
524.3266	-1.0
524.3655	-1.0
524.4222	-1.0
524.441	-1.0
524.46375	-1.0
524.51294	-1.0
526.6454	-1.0
526.6591	-1.0
526.6727	-1.0
526.6793	-1.0
526.68695	-1.0
526.7648	-1.0
526.78217	-1.0
526.8353	-1.0
526.8942	-1.0
526.9472	-1.0
527.002	-1.0
527.01605	-1.0
530.0892	-1.0
530.1029	-1.0
530.10706	-1.0
530.1399	-1.0
530.1691	-1.0
530.18005	-1.0
530.1894	-1.0
530.24133	-1.0
530.2836	-1.0
530.3286	-1.0
533.5062	-1.0
533.5328	-1.0
533.5877	-1.0
533.6183	-1.0
533.6465	-1.0
533.65314	-1.0
533.811	-1.0
535.9867	-1.0
536.0032	-1.0
536.0097	-1.0
536.11786	-1.0
536.2676	-1.0
536.2953	-1.0
536.33044	-1.0
536.4027	-1.0
536.44196	-1.0
536.4926	-1.0
538.2943	-1.0
538.3171	-1.0
538.4062	-1.0
538.46924	-1.0
538.54944	-1.0
541.8862	-1.0
541.9186	-1.0
541.93195	-1.0
541.9711	1.0
542.0129	-1.0
542.03906	-1.0
542.0796	-1.0
542.1094	-1.0
542.13806	-1.0
542.15454	-1.0
544.4223	-1.0
544.4386	-1.0
544.46265	-1.0
544.4902	-1.0
544.5198	-1.0
544.52655	-1.0
547.003	-1.0
547.03754	-1.0
547.06854	-1.0
547.11316	-1.0
547.1208	-1.0
547.1754	-1.0
547.1948	-1.0
547.223	1.0
547.284	-1.0
547.2891	-1.0
551.7141	-1.0
551.7262	-1.0
551.7337	-1.0
551.7808	-1.0
551.7901	-1.0
551.83405	-1.0
551.86755	-1.0
551.8759	-1.0
551.9222	-1.0
551.9427	-1.0
552.0308	-1.0
555.9079	-1.0
555.91736	-1.0
555.9272	-1.0
555.9381	-1.0
555.9528	-1.0
555.95917	-1.0
555.98944	-1.0
555.9967	-1.0
556.0198	-1.0
556.02594	-1.0
556.038	-1.0
556.04706	-1.0
556.05927	-1.0
556.082	-1.0
556.10974	-1.0
556.1228	-1.0
556.1369	-1.0
556.1685	-1.0
556.1824	-1.0
556.29315	-1.0
556.3397	-1.0
559.625	-1.0
559.6333	-1.0
559.69867	-1.0
559.71906	-1.0
559.7473	-1.0
559.778	-1.0
559.786	-1.0
559.79877	-1.0
559.80475	-1.0
559.81305	-1.0
559.84595	-1.0
559.8521	-1.0
559.85754	-1.0
559.88	-1.0
559.93695	-1.0
559.9512	-1.0
559.9779	-1.0
559.9961	-1.0
560.06775	-1.0
562.85406	-1.0
562.89514	-1.0
562.9129	-1.0
562.96606	-1.0
563.00244	-1.0
563.0104	-1.0
563.54913	-1.0
566.5264	-1.0
566.56213	-1.0
566.6226	-1.0
567.1167	-1.0
567.18365	-1.0
567.1978	-1.0
567.2169	-1.0
567.2424	-1.0
567.29315	-1.0
567.3119	-1.0
567.347	-1.0
567.42334	-1.0
571.363	-1.0
571.62616	-1.0
574.8534	-1.0
574.8804	-1.0
574.8859	-1.0
574.9069	-1.0
574.92035	-1.0
575.011	-1.0
575.0275	-1.0
575.0432	-1.0
575.07227	-1.0
578.5046	-1.0
578.5382	-1.0
578.5763	-1.0
578.5936	-1.0
578.60583	-1.0
578.6668	-1.0
578.69324	-1.0
578.7115	-1.0
578.74133	-1.0
578.7707	-1.0
581.8708	-1.0
581.88043	-1.0
581.9016	-1.0
581.9092	-1.0
581.9244	-1.0
581.9519	-1.0
581.9584	-1.0
581.9983	-1.0
582.0058	-1.0
582.0204	-1.0
582.02295	-1.0
582.0556	1.0
582.0972	-1.0
582.11884	-1.0
586.67334	-1.0
586.6991	-1.0
586.7568	-1.0
586.76935	-1.0
586.78864	-1.0
586.79974	-1.0
586.8136	-1.0
586.85333	-1.0
586.8585	-1.0
586.8712	-1.0
586.91437	-1.0
586.9674	-1.0
587.46893	-1.0
590.4545	-1.0
590.48773	-1.0
593.16254	-1.0
593.18274	-1.0
593.1968	-1.0
593.2068	-1.0
593.21686	-1.0
593.2255	-1.0
593.2378	-1.0
593.24854	-1.0
593.373	-1.0
593.39813	-1.0
593.4195	-1.0
593.4891	-1.0
593.79877	-1.0
597.1244	-1.0
597.1699	-1.0
597.18567	-1.0
597.197	-1.0
597.21735	-1.0
597.22144	-1.0
597.22394	1.0
597.23157	-1.0
597.27313	-1.0
597.2811	-1.0
597.31415	1.0
597.3167	-1.0
597.3259	-1.0
597.3524	-1.0
597.4036	-1.0
597.43695	-1.0
597.4658	-1.0
597.5308	-1.0
