0.04536	-1.0
0.1004	-1.0
0.20316	-1.0
0.2226	1.0
0.2536	-1.0
0.2566	-1.0
0.33716	-1.0
0.42596	-1.0
0.51192	-1.0
0.5304	-1.0
0.65436	-1.0
0.82024	-1.0
0.8782	-1.0
0.92088	-1.0
1.20412	-1.0
1.21016	-1.0
1.29392	-1.0
1.3516	-1.0
1.50648	-1.0
1.5136	-1.0
1.57056	-1.0
4.46148	1.0
5.4204	-1.0
5.43536	-1.0
5.4458	1.0
5.46692	-1.0
5.47248	-1.0
5.47524	-1.0
5.49148	-1.0
5.49688	-1.0
5.51904	-1.0
5.56544	-1.0
5.58016	-1.0
5.5852	-1.0
5.60196	-1.0
5.68244	-1.0
5.7722	-1.0
5.87608	1.0
5.95748	-1.0
5.9886	-1.0
6.04708	-1.0
6.114	-1.0
6.17288	-1.0
6.2992	-1.0
6.30728	-1.0
6.35368	-1.0
6.42404	-1.0
6.45856	1.0
6.47228	-1.0
6.50772	-1.0
6.51344	-1.0
6.64428	-1.0
6.7676	-1.0
9.03632	-1.0
9.04876	-1.0
9.0578	-1.0
9.07244	-1.0
9.07752	-1.0
9.18076	-1.0
9.18464	-1.0
9.22924	-1.0
9.271	-1.0
9.2874	-1.0
9.29048	-1.0
9.33708	-1.0
9.43844	-1.0
9.52616	-1.0
9.54708	-1.0
9.80884	-1.0
9.85692	-1.0
9.88308	-1.0
9.9946	-1.0
10.15408	-1.0
10.16004	-1.0
10.3094	-1.0
10.92504	-1.0
10.93068	-1.0
10.93664	-1.0
11.22008	-1.0
11.22552	-1.0
11.23668	1.0
11.5992	-1.0
11.60484	-1.0
11.77596	-1.0
11.78088	-1.0
11.79752	-1.0
11.83148	-1.0
11.85292	-1.0
11.90064	-1.0
11.9202	-1.0
11.93236	-1.0
11.99376	-1.0
12.12376	-1.0
12.1366	-1.0
12.44852	-1.0
12.46692	-1.0
12.67216	-1.0
12.67784	-1.0
12.68076	-1.0
14.94064	-1.0
14.98784	-1.0
15.00024	-1.0
15.01428	-1.0
15.04288	1.0
15.0614	-1.0
15.08816	-1.0
15.09852	-1.0
15.18328	-1.0
15.21892	-1.0
15.23804	-1.0
15.30972	-1.0
15.32168	-1.0
15.4178	-1.0
15.4996	-1.0
15.68656	-1.0
15.85488	-1.0
15.91632	-1.0
15.98916	-1.0
16.0156	-1.0
16.07212	-1.0
16.07936	-1.0
16.39912	-1.0
16.40688	-1.0
16.59496	-1.0
16.6012	-1.0
16.60928	1.0
17.3178	1.0
17.752	1.0
19.0554	1.0
19.41396	-1.0
19.42912	1.0
19.43516	-1.0
19.46836	-1.0
19.4838	-1.0
19.51696	-1.0
19.5812	-1.0
19.62832	-1.0
19.7072	1.0
19.78488	-1.0
19.87064	1.0
19.93744	-1.0
20.07232	-1.0
20.07812	-1.0
20.08772	-1.0
20.13216	-1.0
20.34732	-1.0
20.46196	-1.0
20.87004	-1.0
20.87888	-1.0
21.26676	-1.0
23.25152	-1.0
23.81848	1.0
24.84576	1.0
24.84904	-1.0
24.85268	-1.0
24.86404	-1.0
24.87424	-1.0
24.88624	1.0
24.90084	-1.0
24.90904	-1.0
24.9316	-1.0
24.96992	-1.0
24.97708	-1.0
24.98652	-1.0
25.00968	-1.0
25.13648	-1.0
25.139	1.0
25.22896	-1.0
25.25084	-1.0
25.30268	-1.0
25.3534	-1.0
25.3722	-1.0
25.37872	-1.0
25.4438	-1.0
25.49424	-1.0
25.62824	-1.0
25.65788	-1.0
25.7896	-1.0
25.88632	-1.0
25.91332	-1.0
26.13192	-1.0
26.13788	-1.0
29.04288	1.0
29.82312	-1.0
29.82844	1.0
29.83836	-1.0
29.85152	-1.0
29.90948	-1.0
30.00748	-1.0
30.07816	-1.0
30.08408	-1.0
30.1516	-1.0
30.22764	-1.0
30.364	-1.0
30.46488	-1.0
30.5046	-1.0
30.55404	-1.0
30.80632	-1.0
30.95788	-1.0
31.0512	-1.0
31.05868	-1.0
31.06536	-1.0
31.09936	-1.0
31.25852	-1.0
31.29932	-1.0
31.3058	-1.0
31.366	-1.0
31.38796	-1.0
31.39332	-1.0
32.847	1.0
34.02812	1.0
34.74448	1.0
35.71824	-1.0
35.72588	-1.0
35.7396	-1.0
35.74928	-1.0
35.75216	-1.0
35.76764	-1.0
35.77992	-1.0
35.78832	1.0
35.89784	-1.0
36.08292	-1.0
36.0878	-1.0
36.11232	-1.0
36.1594	-1.0
36.20788	-1.0
36.31268	-1.0
36.35088	-1.0
36.42372	-1.0
36.5938	-1.0
36.84424	-1.0
36.93572	-1.0
37.65412	-1.0
37.65956	-1.0
37.66576	-1.0
37.80364	-1.0
37.80884	-1.0
37.82704	1.0
37.85452	-1.0
37.88712	-1.0
37.91484	-1.0
37.9234	-1.0
37.93956	-1.0
37.98884	-1.0
38.57292	1.0
39.77344	1.0
40.18156	1.0
40.43764	-1.0
40.45904	-1.0
40.47316	-1.0
40.4902	-1.0
40.4994	-1.0
40.50284	-1.0
40.50588	-1.0
40.54692	-1.0
40.63288	-1.0
40.68688	-1.0
40.82876	-1.0
40.95128	-1.0
41.08684	-1.0
41.19512	-1.0
41.23452	-1.0
41.31952	1.0
41.56984	-1.0
41.57724	-1.0
41.5858	1.0
41.7218	-1.0
41.72812	-1.0
42.83644	1.0
43.25244	1.0
44.52576	1.0
44.68244	-1.0
44.70256	-1.0
44.7566	-1.0
44.7596	1.0
44.80784	-1.0
44.8126	-1.0
44.8796	-1.0
44.89072	-1.0
44.926	-1.0
44.93012	1.0
44.96344	-1.0
45.01884	-1.0
45.13356	-1.0
45.30592	-1.0
45.3204	-1.0
45.36032	1.0
45.42668	-1.0
45.44492	-1.0
45.45644	-1.0
45.5224	-1.0
45.73476	-1.0
45.8108	-1.0
45.89292	-1.0
45.89952	-1.0
46.06028	-1.0
48.50524	1.0
49.2276	1.0
49.25284	-1.0
49.2614	-1.0
49.2788	-1.0
49.29284	1.0
49.30752	-1.0
49.32804	-1.0
49.34488	-1.0
49.4092	-1.0
49.42892	-1.0
49.43188	1.0
49.47316	-1.0
49.52352	-1.0
49.56984	-1.0
49.60308	-1.0
49.70948	-1.0
49.86764	-1.0
49.90472	-1.0
49.90796	-1.0
49.94008	-1.0
50.2938	-1.0
50.36244	-1.0
50.36972	-1.0
50.7332	-1.0
50.74004	-1.0
50.84172	-1.0
50.90204	-1.0
50.91944	-1.0
50.97048	-1.0
52.07716	1.0
53.4218	1.0
54.45176	-1.0
54.47548	-1.0
54.48524	-1.0
54.49024	1.0
54.52404	-1.0
54.52824	-1.0
54.5354	-1.0
54.55032	-1.0
54.6128	-1.0
54.63428	-1.0
54.68092	-1.0
54.70384	-1.0
54.78312	-1.0
54.83508	-1.0
54.85564	-1.0
54.94484	-1.0
54.977	-1.0
54.98048	-1.0
54.98396	1.0
55.0258	-1.0
55.20144	-1.0
55.2074	-1.0
55.2346	-1.0
55.32108	-1.0
55.4184	-1.0
55.50632	-1.0
55.61524	-1.0
55.70432	-1.0
55.71244	-1.0
57.86424	1.0
58.29448	1.0
59.5876	-1.0
59.5912	-1.0
59.59768	-1.0
59.60148	-1.0
59.608	-1.0
59.6212	-1.0
59.63392	-1.0
59.64424	-1.0
59.64676	-1.0
59.66528	-1.0
59.66788	-1.0
59.68364	-1.0
59.71068	1.0
59.80316	-1.0
59.82268	-1.0
59.8526	-1.0
59.85516	-1.0
59.9284	-1.0
60.006	-1.0
60.0564	-1.0
60.115	-1.0
60.13596	-1.0
60.15488	-1.0
60.22636	-1.0
60.34872	-1.0
60.37844	-1.0
60.3814	-1.0
60.38548	-1.0
60.74564	-1.0
61.4624	1.0
63.84924	-1.0
63.85612	-1.0
63.86572	-1.0
63.87056	-1.0
63.89468	-1.0
63.91036	-1.0
63.91568	-1.0
63.94008	-1.0
63.95756	1.0
63.98468	-1.0
64.00492	-1.0
64.04272	-1.0
64.0812	-1.0
64.10384	-1.0
64.18844	-1.0
64.22924	-1.0
64.36136	-1.0
64.37092	1.0
64.41332	-1.0
64.41872	-1.0
64.42336	-1.0
64.63128	-1.0
64.73676	-1.0
64.78532	-1.0
64.79	-1.0
64.90752	-1.0
64.91492	-1.0
64.92068	-1.0
65.90612	1.0
67.64268	1.0
67.9528	1.0
68.2528	-1.0
68.25748	-1.0
68.26192	-1.0
68.27188	-1.0
68.28404	-1.0
68.30012	-1.0
68.32012	-1.0
68.3256	-1.0
68.33768	-1.0
68.36768	-1.0
68.3868	-1.0
68.40464	1.0
68.43	-1.0
68.44396	-1.0
68.45184	-1.0
68.45452	-1.0
68.47136	-1.0
68.52684	-1.0
68.55872	-1.0
68.58992	-1.0
68.63196	1.0
68.63556	-1.0
68.65428	-1.0
68.77564	-1.0
68.8346	-1.0
68.9526	-1.0
69.067	-1.0
69.09188	-1.0
69.1118	-1.0
69.2108	-1.0
69.30928	-1.0
69.32116	-1.0
69.37428	-1.0
69.37988	-1.0
69.38592	-1.0
69.38864	-1.0
69.45284	-1.0
71.43816	1.0
72.17164	1.0
72.21852	1.0
73.52956	-1.0
73.54636	-1.0
73.56152	-1.0
73.5856	-1.0
73.58968	-1.0
73.60348	-1.0
73.6124	-1.0
73.6268	-1.0
73.6454	-1.0
73.66076	-1.0
73.66352	-1.0
73.70624	-1.0
73.784	-1.0
73.7896	-1.0
73.84412	-1.0
73.88752	-1.0
73.9374	-1.0
74.05896	-1.0
74.06372	-1.0
74.09452	-1.0
74.1564	-1.0
74.27904	-1.0
74.33732	-1.0
74.34348	-1.0
74.34832	-1.0
74.53148	-1.0
75.47956	1.0
76.22596	1.0
77.46148	1.0
78.16488	1.0
78.49804	-1.0
78.50588	-1.0
78.53296	-1.0
78.55044	1.0
78.56728	-1.0
78.57052	-1.0
78.57716	-1.0
78.6104	-1.0
78.63248	-1.0
78.657	-1.0
78.70204	-1.0
78.74792	-1.0
78.75384	-1.0
78.75792	-1.0
78.77296	1.0
78.79712	-1.0
78.80044	-1.0
78.80336	1.0
78.8898	-1.0
79.01568	-1.0
79.04912	-1.0
79.0836	-1.0
79.23816	-1.0
79.25972	-1.0
79.4648	-1.0
79.4708	-1.0
79.48784	-1.0
79.52732	-1.0
83.85924	-1.0
83.86992	-1.0
83.87396	-1.0
83.87676	-1.0
83.88008	-1.0
83.898	-1.0
83.90064	-1.0
83.91372	-1.0
83.91952	-1.0
83.92752	-1.0
83.9552	-1.0
83.95952	-1.0
84.01176	-1.0
84.01528	-1.0
84.02136	-1.0
84.03192	-1.0
84.0572	-1.0
84.07988	-1.0
84.09728	-1.0
84.19836	1.0
84.28332	-1.0
84.43428	-1.0
84.5036	1.0
84.61164	-1.0
84.65188	-1.0
84.70272	-1.0
84.79456	-1.0
84.91052	-1.0
84.94592	-1.0
85.01448	-1.0
85.14712	-1.0
85.1538	-1.0
85.16024	-1.0
88.38964	-1.0
88.4086	-1.0
88.42008	-1.0
88.44508	-1.0
88.45568	-1.0
88.47388	-1.0
88.48036	-1.0
88.48884	-1.0
88.50184	-1.0
88.5068	-1.0
88.52772	-1.0
88.55164	-1.0
88.57196	-1.0
88.6962	-1.0
88.82224	-1.0
88.84496	-1.0
88.84928	-1.0
88.859	-1.0
88.87888	-1.0
88.91388	-1.0
88.92832	-1.0
88.9918	-1.0
89.04836	-1.0
89.10252	-1.0
89.10912	-1.0
89.29464	-1.0
89.34376	-1.0
89.53044	-1.0
91.10652	1.0
92.43448	1.0
93.21748	-1.0
93.23524	-1.0
93.2562	-1.0
93.27016	-1.0
93.27496	-1.0
93.30744	-1.0
93.31896	-1.0
93.33728	-1.0
93.3506	-1.0
93.36028	-1.0
93.40136	-1.0
93.40548	-1.0
93.40948	-1.0
93.4316	-1.0
93.44108	-1.0
93.51236	-1.0
93.52136	1.0
93.5394	-1.0
93.55064	-1.0
93.56704	1.0
93.61268	-1.0
93.66872	-1.0
93.6792	-1.0
93.70448	1.0
93.79372	-1.0
93.79672	-1.0
93.86164	-1.0
93.96548	-1.0
93.98176	1.0
93.99436	-1.0
94.0002	-1.0
94.01096	-1.0
94.06916	-1.0
94.1006	-1.0
94.2492	-1.0
94.2552	-1.0
94.26224	1.0
94.4632	-1.0
94.48312	-1.0
95.71816	1.0
96.25832	1.0
97.0062	1.0
99.30748	-1.0
99.31724	-1.0
99.32144	-1.0
99.33024	-1.0
99.34336	-1.0
99.34744	-1.0
99.35436	-1.0
99.36124	-1.0
99.37468	-1.0
99.41592	-1.0
99.41904	-1.0
99.43936	-1.0
99.443	-1.0
99.45028	-1.0
99.46816	-1.0
99.48592	-1.0
99.51544	-1.0
99.53668	-1.0
99.54272	-1.0
99.5462	-1.0
99.56492	-1.0
99.56888	-1.0
99.58444	-1.0
99.6024	-1.0
99.6078	1.0
99.63144	-1.0
99.77716	-1.0
99.80456	-1.0
99.80752	-1.0
99.88196	-1.0
99.88708	-1.0
99.90548	-1.0
99.95864	-1.0
100.0034	-1.0
100.00888	-1.0
100.01308	-1.0
100.02124	-1.0
100.05472	-1.0
100.13808	-1.0
100.2566	-1.0
100.31184	-1.0
100.34464	-1.0
100.3516	-1.0
100.40892	-1.0
100.5366	-1.0
100.62772	-1.0
100.64664	-1.0
100.68156	-1.0
100.75656	-1.0
100.89832	-1.0
100.90372	-1.0
100.9872	-1.0
100.99376	-1.0
101.09584	-1.0
101.101	-1.0
101.18296	-1.0
102.81628	1.0
103.28696	1.0
103.65376	1.0
104.5918	1.0
104.59716	-1.0
104.59992	-1.0
104.61064	1.0
104.633	-1.0
104.64864	-1.0
104.68932	-1.0
104.71028	-1.0
104.71352	1.0
104.71604	-1.0
104.73872	-1.0
104.7418	-1.0
104.76244	-1.0
104.8124	-1.0
104.8258	-1.0
104.84476	-1.0
104.8522	-1.0
104.895	-1.0
104.92068	-1.0
104.94728	-1.0
104.95288	-1.0
104.95856	-1.0
105.002	-1.0
105.02528	-1.0
105.03776	-1.0
105.0684	-1.0
105.1516	-1.0
105.1732	-1.0
105.2798	1.0
105.35264	-1.0
105.5584	-1.0
105.564	-1.0
105.60344	-1.0
105.60692	-1.0
105.65828	-1.0
105.67872	-1.0
105.72444	-1.0
105.92488	-1.0
105.92984	-1.0
105.93628	-1.0
106.06	-1.0
106.06504	-1.0
106.07256	-1.0
106.07548	-1.0
107.44992	1.0
107.90548	1.0
108.29448	1.0
109.14044	1.0
109.69948	-1.0
109.71696	-1.0
109.72792	-1.0
109.73128	-1.0
109.73804	-1.0
109.74068	-1.0
109.74676	-1.0
109.78856	-1.0
109.7916	-1.0
109.79412	-1.0
109.81408	-1.0
109.82968	-1.0
109.87644	-1.0
109.90132	-1.0
109.90544	-1.0
109.9452	-1.0
109.95292	1.0
110.01308	-1.0
110.06036	-1.0
110.07436	-1.0
110.09972	-1.0
110.13116	-1.0
110.1584	-1.0
110.18684	-1.0
110.191	-1.0
110.27428	-1.0
110.3092	-1.0
110.39616	-1.0
110.41532	-1.0
110.4718	-1.0
110.47492	-1.0
110.56156	1.0
110.57684	-1.0
110.67	-1.0
110.7606	-1.0
110.76704	-1.0
110.96036	-1.0
110.96572	-1.0
110.97176	-1.0
111.01772	-1.0
111.04568	-1.0
112.11964	1.0
113.2796	1.0
113.65924	1.0
114.82548	-1.0
114.83168	-1.0
114.83624	-1.0
114.84292	-1.0
114.84576	-1.0
114.8606	-1.0
114.86472	-1.0
114.9004	-1.0
114.90644	-1.0
114.9292	-1.0
114.93368	1.0
114.9466	-1.0
114.9514	-1.0
114.96528	-1.0
114.98724	-1.0
114.99236	-1.0
115.01208	-1.0
115.01708	1.0
115.04232	-1.0
115.05684	-1.0
115.06128	-1.0
115.06596	-1.0
115.0878	-1.0
115.09832	1.0
115.13188	1.0
115.14832	-1.0
115.15688	-1.0
115.2064	-1.0
115.24344	-1.0
115.24752	-1.0
115.26992	-1.0
115.2842	-1.0
115.3434	-1.0
115.38048	-1.0
115.41704	1.0
115.4476	-1.0
115.4794	-1.0
115.66644	-1.0
115.74292	-1.0
115.78256	-1.0
115.78632	-1.0
115.7912	-1.0
115.82632	-1.0
115.83284	-1.0
115.94192	-1.0
115.97496	-1.0
115.98132	-1.0
115.9958	-1.0
116.32932	-1.0
116.34048	-1.0
116.34692	-1.0
116.35672	-1.0
116.42272	-1.0
116.59404	-1.0
116.59944	-1.0
117.38704	1.0
119.0832	1.0
119.74912	-1.0
119.75936	-1.0
119.77424	-1.0
119.79316	-1.0
119.80628	-1.0
119.82252	-1.0
119.82544	-1.0
119.8424	-1.0
119.86104	-1.0
119.86484	-1.0
119.86884	-1.0
119.8742	1.0
119.88968	-1.0
119.89296	-1.0
119.89884	1.0
119.91916	-1.0
119.92536	-1.0
119.96732	-1.0
119.97012	-1.0
120.02888	-1.0
120.03968	-1.0
120.07412	-1.0
120.08256	-1.0
120.104	-1.0
120.13904	-1.0
120.1632	-1.0
120.25252	-1.0
120.28872	-1.0
120.31932	-1.0
120.36604	-1.0
120.3798	-1.0
120.55228	-1.0
120.55756	-1.0
120.56876	-1.0
120.69724	-1.0
120.83836	-1.0
120.84412	-1.0
120.85304	-1.0
120.94272	-1.0
121.08476	-1.0
121.09428	1.0
121.13456	-1.0
121.14028	-1.0
121.14616	-1.0
121.22824	-1.0
121.23424	-1.0
121.24388	-1.0
121.26352	-1.0
121.27136	-1.0
121.39124	-1.0
121.39692	-1.0
124.4802	1.0
124.86944	-1.0
124.87656	-1.0
124.9042	-1.0
124.92532	-1.0
124.94048	-1.0
124.97944	-1.0
125.03204	-1.0
125.03456	-1.0
125.06304	-1.0
125.06584	-1.0
125.10468	-1.0
125.132	-1.0
125.15536	-1.0
125.16932	-1.0
125.19068	1.0
125.20356	-1.0
125.23488	-1.0
125.26092	-1.0
125.36304	-1.0
125.42776	-1.0
125.45172	-1.0
125.45648	-1.0
125.46232	-1.0
125.49212	-1.0
125.50064	-1.0
125.5052	-1.0
125.52652	-1.0
125.57544	-1.0
125.61424	-1.0
125.71528	-1.0
125.77256	1.0
125.91776	-1.0
125.96176	-1.0
125.9856	-1.0
125.98872	-1.0
126.04632	-1.0
126.05256	-1.0
126.1088	-1.0
126.31884	-1.0
126.32908	1.0
126.46972	-1.0
126.47508	-1.0
128.2824	1.0
128.6338	1.0
129.39136	1.0
129.72491	1.0
130.13812	1.0
130.59036	-1.0
130.59325	-1.0
130.60097	-1.0
130.60364	-1.0
130.60704	-1.0
130.61212	1.0
130.61844	-1.0
130.63425	-1.0
130.66109	1.0
130.67064	-1.0
130.68436	1.0
130.68936	-1.0
130.69728	-1.0
130.776	-1.0
130.77948	-1.0
130.81708	-1.0
130.85144	-1.0
130.9028	-1.0
130.94308	-1.0
130.94765	-1.0
130.98872	-1.0
131.01752	-1.0
131.06096	-1.0
131.06476	1.0
131.09949	-1.0
131.11496	-1.0
131.13329	-1.0
131.18336	-1.0
131.24156	-1.0
131.26672	1.0
131.27852	-1.0
131.28508	-1.0
131.31937	-1.0
131.34093	-1.0
131.36436	-1.0
131.61868	1.0
131.6552	-1.0
131.85909	-1.0
131.86584	-1.0
131.90147	-1.0
131.96388	-1.0
131.97427	-1.0
132.07736	-1.0
132.08528	-1.0
134.23416	1.0
134.68344	1.0
134.94104	1.0
135.725	1.0
136.07867	1.0
136.42957	1.0
136.48372	-1.0
136.49603	-1.0
136.50044	-1.0
136.5048	-1.0
136.51488	-1.0
136.51964	-1.0
136.55257	-1.0
136.55588	-1.0
136.56396	-1.0
136.57568	-1.0
136.59271	-1.0
136.62256	1.0
136.62692	-1.0
136.64471	-1.0
136.65196	-1.0
136.66556	-1.0
136.66812	-1.0
136.68556	-1.0
136.6906	-1.0
136.73196	-1.0
136.76224	-1.0
136.77924	-1.0
136.78256	-1.0
136.7872	1.0
136.83733	-1.0
136.91144	-1.0
136.94028	-1.0
136.99055	-1.0
137.00716	-1.0
137.0444	1.0
137.06792	-1.0
137.10492	-1.0
137.14651	-1.0
137.15524	-1.0
137.19728	-1.0
137.21465	-1.0
137.23276	-1.0
137.30943	-1.0
137.3382	-1.0
137.36348	-1.0
137.36624	-1.0
137.37177	1.0
137.43127	-1.0
137.48431	-1.0
137.50668	-1.0
137.53568	1.0
137.58733	-1.0
137.65868	-1.0
137.85065	-1.0
137.85645	-1.0
137.93275	-1.0
137.97163	-1.0
138.07095	-1.0
138.07677	-1.0
138.18852	-1.0
138.29872	-1.0
138.30632	-1.0
140.15564	1.0
140.82196	1.0
142.43564	-1.0
142.44032	-1.0
142.44328	-1.0
142.451	-1.0
142.45448	-1.0
142.45715	-1.0
142.47348	1.0
142.47871	-1.0
142.49904	-1.0
142.5018	-1.0
142.51991	1.0
142.52484	-1.0
142.52808	-1.0
142.55908	-1.0
142.57788	-1.0
142.58072	-1.0
142.61528	-1.0
142.64876	-1.0
142.67604	-1.0
142.7056	-1.0
142.74149	-1.0
142.74477	-1.0
142.7882	1.0
142.80373	-1.0
142.81508	-1.0
142.8352	-1.0
142.8794	-1.0
142.90169	-1.0
142.94849	-1.0
142.9724	-1.0
142.98036	-1.0
143.00385	-1.0
143.05743	1.0
143.07904	-1.0
143.08649	-1.0
143.09036	-1.0
143.09616	-1.0
143.13112	1.0
143.16595	-1.0
143.17088	-1.0
143.27773	-1.0
143.31836	-1.0
143.3426	-1.0
143.3838	-1.0
143.41096	-1.0
143.5228	-1.0
143.52647	-1.0
143.6094	-1.0
143.68497	-1.0
143.6932	-1.0
143.69743	-1.0
143.76468	-1.0
143.78584	-1.0
143.83208	-1.0
143.92868	-1.0
144.10904	-1.0
144.11504	-1.0
144.28972	-1.0
144.29507	-1.0
144.30124	-1.0
144.5234	-1.0
144.52844	-1.0
144.54208	1.0
145.1838	1.0
146.83008	1.0
148.68549	-1.0
148.69257	-1.0
148.69585	-1.0
148.70268	-1.0
148.71571	-1.0
148.7402	-1.0
148.74364	-1.0
148.7612	-1.0
148.77892	-1.0
148.79996	-1.0
148.80348	-1.0
148.80612	-1.0
148.82268	-1.0
148.84796	-1.0
148.8588	-1.0
148.88776	-1.0
148.89236	-1.0
148.89784	-1.0
148.91632	-1.0
148.9466	-1.0
148.98389	-1.0
148.99644	-1.0
149.02724	-1.0
149.04613	-1.0
149.08856	1.0
149.09177	-1.0
149.13277	-1.0
149.15004	-1.0
149.20808	-1.0
149.2336	-1.0
149.25432	-1.0
149.28864	-1.0
149.3092	-1.0
149.34264	-1.0
149.3998	-1.0
149.52763	-1.0
149.68867	-1.0
149.69592	-1.0
149.71613	-1.0
149.73856	-1.0
149.74324	-1.0
149.7478	-1.0
149.78444	-1.0
149.95512	-1.0
149.95796	-1.0
150.01256	-1.0
150.1418	-1.0
150.36227	-1.0
150.36856	-1.0
153.69148	-1.0
153.70692	-1.0
153.72404	1.0
153.7296	-1.0
153.73372	-1.0
153.73695	-1.0
153.74635	1.0
153.77388	-1.0
153.77756	-1.0
153.78128	-1.0
153.79771	-1.0
153.82596	-1.0
153.84764	-1.0
153.85452	-1.0
153.87276	1.0
153.87727	-1.0
153.90016	-1.0
153.9036	1.0
153.92197	-1.0
153.95012	-1.0
153.96648	-1.0
154.0056	-1.0
154.0084	-1.0
154.0248	-1.0
154.05763	-1.0
154.07004	-1.0
154.07507	-1.0
154.11172	-1.0
154.14656	-1.0
154.16151	-1.0
154.21028	-1.0
154.23492	-1.0
154.29465	1.0
154.29729	1.0
154.31984	-1.0
154.3232	-1.0
154.3302	1.0
154.45468	-1.0
154.518	-1.0
154.54684	-1.0
154.9242	-1.0
155.02309	-1.0
155.11508	-1.0
155.1438	-1.0
156.14728	1.0
158.70108	1.0
159.9636	-1.0
159.96928	-1.0
159.97232	-1.0
159.97688	-1.0
159.98456	-1.0
159.98808	1.0
159.9986	-1.0
160.00787	-1.0
160.03552	-1.0
160.04672	-1.0
160.05164	-1.0
160.05804	-1.0
160.06113	-1.0
160.08104	-1.0
160.09685	-1.0
160.1216	-1.0
160.13033	-1.0
160.14188	-1.0
160.17728	-1.0
160.20209	-1.0
160.27255	-1.0
160.2922	-1.0
160.32028	-1.0
160.32492	-1.0
160.32928	1.0
160.34972	1.0
160.36948	-1.0
160.4034	-1.0
160.50624	-1.0
160.53555	-1.0
160.59409	-1.0
160.62643	-1.0
160.69188	-1.0
160.6946	1.0
160.75728	1.0
160.88657	-1.0
160.93016	-1.0
161.17175	-1.0
161.1982	-1.0
161.31148	-1.0
161.3486	-1.0
161.46132	-1.0
161.46808	-1.0
161.7562	-1.0
161.76167	-1.0
161.85808	-1.0
163.89597	1.0
164.91116	1.0
166.25076	-1.0
166.2578	1.0
166.26443	-1.0
166.27248	1.0
166.27908	-1.0
166.28632	1.0
166.30672	-1.0
166.32648	-1.0
166.33092	-1.0
166.35168	-1.0
166.3546	-1.0
166.41637	-1.0
166.43008	-1.0
166.4348	-1.0
166.44437	-1.0
166.459	-1.0
166.46268	-1.0
166.4676	-1.0
166.48508	-1.0
166.5182	-1.0
166.52184	-1.0
166.54164	-1.0
166.56192	-1.0
166.60252	-1.0
166.60564	-1.0
166.64336	-1.0
166.6688	-1.0
166.6998	-1.0
166.72844	-1.0
166.74857	-1.0
166.7752	-1.0
166.7784	1.0
166.82976	-1.0
166.84357	-1.0
166.86028	-1.0
166.99667	-1.0
167.00047	-1.0
167.003	1.0
167.05363	1.0
167.08496	1.0
167.118	-1.0
167.14688	-1.0
167.173	-1.0
167.17924	-1.0
167.26764	-1.0
167.33612	-1.0
167.34108	1.0
167.35092	-1.0
167.39809	-1.0
167.48952	-1.0
167.548	-1.0
167.55948	1.0
167.66933	-1.0
167.81268	-1.0
167.93484	-1.0
167.94232	-1.0
167.99911	-1.0
168.01828	-1.0
172.89915	-1.0
172.903	-1.0
172.91116	-1.0
172.91476	-1.0
172.93924	-1.0
172.97264	-1.0
172.99156	-1.0
173.00316	-1.0
173.02672	-1.0
173.04544	-1.0
173.04823	-1.0
173.05324	-1.0
173.11163	-1.0
173.11476	-1.0
173.13188	-1.0
173.14272	-1.0
173.1474	-1.0
173.17084	-1.0
173.17409	-1.0
173.19427	-1.0
173.20392	-1.0
173.24236	-1.0
173.269	-1.0
173.27336	-1.0
173.27827	1.0
173.31372	-1.0
173.32532	-1.0
173.38832	-1.0
173.41484	-1.0
173.44089	-1.0
173.49548	-1.0
173.52232	-1.0
173.60136	-1.0
173.66516	-1.0
173.67584	-1.0
173.76328	-1.0
173.77264	-1.0
173.7974	-1.0
173.83984	-1.0
173.88728	-1.0
173.90092	-1.0
173.96376	-1.0
173.9888	-1.0
173.99136	1.0
173.99413	-1.0
174.02864	-1.0
174.24768	-1.0
174.29256	-1.0
174.44896	-1.0
174.56676	-1.0
174.57256	-1.0
174.57835	-1.0
174.60149	-1.0
178.05708	1.0
179.0418	-1.0
179.04716	-1.0
179.05225	-1.0
179.05563	-1.0
179.0586	-1.0
179.0626	-1.0
179.08131	-1.0
179.104	-1.0
179.11807	-1.0
179.14027	-1.0
179.16656	-1.0
179.18256	1.0
179.18976	-1.0
179.19395	-1.0
179.22316	-1.0
179.22644	-1.0
179.24544	-1.0
179.25008	-1.0
179.25484	-1.0
179.29337	-1.0
179.299	-1.0
179.31792	-1.0
179.32156	-1.0
179.33849	-1.0
179.34816	-1.0
179.35191	-1.0
179.3846	-1.0
179.4174	-1.0
179.42288	-1.0
179.45076	-1.0
179.4742	-1.0
179.5174	-1.0
179.55556	-1.0
179.59164	1.0
179.6194	-1.0
179.64088	-1.0
179.6626	-1.0
179.73564	-1.0
179.79063	-1.0
179.79428	1.0
179.81367	-1.0
179.8406	-1.0
179.90433	-1.0
179.9246	-1.0
179.96988	-1.0
180.02171	-1.0
180.02664	-1.0
180.08472	-1.0
180.09608	-1.0
180.10223	-1.0
180.18855	-1.0
180.65184	-1.0
180.69424	-1.0
184.49376	1.0
184.82352	-1.0
184.82709	-1.0
184.83447	-1.0
184.85028	-1.0
184.86176	1.0
184.86456	-1.0
184.868	-1.0
184.88176	1.0
184.88795	-1.0
184.90988	-1.0
184.9278	-1.0
184.96024	-1.0
184.98515	-1.0
184.98808	-1.0
185.00452	-1.0
185.03049	-1.0
185.05664	-1.0
185.08524	-1.0
185.1232	1.0
185.1382	1.0
185.14644	-1.0
185.1762	-1.0
185.22829	1.0
185.31737	-1.0
185.40092	-1.0
185.4712	-1.0
185.49564	1.0
185.52309	1.0
185.54836	-1.0
185.586	-1.0
185.6442	-1.0
185.70251	-1.0
185.79053	-1.0
185.79968	-1.0
185.88728	1.0
185.90912	-1.0
186.35297	-1.0
186.43768	-1.0
190.2128	-1.0
190.2208	-1.0
190.22424	-1.0
190.23152	-1.0
190.23492	-1.0
190.27608	-1.0
190.30908	-1.0
190.31631	-1.0
190.32648	-1.0
190.34673	-1.0
190.3602	-1.0
190.38464	-1.0
190.42084	-1.0
190.43904	-1.0
190.46864	-1.0
190.5124	-1.0
190.53471	-1.0
190.53893	1.0
190.5424	1.0
190.64925	-1.0
190.69696	-1.0
190.72804	-1.0
190.84576	-1.0
191.02647	-1.0
191.10776	-1.0
191.1718	-1.0
191.22417	-1.0
191.31024	-1.0
191.34949	-1.0
191.38235	-1.0
191.43268	-1.0
191.47385	-1.0
191.86436	-1.0
191.91624	-1.0
191.9214	-1.0
191.93524	-1.0
192.12984	-1.0
192.13657	-1.0
192.14967	1.0
193.4916	1.0
194.38943	1.0
195.28128	1.0
196.04253	-1.0
196.054	1.0
196.06471	-1.0
196.07008	-1.0
196.08272	1.0
196.0998	-1.0
196.12135	1.0
196.15512	-1.0
196.16136	-1.0
196.1808	-1.0
196.22404	-1.0
196.27484	-1.0
196.27824	-1.0
196.32988	-1.0
196.355	-1.0
196.43924	-1.0
196.50316	1.0
196.50696	-1.0
196.52052	-1.0
196.61028	1.0
196.68024	-1.0
196.72224	-1.0
196.77592	-1.0
196.7976	-1.0
196.84991	-1.0
196.85896	-1.0
196.91985	-1.0
196.99583	-1.0
197.10316	-1.0
197.22948	1.0
197.26431	-1.0
197.30312	-1.0
197.3896	-1.0
197.48769	-1.0
197.49228	-1.0
197.75935	-1.0
197.76628	-1.0
197.7722	-1.0
201.94556	-1.0
201.95248	-1.0
201.95557	-1.0
201.98875	-1.0
202.00572	-1.0
202.01685	-1.0
202.02151	-1.0
202.02724	-1.0
202.03444	-1.0
202.05124	1.0
202.06924	-1.0
202.07408	-1.0
202.16331	-1.0
202.20964	-1.0
202.28412	-1.0
202.41124	-1.0
202.4226	1.0
202.42628	-1.0
202.46317	-1.0
202.48177	-1.0
202.54332	-1.0
202.54707	-1.0
202.58488	-1.0
202.607	-1.0
202.66573	-1.0
202.69708	-1.0
202.74628	-1.0
202.76443	-1.0
203.07751	-1.0
203.08469	-1.0
203.38615	-1.0
203.66196	-1.0
207.84315	-1.0
207.84724	-1.0
207.852	-1.0
207.85468	-1.0
207.85847	-1.0
207.88548	-1.0
207.90411	1.0
207.92056	-1.0
207.92416	-1.0
207.92703	-1.0
207.96	-1.0
208.03564	-1.0
208.04056	-1.0
208.08344	-1.0
208.08849	-1.0
208.12384	-1.0
208.1486	-1.0
208.18004	1.0
208.19868	-1.0
208.20276	-1.0
208.22928	-1.0
208.23744	-1.0
208.25584	-1.0
208.36464	-1.0
208.39848	-1.0
208.43423	-1.0
208.47807	-1.0
208.48328	-1.0
208.56133	-1.0
208.67664	-1.0
208.76476	-1.0
208.8212	1.0
208.85432	1.0
208.8906	-1.0
208.94876	1.0
209.05664	-1.0
209.17957	-1.0
209.21056	-1.0
209.47057	-1.0
213.70688	-1.0
213.71028	-1.0
213.71336	-1.0
213.71625	-1.0
213.72656	-1.0
213.7324	-1.0
213.7424	-1.0
213.81673	-1.0
213.82304	-1.0
213.83168	-1.0
213.8418	-1.0
213.84673	-1.0
213.8796	-1.0
213.88467	-1.0
213.90204	1.0
213.93468	-1.0
214.01431	-1.0
214.02615	-1.0
214.05585	-1.0
214.06355	-1.0
214.06767	-1.0
214.11472	-1.0
214.1768	-1.0
214.17972	-1.0
214.20952	-1.0
214.27328	-1.0
214.2936	-1.0
214.4968	-1.0
214.51064	-1.0
214.53552	-1.0
214.62256	-1.0
214.75945	-1.0
214.82184	-1.0
214.98409	-1.0
215.23148	-1.0
219.02625	1.0
219.3026	1.0
219.30624	-1.0
219.31592	-1.0
219.34108	-1.0
219.36392	-1.0
219.39636	1.0
219.42036	-1.0
219.43408	-1.0
219.44531	-1.0
219.45744	-1.0
219.48396	-1.0
219.51917	-1.0
219.5288	-1.0
219.55208	-1.0
219.55617	-1.0
219.61316	-1.0
219.62572	-1.0
219.69092	-1.0
219.73576	-1.0
219.74149	1.0
219.76888	-1.0
219.85973	-1.0
219.88948	-1.0
219.94536	-1.0
220.00748	-1.0
220.032	1.0
220.10756	-1.0
220.14284	-1.0
220.2388	-1.0
220.3062	-1.0
220.45145	-1.0
220.47296	-1.0
220.48412	-1.0
220.54836	-1.0
220.55743	-1.0
220.63388	1.0
223.71803	1.0
225.26476	-1.0
225.27032	-1.0
225.2732	-1.0
225.27943	-1.0
225.29031	-1.0
225.29976	-1.0
225.32472	-1.0
225.32828	-1.0
225.34616	-1.0
225.36444	-1.0
225.37485	1.0
225.38704	-1.0
225.39091	1.0
225.40672	-1.0
225.41644	-1.0
225.43788	-1.0
225.47153	1.0
225.48988	-1.0
225.52773	1.0
225.53716	-1.0
225.57748	-1.0
225.58008	-1.0
225.60164	-1.0
225.60844	-1.0
225.64587	-1.0
225.70032	-1.0
225.70316	-1.0
225.7098	-1.0
225.73776	-1.0
225.76547	-1.0
225.7964	-1.0
225.88837	-1.0
225.98029	-1.0
226.02808	-1.0
226.03249	1.0
226.05563	-1.0
226.11925	-1.0
226.1866	-1.0
226.36935	-1.0
226.39592	-1.0
226.47375	-1.0
226.52144	-1.0
226.6958	-1.0
226.70264	-1.0
226.71149	-1.0
230.78012	-1.0
230.7912	-1.0
230.79572	-1.0
230.80592	1.0
230.81104	-1.0
230.85304	-1.0
230.85909	-1.0
230.888	-1.0
230.89272	-1.0
230.9154	-1.0
230.92404	-1.0
230.9494	-1.0
230.95895	-1.0
230.99435	1.0
231.02612	-1.0
231.02911	-1.0
231.03893	-1.0
231.0418	-1.0
231.05617	-1.0
231.06068	-1.0
231.09976	-1.0
231.1028	-1.0
231.1508	-1.0
231.18536	-1.0
231.1936	-1.0
231.27748	-1.0
231.37788	-1.0
231.75723	-1.0
231.81952	-1.0
231.82236	-1.0
232.05972	-1.0
235.40688	1.0
235.93552	1.0
236.61565	-1.0
236.62328	1.0
236.633	-1.0
236.66193	-1.0
236.67249	-1.0
236.6868	-1.0
236.691	-1.0
236.71976	-1.0
236.73473	-1.0
236.77032	-1.0
236.794	-1.0
236.8528	-1.0
236.88931	-1.0
236.89195	-1.0
236.91972	-1.0
236.9232	1.0
236.94563	-1.0
236.98357	-1.0
237.01384	-1.0
237.0302	-1.0
237.06693	-1.0
237.08913	1.0
237.11964	-1.0
237.148	1.0
237.18056	-1.0
237.26105	-1.0
237.28229	-1.0
237.30003	-1.0
237.4246	-1.0
237.4284	-1.0
237.4716	-1.0
237.55469	-1.0
237.60097	-1.0
237.60652	-1.0
237.64476	-1.0
237.6714	-1.0
237.74092	-1.0
237.88544	-1.0
237.90556	-1.0
237.9124	-1.0
241.70103	1.0
242.15648	-1.0
242.16245	-1.0
242.1682	-1.0
242.1728	-1.0
242.18028	-1.0
242.18416	-1.0
242.20448	-1.0
242.22395	-1.0
242.24208	-1.0
242.26231	-1.0
242.27568	-1.0
242.30064	-1.0
242.31676	-1.0
242.32968	-1.0
242.38023	-1.0
242.43144	-1.0
242.4548	-1.0
242.46016	1.0
242.46667	-1.0
242.4852	-1.0
242.55432	-1.0
242.5574	-1.0
242.59796	1.0
242.60352	-1.0
242.66331	-1.0
242.72624	-1.0
242.82436	-1.0
242.86977	1.0
242.89664	-1.0
243.01192	-1.0
243.1024	-1.0
243.14868	-1.0
243.17044	-1.0
243.18484	1.0
243.24837	-1.0
243.26949	-1.0
243.51944	-1.0
243.5512	-1.0
248.63768	-1.0
248.64133	-1.0
248.64468	-1.0
248.6546	-1.0
248.65764	-1.0
248.66489	-1.0
248.66753	1.0
248.69868	-1.0
248.7234	-1.0
248.73952	-1.0
248.75809	-1.0
248.79633	-1.0
248.79909	-1.0
248.80576	-1.0
248.81488	-1.0
248.84412	-1.0
248.8844	-1.0
248.89313	-1.0
248.9192	1.0
248.92256	-1.0
248.9752	-1.0
248.9804	1.0
248.99124	-1.0
248.9954	-1.0
249.06372	-1.0
249.11015	-1.0
249.23764	-1.0
249.28528	-1.0
249.41605	1.0
249.43636	-1.0
249.4578	-1.0
249.51164	-1.0
249.55304	-1.0
249.55864	-1.0
249.93832	1.0
249.95976	-1.0
249.9838	-1.0
249.98744	-1.0
253.60213	1.0
255.0038	-1.0
255.01172	-1.0
255.015	-1.0
255.01956	-1.0
255.05128	-1.0
255.0648	-1.0
255.06895	-1.0
255.07645	-1.0
255.08997	-1.0
255.11388	-1.0
255.15845	-1.0
255.18892	-1.0
255.19356	-1.0
255.21349	1.0
255.23448	-1.0
255.26051	-1.0
255.28683	1.0
255.34596	1.0
255.3722	-1.0
255.42548	-1.0
255.46684	-1.0
255.69669	-1.0
255.70409	-1.0
255.72728	-1.0
255.78471	-1.0
255.78883	-1.0
256.05103	-1.0
256.09723	-1.0
256.3046	-1.0
256.32297	-1.0
256.36395	-1.0
260.23257	-1.0
260.24985	-1.0
260.26083	-1.0
260.27615	-1.0
260.3038	1.0
260.34448	-1.0
260.35773	-1.0
260.37677	-1.0
260.40836	1.0
260.41257	-1.0
260.49768	1.0
260.50272	-1.0
260.5301	-1.0
260.55377	-1.0
260.57117	-1.0
260.59708	1.0
260.75647	-1.0
260.76093	-1.0
260.78436	-1.0
260.93692	-1.0
260.98145	-1.0
261.13153	1.0
261.1552	-1.0
261.4768	-1.0
261.48633	-1.0
261.5994	-1.0
264.44885	1.0
265.54684	1.0
265.7102	-1.0
265.72693	-1.0
265.7396	-1.0
265.7447	-1.0
265.75204	1.0
265.80164	-1.0
265.8256	-1.0
265.83017	-1.0
265.8758	-1.0
265.89868	-1.0
265.94263	-1.0
265.94577	-1.0
265.949	1.0
265.97192	-1.0
265.99564	-1.0
266.08987	-1.0
266.11185	-1.0
266.11823	-1.0
266.14886	-1.0
266.313	-1.0
266.31943	1.0
266.34818	-1.0
266.39365	1.0
266.43927	-1.0
266.48233	-1.0
266.7456	-1.0
266.75208	-1.0
266.99124	-1.0
266.99515	1.0
269.62524	1.0
271.2639	-1.0
271.26755	1.0
271.28488	-1.0
271.29724	-1.0
271.30475	-1.0
271.30795	-1.0
271.33835	-1.0
271.3535	-1.0
271.3911	-1.0
271.4175	-1.0
271.47617	-1.0
271.48453	-1.0
271.5066	-1.0
271.5109	-1.0
271.5428	-1.0
271.58453	-1.0
271.60657	-1.0
271.61017	1.0
271.61395	1.0
271.6587	-1.0
271.85867	-1.0
271.90735	-1.0
271.92465	-1.0
271.9645	-1.0
272.05545	1.0
272.20068	-1.0
272.24136	-1.0
272.30795	1.0
274.84253	-1.0
274.8597	-1.0
274.87384	-1.0
274.89407	-1.0
274.90375	-1.0
274.91696	1.0
274.97565	-1.0
275.01804	-1.0
275.03644	-1.0
275.09167	-1.0
275.09683	-1.0
275.1233	-1.0
275.12656	-1.0
275.1677	-1.0
275.17212	-1.0
275.22476	-1.0
275.3304	-1.0
275.3568	-1.0
275.37915	-1.0
275.47665	-1.0
275.48044	-1.0
275.7687	1.0
275.89075	-1.0
278.83417	1.0
280.40048	1.0
280.6856	1.0
281.37723	-1.0
281.384	-1.0
281.3979	1.0
281.43195	-1.0
281.43533	-1.0
281.4622	-1.0
281.48853	1.0
281.52	-1.0
281.5412	-1.0
281.5439	-1.0
281.56284	-1.0
281.60104	-1.0
281.61267	-1.0
281.65237	-1.0
281.68112	-1.0
281.68393	-1.0
281.7141	-1.0
281.73285	-1.0
281.8342	-1.0
281.9624	-1.0
282.2958	-1.0
282.33612	1.0
282.43405	-1.0
282.44205	-1.0
286.3041	1.0
286.42484	-1.0
286.43823	-1.0
286.4514	-1.0
286.4812	-1.0
286.48828	-1.0
286.49677	-1.0
286.5205	-1.0
286.55316	-1.0
286.56537	-1.0
286.60275	-1.0
286.6205	-1.0
286.6858	-1.0
286.7325	1.0
286.7458	-1.0
286.8919	-1.0
286.93564	-1.0
287.044	-1.0
287.1788	-1.0
287.31787	-1.0
287.329	-1.0
287.35983	-1.0
287.3723	-1.0
289.45712	1.0
289.99893	-1.0
290.00327	-1.0
290.01685	-1.0
290.0486	1.0
290.06088	-1.0
290.0728	1.0
290.07648	1.0
290.09512	-1.0
290.10092	-1.0
290.1439	-1.0
290.1838	1.0
290.22913	-1.0
290.25833	-1.0
290.26657	-1.0
290.29904	1.0
290.30203	1.0
290.3173	-1.0
290.36795	-1.0
290.42245	-1.0
290.62863	-1.0
290.72528	1.0
290.89996	-1.0
290.93616	-1.0
290.94315	-1.0
290.95016	1.0
290.9667	-1.0
291.12396	-1.0
291.1291	-1.0
291.13464	-1.0
292.11777	1.0
294.58264	1.0
295.45895	-1.0
295.47635	-1.0
295.49777	-1.0
295.5041	-1.0
295.5184	1.0
295.53088	-1.0
295.54797	-1.0
295.57205	-1.0
295.589	-1.0
295.59625	1.0
295.61548	-1.0
295.61844	-1.0
295.64297	-1.0
295.7058	-1.0
295.7434	-1.0
295.7481	-1.0
295.75143	-1.0
295.7678	-1.0
295.8651	-1.0
295.89157	-1.0
295.8944	-1.0
295.9705	-1.0
296.032	-1.0
296.08368	-1.0
296.17508	1.0
296.2279	-1.0
296.27527	-1.0
296.4127	-1.0
296.50525	-1.0
299.84424	1.0
300.1299	1.0
300.40143	-1.0
300.41513	-1.0
300.4477	-1.0
300.4511	-1.0
300.47305	-1.0
300.48087	-1.0
300.54395	-1.0
300.5724	-1.0
300.584	-1.0
300.58853	-1.0
300.6233	-1.0
300.71732	-1.0
300.72433	-1.0
300.74103	-1.0
300.77487	-1.0
300.7966	-1.0
300.85236	-1.0
300.8549	1.0
300.87952	-1.0
300.9467	-1.0
301.04932	-1.0
301.13187	-1.0
301.1493	-1.0
301.2332	1.0
301.39084	-1.0
301.69147	1.0
304.1622	-1.0
304.73843	1.0
305.44955	-1.0
305.47363	-1.0
305.49188	-1.0
305.5016	-1.0
305.50513	-1.0
305.5418	-1.0
305.60233	-1.0
305.63632	-1.0
305.7112	-1.0
305.7141	-1.0
305.7411	-1.0
305.7568	1.0
305.79156	1.0
305.8466	-1.0
305.85376	-1.0
305.8751	-1.0
305.88052	-1.0
305.88568	-1.0
305.8888	-1.0
305.90335	-1.0
305.91733	1.0
305.95624	-1.0
306.027	1.0
306.03424	-1.0
306.13657	-1.0
306.14215	-1.0
306.16168	-1.0
306.16708	-1.0
306.21384	1.0
306.29745	1.0
306.3471	-1.0
306.3524	-1.0
306.40277	-1.0
306.65796	-1.0
306.6694	1.0
306.67917	-1.0
308.59512	1.0
310.24747	-1.0
310.264	-1.0
310.28412	-1.0
310.2873	-1.0
310.29263	-1.0
310.3231	-1.0
310.33923	-1.0
310.39328	-1.0
310.46777	-1.0
310.48892	-1.0
310.50897	-1.0
310.5976	-1.0
310.6006	-1.0
310.6718	-1.0
310.78827	-1.0
310.8835	-1.0
310.8934	-1.0
310.93448	-1.0
311.0483	-1.0
311.3772	-1.0
311.38208	-1.0
311.3875	-1.0
315.8953	1.0
315.90808	1.0
315.91177	-1.0
315.9643	-1.0
315.967	-1.0
315.98193	-1.0
315.98553	1.0
316.015	-1.0
316.04077	-1.0
316.08664	-1.0
316.09628	-1.0
316.10068	-1.0
316.10556	-1.0
316.14743	1.0
316.18997	-1.0
316.2795	-1.0
316.28543	-1.0
316.2965	-1.0
316.39355	-1.0
316.40213	1.0
316.4222	-1.0
316.72055	-1.0
316.72614	-1.0
316.75208	-1.0
320.9966	-1.0
321.00217	-1.0
321.0185	-1.0
321.05975	-1.0
321.19373	-1.0
321.2187	-1.0
321.2235	-1.0
321.3542	-1.0
321.40887	-1.0
321.54065	1.0
321.59216	1.0
321.82895	-1.0
321.885	1.0
321.89365	-1.0
321.8995	-1.0
321.9052	-1.0
322.03104	1.0
325.9352	-1.0
325.9431	-1.0
325.96216	-1.0
325.97305	1.0
325.98697	-1.0
326.02444	1.0
326.06256	-1.0
326.1045	-1.0
326.12643	-1.0
326.13303	-1.0
326.207	-1.0
326.2114	-1.0
326.2145	-1.0
326.22037	-1.0
326.24457	1.0
326.277	-1.0
326.2982	-1.0
326.30328	-1.0
326.33453	1.0
326.37012	-1.0
326.39087	-1.0
326.40024	-1.0
326.4031	-1.0
326.40613	-1.0
326.4125	-1.0
326.4636	-1.0
326.68924	-1.0
327.0207	-1.0
327.02567	-1.0
331.81927	-1.0
331.84448	-1.0
331.8546	1.0
331.925	-1.0
331.92764	-1.0
331.96265	-1.0
331.98895	-1.0
332.01572	-1.0
332.02032	-1.0
332.06387	-1.0
332.0897	-1.0
332.1242	-1.0
332.12933	-1.0
332.28583	-1.0
332.29175	-1.0
332.57864	-1.0
332.59116	-1.0
332.7286	-1.0
332.8026	-1.0
332.808	-1.0
332.81403	-1.0
332.82135	-1.0
335.9746	1.0
336.3236	1.0
338.1846	1.0
338.18835	-1.0
338.19495	1.0
338.2046	-1.0
338.21136	-1.0
338.23636	1.0
338.24164	-1.0
338.26013	-1.0
338.265	-1.0
338.33005	-1.0
338.3838	-1.0
338.4251	-1.0
338.42996	-1.0
338.44412	1.0
338.46597	-1.0
338.5494	-1.0
338.55423	-1.0
338.56097	1.0
338.5635	-1.0
338.57837	1.0
338.68753	1.0
338.77173	1.0
338.8288	1.0
338.91415	-1.0
339.02255	-1.0
339.15353	-1.0
343.23508	-1.0
343.2391	-1.0
343.25565	-1.0
343.30472	1.0
343.30768	-1.0
343.3788	-1.0
343.39444	-1.0
343.39896	-1.0
343.4723	-1.0
343.54553	-1.0
343.5521	1.0
343.58563	-1.0
343.59076	-1.0
343.77484	-1.0
343.78052	-1.0
343.9511	-1.0
343.95404	-1.0
348.61316	-1.0
348.6238	-1.0
348.6433	-1.0
348.657	1.0
348.67603	-1.0
348.68707	1.0
348.7216	-1.0
348.75427	-1.0
348.82776	-1.0
348.83252	-1.0
348.83792	-1.0
348.84433	-1.0
348.94104	-1.0
349.03265	-1.0
349.32785	-1.0
349.451	1.0
352.64603	1.0
353.54855	1.0
353.5941	-1.0
353.60403	-1.0
353.60913	-1.0
353.61935	-1.0
353.64584	-1.0
353.7084	1.0
353.74384	-1.0
353.78943	1.0
353.8498	-1.0
353.85443	-1.0
353.85956	-1.0
353.8625	-1.0
353.93063	-1.0
354.0102	-1.0
354.10556	-1.0
354.22556	-1.0
354.27768	-1.0
354.35773	-1.0
354.3812	-1.0
354.4394	-1.0
354.47333	-1.0
354.48575	-1.0
354.65775	-1.0
354.70993	-1.0
354.71503	-1.0
354.72052	-1.0
354.72717	-1.0
354.73004	-1.0
358.3708	-1.0
358.37796	-1.0
358.40192	-1.0
358.4462	-1.0
358.4737	-1.0
358.48404	-1.0
358.49097	-1.0
358.5219	1.0
358.55164	-1.0
358.60043	-1.0
358.6052	-1.0
358.65668	1.0
358.7202	-1.0
358.72363	-1.0
358.85556	1.0
358.96884	-1.0
358.97388	-1.0
359.22903	1.0
363.2255	1.0
363.47632	-1.0
363.4944	1.0
363.50427	-1.0
363.58987	-1.0
363.65073	1.0
363.71164	-1.0
363.71597	-1.0
363.7191	-1.0
363.7267	-1.0
363.81732	-1.0
363.83093	-1.0
363.8365	-1.0
363.8417	-1.0
363.87045	-1.0
363.93463	-1.0
363.96448	-1.0
364.47195	1.0
364.68832	-1.0
364.69287	-1.0
364.70932	-1.0
368.43	-1.0
368.45004	-1.0
368.46283	-1.0
368.51947	-1.0
368.53467	-1.0
368.5555	1.0
368.68143	-1.0
368.68613	-1.0
368.6912	-1.0
368.69684	-1.0
368.72375	1.0
369.1375	-1.0
369.14035	-1.0
373.14856	-1.0
373.1548	-1.0
373.1768	-1.0
373.1931	-1.0
373.21436	-1.0
373.25708	-1.0
373.2949	-1.0
373.31033	-1.0
373.337	-1.0
373.36948	1.0
373.41708	-1.0
373.4319	-1.0
373.44983	-1.0
373.45447	-1.0
373.45956	-1.0
373.51855	-1.0
373.52963	-1.0
373.5884	1.0
373.70767	-1.0
373.87283	-1.0
373.87848	-1.0
373.88428	-1.0
375.24304	1.0
377.02765	1.0
377.96603	1.0
377.99133	-1.0
378.0301	-1.0
378.04953	-1.0
378.08673	-1.0
378.12167	-1.0
378.12473	-1.0
378.14612	-1.0
378.14896	-1.0
378.16684	-1.0
378.203	-1.0
378.2708	-1.0
378.34644	-1.0
378.3718	1.0
378.407	-1.0
378.43317	1.0
378.46207	-1.0
378.46683	-1.0
378.5242	-1.0
378.53052	-1.0
378.5335	-1.0
378.59085	-1.0
378.6442	-1.0
378.65155	-1.0
378.76425	-1.0
378.7693	-1.0
378.77573	1.0
378.7818	1.0
378.7978	-1.0
378.80328	-1.0
381.1594	1.0
383.02756	-1.0
383.0341	-1.0
383.04623	-1.0
383.0674	-1.0
383.08725	-1.0
383.10236	-1.0
383.12332	-1.0
383.13284	-1.0
383.1552	-1.0
383.15915	-1.0
383.18344	-1.0
383.1888	-1.0
383.19675	-1.0
383.237	-1.0
383.28784	-1.0
383.30035	-1.0
383.30505	-1.0
383.31104	-1.0
383.32312	-1.0
383.3432	-1.0
383.39337	-1.0
383.39673	-1.0
383.4678	-1.0
383.50543	-1.0
383.55643	-1.0
383.56763	-1.0
383.6383	-1.0
383.70407	-1.0
383.71185	-1.0
383.77667	-1.0
383.827	-1.0
383.93875	-1.0
383.9445	-1.0
383.95352	-1.0
383.9632	1.0
387.05353	1.0
388.03464	-1.0
388.10513	-1.0
388.1327	-1.0
388.14062	-1.0
388.17624	-1.0
388.18048	-1.0
388.19495	-1.0
388.24133	-1.0
388.25885	1.0
388.2759	-1.0
388.27936	-1.0
388.34692	-1.0
388.3518	-1.0
388.35767	1.0
388.3692	-1.0
388.39923	-1.0
388.4928	-1.0
388.54556	-1.0
388.56503	-1.0
388.6063	-1.0
388.68848	-1.0
388.7315	-1.0
388.73627	-1.0
388.82217	-1.0
388.82703	-1.0
388.83252	-1.0
388.93777	1.0
389.00284	-1.0
392.7505	1.0
392.79083	-1.0
392.81357	-1.0
392.8398	-1.0
392.87723	-1.0
392.88416	1.0
392.9076	-1.0
392.91583	-1.0
392.93	-1.0
392.96115	-1.0
392.96695	-1.0
392.99036	-1.0
392.9952	-1.0
393.0282	-1.0
393.0312	-1.0
393.13748	-1.0
393.16653	-1.0
393.18848	-1.0
393.19205	-1.0
393.3117	-1.0
393.31656	-1.0
393.3602	-1.0
393.36313	-1.0
393.36673	-1.0
393.5171	-1.0
393.59695	-1.0
393.6023	-1.0
393.7352	-1.0
393.7388	-1.0
393.74405	-1.0
393.7497	-1.0
397.20044	-1.0
397.22687	-1.0
397.27295	-1.0
397.29776	-1.0
397.3155	-1.0
397.32272	-1.0
397.3428	-1.0
397.3872	-1.0
397.44257	-1.0
397.45078	-1.0
397.51553	-1.0
397.544	-1.0
397.55356	-1.0
397.5694	-1.0
397.6132	-1.0
397.62473	-1.0
397.6371	-1.0
397.69528	-1.0
397.71036	-1.0
397.7235	-1.0
397.78085	-1.0
397.85553	-1.0
397.86072	-1.0
397.86664	-1.0
397.8719	-1.0
397.98944	-1.0
398.0018	-1.0
398.00693	-1.0
398.017	-1.0
402.127	-1.0
402.16235	-1.0
402.1696	-1.0
402.1918	-1.0
402.19495	-1.0
402.2159	-1.0
402.23697	-1.0
402.23975	-1.0
402.25156	-1.0
402.26108	1.0
402.27386	-1.0
402.28683	-1.0
402.31873	-1.0
402.32736	-1.0
402.35168	-1.0
402.3542	-1.0
402.3852	-1.0
402.44568	-1.0
402.49475	-1.0
402.5002	-1.0
402.5184	-1.0
402.5458	-1.0
402.5514	-1.0
402.60825	-1.0
402.66287	-1.0
402.70227	-1.0
402.7129	-1.0
402.77048	-1.0
403.03696	-1.0
403.0421	-1.0
403.046	-1.0
403.0487	1.0
405.87747	1.0
407.45044	-1.0
407.47073	-1.0
407.47443	-1.0
407.50235	-1.0
407.50623	-1.0
407.50876	-1.0
407.5122	-1.0
407.53268	-1.0
407.5406	-1.0
407.54596	-1.0
407.5708	-1.0
407.59497	-1.0
407.62234	-1.0
407.64407	-1.0
407.65027	-1.0
407.67053	-1.0
407.6997	-1.0
407.70407	-1.0
407.7398	-1.0
407.74905	-1.0
407.7911	-1.0
407.81836	1.0
407.83884	-1.0
407.84192	-1.0
407.8693	-1.0
407.8874	-1.0
407.8926	-1.0
407.90677	-1.0
407.95856	-1.0
408.01483	-1.0
408.07657	-1.0
408.09787	-1.0
408.10303	-1.0
408.1089	-1.0
408.2986	-1.0
408.30356	-1.0
408.3087	-1.0
408.3383	-1.0
409.46075	1.0
410.13367	1.0
410.1837	1.0
411.15747	1.0
411.79733	1.0
411.82343	-1.0
411.843	-1.0
411.87354	-1.0
411.87833	-1.0
411.88385	-1.0
411.89993	-1.0
411.90353	1.0
411.93045	-1.0
411.93375	-1.0
411.9655	-1.0
411.99667	-1.0
412.0448	-1.0
412.0519	-1.0
412.05508	1.0
412.05997	-1.0
412.08447	-1.0
412.09827	-1.0
412.10248	-1.0
412.1237	-1.0
412.15277	-1.0
412.2114	-1.0
412.2299	-1.0
412.35248	-1.0
412.37195	-1.0
412.58777	-1.0
412.59277	-1.0
412.60117	-1.0
412.60757	-1.0
415.14252	1.0
416.63416	-1.0
416.6464	-1.0
416.66257	-1.0
416.6679	-1.0
416.6953	-1.0
416.7055	-1.0
416.7138	-1.0
416.73044	-1.0
416.74585	-1.0
416.7614	1.0
416.7705	-1.0
416.80215	-1.0
416.8212	-1.0
416.88528	-1.0
416.88916	-1.0
416.92764	-1.0
416.95377	-1.0
416.96143	-1.0
416.98416	-1.0
417.0261	-1.0
417.0784	-1.0
417.08667	-1.0
417.11197	-1.0
417.11908	-1.0
417.1621	-1.0
417.16864	-1.0
417.17505	-1.0
417.22293	-1.0
417.38333	-1.0
417.39035	-1.0
417.39557	-1.0
417.4403	-1.0
418.1999	1.0
419.92224	1.0
420.5471	1.0
421.2802	-1.0
421.3041	-1.0
421.31857	-1.0
421.3212	-1.0
421.33115	-1.0
421.33987	-1.0
421.35336	-1.0
421.3849	-1.0
421.3878	-1.0
421.40735	-1.0
421.4332	-1.0
421.45703	-1.0
421.4763	-1.0
421.47955	-1.0
421.51855	-1.0
421.52277	-1.0
421.56052	-1.0
421.5634	-1.0
421.5942	-1.0
421.60938	-1.0
421.63193	-1.0
421.68045	-1.0
421.6976	-1.0
421.73355	1.0
421.7407	-1.0
421.7618	-1.0
421.83884	-1.0
421.87137	-1.0
421.8899	-1.0
421.9616	-1.0
422.0107	-1.0
425.66367	1.0
425.68948	-1.0
425.7172	-1.0
425.72205	1.0
425.73343	-1.0
425.74716	-1.0
425.75317	-1.0
425.7715	-1.0
425.77448	-1.0
425.80087	-1.0
425.81497	-1.0
425.847	-1.0
425.89056	-1.0
425.894	-1.0
425.93753	-1.0
425.94003	-1.0
425.9665	-1.0
425.99176	-1.0
425.9964	-1.0
426.03168	1.0
426.03595	-1.0
426.077	-1.0
426.0802	-1.0
426.13644	-1.0
426.14587	-1.0
426.1964	-1.0
426.20764	-1.0
426.2384	-1.0
426.30948	-1.0
426.42685	-1.0
427.53885	1.0
427.57236	1.0
429.6715	-1.0
429.67416	-1.0
429.67825	-1.0
429.6886	-1.0
429.70343	-1.0
429.71213	-1.0
429.7266	-1.0
429.7293	-1.0
429.751	-1.0
429.76648	-1.0
429.8057	-1.0
429.8105	-1.0
429.83627	-1.0
429.8388	-1.0
429.90012	-1.0
429.91376	-1.0
429.9681	-1.0
429.9758	-1.0
430.0652	-1.0
430.0686	-1.0
430.09027	-1.0
430.12253	-1.0
430.154	-1.0
430.1577	-1.0
430.16495	-1.0
430.17325	-1.0
430.1797	-1.0
430.18985	-1.0
430.20627	-1.0
431.10944	1.0
433.62628	1.0
433.6865	-1.0
433.69736	-1.0
433.703	-1.0
433.7221	-1.0
433.72488	-1.0
433.7487	-1.0
433.7909	-1.0
433.7934	-1.0
433.8306	-1.0
433.8373	-1.0
433.8839	-1.0
433.8879	-1.0
433.893	1.0
433.92105	-1.0
433.96075	-1.0
434.00317	1.0
434.00577	-1.0
434.00848	-1.0
434.04657	-1.0
434.07788	-1.0
434.0825	-1.0
434.0874	-1.0
434.14224	-1.0
434.2624	-1.0
434.27353	-1.0
434.34387	-1.0
434.3666	-1.0
434.37183	-1.0
434.42224	-1.0
435.91016	1.0
437.4665	1.0
437.4847	-1.0
437.51343	-1.0
437.5166	-1.0
437.5207	-1.0
437.5261	-1.0
437.5337	-1.0
437.53745	-1.0
437.5565	-1.0
437.57657	-1.0
437.59772	-1.0
437.62476	-1.0
437.65225	-1.0
437.66748	-1.0
437.6917	-1.0
437.7038	-1.0
437.71024	-1.0
437.75656	-1.0
437.783	-1.0
437.81116	-1.0
437.86136	-1.0
437.87024	-1.0
437.88287	-1.0
437.9168	-1.0
437.92053	-1.0
438.05365	-1.0
438.05795	-1.0
439.28403	1.0
440.60855	1.0
442.44583	1.0
442.4764	-1.0
442.48	-1.0
442.49567	-1.0
442.4998	-1.0
442.51727	-1.0
442.55188	-1.0
442.55676	-1.0
442.57715	-1.0
442.5826	-1.0
442.6139	-1.0
442.6374	-1.0
442.66275	-1.0
442.6679	-1.0
442.69705	-1.0
442.72995	-1.0
442.74695	-1.0
442.76797	-1.0
442.80447	-1.0
442.80856	-1.0
442.815	-1.0
442.82132	-1.0
442.86526	-1.0
442.86975	-1.0
442.94357	-1.0
442.98108	-1.0
443.00745	-1.0
443.01053	-1.0
443.046	-1.0
443.09665	-1.0
446.36743	-1.0
446.3804	-1.0
446.3834	-1.0
446.3893	-1.0
446.40036	-1.0
446.42657	-1.0
446.4294	-1.0
446.4489	-1.0
446.45624	-1.0
446.4749	-1.0
446.4788	-1.0
446.5099	-1.0
446.51297	-1.0
446.5465	-1.0
446.57288	-1.0
446.59436	-1.0
446.61505	-1.0
446.6228	-1.0
446.6953	-1.0
446.70413	-1.0
446.7414	-1.0
446.74652	-1.0
446.79883	-1.0
446.84467	-1.0
448.0466	1.0
449.3946	1.0
450.40872	-1.0
450.41348	-1.0
450.41745	-1.0
450.4298	-1.0
450.43323	-1.0
450.47485	-1.0
450.47736	-1.0
450.499	-1.0
450.52536	-1.0
450.53793	-1.0
450.54044	-1.0
450.5641	1.0
450.5825	-1.0
450.5854	-1.0
450.61807	-1.0
450.62872	-1.0
450.6589	-1.0
450.66925	-1.0
450.71368	-1.0
450.71677	-1.0
450.74655	-1.0
450.7822	-1.0
450.82355	-1.0
450.84177	-1.0
450.89047	-1.0
450.96707	-1.0
450.97577	-1.0
452.36905	1.0
453.95145	-1.0
453.958	-1.0
453.96536	-1.0
453.96893	-1.0
453.9838	-1.0
453.99805	-1.0
454.01627	-1.0
454.02185	-1.0
454.0351	-1.0
454.0406	-1.0
454.06268	-1.0
454.10995	-1.0
454.11368	-1.0
454.128	-1.0
454.1451	-1.0
454.15067	-1.0
454.2004	-1.0
454.25983	-1.0
454.30487	-1.0
454.3195	-1.0
454.3774	-1.0
454.38712	-1.0
454.47208	-1.0
454.4796	-1.0
456.03827	1.0
457.47073	1.0
457.48328	-1.0
457.49637	-1.0
457.50247	-1.0
457.52423	-1.0
457.534	1.0
457.5472	-1.0
457.57275	-1.0
457.58923	-1.0
457.59232	-1.0
457.62088	-1.0
457.65848	-1.0
457.675	-1.0
457.69028	-1.0
457.695	-1.0
457.7065	-1.0
457.73172	-1.0
457.78333	-1.0
457.83475	-1.0
457.856	-1.0
457.93237	-1.0
458.0086	-1.0
458.1284	-1.0
458.13336	-1.0
458.1385	-1.0
458.81763	1.0
460.052	1.0
460.707	-1.0
460.729	-1.0
460.73935	-1.0
460.7465	-1.0
460.75912	-1.0
460.77948	-1.0
460.8036	-1.0
460.81415	-1.0
460.859	-1.0
460.87436	-1.0
460.89676	-1.0
460.9032	-1.0
460.95255	-1.0
460.97372	-1.0
460.99936	-1.0
461.0019	-1.0
461.05203	-1.0
461.0614	-1.0
461.08115	-1.0
461.1198	-1.0
462.61093	1.0
463.2295	1.0
463.51132	1.0
464.19485	-1.0
464.2037	-1.0
464.21252	-1.0
464.23068	-1.0
464.25146	-1.0
464.25473	-1.0
464.2927	-1.0
464.29547	1.0
464.3243	-1.0
464.34827	-1.0
464.3606	-1.0
464.41467	-1.0
464.4275	-1.0
464.44247	-1.0
464.4528	-1.0
464.5098	-1.0
464.56244	-1.0
464.56744	-1.0
464.61395	-1.0
464.6278	-1.0
464.71344	-1.0
465.59567	1.0
467.65823	1.0
467.6967	-1.0
467.70547	-1.0
467.71893	-1.0
467.7391	1.0
467.74423	-1.0
467.76627	-1.0
467.7774	-1.0
467.80576	-1.0
467.8087	1.0
467.8368	-1.0
467.8561	-1.0
467.87665	-1.0
467.88354	-1.0
467.9327	-1.0
467.96027	-1.0
467.99316	-1.0
468.0634	-1.0
468.1417	-1.0
468.20905	-1.0
468.81607	1.0
469.98016	1.0
470.87967	1.0
470.97223	-1.0
470.98587	-1.0
470.99115	-1.0
471.00415	-1.0
471.02484	-1.0
471.02863	-1.0
471.04813	-1.0
471.0725	-1.0
471.07593	-1.0
471.09848	-1.0
471.1157	-1.0
471.1348	-1.0
471.1453	-1.0
471.1648	-1.0
471.19992	-1.0
471.28763	-1.0
471.30127	-1.0
471.31995	-1.0
471.38135	-1.0
471.43164	-1.0
471.43585	-1.0
473.93735	-1.0
473.948	-1.0
473.9562	-1.0
473.97067	-1.0
473.9774	-1.0
473.99295	-1.0
473.99893	-1.0
474.0134	-1.0
474.01663	-1.0
474.04684	-1.0
474.06787	-1.0
474.09384	-1.0
474.1103	-1.0
474.1398	-1.0
474.14816	-1.0
474.18857	-1.0
474.19116	-1.0
474.28592	-1.0
474.2979	-1.0
474.35837	-1.0
474.36087	-1.0
474.36368	-1.0
476.46783	1.0
476.931	-1.0
476.93958	-1.0
476.95123	-1.0
476.96924	-1.0
476.98273	-1.0
476.9875	-1.0
476.991	-1.0
477.0094	-1.0
477.03024	-1.0
477.03363	-1.0
477.0522	-1.0
477.0839	-1.0
477.10275	-1.0
477.11688	-1.0
477.13712	-1.0
477.17267	-1.0
477.2304	-1.0
477.241	1.0
477.27017	-1.0
477.34155	-1.0
479.82788	-1.0
479.8337	1.0
479.83725	-1.0
479.84668	-1.0
479.85913	-1.0
479.8737	-1.0
479.887	-1.0
479.9131	-1.0
479.9318	-1.0
479.9499	-1.0
479.9749	-1.0
479.9979	-1.0
480.04156	-1.0
480.079	-1.0
480.1356	-1.0
480.15	-1.0
482.26163	1.0
482.51196	-1.0
482.51636	-1.0
482.53497	-1.0
482.5599	-1.0
482.5627	-1.0
482.56836	1.0
482.59775	-1.0
482.62143	-1.0
482.6255	-1.0
482.6482	-1.0
482.67572	-1.0
482.757	-1.0
482.90103	-1.0
483.7705	1.0
484.09875	1.0
485.6457	1.0
485.74808	-1.0
485.7581	-1.0
485.7684	-1.0
485.77856	-1.0
485.79016	-1.0
485.80588	-1.0
485.81873	-1.0
485.82135	-1.0
485.8578	-1.0
485.86557	-1.0
485.8817	-1.0
485.8897	1.0
485.93033	-1.0
485.963	-1.0
485.9906	-1.0
486.01736	-1.0
486.06458	-1.0
486.21292	-1.0
488.74872	1.0
489.07748	-1.0
489.0822	-1.0
489.09497	-1.0
489.1042	-1.0
489.11823	-1.0
489.13693	-1.0
489.1515	-1.0
489.15515	-1.0
489.18185	-1.0
489.19476	-1.0
489.20105	-1.0
489.212	1.0
489.21744	-1.0
489.24475	-1.0
489.25403	-1.0
489.27682	-1.0
489.2815	-1.0
489.32184	-1.0
489.43008	-1.0
489.5198	-1.0
491.20065	1.0
492.67123	1.0
492.69315	-1.0
492.70856	-1.0
492.71317	-1.0
492.7204	-1.0
492.739	-1.0
492.7521	-1.0
492.76056	1.0
492.7743	-1.0
492.7774	-1.0
492.8079	-1.0
492.8108	-1.0
492.82663	-1.0
492.8458	-1.0
492.85004	-1.0
492.85928	-1.0
492.88248	-1.0
492.90384	-1.0
492.92352	-1.0
492.92816	-1.0
492.94864	-1.0
492.96783	-1.0
492.97424	-1.0
493.01608	-1.0
493.04343	-1.0
493.17517	-1.0
494.03748	1.0
495.46317	-1.0
495.48016	-1.0
495.48804	-1.0
495.5048	-1.0
495.5107	-1.0
495.52112	-1.0
495.53052	-1.0
495.53555	-1.0
495.5565	-1.0
495.5596	1.0
495.57217	-1.0
495.57773	-1.0
495.58875	-1.0
495.6082	-1.0
495.64645	-1.0
495.6544	-1.0
495.70584	-1.0
498.5081	-1.0
498.51773	1.0
498.52267	-1.0
498.53223	-1.0
498.53644	-1.0
498.5624	-1.0
498.581	1.0
498.60526	-1.0
498.60812	-1.0
498.64896	-1.0
498.69012	-1.0
498.72812	-1.0
498.74146	-1.0
498.78372	-1.0
498.85236	-1.0
501.14285	1.0
502.91068	1.0
503.92896	-1.0
503.94168	-1.0
503.9442	-1.0
503.96155	-1.0
503.96445	-1.0
503.97736	-1.0
503.98203	-1.0
503.99835	-1.0
504.00247	-1.0
504.04108	-1.0
504.04517	-1.0
504.08292	-1.0
504.08737	-1.0
504.1289	-1.0
504.14145	-1.0
504.174	-1.0
504.193	-1.0
504.23608	-1.0
504.26205	-1.0
504.26645	-1.0
504.31268	-1.0
504.318	-1.0
504.32483	-1.0
504.4063	-1.0
504.45355	-1.0
506.92615	-1.0
506.9414	-1.0
506.94424	-1.0
506.95035	-1.0
506.96228	-1.0
506.9771	-1.0
506.9851	-1.0
506.98865	-1.0
507.01144	1.0
507.01547	-1.0
507.01947	-1.0
507.0353	-1.0
507.0544	-1.0
507.0572	-1.0
507.0659	-1.0
507.12717	-1.0
509.39233	-1.0
509.396	-1.0
509.41013	-1.0
509.42667	-1.0
509.43063	-1.0
509.45416	-1.0
509.47583	-1.0
509.49344	-1.0
509.52695	-1.0
509.53473	-1.0
509.56888	-1.0
509.57596	-1.0
509.6253	-1.0
509.64307	-1.0
509.6959	-1.0
511.16016	1.0
511.5057	1.0
512.532	1.0
512.5984	-1.0
512.6097	-1.0
512.62146	-1.0
512.6247	-1.0
512.6449	-1.0
512.65894	-1.0
512.66254	-1.0
512.6889	-1.0
512.71344	-1.0
512.73334	-1.0
512.76086	-1.0
512.7895	-1.0
512.8559	-1.0
512.8603	-1.0
512.9108	-1.0
514.79486	1.0
515.3545	-1.0
515.3646	-1.0
515.3699	-1.0
515.3813	-1.0
515.38605	-1.0
515.4019	-1.0
515.4118	-1.0
515.4152	-1.0
515.4353	-1.0
515.4394	-1.0
515.4648	-1.0
515.4676	-1.0
515.519	-1.0
515.5683	-1.0
515.59485	-1.0
515.644	-1.0
517.9946	1.0
518.22626	-1.0
518.25397	-1.0
518.2836	-1.0
518.28925	-1.0
518.31494	-1.0
518.3366	-1.0
518.359	-1.0
518.37085	-1.0
518.39996	-1.0
518.4281	-1.0
518.45	-1.0
518.45386	1.0
518.4809	-1.0
518.51886	-1.0
518.6006	-1.0
519.68	1.0
520.03406	1.0
521.3812	1.0
521.3992	-1.0
521.4079	-1.0
521.4139	-1.0
521.42896	-1.0
521.44147	-1.0
521.4533	-1.0
521.47986	-1.0
521.4824	-1.0
521.50006	-1.0
521.51385	-1.0
521.5378	-1.0
521.56226	-1.0
521.5728	-1.0
521.58594	-1.0
521.61096	-1.0
521.62305	-1.0
521.6644	-1.0
522.60114	1.0
524.1966	-1.0
524.22186	-1.0
524.22437	-1.0
524.23553	-1.0
524.24115	-1.0
524.25226	1.0
524.27563	-1.0
524.2784	-1.0
524.3	-1.0
524.3025	-1.0
524.32965	-1.0
524.3511	-1.0
524.3792	-1.0
524.3849	-1.0
524.4662	-1.0
525.4772	1.0
526.11414	1.0
526.7564	-1.0
526.77057	-1.0
526.8039	-1.0
526.8338	-1.0
526.8578	-1.0
526.86316	-1.0
526.88226	-1.0
526.8869	-1.0
526.91254	-1.0
526.93555	-1.0
526.9397	-1.0
528.67694	1.0
530.0959	-1.0
530.1198	-1.0
530.14624	-1.0
530.1502	-1.0
530.16895	-1.0
530.1736	-1.0
530.1933	-1.0
530.1961	-1.0
530.23346	-1.0
530.2425	1.0
530.28064	-1.0
530.2986	-1.0
530.35706	-1.0
531.5207	1.0
531.8248	1.0
532.17206	1.0
532.78186	-1.0
533.5808	-1.0
533.58453	-1.0
533.6058	-1.0
533.60944	-1.0
533.6153	-1.0
533.6368	-1.0
533.64087	-1.0
533.66504	-1.0
533.69604	-1.0
533.69855	-1.0
533.7641	-1.0
533.76953	-1.0
533.77374	-1.0
535.4876	1.0
535.95245	1.0
536.2954	-1.0
536.3305	-1.0
536.3587	-1.0
536.364	-1.0
536.38965	-1.0
536.395	-1.0
536.43567	-1.0
536.4844	-1.0
538.45605	-1.0
538.4656	-1.0
538.47687	-1.0
538.498	-1.0
538.5226	-1.0
538.5513	-1.0
538.6003	-1.0
538.6208	-1.0
539.64215	1.0
539.9984	1.0
540.3661	1.0
541.88513	-1.0
541.928	-1.0
541.9463	-1.0
541.9557	-1.0
541.95886	-1.0
541.97644	-1.0
542.00055	-1.0
542.00305	-1.0
542.0366	-1.0
542.0492	-1.0
542.08386	-1.0
542.09125	-1.0
542.14923	-1.0
542.1518	-1.0
542.9103	1.0
543.2637	1.0
545.8518	1.0
546.7685	1.0
547.03973	-1.0
547.05145	-1.0
547.06506	-1.0
547.06757	-1.0
547.0884	-1.0
547.0938	-1.0
547.10895	-1.0
547.1213	-1.0
547.1238	-1.0
547.1498	-1.0
547.15405	-1.0
547.1853	1.0
547.1974	-1.0
547.2579	-1.0
547.3184	-1.0
550.4744	1.0
550.7894	1.0
551.4859	1.0
551.8264	-1.0
551.83466	-1.0
551.84766	-1.0
551.8528	-1.0
551.8596	1.0
551.8683	-1.0
551.87476	-1.0
551.90015	-1.0
551.92896	-1.0
551.9327	-1.0
551.9649	-1.0
552.01556	-1.0
552.02313	-1.0
552.7562	1.0
553.43195	1.0
553.8198	1.0
553.8694	1.0
556.04803	-1.0
556.0731	-1.0
556.0773	1.0
556.0799	-1.0
556.09784	-1.0
556.11066	-1.0
556.122	-1.0
556.1426	-1.0
556.14746	-1.0
556.17944	-1.0
556.182	-1.0
556.8506	1.0
559.83203	-1.0
559.8391	-1.0
559.86414	-1.0
559.88885	-1.0
559.9084	-1.0
559.94446	-1.0
559.9484	-1.0
560.0012	-1.0
560.00525	-1.0
560.0735	-1.0
560.8984	1.0
561.66327	1.0
562.46893	1.0
562.5166	1.0
562.8935	-1.0
562.9273	-1.0
562.9513	-1.0
562.9832	-1.0
562.98755	-1.0
563.018	-1.0
563.07367	-1.0
567.1599	-1.0
567.17236	-1.0
567.18945	-1.0
567.1933	-1.0
567.2002	-1.0
567.213	-1.0
567.241	-1.0
567.24493	-1.0
567.27673	-1.0
567.3626	-1.0
567.36847	-1.0
568.414	1.0
571.49207	1.0
572.6566	1.0
573.33923	1.0
574.57336	1.0
574.8162	-1.0
574.84784	-1.0
574.8666	-1.0
574.87524	-1.0
574.88666	-1.0
574.9143	-1.0
574.9243	1.0
574.93207	-1.0
574.93567	-1.0
574.9535	-1.0
574.95605	-1.0
574.98096	-1.0
575.0078	-1.0
575.01776	-1.0
575.07947	-1.0
575.11615	-1.0
575.1263	-1.0
575.2136	-1.0
576.5643	1.0
578.4429	-1.0
578.46423	1.0
578.546	-1.0
578.54987	-1.0
578.55597	-1.0
578.5735	-1.0
578.57715	-1.0
578.5929	-1.0
578.5965	-1.0
578.61005	-1.0
578.6143	-1.0
578.6428	-1.0
578.69653	-1.0
578.72723	-1.0
578.7862	-1.0
579.3658	1.0
580.14996	1.0
580.98395	1.0
581.80383	-1.0
581.8869	-1.0
581.90894	-1.0
581.91565	-1.0
581.9353	-1.0
581.9388	-1.0
581.9433	-1.0
581.9707	-1.0
582.02264	-1.0
582.0253	-1.0
582.05774	-1.0
582.0869	-1.0
582.1072	-1.0
585.14966	1.0
586.7273	1.0
586.815	-1.0
586.8189	1.0
586.8487	-1.0
586.8512	-1.0
586.85925	-1.0
586.8746	-1.0
586.88873	-1.0
586.9394	1.0
586.94354	-1.0
586.9462	-1.0
586.94904	-1.0
586.9829	-1.0
586.98914	-1.0
587.0474	-1.0
587.4372	-1.0
587.4841	-1.0
588.6727	1.0
591.24005	1.0
592.74744	1.0
593.1924	-1.0
593.2202	-1.0
593.2409	-1.0
593.2723	-1.0
593.2749	-1.0
593.3054	-1.0
593.34705	-1.0
593.3553	-1.0
593.40186	-1.0
593.42914	-1.0
597.022	-1.0
597.17694	-1.0
597.18835	-1.0
597.20605	-1.0
597.21265	-1.0
597.2468	-1.0
597.2511	-1.0
597.2735	1.0
597.2832	-1.0
597.2966	-1.0
597.3488	-1.0
597.3627	-1.0
597.3745	-1.0
597.3947	-1.0
597.41187	-1.0
597.4279	-1.0
598.41077	1.0
599.7296	1.0
