0.02316	-1.0
0.08248	-1.0
0.08532	-1.0
0.11812	-1.0
0.15452	-1.0
0.20264	-1.0
0.23252	-1.0
0.2564	-1.0
0.26012	-1.0
0.29596	-1.0
0.35416	-1.0
0.38244	-1.0
0.46528	-1.0
0.49348	-1.0
0.53632	-1.0
0.58856	-1.0
0.63976	-1.0
0.68332	-1.0
0.68744	-1.0
0.73636	-1.0
0.76116	-1.0
0.79176	-1.0
0.79448	-1.0
0.84796	-1.0
0.85516	-1.0
0.92472	-1.0
0.96912	-1.0
0.97516	-1.0
1.02812	-1.0
1.08764	-1.0
1.15576	-1.0
1.16148	-1.0
1.3034	-1.0
1.52268	-1.0
5.4264	-1.0
5.44336	-1.0
5.45176	-1.0
5.48096	-1.0
5.49768	-1.0
5.57296	-1.0
5.61432	-1.0
5.66512	-1.0
5.70568	-1.0
5.74588	-1.0
5.76032	-1.0
5.78752	-1.0
5.82012	-1.0
5.8348	-1.0
5.86556	-1.0
5.89708	-1.0
5.95864	-1.0
5.9882	-1.0
6.01864	-1.0
6.04852	-1.0
6.05616	-1.0
6.12096	-1.0
6.19496	-1.0
6.2764	-1.0
6.32356	-1.0
6.34416	-1.0
6.3796	-1.0
6.42272	-1.0
6.53308	-1.0
6.61828	-1.0
6.79568	-1.0
6.80088	-1.0
8.97244	-1.0
8.99284	-1.0
9.0	-1.0
9.02328	1.0
9.02744	-1.0
9.05048	-1.0
9.05532	-1.0
9.07076	-1.0
9.23712	-1.0
9.27204	-1.0
9.2966	-1.0
9.31908	-1.0
9.3216	-1.0
9.3874	-1.0
9.42436	-1.0
9.43152	-1.0
9.45852	-1.0
9.49476	-1.0
9.53072	-1.0
9.56808	-1.0
9.57312	-1.0
9.64016	-1.0
9.69128	-1.0
9.78192	-1.0
9.80932	-1.0
9.83784	-1.0
9.88108	-1.0
9.93968	-1.0
9.98192	-1.0
10.03784	-1.0
11.81948	-1.0
11.87532	-1.0
11.89388	-1.0
11.99956	-1.0
12.09088	-1.0
12.13196	-1.0
12.29372	-1.0
12.32912	-1.0
12.3694	-1.0
12.40068	-1.0
12.46692	-1.0
12.51476	-1.0
12.63756	-1.0
14.96744	-1.0
14.98088	-1.0
15.00744	1.0
15.027	-1.0
15.03516	-1.0
15.04056	-1.0
15.04352	-1.0
15.04616	-1.0
15.08048	-1.0
15.10168	-1.0
15.12256	-1.0
15.1288	-1.0
15.19256	-1.0
15.23808	-1.0
15.25368	-1.0
15.32	-1.0
15.32972	-1.0
15.38172	-1.0
15.39156	-1.0
15.42088	-1.0
15.47908	-1.0
15.4894	-1.0
15.5302	-1.0
15.55808	-1.0
15.62316	-1.0
15.6272	-1.0
15.65976	-1.0
15.69252	-1.0
15.72284	-1.0
15.779	-1.0
15.82204	-1.0
15.88288	-1.0
15.91808	-1.0
15.95156	-1.0
15.99036	-1.0
15.99688	-1.0
16.08904	-1.0
19.38172	-1.0
19.414	-1.0
19.4302	1.0
19.45352	-1.0
19.48404	-1.0
19.49668	-1.0
19.54184	1.0
19.54484	-1.0
19.60032	-1.0
19.60284	-1.0
19.68284	-1.0
19.71464	-1.0
19.72584	-1.0
19.73864	-1.0
19.75568	-1.0
19.7672	-1.0
19.82144	-1.0
19.84648	-1.0
19.8648	-1.0
19.8702	-1.0
19.89576	-1.0
19.90348	-1.0
19.95184	-1.0
19.96536	-1.0
20.01456	-1.0
20.03036	-1.0
20.08252	-1.0
20.10148	-1.0
20.262	-1.0
20.31004	-1.0
20.40756	-1.0
20.46156	-1.0
20.47116	-1.0
20.5692	-1.0
20.5798	-1.0
20.60024	-1.0
20.63324	-1.0
20.65988	-1.0
20.71736	-1.0
20.72084	-1.0
20.9088	-1.0
24.85192	-1.0
24.87216	-1.0
24.89544	-1.0
24.90544	-1.0
24.91544	-1.0
24.9268	-1.0
24.95368	-1.0
24.96028	-1.0
24.97728	-1.0
24.99016	-1.0
25.03296	-1.0
25.06992	-1.0
25.08944	-1.0
25.10416	-1.0
25.14332	-1.0
25.16644	-1.0
25.17132	-1.0
25.2092	-1.0
25.21236	-1.0
25.23864	-1.0
25.249	-1.0
25.3018	-1.0
25.31228	-1.0
25.32284	-1.0
25.32896	-1.0
25.34872	-1.0
25.3768	-1.0
25.39508	-1.0
25.40152	-1.0
25.44268	-1.0
25.4546	-1.0
25.47508	-1.0
25.50452	-1.0
25.51392	-1.0
25.5614	-1.0
25.57532	-1.0
25.59496	-1.0
25.62016	-1.0
25.63848	-1.0
25.67324	-1.0
25.70732	-1.0
25.71604	-1.0
25.75516	-1.0
25.78828	-1.0
25.87972	-1.0
25.92904	-1.0
26.187	-1.0
27.21204	-1.0
29.831	-1.0
29.85748	-1.0
29.86024	-1.0
29.86948	-1.0
29.88228	-1.0
29.88488	-1.0
29.8998	-1.0
29.91828	-1.0
29.99028	-1.0
30.0048	-1.0
30.00796	-1.0
30.05736	-1.0
30.0906	-1.0
30.12752	-1.0
30.13224	-1.0
30.15088	-1.0
30.15724	-1.0
30.17728	-1.0
30.2028	-1.0
30.21296	-1.0
30.24464	-1.0
30.28372	-1.0
30.30436	-1.0
30.35148	-1.0
30.36504	-1.0
30.39184	-1.0
30.42124	-1.0
30.46796	-1.0
30.47572	-1.0
30.50148	-1.0
30.5356	-1.0
30.55688	-1.0
30.58816	-1.0
30.6746	-1.0
30.6806	-1.0
30.74808	-1.0
30.77076	-1.0
30.78	-1.0
30.8074	-1.0
30.81636	-1.0
30.85792	-1.0
30.86432	-1.0
30.9782	-1.0
30.99868	-1.0
31.08692	-1.0
31.272	-1.0
31.31072	-1.0
31.364	-1.0
35.70348	-1.0
35.72336	-1.0
35.74724	-1.0
35.7658	-1.0
35.78276	-1.0
35.78696	-1.0
35.80848	-1.0
35.8446	-1.0
35.91684	-1.0
35.92012	-1.0
35.97476	-1.0
35.99548	-1.0
36.00308	-1.0
36.02308	-1.0
36.02636	-1.0
36.04668	-1.0
36.0506	-1.0
36.0616	-1.0
36.07116	-1.0
36.07504	-1.0
36.09112	-1.0
36.1106	-1.0
36.11312	-1.0
36.14484	-1.0
36.15956	-1.0
36.20544	-1.0
36.23816	-1.0
36.2842	-1.0
36.30428	-1.0
36.31692	-1.0
36.33724	-1.0
36.37496	-1.0
36.40536	-1.0
36.42452	-1.0
36.46572	-1.0
36.47924	-1.0
36.52468	-1.0
36.5302	-1.0
36.56416	-1.0
36.59704	-1.0
36.62296	-1.0
36.64156	-1.0
36.65136	-1.0
36.70752	-1.0
36.73812	-1.0
36.8008	-1.0
36.84288	-1.0
36.8778	-1.0
36.88864	-1.0
36.9098	-1.0
36.93636	-1.0
36.99552	-1.0
37.8648	-1.0
37.96464	-1.0
37.97116	-1.0
37.994	-1.0
40.44392	-1.0
40.44956	-1.0
40.47976	-1.0
40.48716	-1.0
40.52176	1.0
40.52716	-1.0
40.54632	-1.0
40.56304	-1.0
40.584	-1.0
40.61984	-1.0
40.66068	-1.0
40.68336	-1.0
40.68912	-1.0
40.71876	-1.0
40.75136	-1.0
40.80356	-1.0
40.82124	-1.0
40.8374	-1.0
40.84316	-1.0
40.86112	-1.0
40.889	-1.0
40.89428	-1.0
40.91128	-1.0
40.94696	-1.0
40.9552	-1.0
40.99596	-1.0
40.99872	-1.0
41.04436	-1.0
41.06532	-1.0
41.08832	-1.0
41.1086	-1.0
41.12688	-1.0
41.19852	-1.0
41.20328	-1.0
41.2398	-1.0
41.32864	-1.0
41.44232	-1.0
41.46416	-1.0
41.52728	-1.0
41.5776	-1.0
41.67124	-1.0
41.71576	-1.0
41.76248	-1.0
44.6938	-1.0
44.70932	-1.0
44.71292	1.0
44.75392	-1.0
44.75912	-1.0
44.77104	-1.0
44.78828	-1.0
44.7932	-1.0
44.81788	-1.0
44.82548	-1.0
44.8562	-1.0
44.8606	-1.0
44.88172	-1.0
44.90376	-1.0
44.93532	-1.0
44.94468	-1.0
44.96272	-1.0
44.99372	-1.0
45.01512	-1.0
45.0216	-1.0
45.05632	-1.0
45.08592	-1.0
45.1086	-1.0
45.13552	-1.0
45.1796	-1.0
45.21312	-1.0
45.24208	-1.0
45.26356	-1.0
45.28948	-1.0
45.3058	-1.0
45.36424	-1.0
45.3748	-1.0
45.4486	-1.0
45.46908	-1.0
45.51436	-1.0
45.54316	-1.0
45.56212	-1.0
45.59004	-1.0
45.64364	-1.0
45.74036	-1.0
45.8268	-1.0
45.84272	-1.0
49.25088	-1.0
49.26104	-1.0
49.28064	-1.0
49.29188	-1.0
49.30804	-1.0
49.3452	-1.0
49.36504	-1.0
49.36848	-1.0
49.4106	-1.0
49.45616	-1.0
49.49368	-1.0
49.5338	-1.0
49.55408	-1.0
49.55856	-1.0
49.58636	-1.0
49.59276	-1.0
49.63292	-1.0
49.6526	-1.0
49.67668	-1.0
49.68644	1.0
49.70904	-1.0
49.71212	-1.0
49.73484	-1.0
49.73804	-1.0
49.76336	-1.0
49.77852	-1.0
49.7898	-1.0
49.81664	-1.0
49.81948	-1.0
49.84576	-1.0
49.8542	-1.0
49.8814	-1.0
49.90788	-1.0
49.93448	-1.0
49.95812	-1.0
50.01808	-1.0
50.07896	-1.0
50.12048	-1.0
50.1242	-1.0
50.15908	-1.0
50.1928	-1.0
50.26072	-1.0
50.26512	-1.0
50.29916	-1.0
50.89924	-1.0
54.46532	-1.0
54.4778	-1.0
54.50828	-1.0
54.51436	-1.0
54.52748	-1.0
54.55088	1.0
54.56272	-1.0
54.58852	-1.0
54.61088	-1.0
54.63736	-1.0
54.656	-1.0
54.66116	-1.0
54.70616	-1.0
54.7264	-1.0
54.73008	-1.0
54.752	1.0
54.76788	-1.0
54.7732	-1.0
54.79604	-1.0
54.80692	-1.0
54.83448	-1.0
54.84132	-1.0
54.86368	-1.0
54.89272	-1.0
54.9456	-1.0
54.98884	-1.0
54.99596	-1.0
55.0076	-1.0
55.02432	-1.0
55.04968	-1.0
55.07892	-1.0
55.08776	-1.0
55.12128	-1.0
55.1528	-1.0
55.18044	-1.0
55.18636	-1.0
55.2022	-1.0
55.20668	-1.0
55.23776	-1.0
55.249	-1.0
55.28164	-1.0
55.32476	-1.0
55.346	-1.0
55.41892	-1.0
55.45944	-1.0
55.48556	-1.0
55.52592	-1.0
55.71296	-1.0
58.61564	-1.0
59.58596	-1.0
59.59448	-1.0
59.62764	-1.0
59.63372	-1.0
59.66104	-1.0
59.68256	-1.0
59.69996	-1.0
59.72592	-1.0
59.73644	-1.0
59.73944	-1.0
59.79716	-1.0
59.82812	-1.0
59.83696	-1.0
59.8464	-1.0
59.886	-1.0
59.89024	-1.0
59.91192	-1.0
59.93868	-1.0
59.9624	-1.0
59.97228	-1.0
59.99228	-1.0
60.00332	-1.0
60.01296	-1.0
60.06252	-1.0
60.08344	-1.0
60.11596	-1.0
60.12668	-1.0
60.14088	-1.0
60.1508	-1.0
60.1832	-1.0
60.205	-1.0
60.22672	-1.0
60.29072	-1.0
60.30196	-1.0
60.362	-1.0
60.37312	-1.0
60.41492	-1.0
60.44788	-1.0
60.51956	-1.0
60.55712	-1.0
60.5976	-1.0
60.60644	-1.0
60.676	-1.0
60.7188	-1.0
63.86024	-1.0
63.8826	-1.0
63.91156	1.0
63.91484	-1.0
63.93516	-1.0
63.941	-1.0
63.95348	-1.0
63.98684	-1.0
64.00352	-1.0
64.02188	-1.0
64.06012	-1.0
64.10264	-1.0
64.10548	-1.0
64.15312	-1.0
64.1902	-1.0
64.20792	-1.0
64.2292	-1.0
64.25464	-1.0
64.25716	-1.0
64.27888	-1.0
64.28364	-1.0
64.30624	-1.0
64.33476	-1.0
64.39272	-1.0
64.42264	-1.0
64.42592	-1.0
64.465	-1.0
64.4712	-1.0
64.54144	-1.0
64.65296	-1.0
64.68116	-1.0
64.70772	-1.0
64.7368	-1.0
64.76756	-1.0
64.82872	-1.0
64.87208	-1.0
64.88676	-1.0
64.96028	-1.0
68.2684	-1.0
68.28468	-1.0
68.30244	-1.0
68.31604	-1.0
68.32396	1.0
68.32776	-1.0
68.34468	-1.0
68.34808	-1.0
68.366	-1.0
68.40584	-1.0
68.43108	-1.0
68.45652	-1.0
68.482	-1.0
68.50932	-1.0
68.55684	-1.0
68.58516	-1.0
68.6112	-1.0
68.63256	-1.0
68.63576	-1.0
68.65864	-1.0
68.68596	-1.0
68.71816	-1.0
68.74868	-1.0
68.75284	-1.0
68.77732	-1.0
68.8136	-1.0
68.82764	-1.0
68.8356	-1.0
68.86932	-1.0
68.93172	-1.0
68.93608	-1.0
68.9768	-1.0
69.01768	-1.0
69.08028	-1.0
69.11264	-1.0
69.14888	-1.0
69.18632	-1.0
69.23952	-1.0
69.27172	-1.0
69.34044	-1.0
72.842	-1.0
73.51524	-1.0
73.5318	-1.0
73.55112	-1.0
73.55548	-1.0
73.5766	-1.0
73.58344	-1.0
73.58676	-1.0
73.59952	-1.0
73.61904	-1.0
73.6324	-1.0
73.65788	-1.0
73.68624	-1.0
73.70416	-1.0
73.76824	-1.0
73.78916	-1.0
73.80396	-1.0
73.81624	-1.0
73.84016	-1.0
73.84496	-1.0
73.89044	-1.0
73.93752	-1.0
73.94064	-1.0
73.96532	-1.0
73.97544	-1.0
73.9942	-1.0
74.01944	-1.0
74.04276	-1.0
74.06244	-1.0
74.06704	-1.0
74.09288	-1.0
74.1238	-1.0
74.18068	-1.0
74.2106	-1.0
74.23072	-1.0
74.2778	-1.0
74.2836	-1.0
74.3092	-1.0
74.34628	-1.0
74.37308	-1.0
74.42828	-1.0
74.4338	-1.0
74.47372	-1.0
74.4792	-1.0
74.54552	-1.0
74.6472	-1.0
74.68436	-1.0
77.74312	-1.0
78.14864	-1.0
78.49084	-1.0
78.51276	-1.0
78.5314	-1.0
78.54312	-1.0
78.55152	-1.0
78.56872	-1.0
78.58988	-1.0
78.59292	1.0
78.59752	-1.0
78.66428	-1.0
78.7056	-1.0
78.77248	1.0
78.79904	-1.0
78.80416	-1.0
78.8246	-1.0
78.83752	-1.0
78.86004	-1.0
78.89408	-1.0
78.91168	-1.0
78.94388	-1.0
78.97472	-1.0
78.997	-1.0
79.02696	-1.0
79.05012	-1.0
79.08672	-1.0
79.116	-1.0
79.119	-1.0
79.14864	-1.0
79.15216	-1.0
79.17636	-1.0
79.18004	-1.0
79.21912	-1.0
79.25748	-1.0
79.287	-1.0
79.29712	-1.0
79.3704	-1.0
79.38788	-1.0
79.39592	-1.0
79.47364	-1.0
79.49184	-1.0
79.52652	-1.0
83.87108	-1.0
83.875	-1.0
83.89448	1.0
83.8972	1.0
83.89996	-1.0
83.91336	-1.0
83.91832	-1.0
83.92696	-1.0
83.93284	-1.0
83.94332	1.0
83.94728	-1.0
83.96056	-1.0
83.98788	-1.0
84.05424	-1.0
84.07968	-1.0
84.11096	-1.0
84.12148	-1.0
84.13916	-1.0
84.149	-1.0
84.15316	-1.0
84.17748	-1.0
84.2028	-1.0
84.22416	-1.0
84.23004	-1.0
84.26148	-1.0
84.26828	-1.0
84.30636	-1.0
84.33516	-1.0
84.36676	-1.0
84.37028	-1.0
84.39224	-1.0
84.41528	-1.0
84.43632	-1.0
84.46228	-1.0
84.4772	-1.0
84.5004	-1.0
84.5062	-1.0
84.53536	-1.0
84.53788	-1.0
84.55656	-1.0
84.5754	-1.0
84.60684	-1.0
84.61492	-1.0
84.6186	-1.0
84.66136	-1.0
84.69588	-1.0
84.7068	-1.0
84.75972	-1.0
84.771	-1.0
84.80128	-1.0
84.82308	-1.0
84.84916	-1.0
84.8784	-1.0
84.92256	-1.0
84.98352	-1.0
85.02464	-1.0
85.02924	-1.0
85.09104	-1.0
88.2468	-1.0
88.41216	-1.0
88.42992	-1.0
88.45888	-1.0
88.48168	-1.0
88.5126	-1.0
88.53036	-1.0
88.54112	-1.0
88.5542	-1.0
88.57956	-1.0
88.65148	-1.0
88.67768	-1.0
88.69428	-1.0
88.69756	-1.0
88.74488	-1.0
88.76444	-1.0
88.7822	-1.0
88.80036	-1.0
88.81488	-1.0
88.83952	-1.0
88.84496	-1.0
88.86676	-1.0
88.9054	-1.0
88.9114	-1.0
88.95184	-1.0
88.99092	-1.0
89.01692	-1.0
89.08032	-1.0
89.11268	-1.0
89.11872	-1.0
89.14448	-1.0
89.19356	-1.0
89.24324	-1.0
89.26736	-1.0
89.29184	-1.0
89.39144	-1.0
89.41308	-1.0
89.45016	-1.0
89.46508	-1.0
89.51508	-1.0
89.55204	-1.0
89.62408	-1.0
93.24456	-1.0
93.26552	-1.0
93.27072	-1.0
93.28836	-1.0
93.30712	-1.0
93.31456	-1.0
93.33696	-1.0
93.38412	-1.0
93.40964	-1.0
93.4368	-1.0
93.43972	-1.0
93.46528	-1.0
93.49648	-1.0
93.52416	-1.0
93.5752	-1.0
93.59028	-1.0
93.5976	-1.0
93.64952	-1.0
93.69064	-1.0
93.70444	-1.0
93.73128	-1.0
93.75832	-1.0
93.76348	-1.0
93.7992	-1.0
93.8028	-1.0
93.82576	-1.0
93.85208	-1.0
93.8646	-1.0
93.9228	-1.0
93.94632	-1.0
93.96432	-1.0
93.9798	-1.0
93.99944	-1.0
94.03304	-1.0
94.06372	-1.0
94.09616	-1.0
94.1536	-1.0
94.17468	-1.0
94.21836	-1.0
94.32672	-1.0
94.41192	-1.0
94.48608	-1.0
99.31752	-1.0
99.322	-1.0
99.34348	-1.0
99.34864	-1.0
99.35908	-1.0
99.362	-1.0
99.374	-1.0
99.37696	-1.0
99.39196	-1.0
99.41304	-1.0
99.41704	-1.0
99.45556	-1.0
99.47612	-1.0
99.4834	1.0
99.48664	-1.0
99.4926	-1.0
99.52132	-1.0
99.5614	-1.0
99.5802	-1.0
99.60652	-1.0
99.62988	-1.0
99.63264	-1.0
99.65768	-1.0
99.68972	-1.0
99.69548	-1.0
99.71884	-1.0
99.72224	1.0
99.74828	-1.0
99.773	-1.0
99.78	-1.0
99.811	-1.0
99.88704	-1.0
99.94108	-1.0
99.99432	-1.0
100.01984	-1.0
100.0252	1.0
100.0516	-1.0
100.08664	-1.0
100.09076	-1.0
100.11272	-1.0
100.12972	-1.0
100.15128	-1.0
100.20132	-1.0
100.22656	-1.0
100.26104	-1.0
100.31096	-1.0
100.35552	-1.0
100.3812	-1.0
100.40844	-1.0
100.4386	-1.0
100.60028	-1.0
100.65136	-1.0
100.6884	-1.0
100.75744	-1.0
100.8422	-1.0
100.8716	-1.0
104.61212	-1.0
104.61836	-1.0
104.62088	1.0
104.63272	-1.0
104.63544	1.0
104.66844	-1.0
104.67628	-1.0
104.6908	-1.0
104.71872	-1.0
104.73312	-1.0
104.77132	-1.0
104.79128	-1.0
104.8038	-1.0
104.82764	-1.0
104.83052	-1.0
104.86168	1.0
104.86888	-1.0
104.8772	-1.0
104.903	-1.0
104.92276	-1.0
104.95356	-1.0
104.97832	-1.0
105.00744	-1.0
105.02988	-1.0
105.0394	-1.0
105.09108	-1.0
105.15672	-1.0
105.1816	-1.0
105.18912	-1.0
105.21556	-1.0
105.23556	-1.0
105.26032	-1.0
105.27632	-1.0
105.28176	-1.0
105.29548	-1.0
105.34728	-1.0
105.3532	-1.0
105.38836	-1.0
105.4168	-1.0
105.43332	-1.0
105.47068	-1.0
105.48412	-1.0
105.54508	-1.0
105.60548	-1.0
105.6136	-1.0
105.62772	-1.0
105.66648	-1.0
105.7014	-1.0
105.7176	-1.0
105.97228	-1.0
106.00404	-1.0
106.08016	-1.0
109.7124	-1.0
109.72276	-1.0
109.7438	-1.0
109.7482	-1.0
109.75072	-1.0
109.75332	-1.0
109.77072	1.0
109.792	-1.0
109.81124	-1.0
109.83468	-1.0
109.865	-1.0
109.8768	-1.0
109.92172	-1.0
109.95236	-1.0
109.98736	-1.0
110.01528	-1.0
110.02032	-1.0
110.04624	-1.0
110.08036	-1.0
110.09224	-1.0
110.10152	-1.0
110.12536	-1.0
110.1308	-1.0
110.15428	-1.0
110.16236	-1.0
110.16692	-1.0
110.19576	-1.0
110.22352	-1.0
110.2318	-1.0
110.23944	-1.0
110.30988	-1.0
110.34116	-1.0
110.34708	-1.0
110.37088	-1.0
110.4066	-1.0
110.411	-1.0
110.47324	-1.0
110.52312	-1.0
110.54284	-1.0
110.6286	-1.0
110.65376	-1.0
110.67372	-1.0
110.67672	-1.0
110.68856	-1.0
110.776	-1.0
110.81024	-1.0
110.8274	-1.0
110.83512	-1.0
110.89008	-1.0
110.97792	-1.0
110.99528	-1.0
111.01068	-1.0
111.06496	-1.0
111.114	-1.0
114.83576	-1.0
114.8404	1.0
114.84688	-1.0
114.85868	-1.0
114.86536	-1.0
114.8698	-1.0
114.90568	-1.0
114.90876	-1.0
114.9316	1.0
114.9438	-1.0
114.96288	-1.0
114.9758	-1.0
114.99132	-1.0
114.99924	-1.0
115.014	-1.0
115.04056	-1.0
115.0746	-1.0
115.09396	-1.0
115.09652	-1.0
115.1156	-1.0
115.166	-1.0
115.17052	-1.0
115.17472	1.0
115.2036	-1.0
115.21064	-1.0
115.23492	-1.0
115.25564	-1.0
115.28528	-1.0
115.31564	-1.0
115.34808	-1.0
115.4384	-1.0
115.4522	-1.0
115.48356	-1.0
115.54644	-1.0
115.55472	-1.0
115.58132	-1.0
115.58408	-1.0
115.64736	-1.0
115.66568	-1.0
115.67552	-1.0
115.74192	-1.0
115.78076	-1.0
115.79148	-1.0
115.85548	-1.0
115.86724	-1.0
115.89792	-1.0
115.93896	-1.0
115.95364	-1.0
115.98356	-1.0
116.0578	-1.0
116.08412	-1.0
116.21368	-1.0
116.37452	-1.0
119.76272	-1.0
119.77884	-1.0
119.79412	-1.0
119.8156	-1.0
119.81856	-1.0
119.82256	-1.0
119.86952	-1.0
119.88884	-1.0
119.99368	-1.0
120.0214	-1.0
120.0348	-1.0
120.08576	-1.0
120.10528	-1.0
120.11564	-1.0
120.1452	-1.0
120.1762	-1.0
120.194	-1.0
120.20412	-1.0
120.23116	-1.0
120.25652	-1.0
120.26268	-1.0
120.28432	-1.0
120.31992	-1.0
120.38112	-1.0
120.39608	-1.0
120.42476	-1.0
120.53456	1.0
120.53716	-1.0
120.56908	-1.0
120.59108	-1.0
120.63672	-1.0
120.66544	-1.0
120.68796	-1.0
120.73484	-1.0
120.77396	-1.0
120.81788	-1.0
120.86484	-1.0
120.91604	-1.0
120.99736	-1.0
121.03024	-1.0
121.08856	-1.0
121.1554	-1.0
121.23336	-1.0
121.2604	-1.0
121.27432	-1.0
121.39948	-1.0
124.88	-1.0
124.88636	-1.0
124.8976	-1.0
124.90624	-1.0
124.9256	-1.0
124.92996	-1.0
124.97844	-1.0
125.0156	-1.0
125.03532	-1.0
125.08348	-1.0
125.1116	-1.0
125.12964	-1.0
125.136	-1.0
125.16088	-1.0
125.21728	-1.0
125.25136	-1.0
125.30388	-1.0
125.30916	-1.0
125.32364	-1.0
125.35988	-1.0
125.40884	-1.0
125.42928	-1.0
125.45476	-1.0
125.4656	-1.0
125.47636	-1.0
125.529	-1.0
125.54664	-1.0
125.65408	-1.0
125.65668	-1.0
125.71464	-1.0
125.79688	-1.0
125.85052	-1.0
125.8784	1.0
125.88656	-1.0
125.90908	-1.0
125.93968	-1.0
125.94232	-1.0
125.96204	-1.0
125.98848	-1.0
126.05872	-1.0
126.1356	-1.0
126.13924	-1.0
126.21404	-1.0
126.27348	-1.0
126.30848	-1.0
130.6032	-1.0
130.608	-1.0
130.63776	-1.0
130.64388	-1.0
130.66489	-1.0
130.68443	-1.0
130.6958	-1.0
130.72627	-1.0
130.74716	1.0
130.77664	-1.0
130.80528	-1.0
130.84	-1.0
130.85956	-1.0
130.87804	1.0
130.9046	-1.0
130.94849	-1.0
130.9734	-1.0
131.01537	-1.0
131.04124	-1.0
131.09303	-1.0
131.109	-1.0
131.1198	-1.0
131.157	-1.0
131.1848	-1.0
131.1932	-1.0
131.21808	-1.0
131.25723	-1.0
131.28397	-1.0
131.306	-1.0
131.33723	-1.0
131.40588	-1.0
131.43396	-1.0
131.47852	-1.0
131.4904	-1.0
131.5106	-1.0
131.5942	-1.0
131.61888	-1.0
131.64568	-1.0
131.66788	-1.0
131.71576	-1.0
131.72896	-1.0
131.73335	-1.0
131.86269	-1.0
131.90076	-1.0
131.91808	-1.0
131.97632	-1.0
132.0826	-1.0
132.1082	-1.0
132.16573	-1.0
132.18456	-1.0
136.49728	-1.0
136.51776	-1.0
136.53128	1.0
136.53452	-1.0
136.53725	1.0
136.54984	-1.0
136.56784	-1.0
136.57152	-1.0
136.57536	-1.0
136.58876	1.0
136.59196	1.0
136.62157	1.0
136.63963	-1.0
136.66284	-1.0
136.73724	-1.0
136.76996	-1.0
136.78792	-1.0
136.82932	-1.0
136.85349	-1.0
136.89476	-1.0
136.91383	-1.0
136.9186	-1.0
136.97052	1.0
137.01495	-1.0
137.0412	-1.0
137.0466	-1.0
137.077	-1.0
137.10872	-1.0
137.16792	1.0
137.17424	-1.0
137.18912	-1.0
137.27844	-1.0
137.29668	-1.0
137.36392	-1.0
137.36765	-1.0
137.44128	-1.0
137.4762	-1.0
137.48991	-1.0
137.51991	-1.0
137.61723	-1.0
137.65428	-1.0
137.6966	-1.0
137.7374	-1.0
137.8084	-1.0
137.82976	-1.0
137.8746	-1.0
137.93604	-1.0
138.14592	-1.0
142.45288	-1.0
142.45557	1.0
142.45937	-1.0
142.46396	-1.0
142.47684	-1.0
142.47997	1.0
142.51488	1.0
142.53372	-1.0
142.55884	-1.0
142.5622	-1.0
142.57793	-1.0
142.62532	-1.0
142.67812	-1.0
142.681	-1.0
142.74208	-1.0
142.7772	-1.0
142.7934	-1.0
142.80952	-1.0
142.83568	-1.0
142.85687	-1.0
142.889	-1.0
142.89195	-1.0
142.92496	-1.0
142.94936	-1.0
143.00427	-1.0
143.02943	-1.0
143.06471	-1.0
143.07196	-1.0
143.09177	-1.0
143.16736	-1.0
143.21548	-1.0
143.23468	-1.0
143.24132	-1.0
143.27087	-1.0
143.27368	-1.0
143.30943	-1.0
143.31631	-1.0
143.40031	1.0
143.41756	-1.0
143.4736	-1.0
143.48357	-1.0
143.52684	-1.0
143.59956	-1.0
143.69804	-1.0
143.74208	-1.0
143.7854	-1.0
143.79813	-1.0
143.83588	1.0
143.86304	-1.0
143.93924	-1.0
143.982	-1.0
148.69733	-1.0
148.70276	-1.0
148.71472	-1.0
148.72476	-1.0
148.74004	-1.0
148.74292	-1.0
148.76048	1.0
148.78284	-1.0
148.80067	-1.0
148.82317	1.0
148.85216	-1.0
148.88625	-1.0
148.91948	1.0
148.93672	-1.0
148.9512	-1.0
148.97208	-1.0
148.99384	-1.0
148.9988	-1.0
149.0494	-1.0
149.07697	-1.0
149.0888	1.0
149.09776	-1.0
149.12468	-1.0
149.15268	-1.0
149.2048	-1.0
149.23547	-1.0
149.2584	-1.0
149.28207	1.0
149.28831	-1.0
149.31808	-1.0
149.32396	-1.0
149.34656	-1.0
149.3704	-1.0
149.41373	-1.0
149.44489	-1.0
149.49287	-1.0
149.52692	-1.0
149.55072	-1.0
149.62704	1.0
149.63013	-1.0
149.68085	1.0
149.7356	1.0
149.8242	-1.0
149.84756	-1.0
149.95792	-1.0
149.97516	-1.0
149.98576	-1.0
150.09187	-1.0
150.12473	-1.0
153.71931	-1.0
153.72844	-1.0
153.7432	-1.0
153.74612	-1.0
153.75996	-1.0
153.78096	1.0
153.78384	1.0
153.79916	-1.0
153.80356	-1.0
153.80644	-1.0
153.83124	1.0
153.85564	-1.0
153.875	-1.0
153.8796	-1.0
153.89296	-1.0
153.944	-1.0
153.97849	1.0
153.99144	-1.0
154.00104	-1.0
154.02403	1.0
154.027	-1.0
154.06804	-1.0
154.07056	-1.0
154.1148	-1.0
154.19528	-1.0
154.20769	-1.0
154.2204	-1.0
154.24048	-1.0
154.24307	-1.0
154.29095	-1.0
154.30193	-1.0
154.30617	-1.0
154.3226	1.0
154.32771	-1.0
154.3574	-1.0
154.45345	1.0
154.46036	-1.0
154.46288	-1.0
154.49512	-1.0
154.51872	-1.0
154.55544	1.0
154.55968	-1.0
154.57968	-1.0
154.5976	-1.0
154.6158	-1.0
154.68529	-1.0
154.71872	-1.0
154.73473	-1.0
154.75323	-1.0
154.79448	1.0
154.87453	-1.0
154.91376	-1.0
154.93951	-1.0
154.96152	-1.0
155.02827	-1.0
159.9832	-1.0
159.98692	1.0
159.98952	-1.0
159.99696	-1.0
160.00575	-1.0
160.0108	-1.0
160.03708	1.0
160.05396	1.0
160.05669	-1.0
160.09972	-1.0
160.11449	1.0
160.12276	-1.0
160.14536	1.0
160.14787	1.0
160.17728	-1.0
160.20209	-1.0
160.25217	-1.0
160.2598	-1.0
160.27748	-1.0
160.32016	1.0
160.35112	-1.0
160.35452	-1.0
160.3762	-1.0
160.4308	-1.0
160.45508	-1.0
160.51051	-1.0
160.54211	-1.0
160.55492	-1.0
160.57132	-1.0
160.5902	-1.0
160.64656	-1.0
160.65216	-1.0
160.65628	-1.0
160.67732	-1.0
160.7594	1.0
160.78876	-1.0
160.80016	-1.0
160.82376	-1.0
160.88808	-1.0
160.93275	-1.0
160.97556	-1.0
161.02092	1.0
161.0352	-1.0
161.15208	-1.0
161.225	-1.0
161.26772	-1.0
161.29932	-1.0
166.26512	-1.0
166.27412	-1.0
166.28616	-1.0
166.3004	-1.0
166.32076	-1.0
166.33192	-1.0
166.35657	1.0
166.408	-1.0
166.4168	-1.0
166.42409	-1.0
166.4546	1.0
166.4572	-1.0
166.48476	-1.0
166.50032	-1.0
166.50432	-1.0
166.53313	-1.0
166.5674	1.0
166.57108	-1.0
166.58324	-1.0
166.60097	-1.0
166.6432	-1.0
166.64684	-1.0
166.67365	-1.0
166.70148	1.0
166.7268	-1.0
166.74448	-1.0
166.77628	-1.0
166.78229	-1.0
166.80447	-1.0
166.80968	-1.0
166.86124	-1.0
166.89284	-1.0
166.9454	-1.0
166.99815	-1.0
167.04929	-1.0
167.0822	-1.0
167.19704	-1.0
167.20804	-1.0
167.22893	-1.0
167.26369	-1.0
167.2856	-1.0
167.30952	-1.0
167.33612	-1.0
167.36508	-1.0
167.3716	-1.0
167.43613	-1.0
167.46191	-1.0
167.55617	-1.0
167.56448	-1.0
167.5942	-1.0
167.70792	-1.0
167.90063	1.0
167.9892	-1.0
168.00624	-1.0
172.90636	1.0
172.91464	-1.0
172.92076	-1.0
172.92409	-1.0
172.93352	-1.0
172.93716	-1.0
172.94923	-1.0
172.96172	1.0
172.97227	1.0
172.97585	-1.0
172.99564	1.0
172.99844	-1.0
173.01295	-1.0
173.02924	-1.0
173.03217	-1.0
173.04828	-1.0
173.05247	1.0
173.07204	-1.0
173.09325	-1.0
173.11708	-1.0
173.14111	1.0
173.1704	1.0
173.17296	-1.0
173.19955	-1.0
173.21857	-1.0
173.22148	-1.0
173.25977	-1.0
173.31651	-1.0
173.33656	-1.0
173.36395	-1.0
173.36977	1.0
173.41763	-1.0
173.42792	-1.0
173.43877	-1.0
173.4688	-1.0
173.47324	-1.0
173.5168	1.0
173.51956	1.0
173.55637	-1.0
173.57524	-1.0
173.63756	-1.0
173.66156	-1.0
173.68036	-1.0
173.76855	1.0
173.77287	-1.0
173.80408	-1.0
173.83844	-1.0
173.8644	-1.0
173.91524	1.0
173.93452	-1.0
173.9592	-1.0
174.01508	1.0
174.03432	-1.0
174.06853	-1.0
174.15552	-1.0
174.21455	-1.0
174.2404	-1.0
174.27684	-1.0
179.04364	-1.0
179.05531	1.0
179.05876	-1.0
179.07324	1.0
179.0804	-1.0
179.08627	-1.0
179.10625	-1.0
179.11964	-1.0
179.12456	1.0
179.1304	-1.0
179.14333	-1.0
179.1484	1.0
179.1534	-1.0
179.19084	1.0
179.21867	-1.0
179.24008	-1.0
179.27148	1.0
179.27492	-1.0
179.29924	-1.0
179.3192	-1.0
179.34604	-1.0
179.36624	-1.0
179.3916	-1.0
179.42084	-1.0
179.4478	1.0
179.45096	1.0
179.47176	-1.0
179.49075	-1.0
179.51295	-1.0
179.51547	-1.0
179.5306	-1.0
179.56436	-1.0
179.59488	-1.0
179.63464	1.0
179.63824	-1.0
179.66588	-1.0
179.69405	-1.0
179.75908	-1.0
179.76208	-1.0
179.77045	-1.0
179.8112	1.0
179.81532	-1.0
179.8366	-1.0
179.88107	-1.0
179.93616	-1.0
179.94032	-1.0
180.02832	1.0
180.03229	-1.0
180.03915	-1.0
180.10164	-1.0
180.11871	1.0
180.18196	-1.0
180.26196	-1.0
180.2684	-1.0
180.31604	-1.0
180.33617	-1.0
180.40216	-1.0
180.45436	-1.0
180.46011	-1.0
184.83516	-1.0
184.83817	-1.0
184.84172	-1.0
184.86156	-1.0
184.86916	-1.0
184.89212	1.0
184.89896	-1.0
184.91148	-1.0
184.93823	-1.0
184.96297	-1.0
184.96677	-1.0
184.98332	-1.0
185.02788	-1.0
185.03271	-1.0
185.04904	1.0
185.07352	-1.0
185.13808	1.0
185.14644	-1.0
185.15892	1.0
185.18877	1.0
185.22592	-1.0
185.23064	-1.0
185.24988	-1.0
185.28088	-1.0
185.29768	-1.0
185.33672	1.0
185.34064	-1.0
185.35509	-1.0
185.3636	-1.0
185.37984	-1.0
185.40552	-1.0
185.40968	-1.0
185.4314	-1.0
185.45944	-1.0
185.46532	-1.0
185.49255	-1.0
185.5228	-1.0
185.52908	-1.0
185.5808	-1.0
185.70308	-1.0
185.723	-1.0
185.77087	-1.0
185.78548	-1.0
185.87044	-1.0
185.91144	-1.0
185.9792	-1.0
185.99413	1.0
186.08057	-1.0
186.25328	-1.0
186.43803	-1.0
190.2294	1.0
190.23256	1.0
190.25893	-1.0
190.26147	1.0
190.264	1.0
190.27768	1.0
190.30348	-1.0
190.3222	1.0
190.34367	-1.0
190.3802	-1.0
190.39597	-1.0
190.42004	-1.0
190.43964	-1.0
190.47607	1.0
190.47893	-1.0
190.48653	-1.0
190.51396	-1.0
190.51833	1.0
190.5374	-1.0
190.57988	-1.0
190.6066	-1.0
190.6302	-1.0
190.6516	-1.0
190.69469	1.0
190.69788	1.0
190.7286	-1.0
190.77615	-1.0
190.8112	-1.0
190.82808	-1.0
190.84608	-1.0
190.86987	-1.0
190.9184	-1.0
190.92296	-1.0
190.9398	-1.0
190.98164	-1.0
191.03404	-1.0
191.0804	1.0
191.11131	-1.0
191.11676	-1.0
191.15231	-1.0
191.2306	-1.0
191.26668	-1.0
191.29308	1.0
191.29643	-1.0
191.33992	-1.0
191.35213	-1.0
191.40031	-1.0
191.47388	-1.0
191.48012	-1.0
191.56367	1.0
191.56752	-1.0
191.57156	-1.0
191.6106	-1.0
193.45244	-1.0
196.05267	1.0
196.05724	-1.0
196.07472	-1.0
196.08124	-1.0
196.13028	-1.0
196.15688	-1.0
196.18549	1.0
196.2008	-1.0
196.2314	-1.0
196.25888	1.0
196.27736	-1.0
196.29628	-1.0
196.32352	1.0
196.32857	-1.0
196.34508	-1.0
196.3722	1.0
196.37492	-1.0
196.37848	-1.0
196.39548	-1.0
196.41888	-1.0
196.44183	-1.0
196.46484	-1.0
196.55212	-1.0
196.5596	-1.0
196.57512	-1.0
196.59991	1.0
196.621	-1.0
196.64148	-1.0
196.67148	-1.0
196.67957	-1.0
196.74075	-1.0
196.76784	-1.0
196.82396	-1.0
196.8746	1.0
197.00092	-1.0
197.0584	-1.0
197.10732	-1.0
197.1468	-1.0
197.22044	-1.0
197.35512	-1.0
197.40012	-1.0
197.44595	-1.0
200.56792	-1.0
201.945	-1.0
201.95332	-1.0
201.95747	-1.0
201.9856	1.0
202.00076	-1.0
202.01448	1.0
202.04549	-1.0
202.0556	-1.0
202.08728	-1.0
202.09724	-1.0
202.116	-1.0
202.12164	-1.0
202.1276	1.0
202.13976	-1.0
202.16457	-1.0
202.20224	-1.0
202.22484	-1.0
202.23843	-1.0
202.26105	1.0
202.28464	-1.0
202.29652	-1.0
202.31323	-1.0
202.31628	-1.0
202.3726	-1.0
202.40704	-1.0
202.42516	-1.0
202.43088	1.0
202.43349	-1.0
202.46275	-1.0
202.49487	-1.0
202.51772	-1.0
202.54436	-1.0
202.54791	-1.0
202.58536	-1.0
202.58955	-1.0
202.63324	-1.0
202.6666	-1.0
202.70212	-1.0
202.72128	-1.0
202.80469	-1.0
202.82887	-1.0
202.84303	-1.0
202.90216	-1.0
202.92064	-1.0
202.96928	-1.0
203.08224	-1.0
203.08824	-1.0
203.14568	-1.0
203.19572	-1.0
203.20177	-1.0
203.24445	-1.0
203.28555	-1.0
207.83427	-1.0
207.85011	-1.0
207.85616	1.0
207.88136	-1.0
207.88731	-1.0
207.90436	-1.0
207.90749	-1.0
207.92912	-1.0
207.94388	-1.0
207.94832	-1.0
207.972	-1.0
207.99393	1.0
208.02016	1.0
208.02373	-1.0
208.07056	1.0
208.08696	-1.0
208.09256	-1.0
208.124	-1.0
208.13193	-1.0
208.15749	-1.0
208.17564	-1.0
208.20348	-1.0
208.20676	-1.0
208.229	-1.0
208.2512	-1.0
208.27023	1.0
208.27316	-1.0
208.29668	-1.0
208.32024	-1.0
208.34451	-1.0
208.36528	-1.0
208.38608	-1.0
208.3946	-1.0
208.41753	1.0
208.43028	-1.0
208.48453	-1.0
208.52052	1.0
208.52472	-1.0
208.54588	-1.0
208.56624	-1.0
208.5956	-1.0
208.59885	-1.0
208.74472	-1.0
208.74728	-1.0
208.79076	-1.0
208.82368	-1.0
208.90063	-1.0
208.906	-1.0
208.94264	-1.0
208.99931	-1.0
209.0308	-1.0
209.11916	-1.0
209.17328	-1.0
209.17587	-1.0
209.24608	-1.0
209.34024	-1.0
209.386	-1.0
213.70912	-1.0
213.71391	-1.0
213.7248	1.0
213.72876	-1.0
213.74931	1.0
213.77228	-1.0
213.78523	-1.0
213.8054	1.0
213.8082	-1.0
213.82996	-1.0
213.8532	-1.0
213.86284	1.0
213.86977	1.0
213.88564	-1.0
213.90364	1.0
213.94456	-1.0
213.9598	-1.0
213.97716	-1.0
213.987	-1.0
214.01492	1.0
214.03851	-1.0
214.04391	-1.0
214.0642	-1.0
214.06757	-1.0
214.09293	-1.0
214.09544	-1.0
214.13596	1.0
214.14851	-1.0
214.17387	-1.0
214.18011	-1.0
214.2136	-1.0
214.23944	-1.0
214.269	-1.0
214.303	1.0
214.30748	-1.0
214.31128	-1.0
214.35184	-1.0
214.38748	-1.0
214.43771	-1.0
214.4698	-1.0
214.47296	-1.0
214.50504	-1.0
214.56816	-1.0
214.57088	1.0
214.60835	-1.0
214.61588	-1.0
214.70168	-1.0
214.7368	-1.0
214.7644	-1.0
214.81535	1.0
214.88348	-1.0
214.9038	-1.0
215.194	-1.0
219.31664	1.0
219.31956	-1.0
219.33136	-1.0
219.34209	-1.0
219.34567	-1.0
219.366	1.0
219.38704	1.0
219.3928	-1.0
219.3996	1.0
219.40344	-1.0
219.44531	-1.0
219.46803	-1.0
219.48328	-1.0
219.48616	-1.0
219.5164	1.0
219.53152	-1.0
219.5892	1.0
219.59204	1.0
219.63628	1.0
219.66216	-1.0
219.6764	-1.0
219.7098	-1.0
219.73335	-1.0
219.7824	-1.0
219.79749	-1.0
219.81757	-1.0
219.84352	-1.0
219.86348	-1.0
219.88815	-1.0
219.89096	-1.0
219.91084	-1.0
219.9472	-1.0
219.98717	-1.0
220.00128	1.0
220.03148	-1.0
220.05608	-1.0
220.1076	-1.0
220.13412	-1.0
220.17024	1.0
220.17488	-1.0
220.24208	-1.0
220.27763	-1.0
220.28372	-1.0
220.31776	-1.0
220.3482	-1.0
220.40744	-1.0
220.4656	-1.0
220.53789	-1.0
220.58456	-1.0
220.72987	-1.0
225.28288	-1.0
225.3048	-1.0
225.32253	1.0
225.34528	1.0
225.3506	-1.0
225.36984	-1.0
225.37495	-1.0
225.38647	1.0
225.39352	-1.0
225.42616	1.0
225.443	-1.0
225.45969	-1.0
225.47871	1.0
225.4916	-1.0
225.523	1.0
225.52689	-1.0
225.55936	-1.0
225.57697	-1.0
225.58104	-1.0
225.62708	-1.0
225.66708	-1.0
225.67072	-1.0
225.69568	-1.0
225.70952	-1.0
225.71317	-1.0
225.73747	-1.0
225.7712	-1.0
225.796	1.0
225.79892	-1.0
225.83768	-1.0
225.85677	-1.0
225.86227	-1.0
225.9192	-1.0
225.9492	-1.0
225.97804	-1.0
225.9806	-1.0
226.00044	-1.0
226.02516	-1.0
226.03496	-1.0
226.0564	-1.0
226.12485	-1.0
226.16068	-1.0
226.17772	1.0
226.18156	-1.0
226.18616	-1.0
226.23389	-1.0
226.2446	-1.0
226.2782	-1.0
226.28728	-1.0
226.39577	-1.0
226.4952	-1.0
230.78532	-1.0
230.791	-1.0
230.81	-1.0
230.8128	-1.0
230.83183	-1.0
230.83768	-1.0
230.86528	-1.0
230.8728	-1.0
230.89348	-1.0
230.8978	-1.0
230.91772	1.0
230.953	-1.0
230.95927	-1.0
230.97784	-1.0
230.991	-1.0
231.00644	-1.0
231.03032	-1.0
231.0572	-1.0
231.09653	-1.0
231.12376	-1.0
231.16476	1.0
231.18948	-1.0
231.21667	-1.0
231.21964	-1.0
231.23145	-1.0
231.25816	-1.0
231.27393	-1.0
231.30212	-1.0
231.32172	1.0
231.3646	-1.0
231.4076	-1.0
231.44408	1.0
231.4746	-1.0
231.47903	-1.0
231.50523	-1.0
231.54008	-1.0
231.54356	-1.0
231.5686	-1.0
231.57204	-1.0
231.60149	-1.0
231.62132	-1.0
231.62492	-1.0
231.6594	-1.0
231.6852	1.0
231.68813	1.0
231.7418	-1.0
231.7778	-1.0
231.841	-1.0
231.8734	-1.0
231.93256	-1.0
231.99751	-1.0
232.06747	1.0
232.0828	-1.0
232.1142	-1.0
232.11852	-1.0
236.6184	-1.0
236.62604	1.0
236.62924	1.0
236.65236	-1.0
236.66452	1.0
236.67468	-1.0
236.69447	1.0
236.71884	-1.0
236.7474	-1.0
236.74995	-1.0
236.7928	-1.0
236.81248	-1.0
236.8264	1.0
236.85204	-1.0
236.87268	-1.0
236.91087	-1.0
236.9408	-1.0
236.96391	-1.0
236.967	-1.0
236.98865	-1.0
236.99144	-1.0
237.0122	1.0
237.04729	-1.0
237.08588	-1.0
237.11829	-1.0
237.151	1.0
237.15472	-1.0
237.18912	-1.0
237.19244	-1.0
237.22632	-1.0
237.26288	1.0
237.2658	-1.0
237.30736	-1.0
237.3372	-1.0
237.36028	-1.0
237.39735	-1.0
237.40105	-1.0
237.4382	-1.0
237.48904	-1.0
237.51569	-1.0
237.5496	-1.0
237.55469	-1.0
237.55968	1.0
237.5624	-1.0
237.60413	-1.0
237.60872	-1.0
237.6508	-1.0
237.6536	-1.0
237.709	-1.0
237.87836	-1.0
237.8928	-1.0
242.17216	1.0
242.18793	-1.0
242.19077	-1.0
242.20345	-1.0
242.20692	1.0
242.21136	-1.0
242.23557	-1.0
242.24428	-1.0
242.24808	-1.0
242.26604	1.0
242.2708	-1.0
242.29008	1.0
242.29495	-1.0
242.3296	-1.0
242.3368	-1.0
242.35796	-1.0
242.37924	1.0
242.38908	-1.0
242.43744	1.0
242.45444	-1.0
242.47748	-1.0
242.48412	-1.0
242.50868	-1.0
242.5234	-1.0
242.53133	-1.0
242.55952	-1.0
242.56232	-1.0
242.59036	1.0
242.62344	1.0
242.62695	-1.0
242.64348	1.0
242.67352	-1.0
242.70976	-1.0
242.71504	1.0
242.71783	-1.0
242.74696	-1.0
242.7542	-1.0
242.79276	-1.0
242.7986	-1.0
242.83257	-1.0
242.86848	-1.0
242.9354	-1.0
242.94965	-1.0
242.979	-1.0
243.09769	-1.0
243.13292	-1.0
243.16827	-1.0
243.18568	-1.0
243.22832	-1.0
243.26231	-1.0
243.52872	-1.0
243.55911	-1.0
248.64236	-1.0
248.659	1.0
248.6724	-1.0
248.67984	-1.0
248.705	1.0
248.71628	-1.0
248.72012	-1.0
248.72264	-1.0
248.747	-1.0
248.75768	1.0
248.7966	1.0
248.79993	-1.0
248.803	-1.0
248.82645	-1.0
248.849	-1.0
248.85268	-1.0
248.89316	1.0
248.92152	-1.0
248.93507	-1.0
248.96068	-1.0
248.96332	-1.0
248.98988	-1.0
249.01685	1.0
249.02032	-1.0
249.051	-1.0
249.06683	-1.0
249.08284	-1.0
249.11324	-1.0
249.13972	-1.0
249.1462	-1.0
249.16489	-1.0
249.20232	-1.0
249.20895	-1.0
249.23456	-1.0
249.26624	-1.0
249.29507	-1.0
249.30827	-1.0
249.3162	-1.0
249.35208	-1.0
249.37431	1.0
249.38576	-1.0
249.38828	-1.0
249.42557	-1.0
249.43744	-1.0
249.46344	-1.0
249.55351	-1.0
249.55788	-1.0
249.58669	-1.0
249.63776	-1.0
249.67091	-1.0
249.68085	-1.0
249.72136	-1.0
249.77124	-1.0
249.81908	-1.0
249.83792	-1.0
249.92772	-1.0
249.93147	-1.0
249.96391	-1.0
249.96712	-1.0
250.0366	-1.0
250.07085	-1.0
255.01404	-1.0
255.01707	-1.0
255.02428	1.0
255.06308	1.0
255.0658	-1.0
255.0742	-1.0
255.08728	-1.0
255.11288	1.0
255.11703	-1.0
255.13672	1.0
255.13953	-1.0
255.16412	-1.0
255.17384	-1.0
255.19728	-1.0
255.2344	1.0
255.2406	-1.0
255.26115	-1.0
255.2834	-1.0
255.286	-1.0
255.318	-1.0
255.35104	-1.0
255.3586	-1.0
255.37485	-1.0
255.39848	-1.0
255.41768	-1.0
255.42345	-1.0
255.4516	1.0
255.45673	-1.0
255.48628	-1.0
255.49	-1.0
255.50024	-1.0
255.52328	-1.0
255.54292	-1.0
255.56564	-1.0
255.5994	-1.0
255.62556	-1.0
255.66348	-1.0
255.6718	-1.0
255.68808	-1.0
255.70409	-1.0
255.75252	-1.0
255.75575	-1.0
255.78407	-1.0
255.8466	-1.0
255.87968	-1.0
255.91	1.0
255.93356	-1.0
256.0494	-1.0
256.09503	-1.0
256.14273	-1.0
256.23883	-1.0
256.27924	-1.0
256.3028	-1.0
256.32208	-1.0
257.1898	-1.0
260.25928	-1.0
260.30585	1.0
260.3105	-1.0
260.3298	-1.0
260.34167	-1.0
260.3535	-1.0
260.36685	-1.0
260.38696	-1.0
260.4044	-1.0
260.40915	-1.0
260.4122	-1.0
260.4154	-1.0
260.43564	-1.0
260.43893	-1.0
260.45764	-1.0
260.4695	1.0
260.50348	1.0
260.51752	-1.0
260.52496	-1.0
260.5328	-1.0
260.54907	-1.0
260.55176	-1.0
260.5738	-1.0
260.5953	1.0
260.60083	-1.0
260.6444	-1.0
260.65332	-1.0
260.6652	-1.0
260.67612	-1.0
260.67865	-1.0
260.70477	-1.0
260.72708	-1.0
260.73868	-1.0
260.7613	-1.0
260.77463	-1.0
260.79745	-1.0
260.82233	1.0
260.83365	-1.0
260.84845	-1.0
260.86148	-1.0
260.86517	-1.0
260.8898	-1.0
260.89923	-1.0
260.913	-1.0
260.94055	1.0
260.95892	1.0
260.96463	-1.0
260.9918	-1.0
261.1068	-1.0
261.14008	-1.0
261.1603	-1.0
261.397	-1.0
261.4175	-1.0
261.42532	1.0
261.42984	-1.0
261.50104	-1.0
261.61237	-1.0
265.75037	-1.0
265.75653	1.0
265.7786	-1.0
265.79065	-1.0
265.8033	-1.0
265.822	-1.0
265.82733	-1.0
265.8316	-1.0
265.85864	-1.0
265.8729	-1.0
265.87756	-1.0
265.90375	-1.0
265.93176	-1.0
265.96945	-1.0
265.97488	-1.0
266.00427	-1.0
266.0237	-1.0
266.04907	1.0
266.05215	-1.0
266.1118	-1.0
266.1295	-1.0
266.13208	-1.0
266.15756	-1.0
266.16388	-1.0
266.17944	-1.0
266.22433	-1.0
266.25275	1.0
266.29037	-1.0
266.30896	-1.0
266.31488	-1.0
266.37445	-1.0
266.40427	-1.0
266.41052	-1.0
266.4296	-1.0
266.4517	-1.0
266.48087	-1.0
266.49176	-1.0
266.51562	-1.0
266.5714	-1.0
266.6267	-1.0
266.68668	-1.0
266.78836	-1.0
266.9212	-1.0
271.29355	1.0
271.29828	1.0
271.30676	-1.0
271.33005	-1.0
271.33472	1.0
271.399	-1.0
271.41733	1.0
271.41983	-1.0
271.4406	-1.0
271.47385	-1.0
271.4795	-1.0
271.48923	-1.0
271.5076	-1.0
271.54068	1.0
271.54456	-1.0
271.57053	-1.0
271.60724	-1.0
271.62784	-1.0
271.65765	-1.0
271.6834	-1.0
271.70392	-1.0
271.71667	-1.0
271.75204	-1.0
271.78012	-1.0
271.79425	-1.0
271.8281	-1.0
271.85788	-1.0
271.88605	1.0
271.88943	-1.0
271.90497	-1.0
271.93124	-1.0
271.96188	-1.0
271.9906	-1.0
272.01416	-1.0
272.0432	-1.0
272.07437	-1.0
272.09625	-1.0
272.10684	-1.0
272.21445	-1.0
272.31168	1.0
272.32288	-1.0
272.34753	-1.0
274.89484	-1.0
274.89813	-1.0
274.95612	1.0
274.96216	-1.0
274.97906	-1.0
275.0115	-1.0
275.02203	-1.0
275.02457	-1.0
275.0471	-1.0
275.0522	-1.0
275.06964	-1.0
275.09576	-1.0
275.1545	-1.0
275.19247	-1.0
275.21323	-1.0
275.2756	-1.0
275.30728	1.0
275.3123	-1.0
275.33286	-1.0
275.33725	-1.0
275.35855	-1.0
275.36264	-1.0
275.38837	-1.0
275.4252	1.0
275.43176	-1.0
275.4807	-1.0
275.5176	-1.0
275.64255	-1.0
275.6639	-1.0
275.74597	-1.0
275.81424	-1.0
275.8503	-1.0
275.86307	-1.0
275.88644	-1.0
275.9372	-1.0
276.00143	-1.0
276.03473	-1.0
277.57745	-1.0
281.38995	-1.0
281.3956	-1.0
281.39963	-1.0
281.40677	1.0
281.4376	1.0
281.4598	1.0
281.4623	1.0
281.4806	-1.0
281.50568	-1.0
281.51	1.0
281.52487	1.0
281.54468	-1.0
281.55136	-1.0
281.55447	-1.0
281.57367	-1.0
281.59372	-1.0
281.6168	-1.0
281.62112	-1.0
281.63275	1.0
281.63544	-1.0
281.63965	-1.0
281.65775	-1.0
281.6825	-1.0
281.70847	-1.0
281.71796	-1.0
281.75125	-1.0
281.75616	-1.0
281.78204	-1.0
281.7966	-1.0
281.81573	-1.0
281.8629	-1.0
281.86572	-1.0
281.9033	-1.0
281.92148	-1.0
281.92868	-1.0
281.93176	-1.0
281.96912	-1.0
282.0886	-1.0
282.12347	-1.0
282.16	-1.0
282.20123	-1.0
282.20804	-1.0
282.248	-1.0
282.25165	-1.0
282.2916	-1.0
282.2943	-1.0
282.3306	-1.0
282.37372	-1.0
282.37955	-1.0
282.4081	1.0
282.50735	-1.0
286.48416	1.0
286.48877	-1.0
286.4947	-1.0
286.52335	-1.0
286.53183	-1.0
286.5779	1.0
286.58243	-1.0
286.60223	-1.0
286.6285	-1.0
286.6314	1.0
286.6447	-1.0
286.65283	1.0
286.6715	-1.0
286.69995	-1.0
286.72592	1.0
286.72913	-1.0
286.7523	1.0
286.78052	-1.0
286.8243	1.0
286.82764	-1.0
286.84628	-1.0
286.857	-1.0
286.90616	-1.0
286.92636	-1.0
286.9658	-1.0
286.9973	-1.0
287.0306	-1.0
287.036	1.0
287.0518	-1.0
287.0928	-1.0
287.16757	-1.0
287.2111	-1.0
287.21393	1.0
287.2774	-1.0
287.30777	-1.0
287.33865	1.0
287.363	-1.0
287.3879	-1.0
287.47983	-1.0
287.51007	-1.0
287.5534	-1.0
287.56064	-1.0
290.0422	-1.0
290.05893	-1.0
290.06183	-1.0
290.07663	-1.0
290.12848	-1.0
290.14844	-1.0
290.19876	-1.0
290.23984	-1.0
290.29816	-1.0
290.3756	1.0
290.3784	-1.0
290.40143	-1.0
290.46472	-1.0
290.47336	-1.0
290.50412	-1.0
290.54837	-1.0
290.56683	-1.0
290.57864	-1.0
290.63513	1.0
290.69595	-1.0
290.73935	-1.0
290.79285	-1.0
290.79593	1.0
290.98688	-1.0
295.1901	1.0
295.53568	-1.0
295.55405	1.0
295.55655	-1.0
295.57437	1.0
295.59833	1.0
295.60153	-1.0
295.61432	-1.0
295.61713	-1.0
295.6205	1.0
295.64417	-1.0
295.6498	-1.0
295.66785	-1.0
295.68124	-1.0
295.68787	-1.0
295.72604	-1.0
295.73685	-1.0
295.75473	-1.0
295.79205	-1.0
295.80905	-1.0
295.8316	-1.0
295.88293	-1.0
295.88837	-1.0
295.91248	-1.0
295.94543	-1.0
295.9488	1.0
296.0002	1.0
296.00272	-1.0
296.03897	-1.0
296.04184	-1.0
296.05435	-1.0
296.09235	-1.0
296.11526	-1.0
296.11807	-1.0
296.15536	-1.0
296.17468	-1.0
296.29407	-1.0
296.298	-1.0
296.3142	-1.0
296.37527	-1.0
296.4156	-1.0
296.43616	-1.0
296.48917	-1.0
298.22632	-1.0
299.49225	-1.0
300.4515	-1.0
300.4965	-1.0
300.52545	1.0
300.55215	-1.0
300.56073	-1.0
300.58704	-1.0
300.6062	1.0
300.6438	-1.0
300.6656	-1.0
300.705	-1.0
300.73773	-1.0
300.7405	-1.0
300.81	-1.0
300.84976	-1.0
300.92484	-1.0
300.97397	1.0
300.9992	-1.0
301.02997	-1.0
301.05548	-1.0
301.11655	-1.0
301.15445	-1.0
301.17416	-1.0
301.25204	1.0
301.25455	-1.0
301.25992	-1.0
301.3128	-1.0
301.34692	-1.0
305.51224	-1.0
305.543	-1.0
305.58655	1.0
305.59796	-1.0
305.63153	-1.0
305.63535	-1.0
305.65344	-1.0
305.6577	-1.0
305.71304	-1.0
305.7444	-1.0
305.79147	-1.0
305.79553	-1.0
305.81796	-1.0
305.85068	-1.0
305.85376	-1.0
305.93567	-1.0
305.9546	-1.0
305.9929	-1.0
306.0258	-1.0
306.10645	-1.0
306.17056	-1.0
306.22733	-1.0
306.2474	-1.0
306.28088	-1.0
306.3141	-1.0
306.41815	-1.0
306.48288	-1.0
306.67572	-1.0
310.29425	-1.0
310.31403	1.0
310.3398	-1.0
310.34308	-1.0
310.36887	1.0
310.41367	-1.0
310.47235	-1.0
310.51672	-1.0
310.56903	-1.0
310.5732	1.0
310.60583	1.0
310.65155	-1.0
310.67072	-1.0
310.7072	-1.0
310.72525	-1.0
310.77075	-1.0
310.82693	-1.0
310.886	-1.0
310.94785	-1.0
310.95245	-1.0
311.05585	-1.0
311.14352	-1.0
311.17767	1.0
315.9622	1.0
315.96512	-1.0
315.98892	1.0
316.00595	-1.0
316.04263	-1.0
316.06345	-1.0
316.08307	-1.0
316.14676	-1.0
316.2191	-1.0
316.2815	-1.0
316.30295	-1.0
316.3061	-1.0
316.3276	-1.0
316.34564	1.0
316.3506	-1.0
316.37537	-1.0
316.40424	-1.0
316.444	-1.0
316.55045	-1.0
316.6847	-1.0
316.78937	-1.0
316.87863	-1.0
321.00024	1.0
321.00717	-1.0
321.0418	-1.0
321.0537	-1.0
321.06012	1.0
321.07407	1.0
321.1771	-1.0
321.20032	-1.0
321.21573	1.0
321.23447	-1.0
321.2404	-1.0
321.34372	-1.0
321.3674	1.0
321.3908	-1.0
321.3965	-1.0
321.41647	-1.0
321.56943	-1.0
321.59705	-1.0
321.62573	-1.0
321.659	-1.0
321.74576	-1.0
321.7939	-1.0
321.80124	-1.0
321.80527	-1.0
321.8688	-1.0
321.95596	-1.0
325.96765	-1.0
326.00027	-1.0
326.0668	-1.0
326.1022	-1.0
326.14645	-1.0
326.2208	-1.0
326.24683	-1.0
326.2852	-1.0
326.3025	-1.0
326.31476	-1.0
326.33823	-1.0
326.369	-1.0
326.45215	1.0
326.50003	-1.0
326.51584	-1.0
326.57816	-1.0
326.61472	1.0
326.61755	1.0
326.68173	-1.0
326.8354	-1.0
326.87683	-1.0
327.04892	-1.0
328.91113	-1.0
331.8626	-1.0
331.895	1.0
331.91867	-1.0
331.9892	-1.0
331.99796	-1.0
332.05383	1.0
332.06952	-1.0
332.10165	-1.0
332.15396	-1.0
332.2264	-1.0
332.28885	-1.0
332.29703	-1.0
332.29987	-1.0
332.3602	-1.0
332.3943	-1.0
332.4437	-1.0
332.46805	-1.0
332.47284	-1.0
332.50107	-1.0
332.51028	-1.0
332.58453	-1.0
332.59888	-1.0
332.64188	-1.0
332.66772	-1.0
332.72308	-1.0
332.76324	-1.0
332.8056	-1.0
338.23547	-1.0
338.2404	-1.0
338.2606	1.0
338.2632	-1.0
338.2922	-1.0
338.295	-1.0
338.31808	-1.0
338.34564	-1.0
338.3978	-1.0
338.46643	-1.0
338.50385	-1.0
338.5376	-1.0
338.56042	-1.0
338.594	-1.0
338.62204	-1.0
338.713	-1.0
338.72177	-1.0
338.76816	1.0
338.81287	-1.0
338.87643	-1.0
338.9268	-1.0
338.97696	-1.0
339.07025	1.0
342.04752	-1.0
343.28247	-1.0
343.31085	1.0
343.3204	-1.0
343.37424	-1.0
343.3823	-1.0
343.4135	-1.0
343.52472	-1.0
343.5969	-1.0
343.61255	-1.0
343.6436	-1.0
343.69183	-1.0
343.71155	-1.0
343.95676	-1.0
343.97437	-1.0
343.97745	-1.0
343.98593	-1.0
344.0363	-1.0
348.6306	-1.0
348.65164	-1.0
348.67633	-1.0
348.74585	-1.0
348.7776	-1.0
348.78632	-1.0
348.9892	-1.0
349.00253	-1.0
349.11737	1.0
349.1663	-1.0
349.33307	-1.0
349.35175	-1.0
349.39062	-1.0
353.62543	1.0
353.67276	-1.0
353.7052	1.0
353.79407	-1.0
353.84735	-1.0
353.99557	-1.0
354.24017	-1.0
354.49335	1.0
354.50064	-1.0
354.5782	-1.0
354.6118	1.0
354.6699	-1.0
357.91867	-1.0
358.4128	1.0
358.42233	-1.0
358.4544	-1.0
358.60196	1.0
358.65073	-1.0
358.77423	-1.0
359.1007	-1.0
359.2942	1.0
362.52924	-1.0
363.4868	1.0
363.5944	1.0
363.60376	-1.0
363.6493	-1.0
363.6937	-1.0
363.76605	-1.0
363.93423	-1.0
364.22327	-1.0
364.2764	1.0
364.3542	-1.0
364.42343	1.0
364.50073	-1.0
364.57065	-1.0
368.5386	-1.0
368.62527	-1.0
368.6997	-1.0
368.71573	-1.0
368.73148	-1.0
368.82077	-1.0
368.90927	-1.0
369.1618	-1.0
373.1939	-1.0
373.37152	-1.0
373.53696	-1.0
373.5395	-1.0
373.68393	-1.0
373.7652	-1.0
373.87036	1.0
373.97308	-1.0
374.0023	1.0
377.93884	-1.0
377.99188	-1.0
378.05972	-1.0
378.14587	-1.0
378.15204	-1.0
378.16843	1.0
378.37927	-1.0
378.42432	-1.0
378.46564	-1.0
378.6272	-1.0
378.64096	-1.0
381.81427	-1.0
383.05548	-1.0
383.09143	1.0
383.14053	-1.0
383.23096	-1.0
383.483	-1.0
385.32935	-1.0
388.1245	-1.0
388.1825	1.0
388.2244	-1.0
388.48157	-1.0
388.54355	-1.0
388.7434	-1.0
392.17545	-1.0
392.794	-1.0
392.8312	-1.0
392.92215	-1.0
392.93472	-1.0
392.98087	-1.0
397.1787	-1.0
397.21396	-1.0
397.31027	-1.0
397.3132	1.0
397.3376	-1.0
397.3727	-1.0
397.41757	-1.0
397.52713	-1.0
399.26083	-1.0
402.18997	-1.0
402.21933	-1.0
402.2602	-1.0
402.32953	-1.0
402.36713	-1.0
402.38583	-1.0
402.57477	-1.0
402.6905	-1.0
404.1515	-1.0
407.4688	-1.0
407.5103	-1.0
407.53595	-1.0
407.62677	-1.0
407.717	-1.0
407.7885	-1.0
407.83652	-1.0
407.90305	-1.0
407.94003	-1.0
408.02243	-1.0
408.08307	-1.0
409.00336	-1.0
411.8561	-1.0
411.85992	-1.0
411.8954	-1.0
411.9522	-1.0
412.197	-1.0
412.29105	-1.0
416.62213	-1.0
416.6495	-1.0
416.6696	-1.0
416.7208	-1.0
416.7734	-1.0
416.96448	-1.0
417.0841	-1.0
419.244	-1.0
421.32416	1.0
421.32724	-1.0
421.33356	-1.0
421.34863	1.0
421.36053	-1.0
421.3633	-1.0
421.41644	-1.0
421.45447	-1.0
421.57364	-1.0
421.60535	-1.0
421.6505	-1.0
421.70364	-1.0
421.77896	-1.0
421.84665	-1.0
423.5169	-1.0
425.7387	-1.0
425.75256	-1.0
425.77896	-1.0
425.85144	-1.0
425.89307	-1.0
425.96967	-1.0
425.9726	-1.0
426.0216	-1.0
426.08173	-1.0
426.12573	-1.0
426.1677	-1.0
426.30853	-1.0
429.68893	1.0
429.7107	-1.0
429.74783	-1.0
429.79037	-1.0
429.85516	-1.0
429.9011	-1.0
430.0454	-1.0
432.87595	-1.0
433.67844	-1.0
433.6877	1.0
433.7075	-1.0
433.72803	1.0
433.74612	-1.0
433.7754	-1.0
433.81564	-1.0
433.8661	-1.0
433.88373	-1.0
433.90747	-1.0
433.9586	-1.0
434.01712	-1.0
434.04053	-1.0
434.0763	-1.0
436.0971	-1.0
437.30508	-1.0
437.51535	-1.0
437.546	-1.0
437.56747	-1.0
437.57675	-1.0
437.62573	-1.0
437.6487	-1.0
437.69183	-1.0
437.7577	-1.0
437.9336	-1.0
438.0224	-1.0
442.52255	-1.0
442.54163	-1.0
442.58936	-1.0
442.60825	-1.0
442.63904	-1.0
442.696	-1.0
442.73184	-1.0
442.7631	-1.0
442.80475	-1.0
442.82492	-1.0
442.8462	-1.0
442.87823	-1.0
442.9294	-1.0
442.96545	-1.0
443.01233	-1.0
443.121	-1.0
446.38828	1.0
446.4047	-1.0
446.42496	-1.0
446.4289	-1.0
446.4414	1.0
446.459	-1.0
446.48953	-1.0
446.50208	-1.0
446.63177	-1.0
446.6963	-1.0
450.41684	-1.0
450.42572	1.0
450.4392	-1.0
450.47543	-1.0
450.506	-1.0
450.54205	1.0
450.55533	-1.0
450.62985	-1.0
450.68192	-1.0
450.7522	-1.0
451.12753	-1.0
453.8187	-1.0
453.97687	-1.0
453.9898	1.0
454.00748	-1.0
454.02115	-1.0
454.04153	-1.0
454.04437	-1.0
454.09473	-1.0
454.1949	-1.0
454.291	-1.0
454.33072	-1.0
457.5078	-1.0
457.52875	1.0
457.54276	-1.0
457.5651	-1.0
457.58228	-1.0
457.5996	-1.0
457.67984	-1.0
457.73953	-1.0
457.7894	-1.0
460.34116	-1.0
460.7636	-1.0
460.80133	-1.0
460.849	-1.0
460.87363	-1.0
460.90076	-1.0
463.4701	-1.0
464.07913	-1.0
464.2138	-1.0
464.23395	-1.0
464.26053	-1.0
464.33017	-1.0
464.3692	-1.0
464.40457	-1.0
464.46088	-1.0
464.5297	-1.0
467.71744	-1.0
467.74484	-1.0
467.7724	-1.0
467.79297	-1.0
467.83688	-1.0
467.90472	-1.0
467.9634	-1.0
468.15744	-1.0
471.01373	-1.0
471.05048	-1.0
471.07852	-1.0
471.1688	-1.0
471.2079	-1.0
471.29922	-1.0
473.94568	-1.0
473.97583	-1.0
474.01785	-1.0
474.04828	-1.0
474.12476	-1.0
475.73587	-1.0
476.9576	-1.0
476.99152	-1.0
477.05804	-1.0
477.1072	-1.0
477.2053	-1.0
479.8644	-1.0
479.89133	-1.0
479.89423	-1.0
479.9171	-1.0
479.95023	-1.0
479.99243	-1.0
480.02704	-1.0
482.5345	-1.0
482.56003	-1.0
482.57043	-1.0
482.6052	-1.0
482.7219	-1.0
485.7436	1.0
485.773	-1.0
485.79932	-1.0
485.82153	-1.0
485.85995	-1.0
485.89	-1.0
485.92316	-1.0
485.9884	-1.0
489.09705	-1.0
489.10815	-1.0
489.14307	-1.0
489.18143	-1.0
489.22385	-1.0
489.24652	-1.0
489.2868	-1.0
489.32547	-1.0
490.4654	-1.0
492.73047	-1.0
492.74615	-1.0
492.75827	-1.0
492.7834	-1.0
492.8544	-1.0
492.93475	-1.0
493.0312	-1.0
495.51093	-1.0
495.529	-1.0
495.54163	-1.0
495.5595	-1.0
495.60425	-1.0
496.75577	-1.0
498.55643	-1.0
498.57245	-1.0
498.584	-1.0
498.60977	-1.0
498.64703	-1.0
498.68695	-1.0
499.53116	-1.0
503.95328	-1.0
503.9766	-1.0
504.00516	-1.0
504.02005	-1.0
504.033	-1.0
504.03723	-1.0
504.0876	-1.0
504.10355	-1.0
504.1063	-1.0
504.15656	-1.0
504.1921	-1.0
504.2754	-1.0
504.4034	-1.0
506.95157	-1.0
506.98688	-1.0
507.0157	-1.0
509.4528	-1.0
509.5227	-1.0
509.54895	-1.0
512.61914	-1.0
512.62427	-1.0
512.6406	-1.0
512.67004	-1.0
512.7023	-1.0
512.76447	-1.0
512.7764	-1.0
515.39484	-1.0
515.4193	-1.0
515.4542	-1.0
515.4636	-1.0
518.32086	-1.0
518.3488	-1.0
518.39355	-1.0
520.0096	-1.0
521.4387	-1.0
521.4768	-1.0
521.5119	-1.0
524.25073	-1.0
524.2764	-1.0
524.28485	-1.0
524.3017	-1.0
524.3321	-1.0
526.80927	1.0
526.8134	-1.0
526.86615	-1.0
530.12494	-1.0
530.13416	-1.0
530.1823	-1.0
530.22327	-1.0
530.28766	-1.0
533.61426	-1.0
533.63464	-1.0
533.64453	-1.0
533.66064	-1.0
536.3478	-1.0
536.4027	-1.0
538.4975	-1.0
538.5284	-1.0
538.5693	-1.0
539.6194	-1.0
541.97974	-1.0
541.9898	-1.0
541.99567	1.0
542.03845	-1.0
542.0779	-1.0
547.07776	-1.0
547.11487	-1.0
551.8636	-1.0
551.88153	-1.0
551.9151	-1.0
556.06134	-1.0
556.082	-1.0
556.1028	-1.0
556.1268	-1.0
559.9165	-1.0
562.76685	-1.0
562.97577	-1.0
565.3784	-1.0
567.20087	-1.0
567.2133	-1.0
567.2598	-1.0
567.2883	-1.0
567.31537	-1.0
567.4464	-1.0
571.1684	-1.0
574.87225	-1.0
574.88226	-1.0
574.8875	-1.0
574.89355	-1.0
574.9003	-1.0
574.92365	-1.0
575.075	-1.0
578.02734	-1.0
578.46606	1.0
578.6208	-1.0
582.0338	-1.0
583.35706	-1.0
586.86224	-1.0
586.98553	-1.0
588.65155	-1.0
589.0921	-1.0
593.2227	-1.0
593.2385	-1.0
593.26184	-1.0
595.89	-1.0
597.18774	-1.0
597.2368	-1.0
597.2538	-1.0
597.39386	-1.0
