0.00676	-1.0
0.03024	-1.0
0.04048	-1.0
0.0482	-1.0
0.05192	-1.0
0.06268	1.0
0.06788	-1.0
0.08084	1.0
0.08692	-1.0
0.14704	-1.0
0.17168	-1.0
0.21716	-1.0
0.21992	-1.0
0.22348	-1.0
0.25644	1.0
0.27132	-1.0
0.2842	-1.0
0.28824	-1.0
0.31148	-1.0
0.33128	-1.0
0.363	1.0
0.4264	1.0
0.69076	-1.0
0.7928	-1.0
0.85324	1.0
1.31288	-1.0
1.39128	-1.0
5.44092	-1.0
5.46324	-1.0
5.47504	-1.0
5.48548	1.0
5.4896	-1.0
5.49268	-1.0
5.50536	-1.0
5.50812	-1.0
5.52196	-1.0
5.54392	-1.0
5.55072	-1.0
5.56604	1.0
5.61924	-1.0
5.66604	1.0
5.67964	-1.0
5.68264	-1.0
5.7036	-1.0
5.72872	-1.0
5.82452	-1.0
5.84536	-1.0
5.8848	-1.0
5.8874	-1.0
5.96328	-1.0
5.98884	-1.0
6.00872	-1.0
6.09156	-1.0
6.19644	-1.0
6.21844	-1.0
6.32408	-1.0
6.79584	1.0
6.80232	-1.0
6.82736	-1.0
8.97504	-1.0
9.00472	-1.0
9.0114	-1.0
9.02816	-1.0
9.04588	-1.0
9.09452	1.0
9.11292	-1.0
9.19796	-1.0
9.23876	-1.0
9.29808	-1.0
9.3154	-1.0
9.31944	-1.0
9.3466	-1.0
9.45796	-1.0
9.57624	-1.0
9.7102	-1.0
9.92164	-1.0
10.01064	1.0
11.7314	-1.0
11.8338	-1.0
11.84192	-1.0
11.88408	-1.0
11.88912	-1.0
11.89876	-1.0
11.91156	-1.0
11.93732	-1.0
11.94708	-1.0
11.95092	-1.0
11.9628	-1.0
11.97852	-1.0
12.14184	-1.0
12.20392	-1.0
12.32944	-1.0
12.45088	-1.0
12.48132	-1.0
12.51708	-1.0
14.95976	1.0
14.99084	1.0
15.00288	-1.0
15.03248	-1.0
15.03588	-1.0
15.04228	-1.0
15.05812	-1.0
15.06452	-1.0
15.0808	-1.0
15.08444	-1.0
15.09384	-1.0
15.10368	-1.0
15.11836	-1.0
15.14792	-1.0
15.21672	-1.0
15.25392	-1.0
15.29564	-1.0
15.31708	-1.0
15.37716	-1.0
15.41772	-1.0
15.61088	-1.0
15.73284	-1.0
15.75208	-1.0
15.79244	-1.0
15.79668	-1.0
15.88288	-1.0
16.02996	-1.0
16.13696	-1.0
19.39512	-1.0
19.43056	1.0
19.4458	1.0
19.45652	-1.0
19.46708	-1.0
19.46972	-1.0
19.48508	-1.0
19.50352	-1.0
19.56908	-1.0
19.57244	-1.0
19.60044	-1.0
19.63072	-1.0
19.65204	-1.0
19.66316	-1.0
19.66708	1.0
19.6764	-1.0
19.71216	-1.0
19.80064	-1.0
19.90888	-1.0
19.94116	-1.0
19.95808	1.0
20.08804	-1.0
20.105	-1.0
20.28136	-1.0
24.87284	-1.0
24.9026	-1.0
24.90628	-1.0
24.91112	-1.0
24.948	-1.0
24.9588	-1.0
24.96692	-1.0
24.97548	-1.0
25.01308	-1.0
25.02552	-1.0
25.06344	-1.0
25.07896	-1.0
25.17572	-1.0
25.18812	-1.0
25.21592	-1.0
25.29456	-1.0
25.30044	-1.0
25.30324	-1.0
25.32824	-1.0
25.34912	1.0
25.39436	-1.0
25.63984	-1.0
25.7182	-1.0
25.78272	-1.0
26.00436	-1.0
26.03356	-1.0
29.83752	1.0
29.8514	-1.0
29.86744	-1.0
29.8718	-1.0
29.88044	-1.0
29.8834	1.0
29.90464	-1.0
29.9154	1.0
29.92436	-1.0
29.98708	-1.0
29.99808	1.0
30.00452	-1.0
30.0332	-1.0
30.04208	-1.0
30.14668	-1.0
30.18168	-1.0
30.22812	-1.0
30.34372	-1.0
30.50528	-1.0
30.58856	-1.0
30.6016	-1.0
30.71124	-1.0
30.77672	-1.0
30.8344	-1.0
31.06308	-1.0
35.7262	-1.0
35.72916	-1.0
35.73848	-1.0
35.76396	-1.0
35.78108	-1.0
35.78724	1.0
35.79572	-1.0
35.81916	-1.0
35.82192	-1.0
35.82472	-1.0
35.86936	-1.0
35.88232	-1.0
35.90856	-1.0
35.91208	1.0
35.95296	-1.0
36.11328	-1.0
36.13344	-1.0
36.13728	1.0
36.20632	-1.0
36.25308	1.0
36.31468	-1.0
36.3182	-1.0
36.32216	-1.0
36.3712	-1.0
36.48232	1.0
36.63112	-1.0
36.77436	1.0
37.95812	-1.0
37.978	-1.0
40.44476	1.0
40.45744	1.0
40.4882	1.0
40.50156	-1.0
40.54228	-1.0
40.56836	1.0
40.58012	1.0
40.59564	-1.0
40.60124	-1.0
40.63376	-1.0
40.66116	-1.0
40.72104	-1.0
40.72916	-1.0
40.73196	1.0
40.75412	-1.0
40.8498	-1.0
41.03848	-1.0
41.05716	1.0
41.08104	1.0
41.10712	-1.0
41.239	-1.0
41.27496	-1.0
41.29256	1.0
41.36604	-1.0
41.5538	-1.0
44.7042	-1.0
44.70924	-1.0
44.72492	-1.0
44.73968	-1.0
44.7538	1.0
44.75964	-1.0
44.77756	-1.0
44.80764	-1.0
44.81964	-1.0
44.83676	-1.0
44.92412	-1.0
44.9368	-1.0
44.96368	-1.0
45.13072	-1.0
45.1786	1.0
45.2164	-1.0
45.36404	1.0
45.4262	-1.0
45.50304	-1.0
45.52808	-1.0
45.62372	-1.0
45.63856	-1.0
49.27084	-1.0
49.283	1.0
49.30548	-1.0
49.3092	1.0
49.34452	1.0
49.36728	1.0
49.38564	1.0
49.41	-1.0
49.45056	-1.0
49.47288	-1.0
49.52564	-1.0
49.5402	-1.0
49.57284	1.0
49.60424	-1.0
49.65632	-1.0
49.71	-1.0
49.71356	1.0
49.9774	-1.0
50.01896	-1.0
50.07384	-1.0
50.36436	-1.0
50.41044	-1.0
54.47852	1.0
54.49356	1.0
54.49836	-1.0
54.50476	1.0
54.50844	1.0
54.53228	-1.0
54.53672	-1.0
54.5656	-1.0
54.59792	-1.0
54.6104	1.0
54.63968	-1.0
54.66068	-1.0
54.66464	-1.0
54.68092	1.0
54.74892	-1.0
54.79324	1.0
54.86516	-1.0
54.8714	1.0
55.0242	-1.0
55.12268	-1.0
55.14332	-1.0
55.17404	1.0
55.2746	-1.0
59.58952	1.0
59.60696	-1.0
59.61064	-1.0
59.6302	-1.0
59.63484	-1.0
59.64924	-1.0
59.66636	1.0
59.7032	1.0
59.7106	-1.0
59.72268	-1.0
59.805	1.0
59.82496	-1.0
59.83088	1.0
59.8352	1.0
59.85924	1.0
59.88624	-1.0
59.91232	-1.0
59.96204	-1.0
59.99156	-1.0
60.04036	1.0
60.05752	-1.0
60.10404	-1.0
60.16004	-1.0
60.3928	-1.0
60.41756	1.0
60.50524	-1.0
60.51348	-1.0
60.59056	-1.0
60.76052	-1.0
63.86032	1.0
63.88108	1.0
63.91392	-1.0
63.9298	1.0
63.94416	-1.0
63.95832	-1.0
64.02216	-1.0
64.03412	-1.0
64.08124	1.0
64.10652	-1.0
64.13028	1.0
64.28068	1.0
64.33224	-1.0
64.34804	-1.0
64.35908	1.0
64.38192	-1.0
64.40352	-1.0
64.44284	-1.0
64.46572	-1.0
64.71768	1.0
68.27844	-1.0
68.28568	1.0
68.28828	-1.0
68.30484	-1.0
68.32552	1.0
68.3346	1.0
68.35028	-1.0
68.4076	-1.0
68.43188	-1.0
68.513	-1.0
68.78772	-1.0
68.80396	1.0
68.86492	1.0
68.9068	1.0
68.99072	-1.0
69.08016	-1.0
69.23968	-1.0
73.5452	-1.0
73.55484	1.0
73.5764	-1.0
73.5846	-1.0
73.58736	1.0
73.60412	1.0
73.61328	-1.0
73.61792	-1.0
73.63612	-1.0
73.66076	-1.0
73.66776	-1.0
73.73004	1.0
73.7942	1.0
73.81736	1.0
73.83668	-1.0
73.88792	1.0
73.9126	-1.0
73.95784	-1.0
73.97232	-1.0
74.00212	-1.0
74.0376	-1.0
74.18028	1.0
74.34776	1.0
74.56868	-1.0
74.68192	-1.0
78.51596	-1.0
78.52696	-1.0
78.52976	1.0
78.53568	-1.0
78.54832	-1.0
78.55968	-1.0
78.56684	-1.0
78.58704	-1.0
78.59112	-1.0
78.61636	-1.0
78.62628	-1.0
78.63308	-1.0
78.65524	1.0
78.6604	-1.0
78.70168	-1.0
78.7212	-1.0
78.72592	1.0
78.73512	-1.0
78.75648	1.0
78.8258	-1.0
78.8574	-1.0
78.87344	-1.0
78.89036	-1.0
78.949	-1.0
78.97188	-1.0
78.99012	1.0
79.0464	-1.0
79.21792	-1.0
79.496	-1.0
79.65396	-1.0
83.89724	1.0
83.91272	1.0
83.93156	-1.0
83.95524	-1.0
83.96032	-1.0
84.02172	-1.0
84.05812	-1.0
84.07984	-1.0
84.14796	-1.0
84.1982	-1.0
84.22896	1.0
84.27492	-1.0
84.28396	-1.0
84.32996	-1.0
84.44356	-1.0
84.5052	1.0
84.55248	-1.0
84.59844	-1.0
84.61184	-1.0
84.65664	-1.0
84.80188	-1.0
84.869	-1.0
84.91028	-1.0
84.91528	-1.0
84.92056	-1.0
84.98856	-1.0
84.99816	-1.0
85.02172	-1.0
85.0614	-1.0
88.41012	1.0
88.42356	-1.0
88.42704	-1.0
88.45796	-1.0
88.484	1.0
88.49732	-1.0
88.50224	1.0
88.51052	-1.0
88.55072	-1.0
88.57172	-1.0
88.58964	-1.0
88.60488	1.0
88.61632	-1.0
88.65992	1.0
88.69364	-1.0
88.70264	-1.0
88.74928	-1.0
88.77516	-1.0
88.79304	-1.0
88.82264	-1.0
88.84164	-1.0
88.86832	-1.0
88.90316	-1.0
88.9252	-1.0
88.93448	-1.0
89.1152	-1.0
89.14196	-1.0
89.235	-1.0
89.3832	-1.0
89.46108	-1.0
89.56972	1.0
89.59276	1.0
93.27392	-1.0
93.28852	-1.0
93.29224	-1.0
93.30464	-1.0
93.31056	-1.0
93.36436	-1.0
93.382	-1.0
93.39128	-1.0
93.40344	-1.0
93.45628	-1.0
93.50476	-1.0
93.52208	-1.0
93.69844	-1.0
93.73252	1.0
93.73744	-1.0
93.7624	1.0
93.79348	-1.0
93.8216	1.0
93.861	-1.0
93.90844	-1.0
93.91516	-1.0
93.92508	1.0
93.99192	-1.0
94.04448	-1.0
94.06144	-1.0
94.12124	-1.0
94.26504	-1.0
94.34536	-1.0
94.47804	-1.0
94.60032	-1.0
99.31884	1.0
99.32244	1.0
99.32788	-1.0
99.33676	1.0
99.35664	1.0
99.36652	-1.0
99.37072	-1.0
99.41732	-1.0
99.44748	-1.0
99.48988	-1.0
99.54484	1.0
99.58424	1.0
99.59032	-1.0
99.60816	1.0
99.63124	-1.0
99.668	1.0
99.6912	-1.0
99.71884	-1.0
99.72248	-1.0
99.77736	-1.0
99.85036	1.0
99.90024	-1.0
99.90432	-1.0
99.92108	-1.0
99.95932	-1.0
99.9746	-1.0
100.02128	-1.0
100.05664	-1.0
100.08296	-1.0
100.12096	-1.0
100.14224	-1.0
100.14536	1.0
100.32224	-1.0
100.35576	-1.0
100.40912	1.0
100.43752	-1.0
100.57244	-1.0
100.76204	-1.0
104.61072	1.0
104.6284	1.0
104.63552	-1.0
104.64796	1.0
104.65072	1.0
104.66924	-1.0
104.7248	-1.0
104.74456	-1.0
104.7562	-1.0
104.79576	-1.0
104.87744	-1.0
104.90484	1.0
104.91192	-1.0
104.92348	-1.0
104.95388	-1.0
104.9614	-1.0
104.98084	-1.0
105.00928	-1.0
105.02532	-1.0
105.04108	1.0
105.06824	1.0
105.07132	-1.0
105.092	1.0
105.096	-1.0
105.12152	-1.0
105.15376	-1.0
105.19092	-1.0
105.41664	-1.0
105.42952	-1.0
105.52584	-1.0
105.54416	-1.0
105.6114	-1.0
105.62392	-1.0
105.66328	-1.0
105.70624	-1.0
105.80344	-1.0
106.023	-1.0
106.04424	-1.0
106.0538	-1.0
106.0786	-1.0
109.74264	1.0
109.746	-1.0
109.74856	-1.0
109.77036	-1.0
109.79408	1.0
109.80764	1.0
109.81464	-1.0
109.87296	-1.0
109.95008	1.0
110.00408	-1.0
110.01508	-1.0
110.01836	1.0
110.0248	-1.0
110.0736	-1.0
110.07756	-1.0
110.1008	-1.0
110.30248	-1.0
110.3322	-1.0
110.511	-1.0
110.51916	1.0
110.63888	-1.0
110.7354	-1.0
110.77676	-1.0
110.82548	-1.0
110.96968	1.0
110.99324	-1.0
111.01472	-1.0
111.102	-1.0
114.82712	1.0
114.83364	-1.0
114.84304	-1.0
114.85764	-1.0
114.90412	-1.0
114.90748	-1.0
114.94664	-1.0
114.98836	-1.0
115.01268	-1.0
115.05628	-1.0
115.10024	-1.0
115.10772	-1.0
115.14688	-1.0
115.16612	-1.0
115.41244	-1.0
115.47812	-1.0
115.7922	-1.0
115.83312	-1.0
115.83692	-1.0
115.96764	-1.0
115.9782	1.0
116.05956	-1.0
116.06512	-1.0
116.33896	-1.0
116.35616	1.0
116.3696	-1.0
116.40072	1.0
119.77172	1.0
119.79592	1.0
119.81984	-1.0
119.85256	1.0
119.87028	-1.0
119.87532	1.0
119.89292	-1.0
119.90828	1.0
119.97032	1.0
120.006	-1.0
120.01184	-1.0
120.02148	-1.0
120.02912	-1.0
120.03732	1.0
120.0824	-1.0
120.10068	-1.0
120.123	-1.0
120.146	-1.0
120.19368	-1.0
120.22912	-1.0
120.28732	-1.0
120.29304	1.0
120.32004	-1.0
120.35804	-1.0
120.39596	-1.0
120.4048	-1.0
120.41184	-1.0
120.46692	-1.0
120.56568	-1.0
120.63528	-1.0
120.7028	1.0
120.84652	-1.0
120.90812	-1.0
120.98608	-1.0
121.0002	1.0
121.03932	-1.0
121.39928	1.0
124.5588	1.0
124.86616	-1.0
124.87336	1.0
124.8834	1.0
124.88816	1.0
124.90264	-1.0
124.90572	-1.0
124.92296	1.0
124.9274	1.0
124.94016	-1.0
124.96276	1.0
124.97748	1.0
125.03332	-1.0
125.05884	1.0
125.08188	-1.0
125.09692	-1.0
125.11212	-1.0
125.13036	1.0
125.1488	-1.0
125.15204	-1.0
125.18488	-1.0
125.1944	-1.0
125.23492	-1.0
125.2494	-1.0
125.35536	-1.0
125.363	-1.0
125.42568	-1.0
125.4736	-1.0
125.4992	-1.0
125.51528	1.0
125.52876	-1.0
125.57812	-1.0
125.62396	-1.0
125.71536	1.0
125.79284	-1.0
125.80288	-1.0
125.855	-1.0
126.0558	1.0
126.08116	-1.0
126.1044	-1.0
126.1094	-1.0
130.59128	-1.0
130.59776	-1.0
130.6016	1.0
130.61496	-1.0
130.63055	-1.0
130.63544	1.0
130.6394	1.0
130.66072	-1.0
130.667	-1.0
130.69933	-1.0
130.71304	-1.0
130.74097	1.0
130.78168	-1.0
130.81384	-1.0
130.83385	-1.0
130.87952	-1.0
130.94868	-1.0
130.98936	-1.0
131.08656	-1.0
131.11716	-1.0
131.184	1.0
131.19048	-1.0
131.23988	-1.0
131.37251	-1.0
131.56804	-1.0
131.57692	-1.0
131.678	-1.0
131.77324	-1.0
131.77669	-1.0
131.85536	1.0
131.9064	-1.0
131.996	-1.0
132.0014	-1.0
132.05956	-1.0
132.07697	1.0
136.51295	1.0
136.51604	-1.0
136.52496	-1.0
136.53616	1.0
136.55528	-1.0
136.59	-1.0
136.60413	-1.0
136.61024	1.0
136.71371	-1.0
136.76305	-1.0
136.845	1.0
136.84956	-1.0
136.85783	1.0
136.917	-1.0
136.94415	-1.0
136.94669	-1.0
137.041	-1.0
137.04492	-1.0
137.52992	-1.0
137.63783	-1.0
137.69264	-1.0
137.72597	-1.0
138.01527	-1.0
138.33104	-1.0
142.45148	-1.0
142.46796	-1.0
142.47676	1.0
142.4966	-1.0
142.55328	1.0
142.59515	-1.0
142.6052	-1.0
142.624	1.0
142.6752	-1.0
142.76505	-1.0
142.78368	1.0
142.80896	1.0
142.87532	-1.0
142.89787	-1.0
142.93233	-1.0
143.09676	1.0
143.13403	1.0
143.13692	-1.0
143.17915	-1.0
143.20831	-1.0
143.28076	1.0
143.31264	-1.0
143.41716	-1.0
143.51584	-1.0
143.59631	-1.0
143.60132	-1.0
143.62164	1.0
143.85844	1.0
143.93117	-1.0
143.9754	-1.0
143.982	-1.0
148.6928	1.0
148.69585	-1.0
148.70303	1.0
148.71793	-1.0
148.73448	-1.0
148.7404	-1.0
148.74364	-1.0
148.76463	1.0
148.7852	-1.0
148.79993	-1.0
148.82413	-1.0
148.833	-1.0
148.84912	-1.0
148.97696	-1.0
149.0422	-1.0
149.06789	1.0
149.0906	-1.0
149.1236	-1.0
149.15356	-1.0
149.182	1.0
149.27016	1.0
149.27815	1.0
149.28893	-1.0
149.40347	-1.0
149.4264	-1.0
149.5042	-1.0
149.52864	1.0
149.5838	-1.0
149.67256	-1.0
149.71936	-1.0
149.74188	-1.0
149.81396	-1.0
149.8186	-1.0
149.8334	-1.0
150.04376	-1.0
150.0614	-1.0
150.37833	1.0
153.73592	-1.0
153.77116	-1.0
153.79808	-1.0
153.80469	1.0
153.82408	-1.0
153.87305	-1.0
153.93144	-1.0
153.97212	-1.0
154.03296	1.0
154.07416	-1.0
154.09685	-1.0
154.14328	-1.0
154.16257	-1.0
154.2098	-1.0
154.23145	-1.0
154.23576	-1.0
154.32465	-1.0
154.3522	-1.0
154.3928	-1.0
154.45564	-1.0
154.56535	-1.0
154.63963	-1.0
154.65324	1.0
154.77856	-1.0
154.869	-1.0
154.899	-1.0
154.94176	-1.0
154.98712	-1.0
155.12552	-1.0
159.96764	-1.0
159.97427	-1.0
159.98335	-1.0
159.9994	-1.0
160.02032	1.0
160.05733	-1.0
160.14172	-1.0
160.1772	-1.0
160.2084	-1.0
160.21336	-1.0
160.23335	-1.0
160.2444	-1.0
160.2492	-1.0
160.27072	-1.0
160.30235	-1.0
160.33284	-1.0
160.33575	-1.0
160.43188	-1.0
160.4624	1.0
160.5436	-1.0
160.565	-1.0
160.57532	-1.0
160.62268	-1.0
160.65608	-1.0
160.66911	-1.0
160.68211	-1.0
160.69531	1.0
160.96284	-1.0
161.12811	1.0
161.16324	-1.0
161.16724	-1.0
161.559	-1.0
166.26208	-1.0
166.27452	1.0
166.28745	-1.0
166.30476	-1.0
166.33035	1.0
166.39636	-1.0
166.41988	1.0
166.45436	-1.0
166.50224	-1.0
166.57132	-1.0
166.60124	-1.0
166.62157	1.0
166.7252	-1.0
166.7472	-1.0
166.84296	1.0
167.06404	-1.0
167.18484	-1.0
167.23843	-1.0
167.25787	-1.0
167.33035	-1.0
167.55669	-1.0
167.56268	-1.0
167.59656	-1.0
172.90388	-1.0
172.90652	-1.0
172.91252	1.0
172.91528	-1.0
172.9178	-1.0
172.92032	-1.0
172.93864	-1.0
172.94151	1.0
172.95155	-1.0
172.9574	-1.0
172.97124	1.0
172.97568	1.0
172.99773	1.0
173.01093	-1.0
173.1082	-1.0
173.19511	-1.0
173.28133	1.0
173.31496	1.0
173.36217	-1.0
173.38512	-1.0
173.38908	-1.0
173.5028	-1.0
173.58868	-1.0
173.64508	1.0
173.64896	-1.0
173.71356	-1.0
173.75992	-1.0
173.76416	-1.0
173.78696	-1.0
173.80247	-1.0
173.86848	-1.0
173.96556	-1.0
174.06989	-1.0
174.23544	-1.0
174.24348	-1.0
174.2858	-1.0
174.2924	1.0
174.37769	-1.0
179.04852	-1.0
179.06367	-1.0
179.08405	1.0
179.10329	-1.0
179.1058	1.0
179.1192	1.0
179.12524	-1.0
179.14276	-1.0
179.14555	-1.0
179.19508	-1.0
179.229	-1.0
179.2828	-1.0
179.29132	-1.0
179.29488	-1.0
179.31836	1.0
179.333	-1.0
179.40604	-1.0
179.50449	-1.0
179.55975	-1.0
179.56392	-1.0
179.58876	-1.0
179.65816	-1.0
179.68796	-1.0
179.69432	-1.0
179.74023	-1.0
179.75836	-1.0
179.76283	-1.0
179.8194	-1.0
179.84348	-1.0
179.96413	-1.0
180.02264	-1.0
180.24652	1.0
180.44016	-1.0
184.8256	1.0
184.83797	-1.0
184.84892	-1.0
184.86336	1.0
184.90744	1.0
184.91452	-1.0
184.98187	-1.0
185.00397	-1.0
185.00668	-1.0
185.01344	-1.0
185.0258	-1.0
185.07452	-1.0
185.12288	-1.0
185.12569	-1.0
185.14824	-1.0
185.17915	-1.0
185.20927	-1.0
185.22528	-1.0
185.27724	-1.0
185.29752	-1.0
185.30743	-1.0
185.40596	-1.0
185.43616	-1.0
185.502	-1.0
185.51436	-1.0
185.61407	-1.0
185.69151	-1.0
185.82475	-1.0
185.90884	-1.0
186.41864	-1.0
186.42831	-1.0
190.25824	-1.0
190.2652	-1.0
190.27544	-1.0
190.28828	1.0
190.31104	1.0
190.316	-1.0
190.33151	1.0
190.35152	-1.0
190.35835	-1.0
190.3862	-1.0
190.38988	1.0
190.44928	-1.0
190.4686	-1.0
190.49928	-1.0
190.60124	-1.0
190.6498	-1.0
190.67747	-1.0
190.71928	-1.0
190.73747	-1.0
190.82497	-1.0
190.84389	1.0
190.84792	-1.0
190.944	-1.0
191.00244	-1.0
191.14372	-1.0
191.14989	-1.0
191.15564	-1.0
191.16196	1.0
191.2628	-1.0
191.3142	-1.0
191.3484	1.0
191.40036	1.0
191.60388	-1.0
191.60805	-1.0
191.61131	-1.0
196.0442	-1.0
196.0478	1.0
196.05225	1.0
196.06076	1.0
196.06644	1.0
196.0984	-1.0
196.10216	-1.0
196.22627	-1.0
196.25548	-1.0
196.31468	-1.0
196.34113	-1.0
196.36984	-1.0
196.42091	-1.0
196.44336	1.0
196.5006	-1.0
196.52196	-1.0
196.58992	1.0
196.61131	-1.0
196.66612	-1.0
196.67747	-1.0
196.80292	-1.0
196.82156	-1.0
196.88132	-1.0
196.96468	-1.0
197.00456	1.0
197.056	-1.0
197.06335	-1.0
197.26816	-1.0
197.3574	-1.0
201.94672	-1.0
201.95232	-1.0
202.00427	-1.0
202.02708	-1.0
202.05844	-1.0
202.11784	-1.0
202.13667	-1.0
202.15968	-1.0
202.27869	-1.0
202.32887	-1.0
202.45493	-1.0
202.461	-1.0
202.49413	-1.0
202.50977	-1.0
202.57976	-1.0
202.63605	-1.0
202.70476	-1.0
202.79932	1.0
202.82196	-1.0
202.89352	-1.0
203.04144	-1.0
203.08472	-1.0
203.39153	-1.0
207.84125	1.0
207.84636	-1.0
207.85709	-1.0
207.86716	1.0
207.87984	-1.0
207.90292	-1.0
207.92096	-1.0
207.9524	1.0
207.96152	-1.0
207.97432	-1.0
208.02087	1.0
208.02644	1.0
208.04549	-1.0
208.07011	1.0
208.22427	-1.0
208.2284	-1.0
208.29189	1.0
208.29944	-1.0
208.34789	-1.0
208.38667	1.0
208.39456	-1.0
208.4916	-1.0
208.52852	-1.0
208.56155	-1.0
208.70284	1.0
208.75052	-1.0
208.78264	-1.0
208.80923	-1.0
208.88995	-1.0
208.95567	-1.0
209.07204	-1.0
209.17952	1.0
209.23508	-1.0
209.28636	-1.0
209.346	-1.0
209.3654	-1.0
209.40012	-1.0
209.47437	1.0
213.72028	-1.0
213.72592	1.0
213.73524	-1.0
213.75533	-1.0
213.767	-1.0
213.788	1.0
213.79337	-1.0
213.8164	-1.0
213.83052	-1.0
213.93591	-1.0
213.94016	-1.0
213.94452	1.0
214.01224	-1.0
214.03152	-1.0
214.06409	-1.0
214.13995	-1.0
214.1442	-1.0
214.18507	-1.0
214.21729	-1.0
214.24316	-1.0
214.29433	-1.0
214.36765	-1.0
214.49452	-1.0
214.50587	-1.0
214.56084	-1.0
214.61256	-1.0
214.64809	-1.0
214.72208	1.0
214.80896	-1.0
214.8332	-1.0
215.03789	-1.0
219.30984	-1.0
219.31288	-1.0
219.3242	-1.0
219.32887	1.0
219.34232	-1.0
219.35008	-1.0
219.36128	1.0
219.39584	-1.0
219.41884	-1.0
219.4762	-1.0
219.57709	-1.0
219.59604	-1.0
219.70216	1.0
219.773	-1.0
219.94785	-1.0
220.06387	-1.0
220.08424	-1.0
220.19267	-1.0
220.28392	-1.0
220.33669	-1.0
220.4806	-1.0
220.73416	-1.0
225.28476	-1.0
225.28772	-1.0
225.30304	-1.0
225.31004	-1.0
225.38536	-1.0
225.41948	-1.0
225.44524	-1.0
225.4838	1.0
225.55876	-1.0
225.5766	-1.0
225.60371	-1.0
225.60793	1.0
225.61084	-1.0
225.64392	-1.0
225.66933	-1.0
225.76672	1.0
225.81049	-1.0
225.82024	-1.0
225.86084	-1.0
225.88676	1.0
225.9362	-1.0
226.00797	-1.0
226.01088	-1.0
226.05852	1.0
226.3266	-1.0
226.39156	-1.0
226.40636	-1.0
226.43268	1.0
226.50256	-1.0
226.54036	-1.0
230.77788	-1.0
230.78624	-1.0
230.82137	1.0
230.83224	1.0
230.84108	-1.0
230.869	-1.0
230.889	-1.0
230.9454	-1.0
231.00568	-1.0
231.02728	-1.0
231.03252	-1.0
231.05576	-1.0
231.05988	-1.0
231.08089	-1.0
231.10284	-1.0
231.12556	1.0
231.14308	-1.0
231.18272	-1.0
231.25555	-1.0
231.29507	-1.0
231.34172	-1.0
231.36084	-1.0
231.4718	-1.0
231.534	-1.0
231.78928	-1.0
231.97691	1.0
232.01028	-1.0
232.08688	-1.0
232.1096	-1.0
232.11987	-1.0
236.61807	-1.0
236.63432	-1.0
236.64471	-1.0
236.66516	1.0
236.74603	-1.0
236.763	-1.0
236.77869	-1.0
236.78368	-1.0
236.83151	1.0
236.89944	-1.0
236.94588	-1.0
236.9876	1.0
236.99016	-1.0
237.11417	-1.0
237.15495	-1.0
237.16045	-1.0
237.19048	1.0
237.22005	-1.0
237.27628	-1.0
237.32732	-1.0
237.34488	-1.0
237.35332	-1.0
237.48232	-1.0
237.54877	-1.0
237.55785	-1.0
237.60709	1.0
237.73344	-1.0
237.91272	1.0
237.91612	-1.0
242.15424	1.0
242.15932	1.0
242.16309	-1.0
242.1794	-1.0
242.18408	-1.0
242.20616	-1.0
242.22131	-1.0
242.23856	-1.0
242.25829	-1.0
242.29808	-1.0
242.30363	1.0
242.33649	-1.0
242.38116	-1.0
242.44168	-1.0
242.47884	-1.0
242.483	-1.0
242.538	-1.0
242.55484	-1.0
242.59456	-1.0
242.6124	-1.0
242.6462	-1.0
242.84232	-1.0
242.85744	-1.0
242.90369	-1.0
242.90875	-1.0
242.9582	-1.0
243.01823	-1.0
243.13213	-1.0
243.13872	1.0
243.2542	-1.0
243.30504	1.0
248.63815	-1.0
248.64256	-1.0
248.66452	-1.0
248.69395	-1.0
248.72432	-1.0
248.75111	1.0
248.75932	1.0
248.77933	-1.0
248.80511	-1.0
248.83025	1.0
248.84464	-1.0
248.85144	-1.0
248.89407	-1.0
248.98792	-1.0
248.9918	-1.0
249.08388	-1.0
249.09164	-1.0
249.14207	-1.0
249.20644	-1.0
249.24736	-1.0
249.28624	-1.0
249.38425	-1.0
249.38837	-1.0
249.56436	-1.0
249.58955	-1.0
250.0268	-1.0
250.07668	-1.0
255.00555	-1.0
255.01253	1.0
255.0376	-1.0
255.04024	-1.0
255.06252	-1.0
255.06512	-1.0
255.1992	-1.0
255.23631	-1.0
255.25996	1.0
255.28629	1.0
255.3114	1.0
255.34424	-1.0
255.37648	-1.0
255.43324	-1.0
255.509	-1.0
255.52788	-1.0
255.53244	-1.0
255.56792	-1.0
255.585	-1.0
255.6092	-1.0
255.63776	-1.0
255.72516	1.0
255.74184	-1.0
255.98132	-1.0
256.06088	1.0
256.11795	-1.0
256.1317	-1.0
256.32217	-1.0
256.33	-1.0
260.2828	1.0
260.30185	-1.0
260.3168	-1.0
260.34265	1.0
260.36172	-1.0
260.3846	1.0
260.40817	-1.0
260.4125	-1.0
260.45383	-1.0
260.45795	-1.0
260.5053	-1.0
260.569	-1.0
260.57404	-1.0
260.59207	1.0
260.7151	-1.0
260.72815	-1.0
260.73993	1.0
260.78763	1.0
260.7963	-1.0
260.82697	-1.0
260.85205	-1.0
260.85516	-1.0
260.9516	-1.0
261.00015	-1.0
261.09305	-1.0
261.42404	-1.0
261.514	-1.0
265.76355	-1.0
265.78912	1.0
265.82727	-1.0
265.83765	1.0
265.85947	-1.0
265.88983	1.0
265.946	-1.0
265.97836	1.0
265.99033	1.0
266.0923	-1.0
266.2886	1.0
266.2913	-1.0
266.2965	-1.0
266.37527	-1.0
266.55865	-1.0
266.586	-1.0
266.7181	-1.0
266.78165	-1.0
266.7855	-1.0
266.91043	-1.0
271.294	-1.0
271.33917	-1.0
271.34927	-1.0
271.35324	-1.0
271.3856	-1.0
271.3922	-1.0
271.4016	1.0
271.4189	-1.0
271.42935	1.0
271.4857	-1.0
271.5008	-1.0
271.5053	-1.0
271.567	-1.0
271.60703	-1.0
271.61224	-1.0
271.6736	-1.0
271.67773	-1.0
271.71747	-1.0
271.74225	-1.0
271.7764	-1.0
271.78348	-1.0
271.81573	-1.0
271.8557	-1.0
271.86096	-1.0
271.88556	-1.0
272.0075	-1.0
272.20673	-1.0
272.2107	-1.0
274.93872	-1.0
274.9497	-1.0
274.9605	1.0
275.04245	-1.0
275.07245	-1.0
275.0966	-1.0
275.1253	-1.0
275.21964	-1.0
275.24268	-1.0
275.31857	-1.0
275.356	-1.0
275.35947	1.0
275.3827	-1.0
275.3884	-1.0
275.51785	-1.0
275.53305	-1.0
275.66595	-1.0
275.71524	-1.0
275.78424	-1.0
275.8298	-1.0
276.028	-1.0
281.3763	1.0
281.3806	-1.0
281.384	-1.0
281.41052	-1.0
281.42145	-1.0
281.43143	-1.0
281.5262	-1.0
281.54465	1.0
281.6064	-1.0
281.657	-1.0
281.68958	-1.0
281.7325	-1.0
281.7766	-1.0
281.8334	-1.0
281.9512	-1.0
282.02692	-1.0
282.08	-1.0
282.20135	-1.0
282.2069	1.0
282.26572	-1.0
282.37912	-1.0
286.4513	-1.0
286.51913	-1.0
286.54535	-1.0
286.55148	-1.0
286.58743	-1.0
286.6518	-1.0
286.67795	-1.0
286.7486	1.0
286.78165	-1.0
286.8082	-1.0
286.81165	-1.0
286.85648	1.0
286.9117	-1.0
286.97968	1.0
287.2223	-1.0
287.22797	1.0
287.48325	-1.0
287.5744	-1.0
290.04935	-1.0
290.0548	-1.0
290.081	-1.0
290.0952	-1.0
290.18515	-1.0
290.2002	-1.0
290.2308	-1.0
290.24103	-1.0
290.2592	-1.0
290.28052	-1.0
290.30957	-1.0
290.33627	1.0
290.35037	-1.0
290.41287	-1.0
290.4818	-1.0
290.54947	-1.0
290.62567	-1.0
290.63025	-1.0
290.6868	-1.0
290.81827	-1.0
290.9723	-1.0
291.0543	-1.0
291.06036	1.0
295.5402	-1.0
295.54752	-1.0
295.56708	-1.0
295.6428	-1.0
295.68457	-1.0
295.7068	-1.0
295.8561	-1.0
295.96445	-1.0
296.0284	-1.0
296.13013	-1.0
296.24344	-1.0
296.2792	-1.0
300.42145	-1.0
300.45023	-1.0
300.4561	-1.0
300.4634	-1.0
300.49585	1.0
300.52277	-1.0
300.59155	-1.0
300.60495	-1.0
300.62	-1.0
300.6452	1.0
300.65656	-1.0
300.7745	-1.0
300.82153	-1.0
300.86923	-1.0
300.89636	-1.0
300.9648	-1.0
301.00266	-1.0
301.01224	-1.0
301.02588	-1.0
305.4572	-1.0
305.5461	-1.0
305.57632	-1.0
305.59143	-1.0
305.60284	-1.0
305.6222	-1.0
305.68375	-1.0
305.7138	-1.0
305.75113	1.0
305.75473	-1.0
305.75873	-1.0
305.93613	-1.0
306.06265	-1.0
306.10477	1.0
306.2723	-1.0
306.27808	-1.0
306.3152	-1.0
310.2849	-1.0
310.29276	-1.0
310.31	1.0
310.34247	-1.0
310.36285	1.0
310.373	-1.0
310.39084	-1.0
310.4141	1.0
310.41776	-1.0
310.45715	-1.0
310.56683	-1.0
310.6435	-1.0
310.6774	-1.0
310.6998	-1.0
310.7089	-1.0
310.76004	-1.0
310.79028	1.0
310.83563	-1.0
310.86768	-1.0
311.06415	-1.0
311.12277	-1.0
311.17307	-1.0
311.20007	-1.0
315.96667	-1.0
315.98587	-1.0
316.00317	-1.0
316.11188	-1.0
316.1318	-1.0
316.13824	1.0
316.19583	-1.0
316.21625	-1.0
316.3326	-1.0
316.47012	-1.0
316.5075	-1.0
316.56705	-1.0
316.6122	-1.0
316.82983	1.0
320.9961	1.0
321.02768	1.0
321.0514	-1.0
321.1636	-1.0
321.22815	-1.0
321.36063	-1.0
321.38367	-1.0
321.42477	-1.0
321.4602	-1.0
321.60327	-1.0
321.66187	-1.0
321.72345	-1.0
321.87656	1.0
321.9127	-1.0
325.95044	-1.0
325.97775	-1.0
326.10303	1.0
326.11008	-1.0
326.1361	-1.0
326.17307	-1.0
326.2407	-1.0
326.2586	-1.0
326.2993	-1.0
326.30817	-1.0
326.33752	-1.0
326.40692	-1.0
326.44855	1.0
326.65128	-1.0
326.68988	-1.0
326.85748	-1.0
326.90036	-1.0
326.9943	-1.0
331.82532	-1.0
331.96017	-1.0
332.09567	-1.0
332.17017	-1.0
332.2361	-1.0
332.2962	-1.0
332.32565	-1.0
332.3854	-1.0
332.3977	-1.0
332.52676	-1.0
332.591	-1.0
332.64636	-1.0
332.7997	-1.0
338.21295	-1.0
338.23663	-1.0
338.26144	-1.0
338.3339	-1.0
338.3834	-1.0
338.68115	-1.0
338.77264	-1.0
338.82324	-1.0
338.9329	1.0
339.04828	1.0
339.10364	-1.0
339.15668	-1.0
343.2342	-1.0
343.24216	-1.0
343.27512	-1.0
343.29987	-1.0
343.35477	-1.0
343.41397	1.0
343.41714	1.0
343.56708	-1.0
343.7231	-1.0
343.7292	1.0
343.77753	-1.0
343.78415	1.0
343.86612	-1.0
343.9544	1.0
348.61877	-1.0
348.62585	-1.0
348.65933	-1.0
348.6992	-1.0
348.72104	-1.0
348.74304	1.0
348.7556	-1.0
348.79428	-1.0
348.89877	-1.0
349.04425	1.0
349.11685	-1.0
349.1711	-1.0
349.339	-1.0
349.3894	-1.0
349.41443	-1.0
349.42453	-1.0
349.53595	-1.0
349.573	-1.0
353.65033	-1.0
353.66772	1.0
353.6804	-1.0
353.7036	1.0
353.71017	1.0
353.71875	-1.0
353.74625	-1.0
353.8248	-1.0
353.86588	-1.0
353.9489	-1.0
353.9626	-1.0
354.06268	-1.0
354.08887	-1.0
354.0938	-1.0
354.32385	-1.0
354.5439	-1.0
354.55923	-1.0
354.58655	-1.0
358.4045	-1.0
358.42297	1.0
358.47614	-1.0
358.48297	-1.0
358.52133	-1.0
358.5381	-1.0
358.5529	-1.0
358.55603	1.0
358.666	1.0
358.70288	-1.0
358.7776	-1.0
358.8827	-1.0
358.92004	-1.0
359.01413	-1.0
359.04932	-1.0
359.08823	-1.0
359.09283	-1.0
363.51492	-1.0
363.53128	-1.0
363.54208	-1.0
363.55032	-1.0
363.56168	-1.0
363.6062	-1.0
363.6331	-1.0
363.68643	-1.0
363.69427	-1.0
363.69775	-1.0
363.73016	1.0
363.9293	-1.0
363.94775	-1.0
363.95425	-1.0
363.9616	-1.0
364.0576	-1.0
364.06165	-1.0
364.09235	-1.0
364.145	-1.0
364.25772	-1.0
364.3078	-1.0
364.3898	-1.0
364.4896	1.0
368.50644	-1.0
368.5189	-1.0
368.5796	-1.0
368.60965	-1.0
368.64673	-1.0
368.72852	-1.0
368.7476	-1.0
368.90253	-1.0
368.95947	-1.0
369.0682	-1.0
369.16855	1.0
369.225	-1.0
373.12576	-1.0
373.19492	-1.0
373.2143	-1.0
373.21945	-1.0
373.28284	-1.0
373.28812	-1.0
373.31625	-1.0
373.3224	-1.0
373.3306	-1.0
373.34595	-1.0
373.36615	-1.0
373.38864	-1.0
373.42804	-1.0
373.49417	-1.0
373.51105	-1.0
373.5345	-1.0
373.58975	-1.0
373.6491	-1.0
373.6556	-1.0
373.66357	1.0
373.68393	1.0
373.68643	-1.0
373.734	-1.0
373.7609	-1.0
373.79492	-1.0
373.87775	1.0
373.9655	-1.0
378.04416	-1.0
378.0706	-1.0
378.07953	-1.0
378.1098	-1.0
378.12363	-1.0
378.1281	-1.0
378.14456	-1.0
378.1546	-1.0
378.15817	-1.0
378.16644	-1.0
378.17404	-1.0
378.20255	-1.0
378.22107	-1.0
378.24713	-1.0
378.26852	-1.0
378.3825	-1.0
378.42422	-1.0
378.43793	-1.0
378.45523	1.0
378.46964	-1.0
378.51056	-1.0
378.55292	-1.0
378.57248	-1.0
378.6082	-1.0
378.63956	-1.0
378.6562	-1.0
378.82175	-1.0
383.05948	1.0
383.06815	-1.0
383.11237	-1.0
383.12396	-1.0
383.12756	1.0
383.1321	-1.0
383.1399	-1.0
383.15988	-1.0
383.18445	-1.0
383.1876	-1.0
383.19104	-1.0
383.19604	1.0
383.24036	-1.0
383.30243	-1.0
383.322	-1.0
383.3769	1.0
383.43695	-1.0
383.4508	-1.0
383.51273	1.0
383.5546	-1.0
383.57156	-1.0
383.62933	-1.0
383.6344	-1.0
383.69003	-1.0
383.77197	-1.0
383.9884	-1.0
387.70627	-1.0
388.0502	-1.0
388.10532	-1.0
388.13373	-1.0
388.14963	-1.0
388.16748	-1.0
388.1801	-1.0
388.18668	-1.0
388.21487	-1.0
388.2591	-1.0
388.37296	-1.0
388.40625	-1.0
388.42728	-1.0
388.53055	-1.0
388.5362	-1.0
388.54608	-1.0
388.60773	-1.0
388.61688	-1.0
388.6923	-1.0
388.7711	-1.0
388.80557	-1.0
388.8272	1.0
388.88992	-1.0
388.8946	-1.0
389.01593	-1.0
389.025	-1.0
392.76532	1.0
392.83835	-1.0
392.87888	-1.0
392.91132	-1.0
392.91733	-1.0
392.92105	-1.0
392.92957	-1.0
392.95923	1.0
392.96295	-1.0
392.9698	-1.0
393.0125	-1.0
393.1306	-1.0
393.15048	-1.0
393.1946	-1.0
393.22668	-1.0
393.2944	-1.0
393.35715	-1.0
393.42776	1.0
393.45444	-1.0
393.57315	1.0
397.27112	-1.0
397.2893	-1.0
397.29196	-1.0
397.29956	-1.0
397.31293	-1.0
397.32208	-1.0
397.3347	-1.0
397.3418	-1.0
397.34897	-1.0
397.37433	-1.0
397.38623	1.0
397.39688	-1.0
397.41544	-1.0
397.464	-1.0
397.56964	-1.0
397.61844	-1.0
397.64917	1.0
397.7361	-1.0
397.7522	-1.0
397.785	-1.0
397.839	-1.0
397.87173	1.0
397.89453	-1.0
402.1209	-1.0
402.12787	1.0
402.13748	-1.0
402.15488	1.0
402.17017	1.0
402.1783	-1.0
402.1949	-1.0
402.1998	-1.0
402.21487	-1.0
402.2205	1.0
402.24033	-1.0
402.26285	-1.0
402.3084	-1.0
402.34277	1.0
402.38797	1.0
402.39517	-1.0
402.39883	-1.0
402.42615	-1.0
402.46017	-1.0
402.49237	-1.0
402.54407	-1.0
402.57013	-1.0
402.58212	-1.0
402.82135	-1.0
407.44748	-1.0
407.45105	-1.0
407.49652	-1.0
407.49985	-1.0
407.50974	-1.0
407.51224	-1.0
407.51715	-1.0
407.52805	-1.0
407.53336	-1.0
407.53867	-1.0
407.54153	-1.0
407.5521	-1.0
407.61804	-1.0
407.6905	-1.0
407.71973	-1.0
407.72592	1.0
407.73248	-1.0
407.74048	-1.0
407.7528	-1.0
407.76627	-1.0
407.785	1.0
407.80444	-1.0
407.81427	-1.0
407.8329	-1.0
407.83795	-1.0
407.8417	-1.0
407.86832	-1.0
407.89508	1.0
407.9105	-1.0
407.94037	-1.0
407.973	-1.0
408.03104	-1.0
408.22717	-1.0
408.27652	1.0
408.3236	1.0
411.7976	1.0
411.80267	-1.0
411.8247	-1.0
411.8319	1.0
411.8434	-1.0
411.8502	-1.0
411.8548	-1.0
411.8638	-1.0
411.8697	-1.0
411.87808	-1.0
411.88263	-1.0
411.90182	-1.0
411.91068	-1.0
411.9247	-1.0
411.97897	-1.0
412.0005	-1.0
412.0186	-1.0
412.08237	-1.0
412.11545	-1.0
412.1197	-1.0
412.13745	-1.0
412.16635	-1.0
412.20352	-1.0
412.2479	-1.0
412.2608	-1.0
412.28464	-1.0
412.3203	-1.0
412.3596	1.0
416.62027	-1.0
416.64145	-1.0
416.65225	-1.0
416.6567	-1.0
416.6656	-1.0
416.66925	1.0
416.68936	-1.0
416.70776	-1.0
416.71185	-1.0
416.72632	-1.0
416.74915	-1.0
416.76953	1.0
416.79208	-1.0
416.8376	-1.0
416.92096	1.0
416.9951	-1.0
417.01627	-1.0
417.08337	-1.0
417.08737	-1.0
417.0922	-1.0
417.1209	1.0
417.15128	-1.0
417.29297	-1.0
417.36877	-1.0
417.39545	1.0
421.31317	-1.0
421.31583	1.0
421.3239	1.0
421.32916	-1.0
421.33325	-1.0
421.3405	-1.0
421.37	-1.0
421.38895	-1.0
421.40613	-1.0
421.4242	-1.0
421.42844	-1.0
421.4329	-1.0
421.4641	-1.0
421.46793	-1.0
421.48813	-1.0
421.5	-1.0
421.50272	-1.0
421.52304	-1.0
421.56256	-1.0
421.65308	-1.0
421.65607	-1.0
421.6948	-1.0
421.7022	-1.0
421.71155	-1.0
421.73276	-1.0
421.78207	-1.0
421.83597	-1.0
421.8648	-1.0
421.87164	-1.0
421.9717	-1.0
422.0298	1.0
425.6735	-1.0
425.7183	-1.0
425.72568	-1.0
425.73035	1.0
425.74008	-1.0
425.74713	-1.0
425.75595	1.0
425.76367	-1.0
425.7777	1.0
425.78555	-1.0
425.79984	-1.0
425.85428	-1.0
425.8723	1.0
425.87683	-1.0
425.88608	-1.0
425.92853	-1.0
425.93713	-1.0
425.9428	-1.0
425.98215	-1.0
426.01068	-1.0
426.0184	-1.0
426.06985	-1.0
426.10492	-1.0
426.13507	-1.0
426.14188	-1.0
426.14584	-1.0
426.15353	-1.0
426.16043	-1.0
426.25995	-1.0
429.64203	-1.0
429.65952	1.0
429.6742	-1.0
429.6852	-1.0
429.69113	-1.0
429.69733	-1.0
429.7093	-1.0
429.7335	1.0
429.74216	-1.0
429.74915	-1.0
429.75275	1.0
429.75604	-1.0
429.767	-1.0
429.7837	-1.0
429.80212	-1.0
429.80737	-1.0
429.81076	-1.0
429.83405	-1.0
429.8576	-1.0
429.88528	-1.0
429.89417	-1.0
429.9444	-1.0
429.96344	1.0
429.967	-1.0
430.0006	-1.0
430.0446	-1.0
430.06595	-1.0
430.09012	-1.0
430.11923	1.0
430.13235	-1.0
430.16968	-1.0
430.19916	-1.0
430.2298	-1.0
430.28485	1.0
433.65115	-1.0
433.66537	1.0
433.6823	-1.0
433.7035	-1.0
433.71033	-1.0
433.7218	-1.0
433.74	-1.0
433.7519	-1.0
433.76657	-1.0
433.77115	-1.0
433.79205	-1.0
433.79587	-1.0
433.80072	-1.0
433.82288	1.0
433.85904	-1.0
433.8643	-1.0
433.9112	-1.0
433.9515	-1.0
434.02884	-1.0
434.04492	-1.0
434.07925	-1.0
434.08252	-1.0
434.09573	-1.0
434.1188	-1.0
434.14297	-1.0
434.15884	-1.0
434.19888	-1.0
434.22955	-1.0
437.4914	-1.0
437.50864	-1.0
437.5196	-1.0
437.53555	-1.0
437.55167	-1.0
437.5596	-1.0
437.5783	1.0
437.58237	-1.0
437.59692	-1.0
437.6075	-1.0
437.62152	-1.0
437.63055	1.0
437.68793	-1.0
437.69196	-1.0
437.7145	-1.0
437.7199	-1.0
437.7522	-1.0
437.81476	1.0
437.81747	-1.0
437.83563	-1.0
437.86847	1.0
437.94724	-1.0
437.9762	-1.0
437.98715	-1.0
442.4159	-1.0
442.4358	-1.0
442.47568	-1.0
442.48135	-1.0
442.48788	-1.0
442.49765	-1.0
442.502	-1.0
442.50793	-1.0
442.51105	-1.0
442.515	-1.0
442.52087	-1.0
442.53564	-1.0
442.56232	-1.0
442.56927	-1.0
442.58063	-1.0
442.5986	-1.0
442.60223	-1.0
442.619	-1.0
442.64752	-1.0
442.66953	-1.0
442.68463	-1.0
442.69568	-1.0
442.70312	-1.0
442.7503	-1.0
442.77197	1.0
442.78476	-1.0
442.7998	-1.0
442.8083	-1.0
442.81305	1.0
442.81995	-1.0
442.8844	-1.0
442.91943	-1.0
442.92587	-1.0
442.9854	-1.0
443.00665	-1.0
443.0319	-1.0
443.04163	1.0
443.08997	-1.0
443.13208	-1.0
443.1672	-1.0
446.36835	-1.0
446.37354	-1.0
446.3831	-1.0
446.3861	1.0
446.38925	1.0
446.39783	1.0
446.4005	-1.0
446.40353	-1.0
446.40765	-1.0
446.41168	-1.0
446.42593	-1.0
446.43344	-1.0
446.43933	1.0
446.44424	-1.0
446.44727	-1.0
446.45264	-1.0
446.47592	-1.0
446.51328	-1.0
446.5184	-1.0
446.5634	-1.0
446.57416	-1.0
446.58932	-1.0
446.59952	-1.0
446.65057	-1.0
446.6988	-1.0
446.73734	-1.0
446.77316	-1.0
446.8038	-1.0
446.83704	-1.0
446.85852	-1.0
446.86444	1.0
446.87228	-1.0
446.90775	-1.0
446.92105	-1.0
446.9264	1.0
450.35483	-1.0
450.3853	1.0
450.40833	-1.0
450.41748	-1.0
450.4207	-1.0
450.42975	-1.0
450.43265	-1.0
450.43564	-1.0
450.4471	-1.0
450.47925	-1.0
450.52237	-1.0
450.54248	-1.0
450.549	-1.0
450.55533	-1.0
450.58588	-1.0
450.60507	-1.0
450.63544	-1.0
450.64307	-1.0
450.6844	-1.0
450.69476	-1.0
450.7191	-1.0
450.74026	1.0
450.74756	-1.0
450.82324	-1.0
450.854	-1.0
450.8813	-1.0
450.88553	-1.0
450.8996	-1.0
450.95288	-1.0
451.03876	-1.0
451.60257	-1.0
453.94403	-1.0
453.9614	-1.0
453.96487	-1.0
453.9757	-1.0
453.98935	-1.0
453.9979	-1.0
454.013	-1.0
454.0255	-1.0
454.03857	-1.0
454.0446	-1.0
454.05792	-1.0
454.10583	-1.0
454.11948	1.0
454.12384	-1.0
454.14703	-1.0
454.1501	-1.0
454.15884	-1.0
454.16284	-1.0
454.17877	-1.0
454.1863	-1.0
454.20715	-1.0
454.2213	-1.0
454.27005	-1.0
454.30695	-1.0
454.31177	1.0
454.32828	-1.0
454.38403	-1.0
454.40152	-1.0
454.43256	-1.0
454.46988	1.0
454.50372	-1.0
454.50854	-1.0
457.47644	-1.0
457.50452	-1.0
457.508	-1.0
457.5144	-1.0
457.52164	-1.0
457.55225	1.0
457.571	-1.0
457.5766	-1.0
457.5932	-1.0
457.64352	-1.0
457.65152	-1.0
457.6952	-1.0
457.8126	-1.0
457.86215	-1.0
457.8674	1.0
457.87167	-1.0
457.98264	-1.0
458.00052	-1.0
458.0451	-1.0
458.15668	-1.0
460.7053	-1.0
460.70804	-1.0
460.7186	-1.0
460.7249	-1.0
460.73724	1.0
460.7426	-1.0
460.74548	1.0
460.75146	-1.0
460.75543	1.0
460.7636	-1.0
460.78464	-1.0
460.78723	-1.0
460.79785	-1.0
460.80707	-1.0
460.8182	-1.0
460.84543	-1.0
460.85284	-1.0
460.87463	-1.0
460.8902	-1.0
460.903	-1.0
460.94293	-1.0
460.96063	-1.0
460.96445	-1.0
460.9846	-1.0
460.9911	-1.0
461.008	-1.0
461.0727	1.0
461.10196	-1.0
461.21588	-1.0
461.22873	1.0
461.27444	-1.0
461.31848	-1.0
461.374	-1.0
464.16077	-1.0
464.1639	-1.0
464.18137	-1.0
464.1891	-1.0
464.1943	-1.0
464.20636	-1.0
464.21164	1.0
464.21713	-1.0
464.2227	-1.0
464.2284	-1.0
464.2419	-1.0
464.2454	-1.0
464.2686	-1.0
464.28317	-1.0
464.2929	-1.0
464.3098	-1.0
464.31732	1.0
464.3426	-1.0
464.36743	-1.0
464.3753	-1.0
464.39792	-1.0
464.40594	-1.0
464.4419	-1.0
464.45868	-1.0
464.50705	-1.0
464.52817	-1.0
464.57355	-1.0
464.5802	-1.0
464.60095	-1.0
464.62933	-1.0
464.6607	-1.0
464.6797	1.0
464.69348	-1.0
467.66852	-1.0
467.67325	-1.0
467.67767	-1.0
467.6815	-1.0
467.6962	-1.0
467.69965	-1.0
467.715	1.0
467.72003	-1.0
467.743	-1.0
467.74588	-1.0
467.75067	-1.0
467.7593	-1.0
467.76764	-1.0
467.77835	-1.0
467.78223	-1.0
467.80084	-1.0
467.81052	-1.0
467.82535	-1.0
467.847	-1.0
467.86377	-1.0
467.8724	-1.0
467.88397	-1.0
467.93243	-1.0
467.95633	-1.0
467.99808	-1.0
468.0378	1.0
468.04492	-1.0
468.04895	-1.0
468.11548	-1.0
468.1454	-1.0
468.19824	-1.0
468.2419	-1.0
468.2559	-1.0
468.26425	-1.0
470.93112	-1.0
470.94083	-1.0
470.97675	-1.0
470.98444	-1.0
470.9896	-1.0
470.99557	-1.0
471.01617	-1.0
471.02216	-1.0
471.05017	-1.0
471.07413	-1.0
471.08997	-1.0
471.09296	-1.0
471.103	1.0
471.11563	-1.0
471.1306	-1.0
471.15033	1.0
471.1657	-1.0
471.1755	1.0
471.18604	-1.0
471.22424	-1.0
471.23508	-1.0
471.28897	-1.0
471.30917	-1.0
471.3865	-1.0
471.4047	1.0
471.4795	-1.0
471.5516	-1.0
471.58865	-1.0
471.60785	-1.0
473.92624	-1.0
473.93253	-1.0
473.9378	-1.0
473.94955	-1.0
473.95447	-1.0
473.96207	-1.0
473.96832	-1.0
473.97244	-1.0
473.97504	-1.0
473.98303	1.0
473.99277	-1.0
473.99973	-1.0
474.00296	-1.0
474.00595	1.0
474.009	-1.0
474.01236	-1.0
474.04047	-1.0
474.0707	-1.0
474.0953	-1.0
474.12677	-1.0
474.16928	-1.0
474.21875	-1.0
474.25473	-1.0
474.2737	-1.0
474.334	-1.0
474.4943	-1.0
476.89575	-1.0
476.90533	-1.0
476.91895	-1.0
476.93573	-1.0
476.9454	-1.0
476.965	-1.0
476.96835	-1.0
476.9812	-1.0
476.98895	1.0
476.9955	-1.0
477.0078	-1.0
477.01056	-1.0
477.01523	-1.0
477.02496	-1.0
477.0339	-1.0
477.0552	-1.0
477.10275	-1.0
477.1138	-1.0
477.13745	-1.0
477.16772	-1.0
477.19272	-1.0
477.2047	-1.0
477.25864	-1.0
477.27075	1.0
477.2888	-1.0
477.36017	-1.0
479.78525	-1.0
479.81357	-1.0
479.81967	-1.0
479.829	-1.0
479.8315	-1.0
479.83615	-1.0
479.8478	-1.0
479.8512	1.0
479.8579	1.0
479.864	-1.0
479.87604	-1.0
479.88107	-1.0
479.89093	1.0
479.89468	-1.0
479.90045	-1.0
479.9134	-1.0
479.92703	-1.0
479.93417	-1.0
479.9416	-1.0
479.96075	-1.0
479.98996	-1.0
480.03745	-1.0
480.04697	-1.0
480.05157	-1.0
480.07077	-1.0
480.0811	-1.0
480.1062	-1.0
480.1124	1.0
480.1594	-1.0
480.16647	-1.0
480.1806	-1.0
480.18912	-1.0
480.2568	-1.0
480.2961	-1.0
480.34256	-1.0
480.369	-1.0
482.47223	-1.0
482.4941	-1.0
482.51324	-1.0
482.51688	-1.0
482.52603	-1.0
482.5295	1.0
482.5391	-1.0
482.55057	1.0
482.56723	-1.0
482.5728	-1.0
482.5803	-1.0
482.5828	1.0
482.59235	-1.0
482.5987	-1.0
482.64505	-1.0
482.69287	-1.0
482.70053	-1.0
482.7393	-1.0
482.7642	-1.0
482.78275	-1.0
482.81543	-1.0
482.8831	-1.0
485.70032	-1.0
485.7307	-1.0
485.73373	-1.0
485.7375	-1.0
485.74292	-1.0
485.7477	-1.0
485.75516	-1.0
485.7594	-1.0
485.7783	-1.0
485.78735	-1.0
485.7917	-1.0
485.8119	-1.0
485.8189	-1.0
485.8244	-1.0
485.83533	-1.0
485.83783	-1.0
485.86	-1.0
485.8636	-1.0
485.88367	-1.0
485.88715	1.0
485.90588	-1.0
485.92255	-1.0
485.94977	-1.0
485.98035	-1.0
486.0223	-1.0
486.02704	-1.0
486.03705	-1.0
486.05405	-1.0
486.06625	-1.0
486.06992	-1.0
486.0739	-1.0
486.1436	-1.0
486.19376	-1.0
486.20956	-1.0
489.05728	-1.0
489.0652	-1.0
489.0724	-1.0
489.0765	1.0
489.09656	-1.0
489.11084	-1.0
489.1174	-1.0
489.12537	1.0
489.14407	-1.0
489.17236	-1.0
489.18765	-1.0
489.20786	-1.0
489.2155	-1.0
489.2195	-1.0
489.24573	-1.0
489.2508	-1.0
489.25693	-1.0
489.2786	-1.0
489.29175	-1.0
489.32672	-1.0
489.34573	-1.0
489.36893	-1.0
489.37775	-1.0
489.40665	-1.0
489.43945	-1.0
489.45776	-1.0
489.46265	-1.0
489.488	-1.0
489.49292	-1.0
489.5315	-1.0
492.64886	-1.0
492.666	-1.0
492.67612	-1.0
492.68777	-1.0
492.69836	-1.0
492.70773	-1.0
492.71213	-1.0
492.71768	-1.0
492.7313	-1.0
492.74933	1.0
492.75253	-1.0
492.75543	-1.0
492.7613	-1.0
492.766	-1.0
492.78177	-1.0
492.789	-1.0
492.84692	-1.0
492.87708	-1.0
492.904	-1.0
492.91714	-1.0
492.9462	-1.0
492.96127	1.0
493.00073	-1.0
493.01205	-1.0
493.0165	-1.0
493.03415	-1.0
493.0692	-1.0
493.12573	1.0
493.14285	-1.0
493.16983	-1.0
493.17932	-1.0
493.22943	-1.0
495.43063	-1.0
495.45224	-1.0
495.458	-1.0
495.48245	-1.0
495.51337	-1.0
495.5308	-1.0
495.53516	-1.0
495.53983	-1.0
495.55264	-1.0
495.55673	-1.0
495.57855	-1.0
495.58423	1.0
495.60803	-1.0
495.65747	-1.0
495.66028	-1.0
495.66876	-1.0
495.68063	-1.0
495.70688	-1.0
495.71103	-1.0
498.49515	-1.0
498.5013	-1.0
498.5058	1.0
498.51016	-1.0
498.52136	-1.0
498.52563	1.0
498.53183	-1.0
498.53796	-1.0
498.5471	-1.0
498.56055	-1.0
498.56412	-1.0
498.57187	-1.0
498.57727	-1.0
498.58264	-1.0
498.58517	-1.0
498.5991	-1.0
498.60733	-1.0
498.61383	-1.0
498.6436	-1.0
498.64905	-1.0
498.69	-1.0
498.7333	-1.0
498.73633	-1.0
498.74097	-1.0
498.76044	-1.0
498.7816	-1.0
498.78824	-1.0
498.8039	-1.0
498.83545	-1.0
498.92664	-1.0
503.91772	-1.0
503.92563	-1.0
503.93076	-1.0
503.93408	-1.0
503.93835	-1.0
503.942	1.0
503.94724	-1.0
503.95593	-1.0
503.9605	-1.0
503.9644	-1.0
503.97397	-1.0
503.97897	-1.0
503.98373	-1.0
503.99283	-1.0
504.02557	-1.0
504.03372	-1.0
504.03647	-1.0
504.05035	-1.0
504.064	-1.0
504.1054	-1.0
504.11264	-1.0
504.1324	-1.0
504.141	-1.0
504.14972	-1.0
504.19067	-1.0
504.20764	-1.0
504.2369	-1.0
504.24808	-1.0
504.2679	-1.0
504.30725	-1.0
504.3195	-1.0
504.34067	-1.0
504.34772	-1.0
504.37817	-1.0
504.4094	-1.0
504.4143	1.0
504.46768	-1.0
504.4703	-1.0
506.924	-1.0
506.9272	1.0
506.9366	-1.0
506.94443	-1.0
506.9497	-1.0
506.9554	-1.0
506.9612	-1.0
506.9659	1.0
506.97803	-1.0
506.9868	-1.0
506.99304	-1.0
507.00223	1.0
507.00873	-1.0
507.01904	-1.0
507.0294	-1.0
507.06915	-1.0
507.10077	-1.0
507.11127	-1.0
507.15033	-1.0
507.15845	-1.0
509.3893	-1.0
509.39273	-1.0
509.39545	-1.0
509.4117	-1.0
509.4337	-1.0
509.4481	-1.0
509.45624	-1.0
509.46735	1.0
509.4705	1.0
509.47556	-1.0
509.48584	-1.0
509.49844	-1.0
509.5219	1.0
509.53708	-1.0
509.57065	-1.0
509.5972	-1.0
509.6475	-1.0
509.65167	-1.0
509.7047	-1.0
512.58167	-1.0
512.58844	-1.0
512.597	-1.0
512.60205	-1.0
512.6232	-1.0
512.63586	-1.0
512.6387	-1.0
512.6558	-1.0
512.684	-1.0
512.69226	-1.0
512.69794	-1.0
512.7023	-1.0
512.73175	-1.0
512.7384	-1.0
512.748	-1.0
512.7602	-1.0
512.7717	-1.0
512.78516	-1.0
512.8554	-1.0
512.9161	-1.0
515.32684	-1.0
515.34235	-1.0
515.35187	-1.0
515.3571	-1.0
515.3694	-1.0
515.3732	-1.0
515.3853	-1.0
515.3957	-1.0
515.4051	-1.0
515.4117	-1.0
515.4165	-1.0
515.4197	-1.0
515.4292	-1.0
515.4509	-1.0
515.4538	-1.0
515.45703	-1.0
515.4772	-1.0
515.48376	-1.0
515.4904	-1.0
515.49567	-1.0
515.5042	-1.0
515.5292	-1.0
515.5484	-1.0
515.60815	-1.0
515.64667	-1.0
518.1752	-1.0
518.23035	-1.0
518.2346	-1.0
518.2403	-1.0
518.2562	-1.0
518.25916	-1.0
518.2844	-1.0
518.29004	-1.0
518.2968	1.0
518.3036	-1.0
518.3187	-1.0
518.32324	-1.0
518.32587	-1.0
518.33606	1.0
518.358	-1.0
518.3835	-1.0
518.4035	-1.0
518.4214	-1.0
518.4453	-1.0
518.4499	-1.0
518.49274	-1.0
518.50214	-1.0
518.50867	-1.0
521.3803	-1.0
521.4087	-1.0
521.41315	-1.0
521.4282	-1.0
521.4326	-1.0
521.4404	-1.0
521.44495	-1.0
521.4523	-1.0
521.47	-1.0
521.4732	-1.0
521.481	-1.0
521.48694	-1.0
521.4916	-1.0
521.5096	-1.0
521.5222	-1.0
521.52783	1.0
521.5806	-1.0
521.6121	-1.0
521.6222	-1.0
521.668	-1.0
524.17834	-1.0
524.1918	-1.0
524.19586	-1.0
524.21533	-1.0
524.2269	-1.0
524.2331	-1.0
524.24927	-1.0
524.26013	-1.0
524.275	-1.0
524.2978	-1.0
524.3287	-1.0
524.34235	1.0
524.3565	-1.0
524.3627	-1.0
524.36993	1.0
524.4108	-1.0
524.49023	-1.0
526.7398	-1.0
526.74585	-1.0
526.7695	1.0
526.7721	-1.0
526.77527	-1.0
526.7799	-1.0
526.8022	-1.0
526.809	1.0
526.81195	1.0
526.8322	-1.0
526.84766	-1.0
526.877	-1.0
526.88654	-1.0
526.91113	-1.0
526.96576	-1.0
526.98224	-1.0
526.9851	-1.0
527.01184	-1.0
530.07916	-1.0
530.08307	-1.0
530.095	-1.0
530.099	-1.0
530.10626	-1.0
530.1161	-1.0
530.12933	-1.0
530.1379	-1.0
530.14105	-1.0
530.14984	-1.0
530.1586	-1.0
530.1682	-1.0
530.1734	-1.0
530.1928	-1.0
530.19946	-1.0
530.23816	1.0
530.2675	-1.0
530.2886	-1.0
530.3054	-1.0
530.31006	-1.0
530.33466	-1.0
530.3738	-1.0
532.726	-1.0
532.7855	-1.0
532.8079	-1.0
532.822	-1.0
532.83484	-1.0
532.8833	-1.0
533.5482	-1.0
533.56476	-1.0
533.5712	-1.0
533.5851	-1.0
533.5947	-1.0
533.5978	-1.0
533.6101	-1.0
533.6154	1.0
533.6261	-1.0
533.6362	-1.0
533.64514	-1.0
533.64954	-1.0
533.6562	-1.0
533.6657	-1.0
533.6848	-1.0
533.7227	-1.0
533.7668	-1.0
533.82007	-1.0
535.939	-1.0
535.9574	-1.0
535.973	-1.0
536.01025	-1.0
536.0337	-1.0
536.0427	-1.0
536.24207	-1.0
536.26263	-1.0
536.27106	1.0
536.28125	-1.0
536.32074	-1.0
536.3284	-1.0
536.3726	-1.0
536.3901	-1.0
536.405	1.0
536.42645	-1.0
536.49713	-1.0
538.3961	-1.0
538.4302	-1.0
538.43463	-1.0
538.4456	-1.0
538.46216	-1.0
538.4705	-1.0
538.4747	-1.0
538.50134	-1.0
538.50433	-1.0
538.5173	-1.0
538.5202	-1.0
538.5318	-1.0
538.54474	-1.0
538.5506	-1.0
538.5608	-1.0
538.5766	-1.0
538.60156	-1.0
538.6247	-1.0
541.85144	-1.0
541.89233	-1.0
541.8971	-1.0
541.90106	1.0
541.9201	-1.0
541.94763	-1.0
541.9597	1.0
541.96466	-1.0
541.9736	-1.0
541.977	-1.0
541.9874	-1.0
542.00476	-1.0
542.00757	1.0
542.0165	-1.0
542.0496	-1.0
542.08685	-1.0
542.10034	-1.0
542.1197	-1.0
542.147	-1.0
542.17053	-1.0
546.9662	-1.0
547.0236	-1.0
547.027	-1.0
547.0396	-1.0
547.04376	-1.0
547.0472	-1.0
547.0508	1.0
547.0652	-1.0
547.07745	-1.0
547.08704	-1.0
547.09546	-1.0
547.1208	-1.0
547.1254	1.0
547.14014	-1.0
547.14526	-1.0
547.1543	-1.0
547.16254	1.0
547.2104	-1.0
547.24634	-1.0
547.2624	-1.0
547.31055	-1.0
547.32513	-1.0
547.32874	-1.0
547.3572	-1.0
551.8279	-1.0
551.85126	-1.0
551.8577	-1.0
551.87006	-1.0
551.874	-1.0
551.8963	-1.0
551.91754	-1.0
551.96826	-1.0
551.9848	-1.0
552.02655	-1.0
556.00214	-1.0
556.0142	1.0
556.0377	-1.0
556.0572	1.0
556.06433	1.0
556.07355	-1.0
556.0787	-1.0
556.0902	-1.0
556.09686	-1.0
556.10254	-1.0
556.1061	-1.0
556.1146	-1.0
556.12805	1.0
556.1309	-1.0
556.13556	-1.0
556.1428	-1.0
556.1789	-1.0
556.1918	-1.0
556.24426	-1.0
556.2524	-1.0
559.80853	-1.0
559.82654	-1.0
559.8374	-1.0
559.8416	-1.0
559.8611	-1.0
559.8696	-1.0
559.89844	-1.0
559.9178	-1.0
559.9204	-1.0
559.9416	-1.0
559.9787	-1.0
562.80927	-1.0
562.8358	-1.0
562.8597	1.0
562.89594	-1.0
562.89874	1.0
562.92725	-1.0
562.9483	1.0
562.952	-1.0
562.95483	-1.0
562.95764	-1.0
562.9868	-1.0
563.0196	-1.0
563.0841	-1.0
567.11066	-1.0
567.14453	-1.0
567.16974	-1.0
567.18225	-1.0
567.1998	-1.0
567.2132	-1.0
567.2164	-1.0
567.2323	-1.0
567.2499	-1.0
567.2774	-1.0
567.2852	-1.0
567.3205	-1.0
567.35394	-1.0
567.37244	-1.0
567.3962	-1.0
574.81067	-1.0
574.8343	-1.0
574.83734	-1.0
574.8422	-1.0
574.84686	-1.0
574.8657	-1.0
574.87427	-1.0
574.8797	-1.0
574.8876	-1.0
574.8904	1.0
574.90607	-1.0
574.91895	-1.0
574.92664	1.0
574.9367	1.0
574.97	-1.0
574.9806	-1.0
575.00885	-1.0
575.022	-1.0
575.1118	-1.0
578.4635	-1.0
578.4945	-1.0
578.53973	-1.0
578.54834	-1.0
578.5702	-1.0
578.5848	-1.0
578.5946	-1.0
578.6117	1.0
578.61554	1.0
578.6385	-1.0
578.66095	-1.0
578.69867	-1.0
581.6044	-1.0
581.7784	-1.0
581.7978	-1.0
581.82227	-1.0
581.8426	-1.0
581.8572	-1.0
581.8683	-1.0
581.87195	-1.0
581.8774	1.0
581.8807	-1.0
581.8887	-1.0
581.8996	-1.0
581.906	1.0
581.91266	-1.0
581.9177	-1.0
581.9266	-1.0
581.9451	-1.0
581.9506	-1.0
581.9629	-1.0
581.9662	-1.0
582.0209	-1.0
582.0279	-1.0
586.8169	1.0
586.8208	-1.0
586.8501	-1.0
586.8584	-1.0
586.87	-1.0
586.87494	-1.0
586.8783	-1.0
586.8942	-1.0
586.9053	-1.0
586.91376	-1.0
586.98175	-1.0
586.9846	-1.0
586.99207	-1.0
587.03955	-1.0
587.0487	-1.0
587.0705	-1.0
587.42365	-1.0
587.4272	-1.0
587.4355	1.0
587.46045	-1.0
587.4657	-1.0
587.4707	-1.0
587.48755	-1.0
593.1308	-1.0
593.1459	-1.0
593.1869	-1.0
593.21765	-1.0
593.22125	-1.0
593.2398	-1.0
593.2489	1.0
593.26935	-1.0
593.282	-1.0
593.2851	1.0
593.2979	-1.0
593.35236	-1.0
593.3596	-1.0
593.4331	-1.0
597.0589	1.0
597.1804	-1.0
597.2042	-1.0
597.22485	-1.0
597.2456	-1.0
597.2831	-1.0
597.28815	-1.0
597.36646	-1.0
