0.00676	-1.0
0.01448	-1.0
0.06244	-1.0
0.12216	-1.0
0.25192	-1.0
0.2626	-1.0
0.42604	-1.0
0.45996	-1.0
0.56316	-1.0
0.6456	-1.0
0.676	-1.0
0.82044	-1.0
0.86052	-1.0
0.89248	-1.0
0.93584	-1.0
1.24392	-1.0
1.28168	-1.0
5.39812	-1.0
5.43532	-1.0
5.46984	-1.0
5.49272	-1.0
5.50516	-1.0
5.53196	-1.0
5.53924	-1.0
5.57448	-1.0
5.57836	-1.0
5.59656	-1.0
5.65752	-1.0
5.74076	-1.0
5.88488	-1.0
5.91036	-1.0
6.02728	-1.0
6.0488	-1.0
6.08392	-1.0
6.13664	-1.0
6.28588	-1.0
6.51748	-1.0
6.55204	-1.0
6.82764	-1.0
9.0806	-1.0
9.2338	1.0
9.40196	-1.0
9.4126	-1.0
9.43476	-1.0
9.59008	-1.0
9.89328	-1.0
9.92592	-1.0
9.97564	-1.0
11.8718	-1.0
11.88192	-1.0
11.90792	-1.0
12.03108	-1.0
12.18804	-1.0
12.20072	-1.0
12.47744	-1.0
14.93292	-1.0
15.04664	-1.0
15.12404	-1.0
15.14896	-1.0
15.19312	-1.0
15.23276	-1.0
15.2508	-1.0
15.4204	-1.0
15.58372	-1.0
15.59584	-1.0
15.9494	-1.0
15.99736	-1.0
16.01192	-1.0
16.26716	-1.0
16.44464	-1.0
19.42424	-1.0
19.4542	-1.0
19.48256	-1.0
19.48736	-1.0
19.51652	-1.0
19.54516	-1.0
19.5496	-1.0
19.56884	-1.0
19.6188	-1.0
19.74368	-1.0
19.80584	-1.0
19.85344	-1.0
19.87216	-1.0
19.9566	-1.0
19.99672	-1.0
20.31936	-1.0
20.35568	-1.0
20.37344	-1.0
20.67404	-1.0
24.8208	-1.0
24.84724	-1.0
24.9034	-1.0
24.9108	-1.0
24.91656	-1.0
24.92868	-1.0
24.99072	-1.0
25.0254	-1.0
25.1694	-1.0
25.17924	-1.0
25.25672	-1.0
25.32336	-1.0
25.39684	-1.0
25.52424	-1.0
25.93944	-1.0
25.95484	-1.0
29.82064	-1.0
29.8294	-1.0
29.86	-1.0
29.88004	1.0
29.8838	-1.0
29.89296	-1.0
29.898	-1.0
29.90216	-1.0
29.90772	-1.0
29.91364	-1.0
29.93752	-1.0
30.0048	-1.0
30.03964	-1.0
30.05988	-1.0
30.09684	-1.0
30.11016	-1.0
30.1496	-1.0
30.16192	-1.0
30.23492	-1.0
30.28372	-1.0
30.33608	-1.0
30.47652	-1.0
30.69732	-1.0
30.8048	-1.0
30.85204	-1.0
31.07756	-1.0
31.1992	-1.0
31.27604	-1.0
35.6904	-1.0
35.69892	-1.0
35.71404	-1.0
35.72584	-1.0
35.75508	-1.0
35.76744	-1.0
35.86744	-1.0
35.89148	-1.0
35.90956	-1.0
35.91744	-1.0
35.92444	-1.0
36.049	-1.0
36.06552	-1.0
36.13104	-1.0
36.23236	-1.0
36.28616	-1.0
36.34848	1.0
36.373	-1.0
36.4844	-1.0
36.615	-1.0
36.67924	-1.0
36.93204	-1.0
37.91744	-1.0
37.93316	-1.0
38.53392	1.0
40.47196	-1.0
40.48288	-1.0
40.50448	1.0
40.52104	1.0
40.5324	1.0
40.54604	-1.0
40.57724	-1.0
40.74984	-1.0
40.779	-1.0
40.81252	-1.0
40.88948	-1.0
40.92408	-1.0
40.95532	-1.0
41.0042	-1.0
41.03348	-1.0
41.05684	-1.0
41.14724	-1.0
41.17128	-1.0
41.1774	-1.0
41.2016	-1.0
41.26688	-1.0
41.28396	1.0
41.61432	-1.0
41.77308	1.0
41.80352	-1.0
44.66468	-1.0
44.70344	-1.0
44.72844	-1.0
44.73892	-1.0
44.761	-1.0
44.76744	-1.0
44.82612	-1.0
44.892	-1.0
44.97576	-1.0
45.01292	-1.0
45.05732	-1.0
45.06184	-1.0
45.08724	-1.0
45.11644	-1.0
45.26688	-1.0
45.29296	-1.0
45.31768	-1.0
45.32184	-1.0
45.499	-1.0
45.63344	-1.0
45.69868	-1.0
45.742	-1.0
46.02452	-1.0
47.81744	1.0
49.22788	-1.0
49.23996	-1.0
49.25524	-1.0
49.2624	-1.0
49.27616	-1.0
49.31188	-1.0
49.32768	-1.0
49.33212	-1.0
49.36304	-1.0
49.39692	1.0
49.43376	-1.0
49.4516	-1.0
49.4746	-1.0
49.49768	-1.0
49.55772	-1.0
49.63472	-1.0
49.66528	1.0
49.71212	-1.0
49.81548	-1.0
49.99204	-1.0
50.10032	-1.0
50.23424	-1.0
50.25136	-1.0
50.42684	-1.0
50.44164	-1.0
50.85896	-1.0
50.9202	-1.0
54.44932	-1.0
54.46576	-1.0
54.50952	-1.0
54.526	-1.0
54.5314	-1.0
54.54776	-1.0
54.56268	-1.0
54.5718	-1.0
54.6086	-1.0
54.66528	-1.0
54.68204	-1.0
54.71148	-1.0
54.83108	-1.0
54.94696	-1.0
54.961	-1.0
54.9782	-1.0
55.00208	-1.0
55.0234	-1.0
55.04804	-1.0
55.17228	-1.0
55.21268	1.0
55.46892	1.0
55.58452	-1.0
59.58512	1.0
59.5878	-1.0
59.59376	-1.0
59.60372	-1.0
59.62344	-1.0
59.63184	-1.0
59.64632	-1.0
59.67436	-1.0
59.6798	-1.0
59.68292	-1.0
59.69072	-1.0
59.75016	-1.0
59.78592	-1.0
59.82748	-1.0
59.86432	-1.0
59.94452	-1.0
59.97216	-1.0
60.062	-1.0
60.10728	-1.0
60.12832	-1.0
60.14236	-1.0
60.167	-1.0
60.28276	-1.0
60.39576	-1.0
60.41904	-1.0
63.82536	-1.0
63.84536	-1.0
63.86028	-1.0
63.87288	-1.0
63.8838	-1.0
63.89252	-1.0
63.91588	-1.0
63.93996	-1.0
63.94508	1.0
63.96332	-1.0
63.97912	1.0
63.98668	-1.0
63.99916	-1.0
64.06564	-1.0
64.07228	-1.0
64.10404	-1.0
64.12868	-1.0
64.15428	-1.0
64.17552	-1.0
64.1874	-1.0
64.19872	-1.0
64.22556	-1.0
64.25548	-1.0
64.39848	1.0
64.41828	-1.0
64.43692	-1.0
64.48612	-1.0
64.70888	-1.0
64.75112	-1.0
64.95756	-1.0
68.23356	-1.0
68.25532	-1.0
68.26608	1.0
68.27624	-1.0
68.28704	-1.0
68.29328	-1.0
68.31144	-1.0
68.31608	1.0
68.32604	-1.0
68.34032	-1.0
68.34916	-1.0
68.36148	-1.0
68.36936	-1.0
68.37648	-1.0
68.39444	-1.0
68.4228	-1.0
68.43108	-1.0
68.44076	-1.0
68.46228	-1.0
68.50716	-1.0
68.52228	-1.0
68.57616	-1.0
68.58592	-1.0
68.61448	-1.0
68.63692	-1.0
68.656	-1.0
68.66508	-1.0
68.67208	-1.0
68.71812	-1.0
68.75148	-1.0
68.77288	-1.0
68.80284	-1.0
68.87744	-1.0
68.90764	-1.0
69.14204	-1.0
69.16964	-1.0
69.38284	-1.0
73.52504	1.0
73.52984	-1.0
73.53656	-1.0
73.55332	-1.0
73.55796	-1.0
73.58812	-1.0
73.60084	-1.0
73.63004	-1.0
73.64164	-1.0
73.6862	-1.0
73.68944	-1.0
73.7242	-1.0
73.75792	-1.0
73.7882	-1.0
73.8184	-1.0
73.82152	-1.0
73.847	1.0
73.89464	-1.0
73.9172	-1.0
73.99408	1.0
74.03244	-1.0
74.12396	-1.0
74.12744	-1.0
74.15064	-1.0
74.156	-1.0
74.31488	-1.0
74.3346	-1.0
74.35316	-1.0
74.36532	-1.0
74.38996	-1.0
74.4284	-1.0
74.69336	-1.0
78.493	-1.0
78.50304	-1.0
78.5094	-1.0
78.51288	1.0
78.5174	-1.0
78.5256	-1.0
78.53096	1.0
78.54092	-1.0
78.56552	-1.0
78.5948	-1.0
78.60108	-1.0
78.63608	-1.0
78.6788	-1.0
78.684	-1.0
78.70592	-1.0
78.72644	-1.0
78.74472	1.0
78.77568	-1.0
78.80472	-1.0
78.83364	-1.0
78.8662	1.0
78.88964	-1.0
78.92488	-1.0
78.93704	-1.0
78.98936	-1.0
79.08928	-1.0
79.3142	-1.0
79.37248	-1.0
79.56164	-1.0
83.87272	-1.0
83.87968	-1.0
83.8836	1.0
83.88712	-1.0
83.8958	-1.0
83.93288	-1.0
83.95636	-1.0
83.9592	-1.0
84.01128	-1.0
84.02468	-1.0
84.05472	-1.0
84.08544	-1.0
84.13296	-1.0
84.16932	-1.0
84.19856	-1.0
84.26052	-1.0
84.30984	1.0
84.3354	-1.0
84.37372	-1.0
84.39784	-1.0
84.43696	1.0
84.46352	-1.0
84.59764	-1.0
84.68708	-1.0
84.71132	-1.0
84.8302	-1.0
84.90396	-1.0
84.94936	-1.0
84.99636	-1.0
85.02892	-1.0
88.3828	-1.0
88.3946	-1.0
88.42708	-1.0
88.43748	-1.0
88.44612	-1.0
88.48064	-1.0
88.48408	-1.0
88.50964	-1.0
88.51808	-1.0
88.5328	-1.0
88.54964	-1.0
88.58812	-1.0
88.59284	-1.0
88.6074	-1.0
88.6374	-1.0
88.64772	-1.0
88.65184	-1.0
88.66824	-1.0
88.75256	-1.0
88.79028	-1.0
88.81712	-1.0
88.83908	-1.0
88.853	-1.0
88.86804	-1.0
88.90484	-1.0
88.95616	-1.0
88.99196	-1.0
89.02128	-1.0
89.07428	-1.0
89.13172	-1.0
89.19352	-1.0
89.24704	-1.0
89.29224	-1.0
89.5496	-1.0
93.2306	-1.0
93.2386	-1.0
93.2574	-1.0
93.28228	-1.0
93.3088	-1.0
93.32008	-1.0
93.37736	-1.0
93.41076	-1.0
93.44192	-1.0
93.47224	-1.0
93.54052	-1.0
93.58728	-1.0
93.62044	-1.0
93.62988	-1.0
93.65524	-1.0
93.6854	-1.0
93.70016	-1.0
93.74304	-1.0
93.74612	-1.0
93.77332	-1.0
93.82152	-1.0
93.89632	-1.0
93.9216	-1.0
93.95396	-1.0
94.05492	-1.0
94.18984	-1.0
94.23376	-1.0
94.3588	-1.0
99.3188	-1.0
99.32412	-1.0
99.33464	1.0
99.35676	-1.0
99.42436	-1.0
99.48804	-1.0
99.49952	-1.0
99.50664	-1.0
99.51808	-1.0
99.54068	1.0
99.55368	-1.0
99.62924	-1.0
99.632	-1.0
99.65992	-1.0
99.68684	-1.0
99.70924	-1.0
99.74004	-1.0
99.77356	-1.0
99.77784	-1.0
99.84904	-1.0
99.88036	-1.0
99.89132	-1.0
99.908	-1.0
99.95432	-1.0
100.05612	-1.0
100.07728	-1.0
100.35092	1.0
100.40728	-1.0
100.63508	-1.0
100.78512	-1.0
100.80648	-1.0
100.84212	-1.0
100.84768	1.0
100.86128	-1.0
100.9056	-1.0
100.99068	-1.0
101.07668	-1.0
104.58344	-1.0
104.59124	-1.0
104.60484	-1.0
104.61256	-1.0
104.62764	-1.0
104.67544	-1.0
104.69804	-1.0
104.71076	-1.0
104.73376	-1.0
104.77032	-1.0
104.7878	-1.0
104.79716	-1.0
104.8378	-1.0
104.89824	-1.0
104.94396	-1.0
104.97736	-1.0
105.03852	-1.0
105.07376	-1.0
105.08524	-1.0
105.12328	-1.0
105.12952	-1.0
105.15564	1.0
105.17936	-1.0
105.2462	-1.0
105.30012	-1.0
105.32212	-1.0
105.34944	-1.0
105.37096	-1.0
105.4622	-1.0
105.48096	-1.0
105.564	-1.0
105.66532	-1.0
105.73224	-1.0
105.96464	-1.0
106.05168	-1.0
106.05836	-1.0
109.69172	-1.0
109.7064	-1.0
109.72796	-1.0
109.73284	-1.0
109.7416	-1.0
109.76788	-1.0
109.77364	-1.0
109.79836	-1.0
109.81544	-1.0
109.84368	-1.0
109.85476	1.0
109.88072	-1.0
109.90168	-1.0
109.95944	-1.0
109.96972	-1.0
109.97312	-1.0
109.99084	-1.0
110.00864	-1.0
110.0118	1.0
110.04976	-1.0
110.05268	-1.0
110.07512	-1.0
110.0792	-1.0
110.10372	-1.0
110.12232	-1.0
110.18896	-1.0
110.238	-1.0
110.313	-1.0
110.35764	-1.0
110.404	-1.0
110.4248	-1.0
110.47	1.0
110.50572	-1.0
110.59592	-1.0
110.67536	-1.0
110.70504	-1.0
110.76568	-1.0
111.03952	-1.0
112.9562	-1.0
114.8222	-1.0
114.83364	-1.0
114.84868	1.0
114.86088	-1.0
114.86836	-1.0
114.88564	-1.0
114.89684	-1.0
114.92744	1.0
114.93232	-1.0
114.98444	-1.0
114.98936	1.0
114.99664	-1.0
115.01044	-1.0
115.026	-1.0
115.03832	-1.0
115.04932	-1.0
115.05396	-1.0
115.0796	-1.0
115.1058	-1.0
115.12428	-1.0
115.1924	-1.0
115.22884	-1.0
115.24888	-1.0
115.26412	-1.0
115.34636	-1.0
115.34944	-1.0
115.38288	-1.0
115.40208	-1.0
115.49008	-1.0
115.53132	-1.0
115.57412	-1.0
115.67608	-1.0
115.81096	-1.0
115.91892	-1.0
116.04696	-1.0
116.05128	1.0
116.098	-1.0
116.40708	-1.0
116.46124	-1.0
119.78212	-1.0
119.78468	-1.0
119.80912	-1.0
119.81376	-1.0
119.82716	-1.0
119.8656	-1.0
119.87024	-1.0
119.90572	-1.0
119.91952	-1.0
119.94724	-1.0
119.98352	-1.0
120.011	-1.0
120.07728	-1.0
120.16092	-1.0
120.17984	1.0
120.24412	-1.0
120.25148	-1.0
120.26704	-1.0
120.29588	-1.0
120.32184	-1.0
120.33928	-1.0
120.36612	-1.0
120.39336	-1.0
120.41632	-1.0
120.69944	-1.0
120.7442	-1.0
120.84672	-1.0
120.8828	-1.0
120.89364	1.0
121.06404	-1.0
121.0916	-1.0
121.13676	-1.0
124.86252	-1.0
124.87568	1.0
124.90756	-1.0
124.91744	-1.0
124.92748	-1.0
124.95692	-1.0
124.9648	-1.0
124.97972	-1.0
124.98232	-1.0
125.0492	-1.0
125.05956	-1.0
125.08848	-1.0
125.12656	-1.0
125.16748	-1.0
125.21084	1.0
125.2344	-1.0
125.24216	-1.0
125.3076	-1.0
125.32632	-1.0
125.36536	-1.0
125.39628	-1.0
125.45788	-1.0
125.54616	-1.0
125.58728	-1.0
125.60956	1.0
125.73684	-1.0
125.92304	-1.0
125.98008	-1.0
126.01848	-1.0
126.05748	-1.0
130.61195	-1.0
130.61688	-1.0
130.65472	-1.0
130.66664	-1.0
130.7196	-1.0
130.72272	-1.0
130.73952	-1.0
130.74272	-1.0
130.80447	-1.0
130.81796	-1.0
130.85176	1.0
130.85608	1.0
130.87927	-1.0
130.90056	-1.0
130.9496	-1.0
131.01253	-1.0
131.03932	-1.0
131.0632	-1.0
131.12216	-1.0
131.21484	-1.0
131.2818	-1.0
131.33992	-1.0
131.76396	-1.0
131.90356	-1.0
131.9488	-1.0
136.48308	-1.0
136.49171	-1.0
136.5096	-1.0
136.51672	-1.0
136.55096	-1.0
136.55568	1.0
136.57828	-1.0
136.59464	-1.0
136.60825	-1.0
136.62088	-1.0
136.65996	-1.0
136.67291	-1.0
136.75987	-1.0
136.84068	-1.0
136.91171	-1.0
136.91425	1.0
136.93156	-1.0
136.98969	-1.0
137.02124	-1.0
137.07236	-1.0
137.12643	-1.0
137.13753	-1.0
137.2512	-1.0
137.27753	1.0
137.33572	1.0
137.35812	1.0
137.37148	-1.0
137.45384	-1.0
137.61385	-1.0
137.64368	-1.0
137.69427	-1.0
137.87256	-1.0
137.93396	-1.0
142.44225	-1.0
142.4546	-1.0
142.47084	-1.0
142.4888	-1.0
142.52756	-1.0
142.55827	-1.0
142.5808	-1.0
142.60652	-1.0
142.60963	1.0
142.63124	-1.0
142.64392	-1.0
142.69008	-1.0
142.70747	-1.0
142.72227	-1.0
142.7394	-1.0
142.75957	-1.0
142.81303	-1.0
142.82584	-1.0
142.8744	-1.0
142.91795	-1.0
143.14	-1.0
143.20808	-1.0
143.27087	-1.0
143.43604	-1.0
143.53333	-1.0
143.54527	-1.0
143.613	-1.0
143.6924	-1.0
143.76547	-1.0
143.80328	-1.0
148.6848	-1.0
148.69516	-1.0
148.72005	1.0
148.73364	-1.0
148.75352	-1.0
148.77457	-1.0
148.79692	-1.0
148.80151	-1.0
148.80836	-1.0
148.83385	-1.0
148.90956	-1.0
148.95656	-1.0
148.98264	-1.0
148.9912	-1.0
149.03032	-1.0
149.04897	1.0
149.06816	-1.0
149.09184	-1.0
149.1498	1.0
149.20895	-1.0
149.21188	-1.0
149.2624	-1.0
149.28084	1.0
149.30052	-1.0
149.32285	1.0
149.32596	-1.0
149.3644	-1.0
149.37724	-1.0
149.46872	-1.0
149.73528	1.0
149.79208	-1.0
149.84032	-1.0
149.92809	-1.0
149.96564	-1.0
149.9708	-1.0
150.03276	-1.0
150.07344	-1.0
153.68736	-1.0
153.69112	1.0
153.73515	-1.0
153.81068	1.0
153.84187	-1.0
153.87372	-1.0
153.87776	-1.0
153.89903	-1.0
153.90532	-1.0
153.94711	-1.0
153.96896	-1.0
154.06032	-1.0
154.11464	-1.0
154.14308	-1.0
154.17387	-1.0
154.23912	-1.0
154.30405	-1.0
154.462	-1.0
154.48224	1.0
154.72276	-1.0
154.73885	-1.0
154.97452	-1.0
159.97408	1.0
159.97748	-1.0
159.9904	-1.0
160.03612	-1.0
160.13512	-1.0
160.15964	1.0
160.18164	-1.0
160.2744	-1.0
160.30432	-1.0
160.34892	1.0
160.46692	1.0
160.49963	-1.0
160.6504	-1.0
160.69728	-1.0
160.77805	-1.0
160.81348	-1.0
160.92212	1.0
160.93137	-1.0
161.13664	-1.0
166.26244	-1.0
166.26653	1.0
166.27016	-1.0
166.28268	-1.0
166.30952	-1.0
166.33372	-1.0
166.35213	1.0
166.3848	-1.0
166.3924	-1.0
166.47984	-1.0
166.51772	-1.0
166.52748	-1.0
166.5814	-1.0
166.5842	-1.0
166.6712	-1.0
166.703	-1.0
166.77711	-1.0
166.84209	-1.0
166.89952	-1.0
166.9454	-1.0
167.17516	-1.0
167.27824	-1.0
167.3104	-1.0
167.34537	1.0
167.39108	-1.0
167.54776	-1.0
167.563	-1.0
167.69733	-1.0
167.73444	-1.0
167.78804	-1.0
167.86365	-1.0
167.9118	-1.0
167.961	-1.0
168.00555	-1.0
172.90388	-1.0
172.9086	1.0
172.91364	-1.0
172.91992	-1.0
172.93164	-1.0
172.936	1.0
172.93877	-1.0
172.95248	1.0
172.97412	-1.0
172.9836	-1.0
172.99892	-1.0
173.02225	-1.0
173.04504	1.0
173.12708	-1.0
173.19788	-1.0
173.20232	-1.0
173.20724	-1.0
173.251	-1.0
173.318	1.0
173.3274	-1.0
173.38788	-1.0
173.41676	-1.0
173.48653	-1.0
173.55356	-1.0
173.63773	-1.0
173.65344	-1.0
173.6786	-1.0
173.77876	1.0
173.81824	-1.0
173.92896	1.0
174.04845	-1.0
174.29675	-1.0
174.32104	-1.0
179.06116	-1.0
179.07117	1.0
179.07944	-1.0
179.0904	-1.0
179.12096	-1.0
179.12749	-1.0
179.17172	-1.0
179.19067	-1.0
179.19504	-1.0
179.21568	-1.0
179.24744	-1.0
179.26208	-1.0
179.28264	-1.0
179.32031	-1.0
179.34917	-1.0
179.36124	1.0
179.36736	-1.0
179.37488	-1.0
179.4166	-1.0
179.42332	-1.0
179.45728	-1.0
179.5294	-1.0
179.59352	-1.0
179.62036	-1.0
179.6354	1.0
179.67728	-1.0
179.68388	-1.0
179.72713	-1.0
179.75664	-1.0
179.78935	-1.0
179.84357	-1.0
179.92996	-1.0
180.02911	-1.0
184.8336	1.0
184.8378	-1.0
184.85728	-1.0
184.86629	-1.0
184.91196	-1.0
184.92831	-1.0
184.96996	-1.0
185.03271	-1.0
185.09192	-1.0
185.09732	-1.0
185.12527	-1.0
185.15276	-1.0
185.34756	-1.0
185.43796	-1.0
185.48744	-1.0
185.65376	1.0
185.695	-1.0
186.00316	-1.0
190.2084	-1.0
190.2632	-1.0
190.29536	-1.0
190.311	-1.0
190.32088	-1.0
190.33652	-1.0
190.36212	-1.0
190.36612	-1.0
190.42896	-1.0
190.45508	-1.0
190.45853	-1.0
190.4856	-1.0
190.53471	-1.0
190.58543	-1.0
190.64888	-1.0
190.79388	-1.0
190.84892	-1.0
190.87076	-1.0
191.052	-1.0
191.28052	-1.0
191.347	-1.0
191.453	-1.0
196.04056	-1.0
196.05756	-1.0
196.06789	-1.0
196.07164	-1.0
196.09256	-1.0
196.13008	-1.0
196.13615	-1.0
196.15504	-1.0
196.16072	1.0
196.19008	-1.0
196.23308	-1.0
196.27164	-1.0
196.2982	-1.0
196.30196	-1.0
196.32176	-1.0
196.37112	-1.0
196.40285	-1.0
196.42624	-1.0
196.52943	-1.0
196.66171	-1.0
196.6832	-1.0
196.96317	-1.0
197.02928	-1.0
197.37108	-1.0
197.41188	-1.0
201.95076	-1.0
201.99112	-1.0
202.03188	-1.0
202.07452	1.0
202.10149	-1.0
202.12148	-1.0
202.2284	-1.0
202.28268	-1.0
202.28668	-1.0
202.33896	-1.0
202.34404	-1.0
202.38936	-1.0
202.3928	-1.0
202.42436	-1.0
202.573	-1.0
202.61269	-1.0
202.6238	-1.0
202.79396	-1.0
203.15569	-1.0
203.17883	-1.0
207.8462	-1.0
207.89355	1.0
207.9028	-1.0
207.92007	-1.0
207.94112	1.0
207.96107	-1.0
207.9758	-1.0
208.017	-1.0
208.03424	-1.0
208.0688	-1.0
208.224	-1.0
208.24132	-1.0
208.25836	-1.0
208.26105	-1.0
208.39116	-1.0
208.55652	-1.0
208.5878	-1.0
208.71191	-1.0
208.886	-1.0
208.9552	-1.0
213.72205	-1.0
213.73892	-1.0
213.79608	1.0
213.83627	-1.0
213.85704	-1.0
213.8776	1.0
213.92436	-1.0
213.92851	-1.0
213.9506	-1.0
213.97984	-1.0
213.98747	-1.0
214.03384	-1.0
214.1874	-1.0
214.28516	-1.0
214.30788	-1.0
214.33691	-1.0
214.43044	-1.0
214.5034	1.0
214.81396	-1.0
219.33904	-1.0
219.3606	-1.0
219.37672	-1.0
219.39565	-1.0
219.41704	1.0
219.42	-1.0
219.44188	-1.0
219.44891	-1.0
219.50269	-1.0
219.55672	-1.0
219.57472	-1.0
219.73904	1.0
219.81596	-1.0
219.81863	-1.0
219.90324	-1.0
219.91785	-1.0
219.94568	-1.0
220.05736	-1.0
220.11913	-1.0
220.12515	-1.0
220.18665	-1.0
220.4058	-1.0
220.45905	-1.0
220.47832	-1.0
220.57512	-1.0
220.64648	-1.0
225.26917	-1.0
225.27309	1.0
225.28384	-1.0
225.30013	-1.0
225.31989	-1.0
225.32832	-1.0
225.34904	-1.0
225.36543	1.0
225.38857	-1.0
225.42276	-1.0
225.4708	-1.0
225.51517	-1.0
225.52664	-1.0
225.57948	-1.0
225.60657	-1.0
225.7024	-1.0
225.71413	-1.0
225.76431	-1.0
225.8604	-1.0
225.91985	-1.0
225.98184	-1.0
226.0788	-1.0
226.15388	-1.0
226.18848	-1.0
226.19711	-1.0
226.39272	-1.0
226.49756	-1.0
230.7748	-1.0
230.81116	1.0
230.81456	1.0
230.82928	-1.0
230.85712	-1.0
230.87112	-1.0
230.88916	-1.0
230.91792	1.0
230.9462	-1.0
230.95012	1.0
231.01189	1.0
231.03252	-1.0
231.05363	-1.0
231.08311	-1.0
231.12276	-1.0
231.23396	-1.0
231.27605	-1.0
231.34836	-1.0
231.51051	1.0
231.62093	1.0
232.00812	-1.0
236.62112	-1.0
236.63092	-1.0
236.6864	-1.0
236.70888	-1.0
236.71812	-1.0
236.7352	-1.0
236.73868	-1.0
236.78308	-1.0
236.81293	1.0
236.92197	1.0
236.9494	-1.0
237.12073	-1.0
237.17836	-1.0
237.24684	-1.0
237.35272	-1.0
237.42757	-1.0
237.68929	-1.0
237.79665	-1.0
237.86935	-1.0
242.17216	-1.0
242.18524	1.0
242.22672	-1.0
242.30284	-1.0
242.3272	-1.0
242.33772	-1.0
242.35011	-1.0
242.4014	-1.0
242.45552	-1.0
242.46603	-1.0
242.50745	-1.0
242.55992	-1.0
242.7598	-1.0
243.00056	-1.0
243.12816	-1.0
243.65572	-1.0
248.64748	-1.0
248.65929	-1.0
248.67184	1.0
248.728	-1.0
248.8492	-1.0
248.923	-1.0
248.943	-1.0
248.97264	-1.0
249.05548	-1.0
249.08664	-1.0
249.20496	-1.0
249.23453	-1.0
249.35297	-1.0
249.46497	1.0
249.63351	-1.0
249.66985	-1.0
249.75143	-1.0
249.82169	-1.0
249.886	-1.0
249.94987	-1.0
250.03703	-1.0
255.00348	-1.0
255.03004	-1.0
255.08664	-1.0
255.11076	-1.0
255.13504	-1.0
255.16373	-1.0
255.16812	-1.0
255.21092	-1.0
255.23384	-1.0
255.2602	-1.0
255.3138	-1.0
255.34552	-1.0
255.454	-1.0
255.50508	-1.0
255.52975	-1.0
255.61227	1.0
255.74425	-1.0
255.91156	-1.0
256.03888	-1.0
260.2352	-1.0
260.23975	1.0
260.2606	-1.0
260.27432	1.0
260.2778	-1.0
260.29672	1.0
260.30353	-1.0
260.359	-1.0
260.39	-1.0
260.4089	1.0
260.44284	-1.0
260.46643	-1.0
260.50217	1.0
260.5136	-1.0
260.539	-1.0
260.66003	-1.0
260.69333	-1.0
260.93863	-1.0
260.9999	-1.0
261.0364	-1.0
261.16248	-1.0
261.24768	1.0
261.43384	-1.0
265.7488	1.0
265.7946	-1.0
265.82404	-1.0
265.83328	-1.0
265.85425	-1.0
265.86417	-1.0
265.8788	1.0
265.8826	-1.0
266.03793	-1.0
266.08728	1.0
266.11713	1.0
266.12048	-1.0
266.34967	-1.0
266.39737	-1.0
266.60504	-1.0
266.7552	-1.0
271.2541	-1.0
271.28317	-1.0
271.316	-1.0
271.321	1.0
271.33432	-1.0
271.41287	-1.0
271.43695	-1.0
271.4462	-1.0
271.46368	-1.0
271.48535	-1.0
271.4964	-1.0
271.518	-1.0
271.54428	1.0
271.70996	-1.0
271.9298	-1.0
272.03308	-1.0
272.04193	-1.0
272.23212	-1.0
272.2929	-1.0
274.84836	1.0
274.89435	-1.0
274.89728	-1.0
274.90085	-1.0
274.93195	-1.0
274.99475	-1.0
275.03903	-1.0
275.05933	1.0
275.10016	-1.0
275.11017	-1.0
275.29922	-1.0
275.30676	-1.0
275.4224	-1.0
275.42517	-1.0
275.4428	-1.0
275.77927	-1.0
281.38065	-1.0
281.41312	1.0
281.4288	-1.0
281.49463	-1.0
281.51944	-1.0
281.56528	-1.0
281.58084	-1.0
281.60907	-1.0
281.68347	1.0
281.7155	-1.0
281.73624	-1.0
281.7754	-1.0
281.9481	-1.0
282.001	-1.0
282.01712	-1.0
282.15823	-1.0
282.31488	-1.0
286.46786	-1.0
286.51553	-1.0
286.56644	-1.0
286.605	-1.0
286.62103	-1.0
286.68173	1.0
286.89468	-1.0
286.94632	-1.0
287.0314	1.0
287.0357	-1.0
287.09583	-1.0
287.20956	-1.0
287.3274	-1.0
287.3849	-1.0
287.47357	-1.0
287.57925	-1.0
290.0112	-1.0
290.03143	-1.0
290.07825	-1.0
290.14767	-1.0
290.18365	-1.0
290.18732	-1.0
290.28375	-1.0
290.39792	-1.0
290.4261	-1.0
290.463	-1.0
290.5225	-1.0
290.60117	-1.0
290.6534	-1.0
290.75784	-1.0
290.77756	-1.0
290.8514	-1.0
290.87564	-1.0
295.4576	-1.0
295.5198	-1.0
295.52536	-1.0
295.54596	-1.0
295.58484	-1.0
295.61612	-1.0
295.6778	-1.0
295.68045	-1.0
295.7494	-1.0
295.7736	-1.0
295.78488	-1.0
295.89893	-1.0
295.95667	1.0
296.03214	-1.0
296.09448	-1.0
296.17838	-1.0
296.2316	1.0
296.30103	-1.0
300.40695	1.0
300.44897	-1.0
300.4553	1.0
300.4618	-1.0
300.479	-1.0
300.50192	-1.0
300.52682	-1.0
300.53775	-1.0
300.5902	-1.0
300.6101	-1.0
300.62317	-1.0
300.6471	-1.0
300.67197	-1.0
300.80344	-1.0
300.8355	-1.0
300.86356	-1.0
300.90723	-1.0
300.9561	-1.0
301.03073	-1.0
301.07245	-1.0
301.21213	-1.0
305.45215	-1.0
305.48947	-1.0
305.50635	-1.0
305.52335	-1.0
305.54013	-1.0
305.54596	-1.0
305.56323	-1.0
305.60245	-1.0
305.6249	-1.0
305.66937	-1.0
305.69135	-1.0
305.79507	-1.0
305.82812	-1.0
305.8807	-1.0
305.99356	-1.0
306.06488	-1.0
306.07117	-1.0
306.12875	-1.0
306.16095	-1.0
306.30972	-1.0
306.47424	-1.0
310.24396	-1.0
310.27267	-1.0
310.28665	-1.0
310.29944	-1.0
310.3513	-1.0
310.37555	1.0
310.4146	-1.0
310.4262	-1.0
310.512	-1.0
310.52496	-1.0
310.5331	-1.0
310.7094	-1.0
310.72336	-1.0
310.81488	-1.0
310.96057	-1.0
310.9798	-1.0
315.9127	-1.0
315.9306	-1.0
315.93753	-1.0
315.96515	-1.0
315.98267	-1.0
315.9999	-1.0
316.00464	-1.0
316.017	-1.0
316.0324	-1.0
316.05835	-1.0
316.08545	-1.0
316.128	-1.0
316.14233	-1.0
316.25787	-1.0
316.4756	-1.0
316.57935	-1.0
316.8156	-1.0
321.0168	-1.0
321.02765	-1.0
321.0602	-1.0
321.0938	-1.0
321.15643	-1.0
321.17343	-1.0
321.19153	-1.0
321.2149	-1.0
321.31552	-1.0
321.33408	-1.0
321.3772	-1.0
321.39667	-1.0
321.4284	-1.0
321.45728	-1.0
321.4968	-1.0
321.5385	-1.0
321.57553	-1.0
321.6393	-1.0
321.74512	-1.0
321.77063	-1.0
321.77936	-1.0
322.0539	-1.0
325.96747	-1.0
325.99997	-1.0
326.12057	-1.0
326.14368	-1.0
326.156	-1.0
326.16653	-1.0
326.18567	-1.0
326.23825	-1.0
326.30197	-1.0
326.3254	-1.0
326.3675	-1.0
326.4062	-1.0
326.41104	-1.0
326.44897	-1.0
326.45248	-1.0
326.45837	-1.0
326.48972	-1.0
326.64932	-1.0
326.71027	-1.0
326.9216	-1.0
327.1269	-1.0
331.87177	-1.0
331.90524	-1.0
331.91293	-1.0
331.9364	-1.0
331.94324	-1.0
332.01047	-1.0
332.02505	-1.0
332.03723	-1.0
332.04953	-1.0
332.06967	-1.0
332.091	-1.0
332.10916	-1.0
332.12457	-1.0
332.13248	-1.0
332.1478	-1.0
332.2336	-1.0
332.3166	-1.0
332.41415	-1.0
332.42697	-1.0
332.48297	-1.0
332.49075	-1.0
332.54303	-1.0
332.56537	-1.0
332.7326	-1.0
332.8202	1.0
338.18756	-1.0
338.2084	-1.0
338.233	-1.0
338.25836	-1.0
338.2876	-1.0
338.3136	-1.0
338.32803	1.0
338.3388	-1.0
338.34195	-1.0
338.3539	-1.0
338.36475	-1.0
338.38455	-1.0
338.40182	-1.0
338.4109	-1.0
338.4178	-1.0
338.4347	-1.0
338.456	-1.0
338.47647	-1.0
338.48373	-1.0
338.52332	-1.0
338.5348	-1.0
338.5426	-1.0
338.62354	-1.0
338.6714	-1.0
338.73163	-1.0
338.80765	-1.0
338.82965	1.0
338.8322	-1.0
338.90067	-1.0
338.9114	-1.0
338.9298	-1.0
338.9605	-1.0
338.97772	-1.0
339.07523	-1.0
343.2676	-1.0
343.2766	-1.0
343.31192	-1.0
343.33023	-1.0
343.36032	-1.0
343.39584	-1.0
343.4121	-1.0
343.44385	-1.0
343.45572	-1.0
343.489	-1.0
343.50107	-1.0
343.5525	-1.0
343.5667	-1.0
343.5767	-1.0
343.63068	-1.0
343.69107	-1.0
343.70847	-1.0
343.77408	-1.0
343.7956	-1.0
343.80496	-1.0
343.83075	-1.0
343.84824	-1.0
343.86148	-1.0
343.90945	-1.0
343.96872	-1.0
343.9883	-1.0
343.99643	-1.0
344.01205	-1.0
344.05624	-1.0
348.61652	-1.0
348.632	-1.0
348.68936	-1.0
348.7055	-1.0
348.75836	-1.0
348.81348	-1.0
348.83405	-1.0
348.851	-1.0
348.86636	-1.0
348.91653	-1.0
348.92395	-1.0
348.92688	-1.0
348.95053	-1.0
348.98532	-1.0
349.0099	-1.0
349.03995	-1.0
349.13028	-1.0
349.17145	-1.0
349.17648	-1.0
349.18796	-1.0
349.23563	-1.0
349.26083	-1.0
349.2993	-1.0
349.34375	-1.0
349.4874	-1.0
349.51428	-1.0
353.67157	-1.0
353.67447	-1.0
353.6935	-1.0
353.71887	-1.0
353.7241	-1.0
353.73288	-1.0
353.74026	-1.0
353.74695	-1.0
353.75415	-1.0
353.77325	-1.0
353.79013	-1.0
353.79523	-1.0
353.80048	-1.0
353.80792	-1.0
353.82068	-1.0
353.83167	-1.0
353.83884	-1.0
353.85428	-1.0
353.85788	-1.0
353.8688	-1.0
353.88492	-1.0
353.90167	-1.0
353.92932	-1.0
353.94272	-1.0
353.96487	-1.0
354.08755	-1.0
354.09445	-1.0
354.107	-1.0
354.1617	-1.0
354.19656	-1.0
354.42307	1.0
354.43744	-1.0
354.4816	1.0
354.50183	-1.0
354.533	1.0
354.5984	-1.0
354.62372	-1.0
354.64587	-1.0
354.6558	-1.0
354.67395	-1.0
354.70605	-1.0
354.7249	-1.0
357.83023	1.0
358.37787	-1.0
358.4416	-1.0
358.4643	-1.0
358.47787	-1.0
358.5042	-1.0
358.54523	-1.0
358.59177	-1.0
358.59543	-1.0
358.60355	-1.0
358.62708	-1.0
358.65717	-1.0
358.66888	-1.0
358.72128	-1.0
358.7942	-1.0
358.82385	-1.0
358.84192	-1.0
358.91785	-1.0
358.94284	-1.0
359.01227	-1.0
359.01797	-1.0
359.05563	-1.0
359.06317	-1.0
359.28052	-1.0
363.4506	-1.0
363.4587	-1.0
363.47095	-1.0
363.48633	-1.0
363.51593	-1.0
363.53836	-1.0
363.60773	-1.0
363.68063	-1.0
363.7087	-1.0
363.7344	-1.0
363.75903	-1.0
363.7629	-1.0
363.78543	-1.0
363.80212	-1.0
363.84604	-1.0
363.88504	-1.0
363.91284	-1.0
363.9164	-1.0
363.92072	-1.0
363.96548	-1.0
363.97675	-1.0
364.2466	-1.0
364.27203	-1.0
364.29987	-1.0
364.36816	-1.0
368.41144	-1.0
368.4189	-1.0
368.428	-1.0
368.45053	-1.0
368.47906	-1.0
368.48996	-1.0
368.5098	-1.0
368.52347	-1.0
368.54407	-1.0
368.55515	-1.0
368.5619	-1.0
368.57452	-1.0
368.58264	-1.0
368.59204	-1.0
368.59967	-1.0
368.61288	-1.0
368.62756	-1.0
368.64847	-1.0
368.659	-1.0
368.69052	-1.0
368.73776	-1.0
368.78305	-1.0
368.7966	-1.0
368.88483	-1.0
368.9304	-1.0
368.9722	-1.0
369.00525	-1.0
369.02216	-1.0
369.03592	-1.0
369.05652	-1.0
369.09985	-1.0
369.15268	-1.0
369.16348	1.0
369.1846	-1.0
369.2136	-1.0
369.27573	-1.0
373.13013	-1.0
373.16513	-1.0
373.21927	1.0
373.22647	-1.0
373.2324	-1.0
373.24493	-1.0
373.26047	-1.0
373.2824	-1.0
373.28653	1.0
373.29172	-1.0
373.29877	-1.0
373.312	-1.0
373.3442	-1.0
373.3675	-1.0
373.39	-1.0
373.4002	-1.0
373.4128	-1.0
373.44232	-1.0
373.45264	-1.0
373.46225	-1.0
373.48764	-1.0
373.50696	-1.0
373.51776	-1.0
373.62967	-1.0
373.68472	-1.0
373.71365	1.0
373.73117	-1.0
373.73755	-1.0
373.7506	-1.0
373.7782	-1.0
373.8221	-1.0
373.8319	-1.0
373.8614	-1.0
373.9156	-1.0
373.9438	-1.0
373.96057	-1.0
373.98843	-1.0
373.996	-1.0
374.0654	-1.0
374.09323	-1.0
374.1978	-1.0
378.04004	-1.0
378.07617	-1.0
378.10577	-1.0
378.11603	-1.0
378.1316	-1.0
378.14444	1.0
378.16855	-1.0
378.18863	-1.0
378.22308	-1.0
378.27036	-1.0
378.28787	-1.0
378.43195	-1.0
378.44016	-1.0
378.44833	-1.0
378.48608	-1.0
378.55075	-1.0
378.5859	-1.0
378.5916	-1.0
378.6104	-1.0
378.62845	-1.0
378.63474	-1.0
378.64587	-1.0
378.67987	-1.0
378.7675	-1.0
382.28903	1.0
383.04233	-1.0
383.09204	-1.0
383.1028	-1.0
383.12234	-1.0
383.13748	-1.0
383.14276	-1.0
383.1513	-1.0
383.16275	-1.0
383.1699	-1.0
383.23987	-1.0
383.26553	-1.0
383.2926	-1.0
383.30713	-1.0
383.33728	1.0
383.3399	-1.0
383.3543	-1.0
383.37012	-1.0
383.37613	-1.0
383.38766	-1.0
383.4134	-1.0
383.43353	-1.0
383.45288	-1.0
383.4554	-1.0
383.47144	-1.0
383.51535	-1.0
383.57693	-1.0
383.5977	-1.0
383.63995	-1.0
383.6478	-1.0
383.68924	-1.0
383.7119	-1.0
383.74313	-1.0
383.76807	-1.0
383.90317	-1.0
383.94147	1.0
383.96887	-1.0
383.98376	-1.0
384.0063	-1.0
384.03964	-1.0
388.0644	-1.0
388.1114	-1.0
388.12607	-1.0
388.13077	-1.0
388.13617	-1.0
388.1519	-1.0
388.1616	-1.0
388.16483	-1.0
388.16843	-1.0
388.17273	-1.0
388.19012	-1.0
388.2026	-1.0
388.24612	-1.0
388.24924	-1.0
388.25232	-1.0
388.31085	-1.0
388.32336	-1.0
388.3571	-1.0
388.37173	-1.0
388.38156	-1.0
388.40552	-1.0
388.41495	-1.0
388.41815	-1.0
388.42392	-1.0
388.45883	-1.0
388.5265	1.0
388.59088	-1.0
388.62225	-1.0
388.66464	-1.0
388.69095	-1.0
388.72906	-1.0
388.87628	-1.0
388.88824	-1.0
388.91156	-1.0
388.95187	-1.0
388.96198	-1.0
389.07315	-1.0
389.097	-1.0
392.82288	-1.0
392.83444	-1.0
392.84537	-1.0
392.8636	-1.0
392.88385	-1.0
392.8884	-1.0
392.8992	-1.0
392.9117	-1.0
392.91757	-1.0
392.9212	1.0
392.94083	-1.0
392.95908	-1.0
392.97125	-1.0
392.9786	-1.0
392.98737	-1.0
393.0179	-1.0
393.03055	-1.0
393.05664	-1.0
393.06067	-1.0
393.09256	-1.0
393.11148	-1.0
393.13272	-1.0
393.18796	-1.0
393.19968	-1.0
393.25885	-1.0
393.2809	1.0
393.2886	-1.0
393.30484	-1.0
393.3169	-1.0
393.3396	-1.0
393.40167	-1.0
393.4847	-1.0
393.51437	-1.0
393.56808	-1.0
393.5899	-1.0
393.62927	-1.0
393.70743	-1.0
393.7232	-1.0
393.79544	-1.0
397.18048	-1.0
397.23303	-1.0
397.2499	-1.0
397.2826	-1.0
397.2961	-1.0
397.30447	-1.0
397.3355	-1.0
397.35703	-1.0
397.3832	-1.0
397.39377	-1.0
397.40073	-1.0
397.41132	-1.0
397.42996	-1.0
397.4381	-1.0
397.4807	-1.0
397.51407	-1.0
397.5808	-1.0
397.63	-1.0
397.6451	-1.0
397.6984	-1.0
397.70737	-1.0
397.7634	-1.0
397.7702	-1.0
397.80252	-1.0
397.83948	-1.0
397.902	-1.0
397.92636	-1.0
397.95316	-1.0
397.98984	-1.0
398.01233	-1.0
398.03464	-1.0
402.1177	-1.0
402.16537	-1.0
402.1699	-1.0
402.1858	-1.0
402.19748	-1.0
402.20493	-1.0
402.21524	-1.0
402.24176	-1.0
402.2545	-1.0
402.2817	-1.0
402.319	-1.0
402.398	-1.0
402.4091	-1.0
402.43155	-1.0
402.44724	-1.0
402.46445	-1.0
402.49585	-1.0
402.51944	-1.0
402.5408	-1.0
402.5623	-1.0
402.5866	-1.0
402.68375	-1.0
402.76184	-1.0
402.7766	-1.0
402.89575	-1.0
403.05887	-1.0
407.46127	-1.0
407.47055	-1.0
407.4764	1.0
407.48956	-1.0
407.49585	1.0
407.5019	-1.0
407.50644	-1.0
407.5112	-1.0
407.51868	-1.0
407.53412	-1.0
407.54	-1.0
407.5523	-1.0
407.5612	-1.0
407.57385	-1.0
407.58572	-1.0
407.59277	-1.0
407.6245	-1.0
407.62885	-1.0
407.6526	-1.0
407.68283	-1.0
407.7116	-1.0
407.7162	-1.0
407.71912	-1.0
407.73196	-1.0
407.7578	-1.0
407.8064	-1.0
407.82288	-1.0
407.88217	-1.0
407.91135	-1.0
407.9253	-1.0
407.94095	-1.0
407.97205	-1.0
408.10403	-1.0
408.12213	-1.0
408.13187	-1.0
408.159	-1.0
408.17203	-1.0
408.1854	-1.0
408.209	-1.0
408.23624	-1.0
408.29297	-1.0
408.30533	-1.0
411.7596	-1.0
411.80365	-1.0
411.81436	-1.0
411.83286	-1.0
411.83615	-1.0
411.84433	-1.0
411.84708	-1.0
411.8505	-1.0
411.8578	-1.0
411.86508	1.0
411.8691	-1.0
411.90308	-1.0
411.92667	-1.0
411.93216	-1.0
411.9737	-1.0
412.00815	-1.0
412.0272	-1.0
412.10147	-1.0
412.10907	-1.0
412.11917	-1.0
412.12592	-1.0
412.16165	-1.0
412.1913	-1.0
412.2053	-1.0
412.21405	-1.0
412.26016	-1.0
412.2983	-1.0
412.32855	-1.0
412.33453	-1.0
412.37488	-1.0
412.43396	-1.0
412.46933	-1.0
412.53583	-1.0
412.66052	-1.0
412.73297	-1.0
416.61646	-1.0
416.62003	-1.0
416.63013	-1.0
416.64487	-1.0
416.6484	-1.0
416.66595	-1.0
416.68753	-1.0
416.6997	-1.0
416.70844	-1.0
416.71597	1.0
416.72537	-1.0
416.72977	-1.0
416.73795	-1.0
416.74457	1.0
416.7712	-1.0
416.7951	-1.0
416.81055	-1.0
416.8188	-1.0
416.839	-1.0
416.8549	-1.0
416.94537	-1.0
416.9553	-1.0
416.9605	-1.0
417.03827	-1.0
417.04544	-1.0
417.05457	-1.0
417.06488	-1.0
417.07797	-1.0
417.1118	-1.0
417.14056	-1.0
417.16473	-1.0
417.17368	-1.0
417.19135	-1.0
417.19467	-1.0
417.20328	-1.0
417.2328	-1.0
417.31256	-1.0
417.334	-1.0
417.36652	-1.0
417.3984	-1.0
417.43372	-1.0
417.45328	-1.0
417.47147	-1.0
421.2687	-1.0
421.27386	-1.0
421.2895	-1.0
421.30963	-1.0
421.32343	-1.0
421.3271	-1.0
421.33105	-1.0
421.33636	1.0
421.36435	1.0
421.3751	-1.0
421.3875	-1.0
421.3975	-1.0
421.40952	-1.0
421.4188	-1.0
421.43484	-1.0
421.44376	-1.0
421.47803	-1.0
421.483	-1.0
421.48572	-1.0
421.504	1.0
421.50952	-1.0
421.5171	-1.0
421.54495	-1.0
421.55307	-1.0
421.5618	-1.0
421.58328	-1.0
421.58716	-1.0
421.62793	-1.0
421.64377	-1.0
421.65305	-1.0
421.6738	-1.0
421.69672	-1.0
421.7091	-1.0
421.73187	-1.0
421.758	-1.0
421.76593	-1.0
421.7882	-1.0
421.7965	-1.0
421.85233	-1.0
421.9256	-1.0
421.96786	-1.0
421.97784	-1.0
421.9998	-1.0
422.0373	-1.0
425.67804	-1.0
425.6949	-1.0
425.70956	-1.0
425.7146	-1.0
425.7184	-1.0
425.7329	-1.0
425.73984	-1.0
425.7476	-1.0
425.75256	-1.0
425.76056	-1.0
425.77225	-1.0
425.77707	-1.0
425.7944	-1.0
425.8054	-1.0
425.81683	-1.0
425.838	-1.0
425.8527	-1.0
425.87247	-1.0
425.893	-1.0
425.9385	-1.0
425.99268	-1.0
426.0411	-1.0
426.05157	-1.0
426.11685	-1.0
426.1681	-1.0
426.18497	-1.0
426.22495	1.0
426.22925	-1.0
426.31348	-1.0
426.37747	-1.0
426.4275	-1.0
426.4868	-1.0
426.50885	-1.0
429.63116	-1.0
429.637	-1.0
429.65573	-1.0
429.65988	1.0
429.66345	-1.0
429.67477	-1.0
429.68848	-1.0
429.7214	-1.0
429.77448	-1.0
429.78513	-1.0
429.85388	-1.0
429.8629	-1.0
429.87256	-1.0
429.88272	-1.0
429.9048	-1.0
429.93192	-1.0
429.96863	-1.0
429.98267	-1.0
429.99863	-1.0
430.00125	-1.0
430.02124	-1.0
430.0428	-1.0
430.09235	-1.0
430.1695	-1.0
430.17264	-1.0
430.38013	-1.0
433.6793	-1.0
433.6855	1.0
433.6972	-1.0
433.7016	-1.0
433.70743	-1.0
433.71573	-1.0
433.7212	-1.0
433.7252	-1.0
433.74173	-1.0
433.74692	-1.0
433.76343	-1.0
433.76828	1.0
433.77808	-1.0
433.79593	-1.0
433.82056	-1.0
433.83667	-1.0
433.88208	-1.0
433.88745	-1.0
433.89935	1.0
433.90637	-1.0
433.92404	-1.0
433.93808	1.0
433.95752	-1.0
434.00363	1.0
434.0583	-1.0
434.0706	-1.0
434.0799	-1.0
434.08804	-1.0
434.1192	-1.0
434.24152	-1.0
434.2604	-1.0
434.30676	-1.0
434.3471	-1.0
434.36432	-1.0
434.40012	-1.0
434.4192	-1.0
434.4268	-1.0
434.44775	-1.0
434.4629	-1.0
437.46313	-1.0
437.47113	-1.0
437.48297	-1.0
437.48804	-1.0
437.49103	-1.0
437.50073	-1.0
437.5066	-1.0
437.51065	-1.0
437.51572	1.0
437.53113	-1.0
437.5346	-1.0
437.558	-1.0
437.56116	-1.0
437.56543	-1.0
437.57117	-1.0
437.57587	-1.0
437.58273	-1.0
437.62515	-1.0
437.63235	-1.0
437.65063	-1.0
437.6701	-1.0
437.69156	-1.0
437.75824	-1.0
437.7994	-1.0
437.8058	-1.0
437.91617	-1.0
437.93207	-1.0
437.94345	-1.0
438.0565	-1.0
438.0894	-1.0
438.12503	-1.0
438.149	-1.0
442.45496	-1.0
442.4614	-1.0
442.46747	-1.0
442.4753	-1.0
442.49487	-1.0
442.5014	-1.0
442.5053	-1.0
442.51477	-1.0
442.52097	-1.0
442.52853	-1.0
442.53763	-1.0
442.54376	-1.0
442.55392	-1.0
442.5824	-1.0
442.6025	1.0
442.61145	-1.0
442.61737	-1.0
442.66568	-1.0
442.73615	-1.0
442.7404	-1.0
442.7432	-1.0
442.75012	-1.0
442.75568	-1.0
442.76672	-1.0
442.79428	1.0
442.80737	-1.0
442.82132	-1.0
442.8607	-1.0
442.8684	-1.0
442.8712	-1.0
442.88345	-1.0
442.91605	-1.0
442.958	-1.0
443.01053	-1.0
443.01608	-1.0
443.02332	-1.0
443.19156	-1.0
443.21527	-1.0
443.24756	-1.0
443.2575	-1.0
446.30353	-1.0
446.31915	-1.0
446.32968	-1.0
446.35083	-1.0
446.36368	-1.0
446.37912	-1.0
446.38315	-1.0
446.391	-1.0
446.40033	-1.0
446.40497	-1.0
446.43335	1.0
446.43787	-1.0
446.4486	-1.0
446.46667	-1.0
446.4804	-1.0
446.4894	-1.0
446.52463	-1.0
446.5332	-1.0
446.53888	-1.0
446.56	-1.0
446.58292	-1.0
446.59625	-1.0
446.61743	-1.0
446.68924	-1.0
446.71252	-1.0
446.7575	-1.0
446.7649	-1.0
446.80075	-1.0
446.83923	-1.0
446.876	-1.0
446.90143	-1.0
446.96628	-1.0
446.97696	-1.0
447.00085	-1.0
450.3589	-1.0
450.3665	-1.0
450.37973	-1.0
450.39575	-1.0
450.401	-1.0
450.41293	1.0
450.429	-1.0
450.4333	-1.0
450.43808	-1.0
450.44415	-1.0
450.45135	-1.0
450.45767	1.0
450.46884	-1.0
450.4756	-1.0
450.48212	-1.0
450.518	-1.0
450.52167	-1.0
450.52493	-1.0
450.53793	-1.0
450.6143	-1.0
450.66415	-1.0
450.68085	-1.0
450.68988	-1.0
450.69708	-1.0
450.70413	-1.0
450.72092	-1.0
450.74368	-1.0
450.7694	-1.0
450.77948	-1.0
450.8297	-1.0
450.87943	-1.0
450.89587	-1.0
450.97723	-1.0
451.0066	-1.0
451.01935	-1.0
451.0328	-1.0
451.04648	-1.0
453.89023	-1.0
453.91925	-1.0
453.92953	-1.0
453.94388	-1.0
453.94876	-1.0
453.95135	-1.0
453.954	-1.0
453.9625	-1.0
453.9686	-1.0
453.9718	-1.0
453.9808	-1.0
453.99677	-1.0
454.01752	-1.0
454.03857	-1.0
454.0638	-1.0
454.07352	-1.0
454.11816	-1.0
454.1708	-1.0
454.18832	-1.0
454.2024	-1.0
454.23645	-1.0
454.28665	-1.0
454.33673	-1.0
454.40955	-1.0
454.47787	-1.0
454.515	-1.0
454.54553	-1.0
457.4272	-1.0
457.4539	-1.0
457.464	-1.0
457.4748	-1.0
457.4889	-1.0
457.49756	-1.0
457.50528	-1.0
457.50925	-1.0
457.52386	-1.0
457.52707	-1.0
457.5467	-1.0
457.55637	-1.0
457.56308	-1.0
457.5739	-1.0
457.57944	-1.0
457.64932	-1.0
457.65665	-1.0
457.67273	-1.0
457.69235	-1.0
457.73764	-1.0
457.75397	-1.0
457.75812	-1.0
457.77036	-1.0
457.79013	-1.0
457.85715	-1.0
457.86627	-1.0
457.87927	-1.0
457.94864	-1.0
457.95868	-1.0
457.98853	-1.0
458.01562	-1.0
458.03635	-1.0
458.0789	-1.0
458.11972	-1.0
458.1492	-1.0
460.67365	-1.0
460.70535	-1.0
460.71924	-1.0
460.7297	-1.0
460.74023	1.0
460.7466	-1.0
460.75372	1.0
460.7595	-1.0
460.76248	-1.0
460.76505	-1.0
460.77185	-1.0
460.80008	-1.0
460.80417	-1.0
460.83896	-1.0
460.84433	1.0
460.86084	-1.0
460.87772	-1.0
460.913	-1.0
460.93912	-1.0
460.97333	-1.0
461.00665	-1.0
461.0342	-1.0
461.04572	-1.0
461.07065	-1.0
461.0754	-1.0
461.085	-1.0
461.11716	-1.0
461.12695	-1.0
461.21164	-1.0
461.2166	-1.0
461.2687	-1.0
461.27213	-1.0
461.3307	-1.0
461.3423	-1.0
461.38956	-1.0
464.1372	-1.0
464.1582	-1.0
464.19073	-1.0
464.19748	-1.0
464.20007	1.0
464.2161	-1.0
464.22372	1.0
464.23685	-1.0
464.24167	-1.0
464.25613	-1.0
464.29483	-1.0
464.29752	-1.0
464.3058	-1.0
464.32428	-1.0
464.3565	-1.0
464.362	-1.0
464.39316	-1.0
464.41757	-1.0
464.42838	-1.0
464.4578	-1.0
464.47095	-1.0
464.48093	-1.0
464.50525	-1.0
464.54935	-1.0
464.5698	-1.0
464.57648	-1.0
464.63525	-1.0
464.6662	-1.0
464.67432	-1.0
464.70087	-1.0
464.73853	-1.0
467.6518	-1.0
467.67545	-1.0
467.69247	1.0
467.69696	-1.0
467.70236	1.0
467.71863	-1.0
467.73047	-1.0
467.7394	-1.0
467.7521	-1.0
467.75504	-1.0
467.76505	-1.0
467.7765	-1.0
467.7812	-1.0
467.79053	-1.0
467.80576	-1.0
467.81253	-1.0
467.82553	-1.0
467.83392	-1.0
467.89117	-1.0
467.94135	-1.0
467.97168	-1.0
467.9919	-1.0
467.99893	-1.0
468.0189	-1.0
468.02856	-1.0
468.0558	-1.0
468.09103	-1.0
468.10913	-1.0
468.16376	-1.0
468.21423	-1.0
470.934	-1.0
470.93912	-1.0
470.94443	-1.0
470.9738	-1.0
470.99463	-1.0
471.0017	-1.0
471.02725	1.0
471.0318	-1.0
471.0492	-1.0
471.0591	1.0
471.0866	-1.0
471.09073	-1.0
471.1009	-1.0
471.10605	-1.0
471.1383	-1.0
471.15308	-1.0
471.17688	-1.0
471.2454	-1.0
471.3432	-1.0
471.3504	-1.0
471.42676	-1.0
471.43408	-1.0
471.52856	-1.0
473.8957	-1.0
473.90155	-1.0
473.90903	-1.0
473.9511	-1.0
473.95483	-1.0
473.9721	1.0
473.97607	-1.0
473.99387	-1.0
474.0046	-1.0
474.01132	-1.0
474.02872	-1.0
474.03287	-1.0
474.05637	-1.0
474.1249	-1.0
474.14105	-1.0
474.1479	-1.0
474.15317	-1.0
474.1788	-1.0
474.1878	-1.0
474.24673	-1.0
474.27972	-1.0
474.3029	-1.0
474.33527	-1.0
474.3414	-1.0
474.3574	-1.0
474.40012	-1.0
474.4448	-1.0
474.51044	-1.0
474.53503	-1.0
476.90512	-1.0
476.9086	-1.0
476.9235	-1.0
476.9436	-1.0
476.94708	-1.0
476.97284	-1.0
476.99283	-1.0
476.99637	-1.0
477.01477	-1.0
477.0216	-1.0
477.0261	-1.0
477.02905	-1.0
477.0505	-1.0
477.06735	-1.0
477.08163	-1.0
477.08704	-1.0
477.11237	-1.0
477.14615	1.0
477.1491	-1.0
477.20572	-1.0
477.2372	-1.0
477.25705	-1.0
477.29556	-1.0
477.3061	-1.0
477.33752	-1.0
477.35568	-1.0
477.36816	-1.0
477.4072	-1.0
477.42975	-1.0
479.7647	-1.0
479.80267	-1.0
479.81604	-1.0
479.83752	-1.0
479.84607	-1.0
479.8561	-1.0
479.86234	-1.0
479.86627	-1.0
479.88412	1.0
479.89465	-1.0
479.9253	-1.0
479.9516	-1.0
479.9755	-1.0
480.06064	-1.0
480.06458	-1.0
480.1506	-1.0
480.19016	-1.0
480.2072	-1.0
480.30948	-1.0
482.482	-1.0
482.4892	-1.0
482.5096	-1.0
482.52985	-1.0
482.5522	-1.0
482.55472	-1.0
482.5875	-1.0
482.60648	-1.0
482.65396	-1.0
482.67307	-1.0
482.69916	-1.0
482.73053	-1.0
482.75552	-1.0
482.7662	-1.0
482.79968	-1.0
482.8192	-1.0
482.87503	-1.0
482.9298	-1.0
485.70245	-1.0
485.73624	-1.0
485.746	-1.0
485.75064	-1.0
485.7639	-1.0
485.773	-1.0
485.78485	-1.0
485.78937	-1.0
485.79477	1.0
485.811	-1.0
485.82272	-1.0
485.83667	-1.0
485.84167	-1.0
485.88992	-1.0
485.9073	-1.0
485.91312	-1.0
485.93265	-1.0
485.9922	-1.0
486.03824	-1.0
486.06525	-1.0
486.13623	-1.0
486.23395	-1.0
489.0164	-1.0
489.0362	-1.0
489.07385	-1.0
489.07733	-1.0
489.08273	-1.0
489.0876	-1.0
489.09116	-1.0
489.0937	-1.0
489.1053	-1.0
489.1295	-1.0
489.1567	-1.0
489.17252	-1.0
489.17505	-1.0
489.20288	-1.0
489.20743	-1.0
489.2154	-1.0
489.2352	-1.0
489.2555	-1.0
489.31604	-1.0
489.4297	-1.0
489.4767	-1.0
489.48343	-1.0
489.51984	-1.0
489.55096	-1.0
489.56372	-1.0
489.62668	-1.0
492.62173	-1.0
492.6751	-1.0
492.68283	-1.0
492.69064	-1.0
492.70227	-1.0
492.70935	1.0
492.71783	-1.0
492.76028	1.0
492.76328	-1.0
492.78156	1.0
492.7948	-1.0
492.81415	-1.0
492.81943	-1.0
492.82324	-1.0
492.84332	-1.0
492.89676	-1.0
492.90015	-1.0
492.91116	1.0
492.93115	-1.0
492.93555	-1.0
492.9394	-1.0
492.94357	-1.0
492.983	-1.0
493.08524	-1.0
493.13052	-1.0
493.15097	-1.0
493.15927	-1.0
493.23007	-1.0
493.24487	-1.0
493.26456	-1.0
493.28268	-1.0
493.35623	-1.0
495.40472	-1.0
495.43973	-1.0
495.46863	-1.0
495.48557	-1.0
495.4941	-1.0
495.49835	-1.0
495.5096	-1.0
495.53183	-1.0
495.5744	-1.0
495.58344	-1.0
495.60648	-1.0
495.61108	-1.0
495.62888	-1.0
495.6363	-1.0
495.71683	-1.0
495.7498	-1.0
495.75656	-1.0
495.8154	-1.0
498.4777	1.0
498.4902	-1.0
498.49652	-1.0
498.50208	-1.0
498.51773	-1.0
498.52127	-1.0
498.5328	-1.0
498.54413	-1.0
498.55463	1.0
498.58148	-1.0
498.58545	-1.0
498.609	-1.0
498.61264	-1.0
498.63177	-1.0
498.64505	-1.0
498.7014	-1.0
498.80197	-1.0
498.82327	-1.0
498.92633	-1.0
498.9892	-1.0
503.9145	-1.0
503.91888	-1.0
503.9222	-1.0
503.93173	-1.0
503.95337	-1.0
503.958	-1.0
503.97363	1.0
503.97964	-1.0
504.0211	-1.0
504.06708	-1.0
504.0869	-1.0
504.0972	-1.0
504.1057	-1.0
504.17505	-1.0
504.188	-1.0
504.2118	-1.0
504.22424	-1.0
504.27615	-1.0
504.32217	-1.0
504.34253	-1.0
504.3826	-1.0
504.39923	-1.0
504.41888	-1.0
504.4322	-1.0
504.46588	-1.0
504.5072	-1.0
504.5315	-1.0
504.60968	-1.0
504.7239	-1.0
506.8674	-1.0
506.89133	-1.0
506.90857	-1.0
506.92413	-1.0
506.93604	-1.0
507.02368	-1.0
507.05295	-1.0
507.0577	-1.0
507.0915	-1.0
507.1008	-1.0
509.3617	-1.0
509.3673	-1.0
509.3902	-1.0
509.39612	-1.0
509.4462	1.0
509.45724	-1.0
509.46793	1.0
509.48135	-1.0
509.49033	-1.0
509.5117	-1.0
509.51428	-1.0
509.53952	-1.0
509.5655	-1.0
509.59308	-1.0
509.63733	-1.0
509.76364	-1.0
512.5214	-1.0
512.5656	-1.0
512.5812	-1.0
512.5881	-1.0
512.6153	-1.0
512.618	-1.0
512.6226	-1.0
512.62634	-1.0
512.6376	-1.0
512.64246	-1.0
512.6556	-1.0
512.67255	-1.0
512.67896	-1.0
512.6864	-1.0
512.69525	-1.0
512.70404	-1.0
512.7079	-1.0
512.71246	-1.0
512.73694	-1.0
512.7402	-1.0
512.788	-1.0
512.7955	-1.0
512.8543	-1.0
512.9383	-1.0
515.2806	-1.0
515.31805	-1.0
515.3219	-1.0
515.33813	-1.0
515.34454	-1.0
515.34955	-1.0
515.3573	-1.0
515.3608	-1.0
515.3653	-1.0
515.3784	-1.0
515.3985	-1.0
515.4072	-1.0
515.413	-1.0
515.4353	-1.0
515.46857	-1.0
515.4788	-1.0
515.4914	-1.0
515.49634	-1.0
515.52454	-1.0
515.60376	-1.0
515.6946	-1.0
518.2298	-1.0
518.2372	-1.0
518.24335	-1.0
518.2539	-1.0
518.2794	-1.0
518.2893	1.0
518.2924	-1.0
518.3004	-1.0
518.30835	-1.0
518.3162	-1.0
518.32794	-1.0
518.3341	-1.0
518.3435	-1.0
518.3491	-1.0
518.36444	-1.0
518.378	-1.0
518.3908	-1.0
518.3948	-1.0
518.4511	-1.0
518.4787	-1.0
518.4925	-1.0
518.50415	-1.0
518.5433	-1.0
518.56244	-1.0
518.5914	-1.0
518.6089	-1.0
521.337	-1.0
521.3464	-1.0
521.3539	-1.0
521.36383	-1.0
521.3868	-1.0
521.3932	-1.0
521.3992	-1.0
521.4272	-1.0
521.4335	-1.0
521.44476	-1.0
521.45276	-1.0
521.46277	-1.0
521.4922	-1.0
521.51465	-1.0
521.52	-1.0
521.54144	-1.0
521.55554	-1.0
521.56366	-1.0
521.5812	-1.0
521.60315	-1.0
521.6699	-1.0
521.6737	-1.0
521.7387	-1.0
524.13226	-1.0
524.1497	-1.0
524.18256	-1.0
524.20056	-1.0
524.22253	-1.0
524.2476	-1.0
524.25415	-1.0
524.3124	-1.0
524.32025	-1.0
524.3282	-1.0
524.33246	-1.0
524.35565	-1.0
524.3638	-1.0
524.376	1.0
524.3833	-1.0
524.4247	-1.0
524.4936	-1.0
526.6691	-1.0
526.69214	-1.0
526.74133	-1.0
526.7523	-1.0
526.77875	-1.0
526.8029	-1.0
526.81165	-1.0
526.82245	-1.0
526.83453	-1.0
526.8596	-1.0
526.8948	-1.0
526.907	-1.0
526.9382	-1.0
526.95	-1.0
527.0024	-1.0
530.033	1.0
530.07117	-1.0
530.09106	-1.0
530.1091	-1.0
530.1225	-1.0
530.1399	-1.0
530.16345	-1.0
530.175	-1.0
530.20294	-1.0
530.23755	-1.0
530.33936	-1.0
530.3759	-1.0
530.4005	-1.0
532.70825	-1.0
532.7274	-1.0
532.7513	-1.0
532.8195	-1.0
532.9014	-1.0
533.4971	-1.0
533.5021	-1.0
533.5199	-1.0
533.54614	-1.0
533.6021	-1.0
533.61505	-1.0
533.62036	-1.0
533.63885	-1.0
533.6449	-1.0
533.6475	1.0
533.6733	-1.0
533.7103	-1.0
533.7263	-1.0
533.7611	-1.0
533.82416	-1.0
535.78217	1.0
535.8685	-1.0
535.8947	-1.0
535.9274	-1.0
535.9389	-1.0
535.9721	-1.0
535.98413	-1.0
535.98785	-1.0
536.013	-1.0
536.02893	-1.0
536.05725	-1.0
536.0739	-1.0
536.0918	-1.0
536.24414	-1.0
536.2555	-1.0
536.288	-1.0
536.3053	-1.0
536.31213	1.0
536.3285	1.0
536.34106	-1.0
536.35693	-1.0
536.38544	-1.0
536.3949	-1.0
536.4022	-1.0
536.41675	-1.0
536.4304	-1.0
536.43665	-1.0
536.45044	-1.0
536.4666	-1.0
536.4847	-1.0
538.3305	-1.0
538.3499	-1.0
538.4116	-1.0
538.43146	-1.0
538.4382	-1.0
538.4533	-1.0
538.45966	-1.0
538.4731	-1.0
538.4844	-1.0
538.4905	-1.0
538.495	-1.0
538.5639	-1.0
538.582	-1.0
538.5922	-1.0
538.67084	-1.0
541.8524	-1.0
541.8828	-1.0
541.895	-1.0
541.9268	-1.0
541.9361	-1.0
541.94073	-1.0
541.94727	-1.0
541.9519	-1.0
541.96185	-1.0
541.96765	-1.0
541.97394	1.0
541.979	1.0
541.9852	-1.0
541.99066	-1.0
542.0128	-1.0
542.0338	-1.0
542.03705	-1.0
542.0505	-1.0
542.05786	-1.0
542.0833	-1.0
542.08954	-1.0
542.1158	-1.0
542.1239	-1.0
542.1294	-1.0
542.1666	-1.0
542.1748	-1.0
542.19147	-1.0
544.4517	-1.0
544.49304	-1.0
544.551	-1.0
544.5909	-1.0
546.9736	-1.0
547.00134	-1.0
547.0172	-1.0
547.02954	-1.0
547.04333	-1.0
547.05316	-1.0
547.0633	-1.0
547.066	-1.0
547.1048	-1.0
547.1292	-1.0
547.1333	-1.0
547.1396	-1.0
547.1485	-1.0
547.15393	-1.0
547.17395	-1.0
547.1804	-1.0
547.19086	-1.0
547.20056	-1.0
547.24835	-1.0
547.2651	-1.0
547.2891	-1.0
547.29645	-1.0
551.7488	-1.0
551.7647	-1.0
551.7792	-1.0
551.7954	-1.0
551.8305	-1.0
551.8349	-1.0
551.83826	-1.0
551.84906	-1.0
551.8536	-1.0
551.876	-1.0
551.8834	1.0
551.88806	-1.0
551.89874	-1.0
551.9092	-1.0
551.92114	-1.0
551.96826	-1.0
552.0143	-1.0
552.0477	-1.0
552.0649	-1.0
552.0796	-1.0
554.7272	-1.0
555.9241	-1.0
555.94977	-1.0
555.96295	-1.0
555.9794	-1.0
555.9917	-1.0
555.9984	-1.0
556.00684	-1.0
556.03186	-1.0
556.04517	-1.0
556.0519	-1.0
556.075	-1.0
556.0811	-1.0
556.09357	-1.0
556.09906	-1.0
556.1122	-1.0
556.13275	-1.0
556.13574	-1.0
556.16156	-1.0
556.1662	-1.0
556.1774	-1.0
556.2041	-1.0
556.218	-1.0
556.2572	-1.0
556.29504	-1.0
558.86194	-1.0
559.69525	-1.0
559.7044	-1.0
559.7576	-1.0
559.7692	-1.0
559.78326	1.0
559.81854	-1.0
559.825	-1.0
559.83093	-1.0
559.8467	-1.0
559.8565	1.0
559.88104	-1.0
559.8869	-1.0
559.9086	-1.0
559.93634	-1.0
559.948	-1.0
559.95184	-1.0
559.9831	-1.0
560.01807	-1.0
560.0779	-1.0
562.7266	-1.0
562.7602	-1.0
562.8495	-1.0
562.86096	-1.0
562.9261	-1.0
562.93274	-1.0
562.9408	-1.0
562.95026	-1.0
562.95447	-1.0
562.95795	-1.0
562.971	-1.0
563.00885	-1.0
563.0165	-1.0
563.0569	-1.0
563.0698	-1.0
563.0755	-1.0
563.117	-1.0
566.53534	-1.0
566.611	-1.0
567.0186	-1.0
567.0703	-1.0
567.08716	-1.0
567.14307	-1.0
567.1523	-1.0
567.1583	-1.0
567.1763	-1.0
567.18854	1.0
567.2007	-1.0
567.21094	-1.0
567.2181	-1.0
567.24097	-1.0
567.2463	-1.0
567.2534	-1.0
567.2626	-1.0
567.31006	-1.0
567.3149	-1.0
567.36383	-1.0
567.40356	-1.0
571.13715	-1.0
571.60284	-1.0
572.4143	-1.0
574.83075	-1.0
574.85004	-1.0
574.88434	-1.0
574.88806	-1.0
574.8931	-1.0
574.89636	-1.0
574.9034	-1.0
574.9085	-1.0
574.9334	-1.0
574.94946	-1.0
574.9775	-1.0
575.0377	-1.0
575.0518	-1.0
575.06494	-1.0
575.1247	-1.0
575.15826	-1.0
578.42645	-1.0
578.457	-1.0
578.53314	-1.0
578.5374	-1.0
578.5561	-1.0
578.5698	-1.0
578.5763	1.0
578.5882	-1.0
578.6112	-1.0
578.62524	-1.0
578.6441	-1.0
578.6922	-1.0
578.80145	-1.0
581.7366	-1.0
581.83295	-1.0
581.84247	-1.0
581.85657	-1.0
581.8725	-1.0
581.9084	-1.0
581.91486	-1.0
581.95074	-1.0
582.00226	-1.0
582.03876	-1.0
582.0462	-1.0
582.059	-1.0
582.09235	-1.0
582.1304	-1.0
586.77234	-1.0
586.7814	-1.0
586.7918	-1.0
586.80176	-1.0
586.8223	-1.0
586.82855	1.0
586.84204	-1.0
586.8449	-1.0
586.8757	-1.0
586.89325	-1.0
586.9088	-1.0
586.92126	-1.0
586.9417	-1.0
586.97705	-1.0
587.0189	-1.0
587.0341	-1.0
587.04425	-1.0
587.07544	-1.0
587.16	-1.0
587.39185	-1.0
587.40607	-1.0
587.4179	-1.0
587.441	-1.0
587.4637	-1.0
593.10376	-1.0
593.14087	-1.0
593.1584	1.0
593.171	-1.0
593.19354	-1.0
593.2008	-1.0
593.2072	-1.0
593.21326	1.0
593.2174	-1.0
593.2275	-1.0
593.24963	-1.0
593.2546	-1.0
593.2613	-1.0
593.27576	-1.0
593.28033	-1.0
593.2995	-1.0
593.30347	-1.0
593.30927	-1.0
593.33014	-1.0
593.34534	-1.0
593.3559	-1.0
593.36615	-1.0
593.3764	-1.0
593.3937	-1.0
593.41534	-1.0
593.4388	-1.0
593.50586	-1.0
597.0076	-1.0
597.14636	-1.0
597.1852	1.0
597.19464	-1.0
597.2123	-1.0
597.2535	-1.0
597.2634	1.0
597.2744	-1.0
597.35095	-1.0
597.3768	-1.0
597.3862	-1.0
597.3916	-1.0
