0.02852	1.0
0.10032	-1.0
0.1542	-1.0
0.26076	-1.0
0.53308	1.0
0.53736	-1.0
0.8188	-1.0
5.44548	-1.0
5.48272	1.0
5.50628	1.0
5.54616	1.0
5.68412	-1.0
5.78996	-1.0
5.84068	-1.0
5.904	-1.0
6.04888	-1.0
6.18876	-1.0
6.365	-1.0
6.78952	-1.0
6.83052	-1.0
9.0332	-1.0
9.0628	1.0
9.25348	-1.0
9.31676	-1.0
9.43584	-1.0
9.45656	-1.0
9.5928	-1.0
9.79416	-1.0
9.87912	-1.0
11.7878	-1.0
11.9326	-1.0
11.94568	-1.0
11.95532	1.0
12.08728	-1.0
12.1474	-1.0
12.193	-1.0
12.33004	-1.0
15.03376	-1.0
15.05392	1.0
15.06732	-1.0
15.25056	-1.0
15.51084	-1.0
15.69168	-1.0
15.71496	-1.0
15.79536	-1.0
16.11	-1.0
16.16744	1.0
19.38968	-1.0
19.40504	-1.0
19.43932	-1.0
19.48196	-1.0
19.54072	-1.0
19.61128	-1.0
19.63012	-1.0
19.71428	-1.0
19.96928	-1.0
19.98552	-1.0
20.10308	-1.0
20.22764	1.0
20.39972	-1.0
20.46244	-1.0
20.47788	-1.0
24.86728	-1.0
24.90832	-1.0
24.91984	-1.0
24.9632	-1.0
25.00892	-1.0
25.02656	-1.0
25.23036	-1.0
25.26304	-1.0
25.30124	-1.0
25.47028	-1.0
25.57832	-1.0
25.65804	-1.0
25.7218	-1.0
25.76556	-1.0
26.02388	-1.0
26.20048	-1.0
29.82848	-1.0
29.8692	-1.0
29.89776	1.0
29.95984	-1.0
30.0232	-1.0
30.05424	-1.0
30.13916	-1.0
30.24656	-1.0
30.29056	-1.0
30.34604	-1.0
30.35648	-1.0
30.41488	-1.0
30.74732	-1.0
30.85528	-1.0
30.95088	-1.0
31.10592	-1.0
31.32612	-1.0
31.34008	-1.0
35.70928	-1.0
35.72312	-1.0
35.73896	-1.0
35.76368	-1.0
35.79344	-1.0
35.8282	-1.0
35.84576	-1.0
35.96928	-1.0
36.0282	-1.0
36.06392	-1.0
36.14124	1.0
36.20804	-1.0
36.2132	1.0
36.2306	-1.0
36.25696	-1.0
36.27512	-1.0
36.34804	-1.0
36.53412	-1.0
36.55536	-1.0
36.64896	-1.0
36.691	-1.0
36.73788	-1.0
36.77812	-1.0
36.97128	-1.0
37.85384	-1.0
37.89112	-1.0
37.9568	-1.0
38.02148	-1.0
40.44884	-1.0
40.53212	-1.0
40.54272	-1.0
40.62132	-1.0
40.71032	-1.0
40.772	-1.0
40.83252	-1.0
40.88852	-1.0
40.89604	-1.0
41.02308	-1.0
41.09856	-1.0
41.10996	-1.0
41.22416	-1.0
41.2878	-1.0
41.30612	-1.0
41.45504	-1.0
41.6336	-1.0
41.80076	-1.0
44.68324	-1.0
44.69496	-1.0
44.71924	-1.0
44.7814	-1.0
44.79744	-1.0
44.83476	-1.0
44.9336	-1.0
44.9654	-1.0
45.00064	-1.0
45.084	-1.0
45.16636	-1.0
45.1998	-1.0
45.2522	-1.0
45.30224	-1.0
45.3184	-1.0
45.4094	-1.0
45.4306	-1.0
45.46104	-1.0
45.6102	-1.0
45.63196	-1.0
45.912	-1.0
49.24032	-1.0
49.25292	-1.0
49.29968	-1.0
49.33056	-1.0
49.36576	1.0
49.37044	-1.0
49.38484	-1.0
49.38736	-1.0
49.45384	-1.0
49.5026	-1.0
49.54892	-1.0
49.58408	-1.0
49.6784	-1.0
49.7166	-1.0
49.7384	-1.0
49.83312	-1.0
49.93412	-1.0
49.952	-1.0
50.07724	-1.0
50.214	-1.0
50.31472	-1.0
50.32168	-1.0
50.37912	-1.0
50.38168	-1.0
50.40748	-1.0
50.8818	-1.0
54.47036	-1.0
54.49892	-1.0
54.52548	-1.0
54.54976	-1.0
54.55812	1.0
54.57212	1.0
54.61168	-1.0
54.65992	-1.0
54.70048	-1.0
54.73044	-1.0
54.73424	-1.0
54.78376	-1.0
54.86312	-1.0
54.94184	-1.0
54.97948	-1.0
55.04384	-1.0
55.07868	-1.0
55.13756	-1.0
55.20216	-1.0
55.26996	-1.0
55.32976	-1.0
55.38724	-1.0
55.42364	-1.0
55.47648	-1.0
55.75116	-1.0
59.5816	-1.0
59.5912	-1.0
59.61032	1.0
59.6302	-1.0
59.67056	-1.0
59.68752	-1.0
59.69636	-1.0
59.78576	-1.0
59.80416	-1.0
59.85744	-1.0
59.89392	-1.0
59.93472	-1.0
59.96484	-1.0
59.99616	-1.0
60.01176	-1.0
60.11436	-1.0
60.19104	-1.0
60.23672	-1.0
60.25052	-1.0
60.36016	-1.0
60.40188	-1.0
60.4932	-1.0
60.50772	-1.0
60.58544	-1.0
60.66372	-1.0
60.69096	-1.0
63.8444	-1.0
63.8716	-1.0
63.8882	-1.0
63.91424	-1.0
63.94356	-1.0
63.99972	-1.0
64.04612	-1.0
64.14172	-1.0
64.15384	-1.0
64.18744	-1.0
64.2598	-1.0
64.28576	-1.0
64.31256	-1.0
64.35528	-1.0
64.42124	-1.0
64.4832	-1.0
64.58112	-1.0
64.61352	-1.0
64.70304	-1.0
64.73564	-1.0
64.8242	-1.0
64.94948	-1.0
65.12612	-1.0
68.247	-1.0
68.27792	-1.0
68.2868	-1.0
68.3156	-1.0
68.34484	-1.0
68.35016	-1.0
68.35336	-1.0
68.40208	-1.0
68.43956	-1.0
68.45524	-1.0
68.47312	-1.0
68.55504	-1.0
68.6076	-1.0
68.6862	-1.0
68.70464	-1.0
68.7178	-1.0
68.77076	-1.0
68.79268	-1.0
68.85736	-1.0
68.9226	-1.0
68.99388	-1.0
69.0784	-1.0
69.14192	-1.0
69.20704	-1.0
69.2658	-1.0
69.28092	-1.0
69.34988	-1.0
73.52496	-1.0
73.53196	-1.0
73.55992	-1.0
73.60192	-1.0
73.64212	-1.0
73.64712	-1.0
73.66568	-1.0
73.68276	-1.0
73.69428	-1.0
73.73464	-1.0
73.79044	-1.0
73.81712	-1.0
73.84532	-1.0
73.887	-1.0
73.91508	-1.0
73.96796	-1.0
74.0256	-1.0
74.13628	-1.0
74.15784	-1.0
74.29436	-1.0
74.34744	-1.0
74.40988	-1.0
74.45452	-1.0
74.53864	-1.0
74.61556	-1.0
74.65848	-1.0
74.69816	-1.0
78.49536	-1.0
78.51452	-1.0
78.52692	-1.0
78.55436	-1.0
78.58036	-1.0
78.631	-1.0
78.65412	-1.0
78.69276	-1.0
78.70204	-1.0
78.73484	-1.0
78.82532	-1.0
78.86744	-1.0
78.8854	-1.0
78.92576	-1.0
78.97348	-1.0
79.01272	-1.0
79.0486	-1.0
79.10364	-1.0
79.14588	-1.0
79.26936	-1.0
79.37824	-1.0
79.4382	-1.0
79.47176	-1.0
79.51444	-1.0
79.76128	-1.0
83.87348	-1.0
83.87864	-1.0
83.919	-1.0
83.94176	1.0
83.94688	-1.0
83.9538	-1.0
84.025	-1.0
84.05604	-1.0
84.09448	-1.0
84.14492	-1.0
84.14924	-1.0
84.19616	-1.0
84.22272	-1.0
84.28276	-1.0
84.33592	-1.0
84.35808	-1.0
84.38096	-1.0
84.4052	-1.0
84.47	-1.0
84.50248	-1.0
84.55884	-1.0
84.6152	1.0
84.67152	-1.0
84.70304	-1.0
84.74384	-1.0
84.76092	-1.0
84.80216	-1.0
84.9082	-1.0
84.97308	-1.0
85.03856	-1.0
88.38936	-1.0
88.41452	-1.0
88.43712	-1.0
88.47664	-1.0
88.5064	-1.0
88.51084	-1.0
88.5898	-1.0
88.63408	-1.0
88.65008	-1.0
88.66436	-1.0
88.70976	-1.0
88.76604	-1.0
88.80484	-1.0
88.84132	-1.0
88.90452	-1.0
88.95832	-1.0
89.0128	-1.0
89.07084	-1.0
89.10012	-1.0
89.14468	-1.0
89.22464	-1.0
89.23532	1.0
89.28208	-1.0
89.32748	-1.0
89.37544	-1.0
89.43844	-1.0
89.46464	-1.0
89.53404	-1.0
89.55048	-1.0
89.57844	-1.0
93.21236	-1.0
93.23772	-1.0
93.26376	-1.0
93.308	-1.0
93.362	1.0
93.38008	-1.0
93.38268	-1.0
93.40952	-1.0
93.43136	-1.0
93.49172	-1.0
93.5164	-1.0
93.59164	-1.0
93.647	-1.0
93.66956	-1.0
93.72464	-1.0
93.77516	-1.0
93.81364	-1.0
93.85	-1.0
93.88136	-1.0
93.925	-1.0
93.95328	-1.0
93.96708	-1.0
94.01684	-1.0
94.0598	-1.0
94.13696	-1.0
94.17584	-1.0
94.23076	-1.0
94.28564	-1.0
94.29768	-1.0
94.3698	-1.0
94.46756	-1.0
94.47744	-1.0
99.32128	-1.0
99.32616	-1.0
99.35836	-1.0
99.37216	-1.0
99.38792	-1.0
99.40544	-1.0
99.4382	-1.0
99.47448	-1.0
99.50672	-1.0
99.545	-1.0
99.57476	-1.0
99.58832	-1.0
99.6048	-1.0
99.63124	-1.0
99.63616	-1.0
99.67004	-1.0
99.70888	-1.0
99.74064	-1.0
99.74344	-1.0
99.8332	-1.0
99.85904	-1.0
99.88968	-1.0
99.99036	-1.0
100.01816	-1.0
100.05864	-1.0
100.10972	-1.0
100.12708	-1.0
100.18524	-1.0
100.2468	-1.0
100.28152	-1.0
100.32136	-1.0
100.35356	-1.0
100.4206	-1.0
100.43552	-1.0
100.59152	-1.0
100.66424	-1.0
100.72664	-1.0
100.81124	-1.0
100.85008	-1.0
100.86608	-1.0
100.88596	-1.0
100.96268	-1.0
104.5932	-1.0
104.60088	-1.0
104.61252	-1.0
104.61584	-1.0
104.63876	1.0
104.65168	-1.0
104.67616	-1.0
104.698	1.0
104.7094	-1.0
104.74192	-1.0
104.77068	-1.0
104.79072	-1.0
104.82188	-1.0
104.84388	-1.0
104.88156	-1.0
104.92016	-1.0
104.96692	-1.0
104.976	-1.0
105.0006	-1.0
105.02408	-1.0
105.03812	-1.0
105.04212	-1.0
105.0666	-1.0
105.09264	-1.0
105.14316	-1.0
105.18388	-1.0
105.22056	-1.0
105.27808	-1.0
105.3428	-1.0
105.37604	-1.0
105.41632	-1.0
105.45416	-1.0
105.47868	-1.0
105.51216	-1.0
105.55092	-1.0
105.57688	-1.0
105.6812	-1.0
105.78688	-1.0
105.93556	-1.0
105.94688	-1.0
105.98092	-1.0
106.05548	-1.0
106.07044	-1.0
109.69656	-1.0
109.70412	-1.0
109.7488	-1.0
109.77316	-1.0
109.79136	1.0
109.821	-1.0
109.83272	-1.0
109.86424	-1.0
109.90396	-1.0
109.94916	-1.0
109.98156	-1.0
110.05116	-1.0
110.06128	-1.0
110.09904	-1.0
110.12496	-1.0
110.2322	-1.0
110.27052	-1.0
110.29108	-1.0
110.33164	-1.0
110.35728	-1.0
110.382	-1.0
110.41336	-1.0
110.47348	-1.0
110.54356	-1.0
110.58088	-1.0
110.61708	-1.0
110.62728	-1.0
110.67164	-1.0
110.696	-1.0
110.71744	-1.0
110.77484	-1.0
110.78164	-1.0
110.789	-1.0
110.8082	-1.0
110.85152	-1.0
110.87504	-1.0
110.92812	-1.0
110.99184	-1.0
111.01556	-1.0
111.0982	-1.0
114.82376	-1.0
114.82868	-1.0
114.8524	-1.0
114.86056	-1.0
114.88436	-1.0
114.90904	-1.0
114.94656	-1.0
114.9686	-1.0
114.98936	-1.0
115.01028	-1.0
115.07752	-1.0
115.10824	-1.0
115.11964	-1.0
115.13472	-1.0
115.16564	-1.0
115.20716	-1.0
115.24484	-1.0
115.28468	-1.0
115.31872	-1.0
115.34684	-1.0
115.36768	-1.0
115.40516	-1.0
115.44692	-1.0
115.479	-1.0
115.5028	-1.0
115.5276	-1.0
115.5868	-1.0
115.64208	-1.0
115.695	-1.0
115.76508	1.0
115.79148	-1.0
115.84712	-1.0
115.93816	-1.0
115.96956	-1.0
115.99896	-1.0
116.02496	-1.0
116.08212	-1.0
116.1044	-1.0
116.3338	-1.0
116.35528	-1.0
119.74272	-1.0
119.75104	-1.0
119.79464	-1.0
119.82628	-1.0
119.85828	-1.0
119.89784	-1.0
119.9194	-1.0
119.93616	-1.0
119.96756	-1.0
119.98724	-1.0
120.0098	-1.0
120.07572	-1.0
120.12008	-1.0
120.14452	-1.0
120.18828	-1.0
120.2204	-1.0
120.22308	-1.0
120.257	-1.0
120.28332	-1.0
120.33844	-1.0
120.37956	-1.0
120.40384	-1.0
120.40884	-1.0
120.44964	-1.0
120.48344	-1.0
120.52016	-1.0
120.54684	-1.0
120.56412	-1.0
120.59452	-1.0
120.63108	-1.0
120.66704	-1.0
120.73424	-1.0
120.79888	-1.0
120.87048	-1.0
120.94972	-1.0
121.0306	-1.0
121.06304	-1.0
121.09512	-1.0
121.22788	-1.0
121.24116	-1.0
121.39932	-1.0
121.4128	-1.0
124.86336	-1.0
124.8724	-1.0
124.87804	1.0
124.90436	-1.0
124.92684	-1.0
124.94264	-1.0
124.96092	-1.0
124.98252	-1.0
124.9996	-1.0
125.03136	-1.0
125.05172	-1.0
125.092	-1.0
125.11012	-1.0
125.13304	-1.0
125.16648	-1.0
125.19224	-1.0
125.21512	-1.0
125.25592	-1.0
125.29392	-1.0
125.32128	-1.0
125.32572	-1.0
125.35688	-1.0
125.41556	-1.0
125.43976	-1.0
125.48156	-1.0
125.52664	-1.0
125.55004	-1.0
125.57896	-1.0
125.6112	-1.0
125.62268	-1.0
125.69256	-1.0
125.74212	-1.0
125.77592	-1.0
125.79364	-1.0
125.86736	-1.0
125.88864	-1.0
125.91648	-1.0
125.9442	-1.0
125.96116	-1.0
125.99904	-1.0
126.04992	-1.0
126.07508	-1.0
126.17012	-1.0
126.18012	-1.0
126.26436	-1.0
126.2786	-1.0
126.32868	-1.0
126.33968	-1.0
130.59464	-1.0
130.60304	-1.0
130.60571	-1.0
130.62076	-1.0
130.64928	-1.0
130.66536	-1.0
130.68892	-1.0
130.7014	-1.0
130.71928	-1.0
130.7546	-1.0
130.779	-1.0
130.80168	-1.0
130.83575	-1.0
130.85872	-1.0
130.87088	-1.0
130.8746	1.0
130.88228	-1.0
130.90527	-1.0
130.94247	-1.0
130.97543	-1.0
131.0422	-1.0
131.06184	-1.0
131.0892	-1.0
131.11784	-1.0
131.16176	-1.0
131.181	-1.0
131.21704	-1.0
131.23532	-1.0
131.2502	-1.0
131.28368	-1.0
131.31192	-1.0
131.34164	-1.0
131.34705	-1.0
131.36488	-1.0
131.4306	-1.0
131.45416	-1.0
131.49635	-1.0
131.55852	-1.0
131.576	-1.0
131.64172	-1.0
131.68376	-1.0
131.72644	-1.0
131.74664	-1.0
131.81313	-1.0
131.84856	-1.0
131.86316	-1.0
131.90315	-1.0
131.9142	-1.0
131.95544	-1.0
131.97232	-1.0
132.02908	-1.0
132.0652	-1.0
132.1618	-1.0
136.48557	-1.0
136.49364	-1.0
136.49924	-1.0
136.5062	-1.0
136.51724	1.0
136.52184	-1.0
136.5524	-1.0
136.5744	-1.0
136.59224	-1.0
136.60033	-1.0
136.62456	-1.0
136.64249	-1.0
136.66277	-1.0
136.67992	-1.0
136.70876	-1.0
136.71176	-1.0
136.76263	-1.0
136.78276	-1.0
136.78548	-1.0
136.8104	-1.0
136.836	-1.0
136.87308	-1.0
136.88837	-1.0
136.91104	-1.0
136.93248	-1.0
136.94452	-1.0
136.96552	-1.0
136.9902	-1.0
137.02245	-1.0
137.05692	-1.0
137.10085	-1.0
137.12569	-1.0
137.15697	-1.0
137.1712	-1.0
137.22504	-1.0
137.25545	-1.0
137.29391	-1.0
137.314	-1.0
137.36227	-1.0
137.408	-1.0
137.46944	-1.0
137.48643	-1.0
137.51712	-1.0
137.55225	-1.0
137.59752	-1.0
137.64648	-1.0
137.6986	-1.0
137.71204	-1.0
137.78577	-1.0
137.86328	-1.0
137.88304	-1.0
138.12192	-1.0
138.1386	-1.0
138.15623	-1.0
142.43556	-1.0
142.44437	-1.0
142.45348	-1.0
142.463	1.0
142.47308	-1.0
142.49956	-1.0
142.52023	-1.0
142.5256	-1.0
142.55711	-1.0
142.57603	-1.0
142.59547	-1.0
142.62744	-1.0
142.64824	-1.0
142.6742	-1.0
142.68648	-1.0
142.70876	-1.0
142.73512	-1.0
142.75984	-1.0
142.77644	-1.0
142.80864	-1.0
142.84567	-1.0
142.86928	-1.0
142.89944	-1.0
142.92017	-1.0
142.94617	-1.0
142.97556	-1.0
143.02844	-1.0
143.06824	-1.0
143.08797	-1.0
143.11572	-1.0
143.15744	-1.0
143.17735	-1.0
143.21223	-1.0
143.2766	-1.0
143.311	-1.0
143.34093	-1.0
143.38425	-1.0
143.41045	-1.0
143.43556	-1.0
143.5208	-1.0
143.53088	-1.0
143.5398	-1.0
143.60371	-1.0
143.64752	-1.0
143.6816	-1.0
143.698	-1.0
143.71936	-1.0
143.7554	-1.0
143.79292	-1.0
143.80428	-1.0
143.85976	-1.0
143.90392	-1.0
143.93105	-1.0
148.68124	-1.0
148.68848	-1.0
148.69496	-1.0
148.70609	-1.0
148.72025	-1.0
148.73335	-1.0
148.73833	-1.0
148.75404	-1.0
148.76016	1.0
148.77531	-1.0
148.80109	-1.0
148.82768	-1.0
148.84708	-1.0
148.85744	1.0
148.87988	-1.0
148.8978	-1.0
148.92964	-1.0
148.9494	-1.0
148.96684	-1.0
148.99036	-1.0
149.02184	-1.0
149.06863	-1.0
149.09048	-1.0
149.094	-1.0
149.13348	-1.0
149.17688	-1.0
149.21065	-1.0
149.2292	-1.0
149.26295	-1.0
149.28912	-1.0
149.32004	-1.0
149.35352	-1.0
149.36269	-1.0
149.37384	-1.0
149.426	-1.0
149.48283	-1.0
149.50616	-1.0
149.54971	-1.0
149.59828	-1.0
149.63216	-1.0
149.66573	-1.0
149.7212	-1.0
149.73648	-1.0
149.77336	-1.0
149.8826	-1.0
149.92928	-1.0
149.95528	-1.0
149.96896	-1.0
150.02368	-1.0
150.06056	-1.0
150.10593	-1.0
150.15189	-1.0
150.26527	-1.0
150.31271	-1.0
153.68968	-1.0
153.70764	-1.0
153.7178	-1.0
153.7442	-1.0
153.76073	-1.0
153.76888	-1.0
153.7984	-1.0
153.82756	-1.0
153.84688	-1.0
153.87823	-1.0
153.90204	-1.0
153.91457	-1.0
153.9512	-1.0
153.98685	-1.0
154.00616	-1.0
154.03165	-1.0
154.05324	-1.0
154.07448	-1.0
154.11217	-1.0
154.14873	-1.0
154.18105	-1.0
154.24023	-1.0
154.26596	-1.0
154.28592	-1.0
154.29465	-1.0
154.32468	-1.0
154.32976	-1.0
154.35223	-1.0
154.38013	-1.0
154.44324	-1.0
154.50153	-1.0
154.52148	-1.0
154.54295	-1.0
154.55972	-1.0
154.592	-1.0
154.60815	-1.0
154.63748	-1.0
154.70396	-1.0
154.75212	-1.0
154.78252	-1.0
154.80092	-1.0
154.8322	-1.0
154.856	-1.0
154.9008	-1.0
154.90924	-1.0
154.92313	-1.0
155.0026	-1.0
155.04295	-1.0
155.06123	-1.0
155.12505	-1.0
155.23668	-1.0
159.96756	-1.0
159.97296	-1.0
159.98332	-1.0
159.98764	-1.0
160.00291	-1.0
160.01843	-1.0
160.03688	-1.0
160.0548	-1.0
160.05988	1.0
160.07465	-1.0
160.095	-1.0
160.121	-1.0
160.14276	-1.0
160.16124	-1.0
160.1798	-1.0
160.20168	-1.0
160.2292	-1.0
160.24612	-1.0
160.27216	-1.0
160.30356	-1.0
160.32497	-1.0
160.3506	-1.0
160.37125	-1.0
160.3954	-1.0
160.43132	-1.0
160.45937	-1.0
160.48872	-1.0
160.5096	-1.0
160.55504	-1.0
160.58812	-1.0
160.61356	-1.0
160.63213	-1.0
160.67683	-1.0
160.69508	-1.0
160.72432	-1.0
160.7626	-1.0
160.81873	-1.0
160.83592	-1.0
160.85864	-1.0
160.87944	-1.0
160.9306	-1.0
160.95688	-1.0
161.01088	-1.0
161.053	-1.0
161.12952	-1.0
161.205	-1.0
161.22472	-1.0
161.25092	-1.0
161.31584	-1.0
161.34863	-1.0
161.36844	-1.0
161.55035	-1.0
161.56752	-1.0
161.83691	-1.0
161.87172	-1.0
166.25864	-1.0
166.26344	-1.0
166.27316	-1.0
166.28188	-1.0
166.28772	-1.0
166.30553	-1.0
166.32253	-1.0
166.33432	-1.0
166.35432	-1.0
166.37675	-1.0
166.41203	-1.0
166.4202	-1.0
166.44373	-1.0
166.46756	-1.0
166.49277	-1.0
166.5164	-1.0
166.54112	-1.0
166.57788	1.0
166.60052	-1.0
166.62231	-1.0
166.64388	-1.0
166.67229	-1.0
166.70004	-1.0
166.71593	-1.0
166.74692	-1.0
166.77309	-1.0
166.8032	-1.0
166.83784	-1.0
166.8554	-1.0
166.88216	-1.0
166.9062	-1.0
166.94212	-1.0
166.97256	-1.0
167.00272	-1.0
167.04356	-1.0
167.07988	-1.0
167.10497	-1.0
167.11768	-1.0
167.13608	-1.0
167.17905	-1.0
167.1984	-1.0
167.23293	-1.0
167.26836	-1.0
167.29544	-1.0
167.30396	-1.0
167.35213	-1.0
167.42972	-1.0
167.4686	-1.0
167.55309	-1.0
167.56044	-1.0
167.60928	-1.0
167.65993	-1.0
167.71036	-1.0
167.72893	-1.0
167.82857	-1.0
167.83788	-1.0
167.89012	-1.0
168.00047	-1.0
172.89836	-1.0
172.90443	-1.0
172.915	-1.0
172.91933	-1.0
172.927	-1.0
172.93628	-1.0
172.9532	-1.0
172.97032	-1.0
172.98544	-1.0
172.99709	-1.0
173.01132	-1.0
173.03224	-1.0
173.04391	1.0
173.08528	-1.0
173.1126	-1.0
173.12952	-1.0
173.144	-1.0
173.1578	-1.0
173.16896	-1.0
173.17892	-1.0
173.19408	-1.0
173.2178	-1.0
173.26768	-1.0
173.3002	-1.0
173.3262	-1.0
173.34093	-1.0
173.36212	-1.0
173.38908	-1.0
173.41284	-1.0
173.4428	-1.0
173.47195	-1.0
173.47469	-1.0
173.50104	-1.0
173.52637	-1.0
173.55112	-1.0
173.57716	-1.0
173.60472	-1.0
173.62936	-1.0
173.65396	-1.0
173.67636	-1.0
173.70557	-1.0
173.73187	-1.0
173.76816	-1.0
173.83784	-1.0
173.85948	-1.0
173.8744	-1.0
173.8956	-1.0
173.92525	-1.0
173.9616	-1.0
174.00269	-1.0
174.08424	-1.0
174.10356	-1.0
174.21056	-1.0
174.21504	-1.0
174.23668	-1.0
174.24344	-1.0
174.2868	-1.0
174.34113	-1.0
174.40248	-1.0
174.57956	-1.0
179.04083	-1.0
179.04776	-1.0
179.0552	-1.0
179.06876	-1.0
179.08272	-1.0
179.0934	-1.0
179.10349	-1.0
179.12004	-1.0
179.14165	-1.0
179.15356	-1.0
179.167	-1.0
179.1842	-1.0
179.20293	-1.0
179.25005	-1.0
179.2752	-1.0
179.2912	-1.0
179.31668	-1.0
179.34416	-1.0
179.38023	-1.0
179.40347	-1.0
179.41583	-1.0
179.424	-1.0
179.43613	-1.0
179.45352	-1.0
179.4726	-1.0
179.495	-1.0
179.55508	-1.0
179.58437	-1.0
179.59476	-1.0
179.61928	-1.0
179.68872	-1.0
179.72704	-1.0
179.7582	-1.0
179.78792	-1.0
179.81789	-1.0
179.842	-1.0
179.91328	-1.0
179.9392	-1.0
179.96744	-1.0
179.98875	-1.0
180.0202	-1.0
180.06856	-1.0
180.0922	-1.0
180.10036	-1.0
180.1254	-1.0
180.18909	-1.0
180.20708	-1.0
180.23268	-1.0
180.26616	-1.0
180.28468	-1.0
180.3268	-1.0
180.34836	-1.0
180.40456	-1.0
180.41785	-1.0
180.47728	-1.0
184.8246	-1.0
184.83084	-1.0
184.83696	-1.0
184.848	-1.0
184.8624	-1.0
184.86856	-1.0
184.88684	-1.0
184.90749	-1.0
184.91312	-1.0
184.93813	-1.0
184.94955	-1.0
184.98244	-1.0
185.00616	-1.0
185.02615	-1.0
185.04848	-1.0
185.0734	-1.0
185.09952	-1.0
185.10924	1.0
185.12064	-1.0
185.14313	-1.0
185.15132	-1.0
185.17328	-1.0
185.2042	-1.0
185.2228	-1.0
185.24904	-1.0
185.2846	-1.0
185.30373	-1.0
185.32928	-1.0
185.36124	-1.0
185.36977	-1.0
185.382	-1.0
185.40332	-1.0
185.4096	-1.0
185.41512	-1.0
185.43776	-1.0
185.49088	-1.0
185.55148	-1.0
185.58112	-1.0
185.63736	-1.0
185.6896	-1.0
185.70049	-1.0
185.74048	-1.0
185.75575	-1.0
185.79184	-1.0
185.81493	-1.0
185.8564	-1.0
185.87036	-1.0
185.9106	-1.0
185.9226	-1.0
185.96568	-1.0
185.99564	-1.0
186.04317	-1.0
186.07872	-1.0
186.09476	-1.0
186.14143	-1.0
186.20029	-1.0
186.21992	-1.0
186.29228	-1.0
186.32635	-1.0
186.39069	-1.0
186.4186	-1.0
186.43564	-1.0
186.46036	-1.0
190.2082	-1.0
190.21704	-1.0
190.22408	-1.0
190.23492	-1.0
190.24348	-1.0
190.2534	-1.0
190.26068	1.0
190.2736	-1.0
190.29036	-1.0
190.31236	-1.0
190.33484	-1.0
190.34436	-1.0
190.35835	-1.0
190.38188	-1.0
190.39432	-1.0
190.41467	-1.0
190.43672	-1.0
190.46788	-1.0
190.49768	-1.0
190.51337	-1.0
190.53703	-1.0
190.57452	-1.0
190.60107	-1.0
190.61688	-1.0
190.653	-1.0
190.68327	-1.0
190.70468	-1.0
190.72972	-1.0
190.76164	-1.0
190.77264	-1.0
190.79652	-1.0
190.80876	-1.0
190.84532	-1.0
190.87823	-1.0
190.9102	-1.0
190.94089	-1.0
190.98029	-1.0
191.00333	-1.0
191.0404	-1.0
191.07884	-1.0
191.10544	-1.0
191.12636	-1.0
191.1462	-1.0
191.20024	-1.0
191.22636	-1.0
191.24445	-1.0
191.2792	-1.0
191.31631	-1.0
191.3464	-1.0
191.38084	-1.0
191.44336	-1.0
191.46211	-1.0
191.49847	-1.0
191.52235	-1.0
191.537	-1.0
191.57845	-1.0
191.60144	-1.0
191.65717	-1.0
191.81589	-1.0
191.8326	-1.0
191.85487	-1.0
196.03767	-1.0
196.04443	-1.0
196.05156	-1.0
196.05965	-1.0
196.08353	-1.0
196.09624	-1.0
196.10275	-1.0
196.1188	-1.0
196.13548	-1.0
196.15712	-1.0
196.16016	-1.0
196.17673	-1.0
196.20352	-1.0
196.21428	-1.0
196.24544	-1.0
196.27129	-1.0
196.29623	-1.0
196.3182	-1.0
196.34103	-1.0
196.36472	-1.0
196.39632	-1.0
196.40872	-1.0
196.41936	-1.0
196.42316	-1.0
196.43964	-1.0
196.4426	-1.0
196.46336	-1.0
196.50471	-1.0
196.55948	-1.0
196.58412	-1.0
196.6024	-1.0
196.62404	-1.0
196.66484	-1.0
196.67592	-1.0
196.70695	-1.0
196.75809	-1.0
196.79756	-1.0
196.81772	-1.0
196.85825	-1.0
196.87791	-1.0
196.90584	-1.0
196.94228	-1.0
196.96336	-1.0
196.9838	-1.0
197.02795	-1.0
197.04877	-1.0
197.07928	-1.0
197.09956	-1.0
197.14404	-1.0
197.16943	-1.0
197.20792	-1.0
197.26268	-1.0
197.29268	-1.0
197.32568	-1.0
197.34737	-1.0
197.38512	-1.0
197.439	-1.0
197.46584	-1.0
197.53188	-1.0
201.93867	-1.0
201.944	-1.0
201.95224	-1.0
201.96552	-1.0
201.97437	-1.0
201.98792	-1.0
202.00333	-1.0
202.01505	-1.0
202.03111	-1.0
202.04732	-1.0
202.06624	-1.0
202.0884	-1.0
202.10085	-1.0
202.11732	-1.0
202.1208	-1.0
202.1386	-1.0
202.1604	-1.0
202.18692	-1.0
202.20932	-1.0
202.23112	-1.0
202.26068	-1.0
202.27592	-1.0
202.29897	-1.0
202.31108	-1.0
202.33032	-1.0
202.34167	-1.0
202.35593	-1.0
202.37712	-1.0
202.41972	-1.0
202.44797	-1.0
202.46396	-1.0
202.49052	-1.0
202.5474	-1.0
202.57645	-1.0
202.59732	-1.0
202.62968	-1.0
202.64888	-1.0
202.68848	-1.0
202.73256	-1.0
202.75291	-1.0
202.78108	-1.0
202.79536	-1.0
202.81548	-1.0
202.8482	-1.0
202.88696	-1.0
202.95332	-1.0
202.97256	-1.0
202.98528	-1.0
203.02672	-1.0
203.04196	-1.0
203.09196	-1.0
203.09528	-1.0
203.10445	-1.0
203.1438	-1.0
203.15993	-1.0
203.18068	-1.0
203.20937	-1.0
203.28452	-1.0
203.3002	-1.0
203.34132	-1.0
203.38383	-1.0
203.41731	-1.0
203.42912	-1.0
203.44489	-1.0
203.47472	-1.0
207.84029	-1.0
207.84663	-1.0
207.85492	-1.0
207.87488	-1.0
207.88696	-1.0
207.90572	-1.0
207.92072	-1.0
207.93396	-1.0
207.93816	-1.0
207.95752	-1.0
207.96603	-1.0
207.97057	-1.0
207.99149	-1.0
207.99596	-1.0
208.01492	-1.0
208.03328	-1.0
208.05373	-1.0
208.0852	-1.0
208.11632	-1.0
208.12404	-1.0
208.13396	-1.0
208.15204	-1.0
208.173	-1.0
208.201	-1.0
208.2212	-1.0
208.23367	-1.0
208.2552	-1.0
208.28333	-1.0
208.32623	-1.0
208.34456	-1.0
208.3666	-1.0
208.39224	-1.0
208.41464	-1.0
208.43904	-1.0
208.455	-1.0
208.48152	-1.0
208.5024	-1.0
208.52657	-1.0
208.547	-1.0
208.57184	-1.0
208.59895	-1.0
208.63788	-1.0
208.67429	-1.0
208.70224	-1.0
208.7168	-1.0
208.74628	-1.0
208.78108	-1.0
208.831	-1.0
208.8514	-1.0
208.87244	-1.0
208.88985	-1.0
208.9126	-1.0
208.92448	-1.0
208.94232	-1.0
208.98283	-1.0
209.01273	-1.0
209.06804	-1.0
209.08472	-1.0
209.12167	-1.0
209.13689	-1.0
209.17372	-1.0
209.2162	-1.0
209.23364	-1.0
209.24368	-1.0
209.28703	-1.0
209.34668	-1.0
209.40248	-1.0
209.55484	-1.0
213.7	-1.0
213.70853	-1.0
213.71349	-1.0
213.72533	-1.0
213.73032	-1.0
213.74132	-1.0
213.7554	-1.0
213.76884	-1.0
213.79808	-1.0
213.81488	-1.0
213.82904	-1.0
213.83755	-1.0
213.84904	-1.0
213.85892	-1.0
213.8772	-1.0
213.896	-1.0
213.92612	-1.0
213.94672	-1.0
213.97015	-1.0
213.9854	-1.0
213.99428	-1.0
214.0028	-1.0
214.0314	-1.0
214.05844	-1.0
214.08543	-1.0
214.10876	-1.0
214.11948	-1.0
214.14024	-1.0
214.16467	-1.0
214.17744	-1.0
214.21104	-1.0
214.21445	-1.0
214.23016	-1.0
214.2476	-1.0
214.27408	-1.0
214.29628	-1.0
214.33992	-1.0
214.36407	-1.0
214.4014	-1.0
214.42392	-1.0
214.47324	-1.0
214.4972	-1.0
214.52711	-1.0
214.55484	-1.0
214.60764	-1.0
214.65852	-1.0
214.68504	-1.0
214.70724	-1.0
214.742	-1.0
214.78123	-1.0
214.80048	-1.0
214.85072	-1.0
214.88193	-1.0
214.89888	-1.0
214.95108	-1.0
214.97108	-1.0
215.00204	-1.0
215.05412	-1.0
215.07108	-1.0
215.1118	-1.0
215.17937	-1.0
215.20016	-1.0
219.3028	-1.0
219.30908	-1.0
219.31396	-1.0
219.31648	-1.0
219.32576	-1.0
219.33067	-1.0
219.34424	-1.0
219.35992	-1.0
219.3626	-1.0
219.3786	-1.0
219.39903	-1.0
219.41788	-1.0
219.42252	-1.0
219.44124	-1.0
219.45544	-1.0
219.46068	-1.0
219.4794	-1.0
219.50227	-1.0
219.52309	-1.0
219.54752	-1.0
219.55592	-1.0
219.57468	-1.0
219.58617	-1.0
219.61575	-1.0
219.6256	-1.0
219.66457	-1.0
219.67789	-1.0
219.70557	-1.0
219.76128	-1.0
219.78407	-1.0
219.8108	-1.0
219.81424	1.0
219.84892	-1.0
219.863	-1.0
219.88268	-1.0
219.90865	-1.0
219.94176	-1.0
219.9594	-1.0
219.97913	-1.0
220.00587	-1.0
220.03648	-1.0
220.06177	-1.0
220.08044	-1.0
220.11304	-1.0
220.13092	-1.0
220.1568	-1.0
220.18668	-1.0
220.22044	-1.0
220.24124	-1.0
220.27477	-1.0
220.29384	-1.0
220.32936	-1.0
220.37476	-1.0
220.40536	-1.0
220.4364	-1.0
220.46423	-1.0
220.50128	-1.0
220.54684	-1.0
220.56096	-1.0
220.634	-1.0
220.64185	-1.0
220.73232	-1.0
220.747	-1.0
220.75696	-1.0
225.26288	-1.0
225.26929	-1.0
225.2776	-1.0
225.28392	1.0
225.2884	-1.0
225.30109	-1.0
225.31895	-1.0
225.32672	-1.0
225.34315	-1.0
225.35988	-1.0
225.38696	-1.0
225.40907	-1.0
225.41936	-1.0
225.43764	-1.0
225.44116	-1.0
225.45612	-1.0
225.4662	-1.0
225.48468	-1.0
225.51244	-1.0
225.53044	-1.0
225.57724	-1.0
225.5998	-1.0
225.63193	-1.0
225.64873	-1.0
225.65416	-1.0
225.69353	-1.0
225.73964	-1.0
225.761	-1.0
225.78528	-1.0
225.84177	-1.0
225.86136	-1.0
225.88608	-1.0
225.93	-1.0
225.96608	-1.0
225.97868	-1.0
225.98875	-1.0
226.0058	-1.0
226.03772	-1.0
226.05708	-1.0
226.0818	-1.0
226.11148	-1.0
226.12712	-1.0
226.18044	-1.0
226.20648	-1.0
226.23384	-1.0
226.2712	-1.0
226.28784	-1.0
226.32504	-1.0
226.38148	-1.0
226.41628	-1.0
226.46048	-1.0
226.48708	-1.0
226.50528	-1.0
226.54184	-1.0
226.59244	-1.0
226.71951	-1.0
226.74612	-1.0
226.76073	-1.0
226.97449	-1.0
230.77208	-1.0
230.7798	-1.0
230.78915	-1.0
230.80568	-1.0
230.80916	-1.0
230.81604	-1.0
230.8256	-1.0
230.8342	-1.0
230.85632	-1.0
230.86884	-1.0
230.8878	-1.0
230.90732	-1.0
230.91904	-1.0
230.9456	-1.0
230.97523	-1.0
230.99016	-1.0
231.00427	-1.0
231.01108	-1.0
231.03185	-1.0
231.07852	-1.0
231.12448	-1.0
231.16208	-1.0
231.17436	-1.0
231.19972	-1.0
231.22775	-1.0
231.25343	-1.0
231.27911	-1.0
231.31007	-1.0
231.32613	-1.0
231.34984	-1.0
231.37456	-1.0
231.40068	-1.0
231.42076	-1.0
231.45456	-1.0
231.48016	-1.0
231.50156	-1.0
231.5364	-1.0
231.55077	-1.0
231.57024	-1.0
231.59328	-1.0
231.61703	-1.0
231.65216	-1.0
231.69688	-1.0
231.71768	-1.0
231.73128	-1.0
231.75713	-1.0
231.7974	-1.0
231.83444	-1.0
231.87448	-1.0
231.89777	-1.0
231.92944	-1.0
231.94376	-1.0
231.99084	-1.0
232.0024	-1.0
232.05632	-1.0
232.1054	-1.0
232.14624	-1.0
236.61484	-1.0
236.62032	-1.0
236.62811	-1.0
236.63956	-1.0
236.64565	-1.0
236.65897	-1.0
236.6698	-1.0
236.68204	-1.0
236.688	-1.0
236.71428	-1.0
236.7336	-1.0
236.75052	-1.0
236.77869	-1.0
236.79988	-1.0
236.8122	-1.0
236.83183	-1.0
236.8528	-1.0
236.8744	-1.0
236.88452	-1.0
236.91203	-1.0
236.94543	-1.0
236.96132	-1.0
236.971	-1.0
236.98956	-1.0
237.01112	-1.0
237.05832	-1.0
237.08896	-1.0
237.10568	-1.0
237.10852	-1.0
237.13297	-1.0
237.15813	-1.0
237.17288	-1.0
237.19775	-1.0
237.2208	-1.0
237.25568	-1.0
237.26448	-1.0
237.29932	-1.0
237.34505	-1.0
237.39104	-1.0
237.40344	-1.0
237.42384	-1.0
237.47136	-1.0
237.50372	-1.0
237.5382	-1.0
237.55556	-1.0
237.59944	-1.0
237.6078	-1.0
237.64417	-1.0
237.65604	-1.0
237.66615	-1.0
237.6962	-1.0
237.73044	-1.0
237.76564	-1.0
237.78236	-1.0
237.80312	-1.0
237.83977	-1.0
237.86176	-1.0
237.88892	-1.0
237.90591	-1.0
237.92577	-1.0
237.94008	-1.0
238.01888	-1.0
238.03664	-1.0
242.15315	-1.0
242.15984	-1.0
242.16457	-1.0
242.17812	-1.0
242.18275	-1.0
242.186	-1.0
242.19696	-1.0
242.20456	-1.0
242.21732	-1.0
242.22752	-1.0
242.24564	-1.0
242.273	-1.0
242.29865	-1.0
242.32191	-1.0
242.343	-1.0
242.35808	-1.0
242.37996	-1.0
242.39796	-1.0
242.4104	-1.0
242.42767	-1.0
242.48145	-1.0
242.51224	-1.0
242.5358	-1.0
242.55965	-1.0
242.58244	-1.0
242.58723	-1.0
242.59088	-1.0
242.63504	-1.0
242.66637	-1.0
242.6944	-1.0
242.72047	-1.0
242.79028	-1.0
242.82516	-1.0
242.8752	-1.0
242.89143	-1.0
242.91435	-1.0
242.92757	-1.0
242.95187	-1.0
242.9828	-1.0
243.01756	-1.0
243.05331	-1.0
243.07204	-1.0
243.1006	-1.0
243.12852	-1.0
243.1802	-1.0
243.20276	-1.0
243.22188	-1.0
243.248	-1.0
243.28789	-1.0
243.31796	-1.0
243.33987	-1.0
243.36316	-1.0
243.38396	-1.0
243.462	-1.0
243.4882	-1.0
243.51971	-1.0
243.53375	-1.0
243.5604	-1.0
243.6028	-1.0
243.62256	-1.0
243.64468	-1.0
243.79944	-1.0
248.63364	-1.0
248.64044	-1.0
248.64555	-1.0
248.65443	1.0
248.6574	-1.0
248.67567	-1.0
248.6802	-1.0
248.69376	-1.0
248.71388	-1.0
248.72375	-1.0
248.75168	-1.0
248.77647	-1.0
248.78612	-1.0
248.8442	-1.0
248.87508	-1.0
248.9074	-1.0
248.914	-1.0
248.93423	-1.0
248.95444	-1.0
248.9586	1.0
248.97247	-1.0
248.99052	-1.0
249.02383	-1.0
249.04384	-1.0
249.0646	-1.0
249.07632	-1.0
249.10773	-1.0
249.12527	-1.0
249.14024	-1.0
249.23064	-1.0
249.28535	-1.0
249.33588	-1.0
249.38644	-1.0
249.40884	-1.0
249.4602	-1.0
249.48776	-1.0
249.50204	-1.0
249.52637	-1.0
249.54732	-1.0
249.59416	-1.0
249.61092	-1.0
249.63264	-1.0
249.66208	-1.0
249.67084	-1.0
249.72064	-1.0
249.76332	-1.0
249.80728	-1.0
249.8614	-1.0
249.89227	-1.0
249.91788	-1.0
249.94975	-1.0
249.96796	-1.0
250.01051	-1.0
250.03896	-1.0
250.05324	-1.0
250.10716	-1.0
250.12663	-1.0
250.17812	-1.0
254.99944	-1.0
255.00668	-1.0
255.01268	-1.0
255.01764	-1.0
255.02731	-1.0
255.04012	-1.0
255.04808	-1.0
255.06268	-1.0
255.06636	1.0
255.07224	-1.0
255.09232	-1.0
255.10052	-1.0
255.1142	-1.0
255.13628	-1.0
255.1604	-1.0
255.16531	1.0
255.17204	-1.0
255.18307	-1.0
255.21085	-1.0
255.22388	1.0
255.25797	-1.0
255.2944	-1.0
255.31224	-1.0
255.34608	-1.0
255.35896	-1.0
255.37463	-1.0
255.39175	-1.0
255.41396	-1.0
255.43105	-1.0
255.4446	-1.0
255.46428	-1.0
255.52788	-1.0
255.59705	-1.0
255.65912	-1.0
255.67168	-1.0
255.6964	-1.0
255.71364	-1.0
255.72636	-1.0
255.75797	-1.0
255.78873	-1.0
255.85127	-1.0
255.87144	-1.0
255.91072	-1.0
255.92824	-1.0
255.95088	-1.0
255.97672	-1.0
255.98836	-1.0
256.02625	-1.0
256.0355	-1.0
256.05536	-1.0
256.0774	-1.0
256.12357	-1.0
256.171	-1.0
256.1806	-1.0
256.2508	-1.0
256.26837	-1.0
256.30585	-1.0
256.33844	-1.0
256.37234	-1.0
256.4135	-1.0
256.42804	-1.0
256.5946	-1.0
260.23608	-1.0
260.2451	-1.0
260.24988	-1.0
260.25916	-1.0
260.27448	-1.0
260.30148	-1.0
260.323	-1.0
260.34204	-1.0
260.35617	-1.0
260.37808	-1.0
260.39267	-1.0
260.40555	-1.0
260.41068	-1.0
260.43027	-1.0
260.4392	1.0
260.45764	-1.0
260.4824	-1.0
260.49377	-1.0
260.53735	-1.0
260.57315	-1.0
260.5955	-1.0
260.61713	-1.0
260.63165	-1.0
260.65427	-1.0
260.67892	-1.0
260.7058	-1.0
260.73233	-1.0
260.74933	-1.0
260.75668	-1.0
260.78464	-1.0
260.8038	-1.0
260.8254	-1.0
260.85107	-1.0
260.87943	-1.0
260.91855	-1.0
260.93625	-1.0
260.94995	-1.0
260.9777	-1.0
261.03265	-1.0
261.05563	-1.0
261.0917	-1.0
261.1444	-1.0
261.159	-1.0
261.20493	-1.0
261.2349	-1.0
261.25143	-1.0
261.26447	-1.0
261.29755	-1.0
261.3454	-1.0
261.37167	-1.0
261.41147	-1.0
261.46204	-1.0
261.4858	-1.0
261.5315	-1.0
261.5615	-1.0
261.6035	-1.0
261.6202	-1.0
261.6849	-1.0
263.54745	1.0
265.71375	-1.0
265.7242	-1.0
265.73767	-1.0
265.75104	-1.0
265.7628	-1.0
265.79123	-1.0
265.80283	-1.0
265.81824	-1.0
265.82608	-1.0
265.83655	-1.0
265.85748	-1.0
265.882	-1.0
265.8968	-1.0
265.9132	-1.0
265.92795	-1.0
265.94565	-1.0
265.9659	-1.0
265.99323	1.0
266.0131	1.0
266.0409	-1.0
266.06885	-1.0
266.10605	-1.0
266.13724	-1.0
266.15155	-1.0
266.17084	-1.0
266.21417	-1.0
266.22256	-1.0
266.23483	-1.0
266.2891	-1.0
266.29593	-1.0
266.313	-1.0
266.34476	-1.0
266.3691	-1.0
266.38885	-1.0
266.39673	1.0
266.40808	-1.0
266.43884	-1.0
266.45917	-1.0
266.48553	-1.0
266.50095	-1.0
266.5384	-1.0
266.5573	-1.0
266.57355	-1.0
266.58548	-1.0
266.6204	-1.0
266.63928	-1.0
266.66647	-1.0
266.7014	-1.0
266.71555	-1.0
266.74652	-1.0
266.765	-1.0
266.77945	-1.0
266.82523	-1.0
266.84067	-1.0
266.9001	-1.0
266.91217	-1.0
266.96005	-1.0
266.9902	-1.0
266.9959	-1.0
267.0211	-1.0
267.07025	-1.0
267.09387	-1.0
271.25803	-1.0
271.26587	-1.0
271.28217	-1.0
271.2873	-1.0
271.30945	-1.0
271.3322	-1.0
271.3438	-1.0
271.3638	-1.0
271.3788	-1.0
271.4124	-1.0
271.41492	1.0
271.44135	-1.0
271.45227	-1.0
271.46503	-1.0
271.4839	-1.0
271.53485	-1.0
271.56488	-1.0
271.58945	1.0
271.60696	-1.0
271.62723	-1.0
271.6572	-1.0
271.6939	-1.0
271.70615	-1.0
271.72528	-1.0
271.74524	-1.0
271.77896	-1.0
271.7866	-1.0
271.81033	-1.0
271.83112	-1.0
271.8603	-1.0
271.892	-1.0
271.9229	-1.0
271.95267	-1.0
271.97293	-1.0
271.98755	-1.0
271.99963	-1.0
272.05917	-1.0
272.09363	-1.0
272.10327	-1.0
272.13855	-1.0
272.18408	-1.0
272.1993	-1.0
272.23083	-1.0
272.25308	-1.0
272.26285	-1.0
272.2892	-1.0
272.32108	-1.0
272.38724	-1.0
272.4134	-1.0
272.48492	-1.0
272.5204	-1.0
272.58188	-1.0
272.66467	-1.0
274.84497	-1.0
274.854	-1.0
274.86157	-1.0
274.8665	1.0
274.87384	-1.0
274.88025	-1.0
274.89764	-1.0
274.91095	-1.0
274.9312	-1.0
274.9542	-1.0
274.97308	-1.0
274.9964	-1.0
275.0099	-1.0
275.02255	-1.0
275.04315	-1.0
275.05692	-1.0
275.0778	-1.0
275.09616	-1.0
275.1104	-1.0
275.1237	-1.0
275.15463	-1.0
275.21735	-1.0
275.26376	-1.0
275.2838	-1.0
275.292	-1.0
275.30676	-1.0
275.35345	-1.0
275.37888	-1.0
275.4091	-1.0
275.47104	-1.0
275.48883	-1.0
275.51825	-1.0
275.54	-1.0
275.5829	-1.0
275.6029	-1.0
275.6134	-1.0
275.6402	-1.0
275.65952	-1.0
275.69064	-1.0
275.7222	-1.0
275.7325	-1.0
275.76855	-1.0
275.8194	-1.0
275.83557	-1.0
275.87875	-1.0
275.92407	-1.0
275.93884	-1.0
275.99854	-1.0
276.03165	-1.0
276.05368	-1.0
281.37247	-1.0
281.3778	-1.0
281.38412	-1.0
281.3953	-1.0
281.41116	-1.0
281.4294	-1.0
281.43484	-1.0
281.44708	-1.0
281.45865	-1.0
281.46436	-1.0
281.48428	1.0
281.49973	-1.0
281.5085	-1.0
281.51935	-1.0
281.54495	-1.0
281.558	-1.0
281.5973	-1.0
281.6218	-1.0
281.65033	-1.0
281.67297	-1.0
281.70493	-1.0
281.73407	-1.0
281.75067	-1.0
281.76828	-1.0
281.80307	-1.0
281.8548	-1.0
281.88745	-1.0
281.90195	-1.0
281.91113	-1.0
281.9344	1.0
281.9432	-1.0
281.9624	-1.0
281.97028	-1.0
281.99347	-1.0
282.01675	-1.0
282.02707	1.0
282.04843	-1.0
282.0682	-1.0
282.1083	-1.0
282.1231	-1.0
282.14227	-1.0
282.16348	-1.0
282.20044	-1.0
282.2155	-1.0
282.24652	-1.0
282.262	-1.0
282.29504	-1.0
282.3115	-1.0
282.35388	-1.0
282.387	-1.0
282.4255	-1.0
282.4423	-1.0
282.4825	-1.0
282.52988	-1.0
282.57684	-1.0
282.59805	-1.0
282.68823	-1.0
282.71152	-1.0
282.753	-1.0
282.86777	-1.0
286.42444	-1.0
286.4329	-1.0
286.43784	-1.0
286.45035	-1.0
286.4565	-1.0
286.47897	-1.0
286.48187	-1.0
286.5034	-1.0
286.52124	-1.0
286.5421	-1.0
286.56543	-1.0
286.58533	-1.0
286.59656	-1.0
286.60516	1.0
286.62076	-1.0
286.63684	-1.0
286.668	-1.0
286.68124	-1.0
286.7112	-1.0
286.72113	-1.0
286.7472	-1.0
286.7697	-1.0
286.78793	-1.0
286.80548	-1.0
286.8216	-1.0
286.83313	-1.0
286.86035	-1.0
286.89145	-1.0
286.91583	-1.0
286.9482	-1.0
286.9683	1.0
286.97983	-1.0
286.99283	-1.0
287.01035	-1.0
287.03452	-1.0
287.05707	-1.0
287.08975	-1.0
287.1137	-1.0
287.14645	-1.0
287.16092	-1.0
287.19116	-1.0
287.2066	-1.0
287.22693	-1.0
287.25043	-1.0
287.26132	-1.0
287.31168	-1.0
287.32535	-1.0
287.3712	-1.0
287.4194	-1.0
287.44037	-1.0
287.4794	-1.0
287.49716	-1.0
287.55392	-1.0
287.64877	-1.0
289.99817	-1.0
290.0059	-1.0
290.01212	-1.0
290.0229	-1.0
290.04922	-1.0
290.05948	-1.0
290.07455	-1.0
290.08313	-1.0
290.0952	-1.0
290.11328	-1.0
290.12787	-1.0
290.14175	-1.0
290.16272	-1.0
290.17517	-1.0
290.18396	-1.0
290.207	-1.0
290.22644	-1.0
290.2387	-1.0
290.25784	-1.0
290.29135	-1.0
290.31003	-1.0
290.33704	-1.0
290.3469	-1.0
290.36652	-1.0
290.38773	-1.0
290.40375	-1.0
290.437	-1.0
290.45093	1.0
290.4772	-1.0
290.512	-1.0
290.53845	-1.0
290.56412	-1.0
290.5742	-1.0
290.59613	-1.0
290.6296	-1.0
290.64053	-1.0
290.6756	-1.0
290.69516	-1.0
290.72147	-1.0
290.75146	-1.0
290.7762	-1.0
290.80417	-1.0
290.8372	-1.0
290.8521	-1.0
290.86996	-1.0
290.89145	-1.0
290.9265	-1.0
290.96353	-1.0
290.973	-1.0
291.02863	-1.0
291.04028	-1.0
291.0543	-1.0
291.12595	-1.0
291.15875	-1.0
295.45847	-1.0
295.46643	-1.0
295.486	-1.0
295.49387	-1.0
295.51495	-1.0
295.54068	-1.0
295.551	-1.0
295.5709	-1.0
295.5891	-1.0
295.6128	-1.0
295.64233	-1.0
295.66333	-1.0
295.67984	-1.0
295.7182	-1.0
295.72815	-1.0
295.74936	-1.0
295.7648	-1.0
295.77805	-1.0
295.798	-1.0
295.8299	-1.0
295.8359	-1.0
295.86203	-1.0
295.89905	-1.0
295.91208	-1.0
295.9156	-1.0
295.93735	-1.0
295.99026	-1.0
296.0106	-1.0
296.01355	-1.0
296.04483	-1.0
296.07657	-1.0
296.0909	-1.0
296.11484	-1.0
296.13968	-1.0
296.16745	-1.0
296.20157	-1.0
296.22247	-1.0
296.24063	-1.0
296.24933	-1.0
296.2638	-1.0
296.2806	-1.0
296.31656	-1.0
296.34775	-1.0
296.37332	-1.0
296.40024	-1.0
296.4215	-1.0
296.47467	-1.0
296.49796	-1.0
296.51233	-1.0
296.55875	-1.0
296.64957	-1.0
296.66028	-1.0
296.77872	-1.0
300.404	-1.0
300.41193	-1.0
300.42004	-1.0
300.43744	-1.0
300.45197	-1.0
300.46167	-1.0
300.4774	-1.0
300.49884	-1.0
300.50333	1.0
300.52316	-1.0
300.5452	-1.0
300.5576	-1.0
300.57004	-1.0
300.574	1.0
300.5944	-1.0
300.6047	-1.0
300.61725	-1.0
300.64493	-1.0
300.66852	-1.0
300.69223	-1.0
300.7065	-1.0
300.75485	-1.0
300.77524	-1.0
300.7866	-1.0
300.8249	-1.0
300.8341	-1.0
300.86163	-1.0
300.87936	-1.0
300.8972	-1.0
300.9251	-1.0
300.9502	-1.0
300.97797	-1.0
301.0054	-1.0
301.01605	-1.0
301.03577	-1.0
301.05133	-1.0
301.07767	-1.0
301.10248	-1.0
301.12292	-1.0
301.13464	-1.0
301.16928	-1.0
301.20163	-1.0
301.22244	-1.0
301.2564	-1.0
301.27823	-1.0
301.30917	-1.0
301.31848	-1.0
301.33185	-1.0
301.38675	-1.0
301.40363	-1.0
301.45847	-1.0
301.47015	-1.0
301.5546	-1.0
301.6262	-1.0
301.64444	-1.0
301.67447	-1.0
301.6898	-1.0
305.44196	-1.0
305.44965	-1.0
305.45636	-1.0
305.47644	-1.0
305.5067	-1.0
305.51913	-1.0
305.53543	-1.0
305.5533	-1.0
305.57452	-1.0
305.59995	1.0
305.6144	-1.0
305.63428	-1.0
305.65637	-1.0
305.6765	-1.0
305.71164	-1.0
305.73605	-1.0
305.75717	-1.0
305.76135	-1.0
305.7723	-1.0
305.79065	-1.0
305.82907	-1.0
305.85083	-1.0
305.86356	-1.0
305.89645	-1.0
305.92908	-1.0
305.99057	-1.0
306.01483	-1.0
306.03415	-1.0
306.0524	-1.0
306.1066	-1.0
306.12552	-1.0
306.13675	-1.0
306.16327	-1.0
306.16608	-1.0
306.1945	-1.0
306.20844	-1.0
306.23053	-1.0
306.27563	-1.0
306.31265	-1.0
306.34576	-1.0
306.38004	-1.0
306.43793	-1.0
306.4616	-1.0
306.5108	-1.0
306.5901	-1.0
306.62708	-1.0
306.653	-1.0
306.67383	-1.0
306.74936	-1.0
310.2416	-1.0
310.24945	-1.0
310.2653	-1.0
310.27533	-1.0
310.28333	-1.0
310.2969	-1.0
310.30737	-1.0
310.3158	-1.0
310.32828	-1.0
310.3344	1.0
310.36755	-1.0
310.38773	-1.0
310.39597	-1.0
310.40225	-1.0
310.42468	-1.0
310.43637	-1.0
310.4557	-1.0
310.4714	-1.0
310.5124	-1.0
310.53293	-1.0
310.54504	-1.0
310.5622	-1.0
310.57983	-1.0
310.60724	-1.0
310.62863	-1.0
310.64474	-1.0
310.6714	-1.0
310.71265	-1.0
310.72113	-1.0
310.76404	-1.0
310.78568	-1.0
310.804	-1.0
310.81693	-1.0
310.8428	-1.0
310.85815	-1.0
310.87973	-1.0
310.89343	-1.0
310.91107	-1.0
310.92148	-1.0
310.93427	-1.0
310.9504	-1.0
310.986	-1.0
311.0016	-1.0
311.034	-1.0
311.05563	-1.0
311.10193	-1.0
311.11673	-1.0
311.147	-1.0
311.17084	-1.0
311.19263	-1.0
311.22205	-1.0
311.24673	-1.0
311.4096	-1.0
311.42795	-1.0
315.8413	-1.0
315.87985	-1.0
315.90283	-1.0
315.9084	-1.0
315.9244	-1.0
315.93604	1.0
315.9453	-1.0
315.96512	-1.0
315.98532	-1.0
316.0135	-1.0
316.02704	-1.0
316.04092	-1.0
316.0598	-1.0
316.08823	-1.0
316.113	-1.0
316.14185	1.0
316.1682	-1.0
316.1724	-1.0
316.1874	-1.0
316.20212	-1.0
316.22485	-1.0
316.25684	-1.0
316.30093	-1.0
316.31577	-1.0
316.3414	-1.0
316.36395	-1.0
316.3978	-1.0
316.42673	-1.0
316.44467	-1.0
316.4596	-1.0
316.49265	-1.0
316.50375	-1.0
316.53094	-1.0
316.54727	-1.0
316.58673	-1.0
316.60748	-1.0
316.63287	-1.0
316.67697	-1.0
316.695	-1.0
316.74527	-1.0
316.80423	-1.0
316.812	-1.0
316.82425	-1.0
316.8637	-1.0
316.87903	-1.0
316.93542	-1.0
316.95316	-1.0
320.9851	-1.0
320.9963	-1.0
321.0034	-1.0
321.01404	-1.0
321.02444	-1.0
321.0305	-1.0
321.04855	-1.0
321.06323	-1.0
321.07495	-1.0
321.09003	-1.0
321.1308	-1.0
321.14444	-1.0
321.16147	-1.0
321.1685	-1.0
321.18988	-1.0
321.213	-1.0
321.25156	-1.0
321.2553	-1.0
321.2719	-1.0
321.288	-1.0
321.3163	-1.0
321.3378	-1.0
321.3546	-1.0
321.37668	-1.0
321.39743	-1.0
321.4247	-1.0
321.46295	-1.0
321.49728	-1.0
321.509	-1.0
321.53308	-1.0
321.5371	-1.0
321.55396	-1.0
321.58777	-1.0
321.60504	-1.0
321.63773	-1.0
321.69107	-1.0
321.7052	-1.0
321.75244	-1.0
321.78787	-1.0
321.8094	-1.0
321.86075	-1.0
321.91895	-1.0
321.95413	-1.0
322.025	-1.0
322.03653	-1.0
322.13812	-1.0
325.93265	-1.0
325.9391	-1.0
325.94464	-1.0
325.95285	-1.0
325.9716	-1.0
325.977	-1.0
326.03693	-1.0
326.06516	-1.0
326.08124	-1.0
326.0987	-1.0
326.10526	1.0
326.12616	-1.0
326.14117	-1.0
326.15457	-1.0
326.1765	-1.0
326.1972	-1.0
326.21164	-1.0
326.2386	-1.0
326.25287	-1.0
326.2727	-1.0
326.29813	-1.0
326.31555	-1.0
326.33636	-1.0
326.3646	-1.0
326.38116	-1.0
326.41196	-1.0
326.441	-1.0
326.4839	-1.0
326.4981	-1.0
326.5315	-1.0
326.54984	-1.0
326.55875	-1.0
326.60568	-1.0
326.6312	-1.0
326.65457	-1.0
326.67807	-1.0
326.68848	-1.0
326.6934	-1.0
326.76135	-1.0
326.78513	-1.0
326.7948	-1.0
326.8426	-1.0
326.85815	-1.0
326.91956	-1.0
326.97336	-1.0
326.9999	-1.0
327.0393	-1.0
327.12537	-1.0
327.14337	-1.0
331.8175	-1.0
331.82443	-1.0
331.8387	-1.0
331.84732	-1.0
331.8521	-1.0
331.85724	-1.0
331.8692	-1.0
331.8883	-1.0
331.91333	-1.0
331.92548	-1.0
331.9313	-1.0
331.9605	-1.0
331.97012	-1.0
331.98883	-1.0
332.02908	-1.0
332.04584	-1.0
332.0635	-1.0
332.0798	-1.0
332.10907	-1.0
332.13617	-1.0
332.16757	-1.0
332.1764	-1.0
332.1805	-1.0
332.2029	-1.0
332.21835	-1.0
332.24716	-1.0
332.2939	-1.0
332.3211	-1.0
332.33713	-1.0
332.38364	-1.0
332.41107	-1.0
332.43533	-1.0
332.49356	-1.0
332.51492	-1.0
332.5675	-1.0
332.58923	-1.0
332.59525	-1.0
332.6304	-1.0
332.68063	-1.0
332.68924	-1.0
332.72592	-1.0
332.75113	-1.0
332.8076	-1.0
332.81937	-1.0
332.8902	-1.0
332.90045	-1.0
332.97235	-1.0
333.01303	-1.0
338.18448	-1.0
338.19052	-1.0
338.19864	-1.0
338.21008	-1.0
338.21555	-1.0
338.2393	-1.0
338.2613	-1.0
338.28268	-1.0
338.29172	-1.0
338.31412	-1.0
338.3286	-1.0
338.3552	-1.0
338.3732	-1.0
338.38037	-1.0
338.4037	-1.0
338.41208	-1.0
338.4452	-1.0
338.48087	-1.0
338.4972	-1.0
338.53256	-1.0
338.56348	-1.0
338.59497	-1.0
338.61575	-1.0
338.63452	-1.0
338.65088	-1.0
338.68912	-1.0
338.715	-1.0
338.75568	-1.0
338.77084	-1.0
338.8234	-1.0
338.84308	-1.0
338.917	-1.0
338.95895	-1.0
338.98615	-1.0
339.0233	-1.0
339.04285	-1.0
339.1135	-1.0
339.171	-1.0
339.19424	-1.0
343.23135	-1.0
343.23743	-1.0
343.24255	-1.0
343.273	-1.0
343.30573	1.0
343.318	-1.0
343.33612	-1.0
343.37408	-1.0
343.37985	-1.0
343.40695	-1.0
343.42157	-1.0
343.44485	-1.0
343.47427	-1.0
343.50644	-1.0
343.5279	-1.0
343.5319	-1.0
343.56296	-1.0
343.61017	-1.0
343.62964	-1.0
343.66827	-1.0
343.6713	-1.0
343.69025	-1.0
343.73087	-1.0
343.7812	-1.0
343.801	-1.0
343.8282	-1.0
343.8678	-1.0
343.9197	-1.0
343.9722	-1.0
344.02332	-1.0
344.04916	-1.0
344.18777	-1.0
348.60767	-1.0
348.61887	-1.0
348.62653	-1.0
348.6314	-1.0
348.64072	-1.0
348.65732	-1.0
348.68423	-1.0
348.7238	-1.0
348.74265	-1.0
348.75797	-1.0
348.8037	-1.0
348.8188	-1.0
348.8242	-1.0
348.846	-1.0
348.90652	-1.0
348.93423	-1.0
348.93985	-1.0
348.9778	-1.0
349.05008	-1.0
349.09125	-1.0
349.11435	-1.0
349.16083	-1.0
349.18723	-1.0
349.2071	-1.0
349.2282	-1.0
349.26505	-1.0
349.27515	-1.0
349.32715	-1.0
349.38824	-1.0
349.44257	-1.0
349.48856	-1.0
349.5363	-1.0
349.56223	-1.0
349.6447	-1.0
353.58896	-1.0
353.60248	-1.0
353.6093	-1.0
353.6227	-1.0
353.64587	-1.0
353.66077	-1.0
353.68832	-1.0
353.708	-1.0
353.73636	-1.0
353.7996	-1.0
353.81445	1.0
353.82288	-1.0
353.85452	-1.0
353.8916	-1.0
353.90063	-1.0
353.92612	-1.0
353.9323	-1.0
353.98917	-1.0
354.04837	-1.0
354.06375	-1.0
354.0909	-1.0
354.11432	-1.0
354.1642	-1.0
354.2339	-1.0
354.3481	-1.0
354.3692	-1.0
354.40308	-1.0
354.4258	-1.0
354.46207	-1.0
354.49487	-1.0
354.59232	-1.0
354.65677	-1.0
354.67725	-1.0
354.7267	-1.0
358.3644	-1.0
358.37387	-1.0
358.37933	-1.0
358.40256	-1.0
358.4214	-1.0
358.44385	-1.0
358.48523	-1.0
358.48935	-1.0
358.5002	-1.0
358.5344	-1.0
358.55563	-1.0
358.59372	-1.0
358.59952	-1.0
358.67065	-1.0
358.79333	-1.0
358.83743	-1.0
358.85425	-1.0
358.92856	-1.0
358.94156	-1.0
358.96872	-1.0
358.98145	-1.0
359.04492	-1.0
359.06668	-1.0
359.11127	-1.0
359.15927	-1.0
359.27832	-1.0
359.3342	-1.0
363.47583	-1.0
363.489	-1.0
363.51788	-1.0
363.52972	-1.0
363.56497	-1.0
363.59204	1.0
363.6005	-1.0
363.6422	-1.0
363.6849	-1.0
363.6881	-1.0
363.70728	-1.0
363.78452	-1.0
363.80188	1.0
363.83972	-1.0
363.89844	-1.0
363.92355	-1.0
363.96027	1.0
363.9681	-1.0
364.08832	-1.0
364.17075	-1.0
364.22147	-1.0
364.2651	-1.0
364.29895	-1.0
364.32385	-1.0
364.34845	-1.0
364.37204	-1.0
364.4313	-1.0
364.46796	-1.0
364.71008	-1.0
368.4179	-1.0
368.46472	-1.0
368.51956	-1.0
368.5494	-1.0
368.55453	-1.0
368.58368	-1.0
368.58688	-1.0
368.64017	-1.0
368.69467	-1.0
368.72275	-1.0
368.7862	-1.0
368.84125	-1.0
368.87164	-1.0
368.9136	-1.0
368.99295	-1.0
369.02405	-1.0
369.0576	-1.0
369.11096	-1.0
369.15305	-1.0
369.15848	-1.0
369.18536	-1.0
369.21707	-1.0
369.28165	-1.0
373.1263	-1.0
373.14777	-1.0
373.16495	-1.0
373.1858	-1.0
373.19284	-1.0
373.21408	-1.0
373.21753	1.0
373.23285	-1.0
373.2839	-1.0
373.2993	-1.0
373.32727	-1.0
373.3666	-1.0
373.3893	-1.0
373.46088	-1.0
373.48816	-1.0
373.5923	-1.0
373.66992	-1.0
373.75943	-1.0
373.81497	-1.0
373.8574	-1.0
374.18167	-1.0
374.18835	-1.0
377.97336	-1.0
377.98087	-1.0
377.9871	-1.0
378.02655	-1.0
378.04904	-1.0
378.06415	-1.0
378.1057	-1.0
378.13855	-1.0
378.19	-1.0
378.20544	-1.0
378.23645	-1.0
378.2668	-1.0
378.34467	-1.0
378.42645	-1.0
378.4398	-1.0
378.48447	-1.0
378.50876	-1.0
378.59613	-1.0
378.6345	1.0
383.0201	-1.0
383.03073	-1.0
383.0461	-1.0
383.0753	-1.0
383.1053	-1.0
383.1252	1.0
383.13885	-1.0
383.15616	-1.0
383.17477	1.0
383.17987	-1.0
383.2698	-1.0
383.3362	-1.0
383.39728	-1.0
383.46005	1.0
383.51535	-1.0
383.61444	1.0
383.723	-1.0
383.92264	-1.0
388.02728	-1.0
388.03568	-1.0
388.0572	-1.0
388.0934	-1.0
388.1444	-1.0
388.16867	-1.0
388.18427	-1.0
388.23477	-1.0
388.34604	-1.0
388.36475	-1.0
388.42	1.0
388.43527	-1.0
388.7604	-1.0
388.83908	-1.0
388.94995	-1.0
388.98743	-1.0
392.7734	-1.0
392.79248	-1.0
392.80475	-1.0
392.9041	-1.0
392.92303	-1.0
392.94565	1.0
392.9876	-1.0
393.0368	-1.0
393.11176	-1.0
393.26193	-1.0
393.27603	1.0
393.6052	-1.0
397.17804	-1.0
397.18652	-1.0
397.29214	-1.0
397.2962	-1.0
397.31015	1.0
397.3377	-1.0
397.3405	-1.0
397.38647	-1.0
397.39096	-1.0
397.4785	1.0
397.55185	1.0
397.59784	-1.0
397.827	-1.0
397.87973	-1.0
397.8988	-1.0
402.10773	-1.0
402.1528	-1.0
402.19156	-1.0
402.20935	-1.0
402.21835	-1.0
402.23663	1.0
402.2664	-1.0
402.2801	-1.0
402.35217	1.0
402.41827	-1.0
402.5028	-1.0
402.51935	1.0
402.68127	-1.0
403.06573	-1.0
407.4022	-1.0
407.44788	-1.0
407.5031	1.0
407.51215	-1.0
407.51553	-1.0
407.51804	-1.0
407.53107	-1.0
407.5359	-1.0
407.5654	-1.0
407.6074	-1.0
407.6103	-1.0
407.66324	-1.0
407.67307	-1.0
407.72568	-1.0
407.7472	-1.0
407.86768	-1.0
407.87143	-1.0
407.8961	-1.0
408.1628	1.0
411.77472	-1.0
411.78513	-1.0
411.82	-1.0
411.8391	1.0
411.84476	1.0
411.85303	1.0
411.88177	1.0
411.97772	-1.0
412.07285	-1.0
412.07745	-1.0
416.62766	-1.0
416.64233	1.0
416.65097	-1.0
416.66708	-1.0
416.69128	-1.0
416.70865	-1.0
416.7156	-1.0
416.73264	1.0
416.7422	1.0
416.7495	-1.0
416.86743	-1.0
416.9269	-1.0
416.95297	-1.0
417.19388	-1.0
421.25327	-1.0
421.26288	-1.0
421.32437	-1.0
421.33563	1.0
421.3535	1.0
421.37665	-1.0
421.39597	-1.0
421.42804	1.0
421.61908	-1.0
421.6538	-1.0
421.7328	-1.0
421.79575	-1.0
421.9684	-1.0
425.66672	-1.0
425.67444	-1.0
425.73096	-1.0
425.7367	-1.0
425.7528	-1.0
425.75635	-1.0
425.77408	1.0
425.8193	1.0
425.8485	1.0
425.89468	1.0
426.10095	-1.0
429.64395	-1.0
429.67508	1.0
429.67856	-1.0
429.68997	-1.0
429.70844	1.0
429.74637	-1.0
429.78915	1.0
429.90103	-1.0
429.95383	-1.0
429.99792	1.0
430.0464	-1.0
433.676	-1.0
433.68958	-1.0
433.70905	1.0
433.715	-1.0
433.72855	1.0
433.74747	-1.0
433.79193	-1.0
433.8088	-1.0
433.85953	-1.0
433.8746	1.0
433.94577	-1.0
434.15384	-1.0
437.46512	-1.0
437.52533	-1.0
437.5384	-1.0
437.57016	-1.0
437.60577	-1.0
437.6532	-1.0
437.85703	-1.0
442.46643	-1.0
442.4795	-1.0
442.50256	-1.0
442.5077	1.0
442.5144	-1.0
442.51953	1.0
442.5381	1.0
442.56067	1.0
442.57812	-1.0
442.6016	1.0
442.62604	-1.0
442.6316	-1.0
442.66428	-1.0
442.8979	-1.0
443.00473	-1.0
443.0534	-1.0
446.35504	-1.0
446.39636	-1.0
446.4226	-1.0
446.44955	1.0
446.4803	1.0
446.57123	-1.0
446.58856	1.0
446.74127	1.0
450.38657	-1.0
450.42252	-1.0
450.44156	-1.0
450.46198	-1.0
450.49396	-1.0
450.5201	-1.0
450.5836	-1.0
450.60443	-1.0
453.96188	-1.0
453.9764	1.0
453.99863	-1.0
454.00385	-1.0
454.02383	-1.0
454.03485	1.0
454.11383	-1.0
454.18433	-1.0
454.20087	-1.0
454.26987	-1.0
454.28583	-1.0
454.57623	-1.0
457.44907	-1.0
457.49652	1.0
457.51352	-1.0
457.53528	-1.0
457.56183	1.0
457.6188	-1.0
457.6855	-1.0
457.78293	-1.0
457.86588	-1.0
458.0599	-1.0
460.69836	-1.0
460.7495	1.0
460.7635	-1.0
460.7876	-1.0
460.81424	1.0
460.85983	1.0
460.88495	-1.0
460.92593	1.0
460.97995	-1.0
461.0968	-1.0
464.1658	-1.0
464.2084	-1.0
464.22552	1.0
464.24756	-1.0
464.28363	-1.0
464.3456	-1.0
464.37	1.0
464.47836	1.0
464.5766	-1.0
467.666	-1.0
467.7032	-1.0
467.70972	1.0
467.72205	-1.0
467.7432	1.0
467.7666	-1.0
467.81104	-1.0
467.84976	-1.0
470.9419	-1.0
471.00372	-1.0
471.01828	-1.0
471.0432	1.0
471.05557	-1.0
471.06915	-1.0
471.07687	-1.0
471.13776	-1.0
473.9134	-1.0
473.95724	-1.0
473.9753	1.0
473.99323	1.0
474.02075	1.0
474.107	-1.0
474.1962	-1.0
476.91464	-1.0
476.9518	-1.0
476.96387	-1.0
476.99033	-1.0
477.02875	-1.0
477.1213	-1.0
479.8361	-1.0
479.8563	-1.0
479.87823	1.0
479.91556	1.0
479.93652	-1.0
479.96408	-1.0
482.12552	-1.0
482.4928	-1.0
482.53036	-1.0
482.54724	1.0
482.57516	-1.0
482.60013	-1.0
482.70377	-1.0
482.7656	-1.0
485.71515	-1.0
485.766	1.0
485.77972	-1.0
485.78473	-1.0
485.86093	-1.0
485.89145	-1.0
485.91412	1.0
489.069	-1.0
489.07483	-1.0
489.09424	-1.0
489.11255	-1.0
489.1305	-1.0
489.15652	-1.0
489.1719	-1.0
489.21085	-1.0
489.2195	1.0
489.28143	-1.0
492.67197	-1.0
492.72055	-1.0
492.7372	1.0
492.76572	1.0
492.78833	1.0
492.82877	-1.0
492.85684	-1.0
492.9812	-1.0
495.451	-1.0
495.4872	-1.0
495.49023	-1.0
495.5218	-1.0
495.54916	-1.0
495.631	-1.0
495.63785	-1.0
497.48755	1.0
498.53137	-1.0
498.55203	-1.0
498.5739	-1.0
498.6104	-1.0
498.673	-1.0
503.92252	-1.0
503.95175	-1.0
503.96683	-1.0
503.97144	-1.0
503.99377	1.0
504.0222	1.0
504.08685	1.0
504.1566	-1.0
504.26028	-1.0
504.36563	1.0
506.96573	1.0
506.98767	-1.0
507.0219	1.0
507.1298	-1.0
507.14648	-1.0
509.38193	-1.0
509.43463	-1.0
509.4502	1.0
509.48276	-1.0
509.52744	1.0
512.5483	1.0
512.6038	-1.0
512.62415	-1.0
512.6376	-1.0
512.64294	-1.0
512.6852	-1.0
512.73584	-1.0
515.34357	-1.0
515.37915	1.0
515.3931	-1.0
515.41345	-1.0
515.4178	-1.0
515.451	1.0
518.2358	-1.0
518.2392	-1.0
518.2948	-1.0
518.3174	-1.0
518.3355	-1.0
518.34686	-1.0
518.38434	-1.0
518.42633	-1.0
521.36896	-1.0
521.4268	1.0
521.44904	1.0
521.47736	1.0
521.5088	-1.0
521.60547	-1.0
521.6433	-1.0
524.1598	-1.0
524.2298	-1.0
524.24506	-1.0
524.2487	-1.0
524.29785	1.0
526.8147	1.0
526.83813	-1.0
526.8809	1.0
530.0263	-1.0
530.1156	-1.0
530.13635	-1.0
530.1615	-1.0
530.1658	-1.0
530.17816	1.0
530.2006	1.0
533.57306	-1.0
533.61273	-1.0
533.636	-1.0
533.64813	-1.0
533.6742	-1.0
533.6943	-1.0
536.0574	-1.0
536.2742	-1.0
536.32635	-1.0
536.3435	1.0
536.37286	1.0
538.44434	-1.0
538.4902	-1.0
538.5113	-1.0
538.5406	1.0
541.86945	-1.0
541.90393	-1.0
541.9174	-1.0
541.952	-1.0
541.97314	-1.0
542.01245	-1.0
542.07733	-1.0
547.04254	-1.0
547.05524	-1.0
547.0707	1.0
547.11066	-1.0
547.1508	-1.0
547.18646	-1.0
547.33136	-1.0
551.84607	-1.0
551.85535	1.0
551.87354	1.0
551.9151	-1.0
551.9529	1.0
552.03156	-1.0
556.01337	-1.0
556.0568	-1.0
556.0848	1.0
556.10046	1.0
556.124	-1.0
556.16833	1.0
559.7794	-1.0
559.8645	-1.0
559.886	-1.0
559.91425	1.0
562.74426	-1.0
562.77673	-1.0
562.9158	-1.0
562.94104	1.0
562.96826	1.0
563.0206	-1.0
563.04175	-1.0
567.08563	-1.0
567.17633	-1.0
567.1934	-1.0
567.2166	-1.0
567.248	1.0
567.289	-1.0
574.80774	-1.0
574.81287	-1.0
574.8551	-1.0
574.8717	-1.0
574.8858	1.0
574.90674	-1.0
574.9296	-1.0
574.95526	1.0
575.05115	-1.0
578.4354	-1.0
578.4425	-1.0
578.56537	-1.0
578.58704	-1.0
578.6341	-1.0
578.7296	-1.0
581.598	-1.0
581.82904	-1.0
581.9072	1.0
581.9299	1.0
581.9393	-1.0
581.9589	-1.0
582.0418	-1.0
582.0574	-1.0
586.7822	-1.0
586.8147	-1.0
586.8179	-1.0
586.853	-1.0
586.86005	-1.0
586.8809	-1.0
586.9475	-1.0
587.0095	-1.0
587.41766	-1.0
587.46875	-1.0
593.15546	-1.0
593.19214	-1.0
593.22266	-1.0
593.23773	-1.0
593.2722	-1.0
593.30286	-1.0
593.3307	-1.0
593.3514	-1.0
593.3993	-1.0
597.0008	-1.0
597.09235	-1.0
597.10126	-1.0
597.1804	-1.0
597.1852	-1.0
597.2112	-1.0
597.23126	-1.0
597.2641	-1.0
597.3136	-1.0
597.3932	-1.0
597.42993	-1.0
