0.00368	-1.0
0.01684	-1.0
0.034	-1.0
0.04336	-1.0
0.104	-1.0
0.12208	-1.0
0.1394	-1.0
0.15244	-1.0
0.1984	-1.0
0.30288	-1.0
0.31076	-1.0
0.34416	-1.0
0.39568	-1.0
0.40904	-1.0
0.42528	-1.0
0.45524	-1.0
0.4752	-1.0
0.48828	-1.0
0.51824	-1.0
0.56404	-1.0
0.61976	-1.0
0.69876	-1.0
0.74368	-1.0
0.79072	-1.0
0.82816	-1.0
0.91916	-1.0
1.0936	-1.0
1.11264	-1.0
1.13672	-1.0
1.2452	-1.0
1.344	-1.0
1.42284	-1.0
1.56508	-1.0
1.63236	-1.0
5.36164	-1.0
5.38648	-1.0
5.40308	-1.0
5.41416	-1.0
5.42144	-1.0
5.43436	-1.0
5.44148	-1.0
5.453	-1.0
5.46564	-1.0
5.47024	-1.0
5.49492	-1.0
5.50144	-1.0
5.51348	-1.0
5.52436	-1.0
5.56468	-1.0
5.58268	-1.0
5.64424	-1.0
5.6726	-1.0
5.72024	-1.0
5.7244	-1.0
5.7858	-1.0
5.7926	-1.0
5.83996	-1.0
5.88392	-1.0
5.94088	-1.0
5.9454	-1.0
5.9772	-1.0
6.06616	-1.0
6.0688	-1.0
6.07508	-1.0
6.123	-1.0
6.15384	-1.0
6.20832	-1.0
6.2538	-1.0
6.29732	-1.0
6.3908	-1.0
6.4054	-1.0
6.45588	-1.0
6.53268	-1.0
6.54412	-1.0
6.62624	-1.0
6.828	-1.0
6.91192	-1.0
6.95072	-1.0
7.01256	-1.0
7.12496	-1.0
8.95912	-1.0
8.9678	-1.0
8.97796	-1.0
8.9958	-1.0
9.0062	-1.0
9.01368	-1.0
9.033	-1.0
9.04568	-1.0
9.06336	-1.0
9.0884	-1.0
9.09096	-1.0
9.09424	-1.0
9.11784	-1.0
9.12928	-1.0
9.144	-1.0
9.16236	-1.0
9.2232	-1.0
9.26408	-1.0
9.26912	-1.0
9.29464	-1.0
9.33804	-1.0
9.36316	-1.0
9.37128	-1.0
9.43756	-1.0
9.45912	-1.0
9.5306	-1.0
9.58144	-1.0
9.625	-1.0
9.65272	-1.0
9.70824	-1.0
9.74188	-1.0
9.78252	-1.0
9.79564	-1.0
9.82832	-1.0
9.88552	-1.0
9.93636	-1.0
10.03444	-1.0
10.03736	1.0
10.08528	-1.0
10.15032	-1.0
10.18576	-1.0
10.2592	-1.0
10.30852	-1.0
10.38824	-1.0
10.83092	-1.0
10.88712	-1.0
10.92272	-1.0
10.94476	-1.0
11.00748	-1.0
11.11844	-1.0
11.1776	-1.0
11.23608	-1.0
11.53984	-1.0
11.6468	-1.0
11.678	-1.0
11.72648	-1.0
11.7876	-1.0
11.82952	-1.0
11.86116	-1.0
11.8932	-1.0
11.973	-1.0
12.06988	-1.0
12.11012	-1.0
12.11916	-1.0
12.15068	-1.0
12.15972	-1.0
12.17772	-1.0
12.27448	-1.0
12.31244	-1.0
12.47616	-1.0
12.58992	-1.0
12.64248	-1.0
12.67004	-1.0
12.72624	-1.0
14.86276	-1.0
14.89188	-1.0
14.89696	-1.0
14.92768	-1.0
14.9474	-1.0
14.95072	-1.0
14.97132	-1.0
14.99936	-1.0
15.0138	-1.0
15.03012	-1.0
15.04308	-1.0
15.04824	-1.0
15.0682	-1.0
15.11984	-1.0
15.127	-1.0
15.20516	-1.0
15.29916	-1.0
15.37556	-1.0
15.3944	-1.0
15.52828	-1.0
15.56144	-1.0
15.61016	-1.0
15.71608	-1.0
15.74464	-1.0
15.77104	-1.0
15.88508	-1.0
15.91996	-1.0
15.94656	-1.0
15.99404	-1.0
15.99712	1.0
16.02176	-1.0
16.09416	-1.0
16.11448	-1.0
16.17904	-1.0
16.22824	-1.0
16.28248	-1.0
16.36756	-1.0
16.42988	-1.0
16.5576	-1.0
19.3082	-1.0
19.36316	-1.0
19.3798	-1.0
19.38924	-1.0
19.3932	-1.0
19.40436	-1.0
19.4156	-1.0
19.42248	-1.0
19.43132	-1.0
19.4428	-1.0
19.46348	-1.0
19.466	1.0
19.47436	-1.0
19.48236	1.0
19.507	1.0
19.51292	-1.0
19.52316	-1.0
19.54292	-1.0
19.60748	-1.0
19.62244	-1.0
19.67012	-1.0
19.68368	-1.0
19.6976	-1.0
19.75136	-1.0
19.76008	-1.0
19.80024	1.0
19.88816	-1.0
19.93228	-1.0
19.95776	-1.0
20.01864	-1.0
20.10552	-1.0
20.13448	-1.0
20.2328	-1.0
20.246	-1.0
20.3218	-1.0
20.3388	-1.0
20.35568	-1.0
20.4592	-1.0
20.56056	-1.0
20.81548	-1.0
20.84328	-1.0
20.98008	-1.0
21.02816	-1.0
24.80676	-1.0
24.82412	-1.0
24.8462	-1.0
24.85476	-1.0
24.86644	-1.0
24.87392	-1.0
24.88056	-1.0
24.8984	-1.0
24.91556	-1.0
24.91832	-1.0
24.9326	-1.0
24.96424	-1.0
25.02788	-1.0
25.05848	-1.0
25.06792	-1.0
25.08472	-1.0
25.09232	-1.0
25.11524	-1.0
25.11828	-1.0
25.12216	-1.0
25.14896	-1.0
25.16156	-1.0
25.19184	-1.0
25.19592	-1.0
25.31256	-1.0
25.33568	-1.0
25.34536	-1.0
25.3804	-1.0
25.40804	-1.0
25.49904	-1.0
25.50228	-1.0
25.56292	-1.0
25.57852	-1.0
25.5814	-1.0
25.60716	-1.0
25.66964	-1.0
25.71504	-1.0
25.7506	-1.0
25.81736	-1.0
25.90904	-1.0
25.9444	-1.0
26.30512	-1.0
26.55368	-1.0
29.79684	-1.0
29.80012	1.0
29.81228	-1.0
29.8198	-1.0
29.82812	-1.0
29.84188	-1.0
29.84716	-1.0
29.86108	-1.0
29.8852	-1.0
29.89188	-1.0
29.89896	-1.0
29.92144	-1.0
29.9364	-1.0
29.9596	-1.0
29.98728	-1.0
29.99708	-1.0
30.00736	-1.0
30.02084	-1.0
30.03216	-1.0
30.04344	-1.0
30.0488	-1.0
30.05268	-1.0
30.08288	-1.0
30.12068	-1.0
30.16248	-1.0
30.20724	-1.0
30.26436	1.0
30.28372	-1.0
30.31308	-1.0
30.3726	-1.0
30.40664	-1.0
30.6486	-1.0
30.74376	-1.0
30.80424	-1.0
30.83212	-1.0
30.85208	-1.0
30.95568	-1.0
30.96304	-1.0
31.1208	-1.0
31.21888	-1.0
35.67056	-1.0
35.68512	-1.0
35.68888	-1.0
35.69816	-1.0
35.70428	-1.0
35.70804	-1.0
35.7216	-1.0
35.72508	-1.0
35.72944	-1.0
35.7414	-1.0
35.74888	-1.0
35.76744	-1.0
35.77988	-1.0
35.78332	-1.0
35.78604	-1.0
35.80256	-1.0
35.82332	-1.0
35.88468	-1.0
35.89196	-1.0
35.90956	-1.0
35.91968	-1.0
35.95512	-1.0
35.9832	-1.0
35.992	-1.0
36.00768	-1.0
36.02888	-1.0
36.05532	-1.0
36.08796	-1.0
36.11596	-1.0
36.20512	-1.0
36.21968	-1.0
36.26108	-1.0
36.27612	-1.0
36.3476	-1.0
36.373	-1.0
36.39908	-1.0
36.52732	-1.0
36.58908	-1.0
36.60504	-1.0
36.64728	-1.0
37.0498	-1.0
37.4612	-1.0
37.70292	-1.0
37.73156	-1.0
37.78852	-1.0
37.8058	-1.0
37.82076	-1.0
37.83936	-1.0
37.8686	-1.0
37.91236	-1.0
37.94464	-1.0
40.43448	-1.0
40.44352	-1.0
40.45152	-1.0
40.45624	-1.0
40.46684	-1.0
40.48308	-1.0
40.4892	-1.0
40.50376	-1.0
40.51596	-1.0
40.55116	-1.0
40.5634	-1.0
40.5688	-1.0
40.58936	-1.0
40.6652	-1.0
40.75752	-1.0
40.78588	-1.0
40.81252	-1.0
40.89172	-1.0
40.92712	-1.0
40.99528	-1.0
41.06184	-1.0
41.09512	-1.0
41.1602	-1.0
41.31832	-1.0
41.3754	-1.0
41.48672	-1.0
41.73456	-1.0
41.95004	-1.0
41.99484	-1.0
42.02904	-1.0
44.61608	-1.0
44.65152	-1.0
44.67356	-1.0
44.68908	-1.0
44.70564	-1.0
44.71164	-1.0
44.72472	-1.0
44.72804	-1.0
44.73056	-1.0
44.75772	-1.0
44.78156	-1.0
44.78772	-1.0
44.79028	-1.0
44.8118	-1.0
44.81452	-1.0
44.86264	-1.0
44.91672	-1.0
45.0018	-1.0
45.02184	-1.0
45.07472	-1.0
45.08744	-1.0
45.1642	-1.0
45.23136	-1.0
45.24628	-1.0
45.29956	-1.0
45.31368	-1.0
45.32044	-1.0
45.41872	-1.0
45.5278	-1.0
45.69968	-1.0
45.76872	-1.0
46.01104	-1.0
49.203	-1.0
49.2188	-1.0
49.23904	-1.0
49.24924	-1.0
49.2544	-1.0
49.2616	-1.0
49.26892	-1.0
49.29764	-1.0
49.30688	-1.0
49.3114	-1.0
49.31864	-1.0
49.32772	-1.0
49.33328	-1.0
49.34064	-1.0
49.35988	-1.0
49.3658	-1.0
49.37052	-1.0
49.38828	-1.0
49.40964	-1.0
49.43736	-1.0
49.48032	-1.0
49.53188	-1.0
49.57064	-1.0
49.59284	-1.0
49.6026	-1.0
49.63828	-1.0
49.6652	-1.0
49.71244	-1.0
49.74236	-1.0
49.79752	-1.0
49.82112	-1.0
49.8576	-1.0
50.2464	-1.0
50.2584	-1.0
50.29744	-1.0
50.38892	-1.0
50.40872	-1.0
50.42776	-1.0
50.4418	-1.0
50.5732	-1.0
50.70676	-1.0
54.4346	-1.0
54.44616	-1.0
54.45632	-1.0
54.4672	-1.0
54.47016	-1.0
54.47752	-1.0
54.49272	-1.0
54.51152	-1.0
54.52508	-1.0
54.53136	-1.0
54.5478	-1.0
54.5664	-1.0
54.59104	-1.0
54.59592	-1.0
54.66452	-1.0
54.71176	-1.0
54.76912	-1.0
54.86276	-1.0
54.92576	-1.0
54.947	-1.0
54.98036	-1.0
55.017	-1.0
55.049	-1.0
55.09592	-1.0
55.12396	-1.0
55.13056	-1.0
55.29876	-1.0
55.38676	-1.0
55.49696	-1.0
55.6786	-1.0
55.70184	-1.0
55.73388	-1.0
59.56036	1.0
59.56948	-1.0
59.57328	-1.0
59.58576	-1.0
59.59832	-1.0
59.60468	-1.0
59.61228	-1.0
59.62304	-1.0
59.63092	-1.0
59.652	-1.0
59.66224	-1.0
59.67548	-1.0
59.70124	-1.0
59.74124	-1.0
59.75012	-1.0
59.775	-1.0
59.83424	-1.0
59.85988	-1.0
59.89252	-1.0
59.91048	-1.0
59.94596	-1.0
59.97552	-1.0
59.98984	-1.0
60.00096	-1.0
60.02392	-1.0
60.08708	-1.0
60.12884	-1.0
60.13552	-1.0
60.17136	-1.0
60.21104	-1.0
60.30216	-1.0
60.31836	-1.0
60.42724	-1.0
60.4598	-1.0
60.48692	-1.0
60.6052	-1.0
60.62348	-1.0
60.69252	-1.0
60.97152	-1.0
61.00804	-1.0
61.06168	-1.0
63.80948	-1.0
63.82132	-1.0
63.83888	-1.0
63.865	-1.0
63.86916	-1.0
63.88076	-1.0
63.89076	-1.0
63.89528	-1.0
63.90204	-1.0
63.93904	-1.0
63.94156	1.0
63.96312	1.0
64.00688	-1.0
64.02356	-1.0
64.03008	-1.0
64.04224	-1.0
64.04592	-1.0
64.06336	-1.0
64.08084	-1.0
64.12616	-1.0
64.1294	-1.0
64.17516	-1.0
64.18604	-1.0
64.20064	-1.0
64.23152	-1.0
64.25792	-1.0
64.31244	-1.0
64.36664	-1.0
64.41468	-1.0
64.41832	-1.0
64.47088	-1.0
64.54028	-1.0
64.56244	-1.0
64.6504	-1.0
64.70084	-1.0
64.77676	-1.0
64.79016	-1.0
64.81228	-1.0
64.82212	-1.0
68.21624	-1.0
68.23352	-1.0
68.23764	-1.0
68.24928	-1.0
68.26604	-1.0
68.2692	-1.0
68.27624	-1.0
68.2872	-1.0
68.2916	-1.0
68.29524	-1.0
68.30324	-1.0
68.32576	-1.0
68.3328	-1.0
68.3778	-1.0
68.38984	-1.0
68.4056	-1.0
68.41456	-1.0
68.43492	-1.0
68.47412	-1.0
68.4824	-1.0
68.4982	-1.0
68.50696	1.0
68.53868	-1.0
68.57712	-1.0
68.61552	-1.0
68.62228	-1.0
68.637	-1.0
68.65376	-1.0
68.72244	-1.0
68.77784	-1.0
68.80616	-1.0
68.83656	-1.0
68.87132	-1.0
68.95396	-1.0
69.0914	-1.0
69.2376	-1.0
69.39008	-1.0
69.5416	-1.0
73.50968	-1.0
73.513	-1.0
73.51936	-1.0
73.53076	-1.0
73.53652	-1.0
73.543	-1.0
73.55332	-1.0
73.55708	-1.0
73.5606	-1.0
73.5702	1.0
73.57272	1.0
73.57896	-1.0
73.60536	-1.0
73.62944	-1.0
73.64168	-1.0
73.651	-1.0
73.66372	-1.0
73.69272	-1.0
73.73464	-1.0
73.73816	-1.0
73.76764	-1.0
73.78824	-1.0
73.79652	-1.0
73.81312	-1.0
73.84684	-1.0
73.87652	-1.0
73.88412	-1.0
73.962	-1.0
73.972	-1.0
74.0112	-1.0
74.0464	-1.0
74.09656	-1.0
74.12824	-1.0
74.1522	-1.0
74.21224	-1.0
74.23944	-1.0
74.26008	-1.0
74.315	-1.0
74.34056	-1.0
74.39336	-1.0
74.4304	-1.0
74.49488	-1.0
74.59632	-1.0
74.91412	-1.0
78.45316	-1.0
78.4752	-1.0
78.48968	-1.0
78.50364	-1.0
78.50956	-1.0
78.51964	-1.0
78.5306	-1.0
78.54332	-1.0
78.5568	-1.0
78.5628	-1.0
78.56816	-1.0
78.60112	-1.0
78.60492	-1.0
78.6118	-1.0
78.63644	-1.0
78.65544	-1.0
78.67888	-1.0
78.70596	-1.0
78.77068	-1.0
78.77652	-1.0
78.80536	-1.0
78.82504	-1.0
78.85176	-1.0
78.8652	-1.0
78.94356	-1.0
78.97328	-1.0
79.01772	-1.0
79.05144	-1.0
79.09428	-1.0
79.12336	-1.0
79.14888	-1.0
79.188	-1.0
79.24564	-1.0
79.3642	-1.0
79.53224	-1.0
79.7088	-1.0
83.85664	-1.0
83.87056	-1.0
83.881	-1.0
83.88608	-1.0
83.88952	-1.0
83.90016	-1.0
83.91372	-1.0
83.91868	-1.0
83.9266	-1.0
83.93284	-1.0
83.95996	-1.0
83.963	1.0
83.9878	-1.0
84.04804	-1.0
84.052	-1.0
84.0564	-1.0
84.11496	-1.0
84.13676	-1.0
84.17504	-1.0
84.19416	-1.0
84.222	-1.0
84.23296	-1.0
84.27116	-1.0
84.33728	-1.0
84.39788	-1.0
84.40504	-1.0
84.4782	-1.0
84.52544	-1.0
84.53948	-1.0
84.54784	-1.0
84.63584	-1.0
84.66956	-1.0
84.7026	-1.0
84.75652	-1.0
84.80104	-1.0
84.8516	-1.0
84.97	-1.0
84.9964	-1.0
88.35616	-1.0
88.37092	-1.0
88.3828	-1.0
88.3894	-1.0
88.40596	-1.0
88.42488	-1.0
88.43752	-1.0
88.44648	-1.0
88.44984	-1.0
88.47308	-1.0
88.47604	-1.0
88.47856	-1.0
88.48732	-1.0
88.51116	-1.0
88.53048	-1.0
88.56672	-1.0
88.57304	-1.0
88.58812	-1.0
88.61272	-1.0
88.622	-1.0
88.64776	-1.0
88.67512	-1.0
88.68108	-1.0
88.719	-1.0
88.76284	-1.0
88.78292	-1.0
88.81716	-1.0
88.88212	-1.0
88.90484	-1.0
88.90852	-1.0
88.92756	-1.0
88.9554	-1.0
88.99488	-1.0
89.04032	-1.0
89.05416	-1.0
89.07428	-1.0
89.0782	-1.0
89.15284	-1.0
89.15924	-1.0
89.19356	-1.0
89.19804	-1.0
89.2908	-1.0
89.37152	-1.0
89.54964	-1.0
89.56764	-1.0
89.61644	-1.0
89.63768	-1.0
93.18652	-1.0
93.20116	-1.0
93.20528	-1.0
93.22356	-1.0
93.22908	-1.0
93.23232	-1.0
93.2392	-1.0
93.2574	-1.0
93.26008	-1.0
93.2644	-1.0
93.2718	-1.0
93.28208	1.0
93.29164	-1.0
93.29496	-1.0
93.31696	-1.0
93.31956	1.0
93.32856	-1.0
93.33504	1.0
93.35708	-1.0
93.37744	-1.0
93.40436	-1.0
93.46884	-1.0
93.47332	-1.0
93.5314	-1.0
93.54672	-1.0
93.55292	-1.0
93.57624	-1.0
93.59152	-1.0
93.59708	-1.0
93.6156	-1.0
93.70024	-1.0
93.708	-1.0
93.81676	-1.0
93.82492	-1.0
93.84696	-1.0
93.88412	-1.0
93.9266	-1.0
93.9514	1.0
93.95836	-1.0
93.969	-1.0
94.0274	-1.0
94.03996	-1.0
94.07212	-1.0
94.14712	-1.0
94.18252	-1.0
94.2002	-1.0
94.2944	-1.0
94.37964	-1.0
94.48288	-1.0
94.53004	-1.0
99.31712	-1.0
99.32268	-1.0
99.33048	-1.0
99.3388	-1.0
99.34744	-1.0
99.35136	-1.0
99.35456	-1.0
99.35784	-1.0
99.3706	-1.0
99.37456	-1.0
99.39584	-1.0
99.40156	-1.0
99.41732	-1.0
99.42668	-1.0
99.44348	-1.0
99.49952	-1.0
99.5294	-1.0
99.53332	-1.0
99.55372	-1.0
99.5612	-1.0
99.57632	-1.0
99.6108	-1.0
99.62868	-1.0
99.63204	-1.0
99.77816	-1.0
99.78076	-1.0
99.79296	-1.0
99.80688	-1.0
99.89616	-1.0
99.90804	-1.0
99.93048	1.0
99.95436	-1.0
99.98776	-1.0
99.99028	-1.0
100.04784	-1.0
100.07732	-1.0
100.20232	-1.0
100.27132	-1.0
100.32128	-1.0
100.3242	-1.0
100.37332	-1.0
100.40736	-1.0
100.53132	-1.0
100.60592	-1.0
100.64216	-1.0
100.68664	-1.0
100.75468	-1.0
100.78644	-1.0
100.84732	-1.0
100.86084	-1.0
100.88288	-1.0
100.92248	-1.0
101.09892	-1.0
104.58304	-1.0
104.59376	-1.0
104.60304	-1.0
104.61732	-1.0
104.62708	-1.0
104.6326	-1.0
104.6366	-1.0
104.65004	-1.0
104.65392	-1.0
104.66384	-1.0
104.66728	-1.0
104.6728	-1.0
104.74044	-1.0
104.78968	-1.0
104.8038	-1.0
104.82616	-1.0
104.84516	-1.0
104.85684	-1.0
104.86612	-1.0
104.89192	-1.0
104.89828	-1.0
104.97736	-1.0
104.98308	-1.0
105.02956	-1.0
105.04328	-1.0
105.09724	-1.0
105.12328	-1.0
105.1288	-1.0
105.19136	-1.0
105.27604	-1.0
105.28068	-1.0
105.30008	-1.0
105.31364	-1.0
105.55308	-1.0
105.56404	-1.0
105.66092	-1.0
105.73228	-1.0
105.82224	-1.0
105.94552	-1.0
105.97344	-1.0
105.9798	-1.0
106.06056	-1.0
109.68176	-1.0
109.69752	-1.0
109.70692	-1.0
109.71624	-1.0
109.72888	-1.0
109.73244	-1.0
109.7374	-1.0
109.75264	-1.0
109.77188	-1.0
109.781	-1.0
109.79016	-1.0
109.79396	-1.0
109.81544	-1.0
109.8254	-1.0
109.84028	1.0
109.84408	1.0
109.8668	-1.0
109.8762	1.0
109.89792	-1.0
109.91528	-1.0
109.9178	1.0
109.93064	1.0
109.95176	-1.0
109.96672	-1.0
110.01224	-1.0
110.03368	-1.0
110.04836	-1.0
110.05136	-1.0
110.05996	-1.0
110.10228	-1.0
110.12244	-1.0
110.18532	-1.0
110.21088	-1.0
110.25248	-1.0
110.26932	-1.0
110.27372	-1.0
110.2824	-1.0
110.35764	-1.0
110.36104	-1.0
110.39936	-1.0
110.41968	-1.0
110.4258	-1.0
110.53956	-1.0
110.59596	-1.0
110.6754	-1.0
110.72272	-1.0
110.77444	-1.0
110.80508	-1.0
110.97776	-1.0
111.01312	-1.0
111.05648	-1.0
114.82272	-1.0
114.82692	-1.0
114.83328	-1.0
114.8452	-1.0
114.84856	-1.0
114.86144	-1.0
114.86952	-1.0
114.87312	-1.0
114.87672	-1.0
114.89688	-1.0
114.90524	-1.0
114.927	-1.0
114.93152	-1.0
114.94896	-1.0
114.96052	-1.0
114.99328	-1.0
115.00388	-1.0
115.01892	-1.0
115.03392	-1.0
115.07028	-1.0
115.10576	-1.0
115.11156	-1.0
115.12056	-1.0
115.13804	-1.0
115.14716	-1.0
115.14984	-1.0
115.17828	-1.0
115.19244	-1.0
115.2042	-1.0
115.275	-1.0
115.29432	-1.0
115.34672	1.0
115.3654	-1.0
115.42864	-1.0
115.48536	-1.0
115.5024	-1.0
115.52252	-1.0
115.52516	-1.0
115.57912	-1.0
115.67612	-1.0
115.72972	-1.0
115.76132	-1.0
115.78812	-1.0
115.79124	-1.0
115.95576	-1.0
115.97496	-1.0
116.04896	-1.0
116.0806	-1.0
116.132	-1.0
116.1558	-1.0
116.35484	-1.0
116.49712	-1.0
119.73004	-1.0
119.74588	-1.0
119.75044	1.0
119.75428	-1.0
119.76712	-1.0
119.77172	-1.0
119.7752	-1.0
119.80012	-1.0
119.81088	-1.0
119.82596	-1.0
119.83596	-1.0
119.85104	-1.0
119.85472	-1.0
119.88804	-1.0
119.94728	-1.0
119.98356	-1.0
119.99264	1.0
119.99524	1.0
120.01204	-1.0
120.03136	-1.0
120.04248	-1.0
120.07728	-1.0
120.10884	-1.0
120.1138	1.0
120.14072	-1.0
120.19552	-1.0
120.22164	-1.0
120.25152	-1.0
120.25588	-1.0
120.25916	-1.0
120.27092	-1.0
120.33036	-1.0
120.38044	-1.0
120.41632	-1.0
120.41976	-1.0
120.45476	-1.0
120.46604	-1.0
120.48072	-1.0
120.49124	1.0
120.54512	-1.0
120.56676	-1.0
120.6662	-1.0
120.68876	-1.0
120.70452	-1.0
120.7976	-1.0
120.8092	-1.0
120.83112	-1.0
120.87772	-1.0
120.90256	-1.0
120.95028	-1.0
121.0854	-1.0
121.2468	-1.0
121.37208	-1.0
121.42312	-1.0
124.8646	-1.0
124.86976	-1.0
124.87396	1.0
124.87952	1.0
124.88344	-1.0
124.8866	-1.0
124.90076	-1.0
124.9042	-1.0
124.91544	-1.0
124.91808	-1.0
124.92756	-1.0
124.93428	-1.0
124.94416	-1.0
124.94668	1.0
124.97468	-1.0
124.97908	-1.0
124.992	-1.0
125.02768	-1.0
125.03972	-1.0
125.05968	-1.0
125.06384	-1.0
125.10688	-1.0
125.11284	-1.0
125.1664	-1.0
125.21232	-1.0
125.21652	-1.0
125.28696	-1.0
125.30676	-1.0
125.3456	-1.0
125.35528	-1.0
125.36276	-1.0
125.3654	-1.0
125.39628	-1.0
125.41556	-1.0
125.4216	-1.0
125.4324	-1.0
125.54616	-1.0
125.55004	-1.0
125.55508	-1.0
125.5718	-1.0
125.62208	-1.0
125.62656	-1.0
125.77448	-1.0
125.79408	-1.0
125.87056	-1.0
125.88164	-1.0
125.92588	-1.0
125.99648	-1.0
126.03784	-1.0
126.05728	1.0
126.06032	1.0
126.07676	-1.0
126.10032	-1.0
126.39948	-1.0
126.48064	-1.0
126.52696	-1.0
130.59103	-1.0
130.60632	-1.0
130.612	-1.0
130.6168	-1.0
130.6286	-1.0
130.6386	-1.0
130.64577	-1.0
130.65312	-1.0
130.65692	-1.0
130.66672	-1.0
130.66936	-1.0
130.67896	-1.0
130.69511	-1.0
130.72028	1.0
130.72964	-1.0
130.74	-1.0
130.78387	-1.0
130.792	-1.0
130.80457	-1.0
130.8164	-1.0
130.8336	-1.0
130.84756	-1.0
130.85944	-1.0
130.88004	-1.0
130.89392	-1.0
130.90144	-1.0
130.95064	-1.0
130.99097	-1.0
131.01865	-1.0
131.053	-1.0
131.0856	-1.0
131.11104	-1.0
131.11368	-1.0
131.15324	-1.0
131.18633	-1.0
131.21404	-1.0
131.2206	-1.0
131.2916	-1.0
131.3674	-1.0
131.40244	-1.0
131.41736	-1.0
131.43771	-1.0
131.46552	-1.0
131.4992	-1.0
131.6016	-1.0
131.60492	-1.0
131.63164	-1.0
131.66052	-1.0
131.72408	-1.0
131.74384	-1.0
131.764	-1.0
131.79108	-1.0
131.81856	1.0
131.86388	-1.0
131.86832	-1.0
131.90312	-1.0
131.95071	-1.0
131.96828	-1.0
132.00256	-1.0
132.0488	-1.0
132.07608	-1.0
132.08136	-1.0
132.09508	-1.0
132.1608	-1.0
132.26929	1.0
132.29616	-1.0
136.48004	-1.0
136.491	-1.0
136.49477	-1.0
136.5002	-1.0
136.50272	-1.0
136.50584	-1.0
136.522	-1.0
136.52452	-1.0
136.53276	-1.0
136.551	-1.0
136.55524	-1.0
136.57188	-1.0
136.5744	-1.0
136.59673	-1.0
136.60667	-1.0
136.62756	-1.0
136.63013	-1.0
136.67296	-1.0
136.68584	-1.0
136.7238	-1.0
136.73431	-1.0
136.74132	-1.0
136.7478	-1.0
136.76056	-1.0
136.76505	-1.0
136.78767	-1.0
136.81456	-1.0
136.83432	-1.0
136.85124	-1.0
136.85924	-1.0
136.90796	-1.0
136.91588	-1.0
136.93964	-1.0
136.94531	-1.0
136.96364	-1.0
136.96652	-1.0
136.97269	-1.0
137.00272	-1.0
137.02171	-1.0
137.04768	-1.0
137.07288	-1.0
137.10172	-1.0
137.18044	-1.0
137.20705	-1.0
137.25368	-1.0
137.2956	-1.0
137.36076	-1.0
137.37157	-1.0
137.439	-1.0
137.44508	-1.0
137.46149	-1.0
137.50696	-1.0
137.55312	-1.0
137.62628	-1.0
137.67355	-1.0
137.73244	-1.0
137.79192	-1.0
137.85455	-1.0
137.91832	-1.0
137.92989	-1.0
137.98283	-1.0
138.0116	-1.0
138.10808	-1.0
138.11816	1.0
138.30856	-1.0
138.33144	-1.0
142.438	-1.0
142.4488	-1.0
142.45271	-1.0
142.45609	1.0
142.45888	1.0
142.46152	-1.0
142.4754	-1.0
142.49896	-1.0
142.50616	-1.0
142.51732	-1.0
142.5278	-1.0
142.5434	-1.0
142.5568	-1.0
142.59048	-1.0
142.6136	-1.0
142.64268	-1.0
142.64735	-1.0
142.67091	-1.0
142.6856	-1.0
142.70853	-1.0
142.72372	-1.0
142.72691	-1.0
142.74852	-1.0
142.77048	-1.0
142.82336	-1.0
142.83408	-1.0
142.89616	-1.0
142.92348	-1.0
142.93756	-1.0
142.941	-1.0
142.97592	-1.0
142.988	-1.0
143.0268	-1.0
143.0326	-1.0
143.073	-1.0
143.08656	-1.0
143.14116	-1.0
143.15776	-1.0
143.212	-1.0
143.21968	-1.0
143.26636	-1.0
143.30235	-1.0
143.40384	-1.0
143.41452	-1.0
143.41852	-1.0
143.5266	-1.0
143.54527	-1.0
143.55733	-1.0
143.65332	-1.0
143.67952	-1.0
143.69792	-1.0
143.76547	-1.0
143.80923	-1.0
143.83208	-1.0
143.97945	-1.0
144.0068	-1.0
144.57732	-1.0
148.68484	-1.0
148.68845	-1.0
148.692	-1.0
148.70372	-1.0
148.70624	-1.0
148.71751	-1.0
148.72084	-1.0
148.73448	-1.0
148.737	-1.0
148.7456	-1.0
148.76044	-1.0
148.771	-1.0
148.77847	-1.0
148.78636	-1.0
148.80408	-1.0
148.82388	-1.0
148.82648	-1.0
148.90137	-1.0
148.90436	-1.0
148.9432	-1.0
148.9844	-1.0
148.99788	-1.0
149.00096	1.0
149.0178	-1.0
149.02107	-1.0
149.03024	-1.0
149.03412	-1.0
149.09335	-1.0
149.12051	-1.0
149.14496	-1.0
149.15636	-1.0
149.21008	-1.0
149.23148	-1.0
149.23488	-1.0
149.2544	-1.0
149.27637	-1.0
149.306	-1.0
149.35107	-1.0
149.36288	-1.0
149.40456	-1.0
149.47336	-1.0
149.4978	-1.0
149.53873	-1.0
149.5984	-1.0
149.6216	-1.0
149.62456	-1.0
149.67584	-1.0
149.7852	-1.0
149.79404	-1.0
149.83504	-1.0
149.88013	-1.0
149.89372	-1.0
150.08484	-1.0
150.08768	-1.0
150.13232	-1.0
150.19923	-1.0
150.24612	-1.0
150.38576	-1.0
153.68823	-1.0
153.71329	-1.0
153.73152	-1.0
153.75012	-1.0
153.75688	-1.0
153.78111	-1.0
153.79803	-1.0
153.80057	-1.0
153.80716	-1.0
153.8342	-1.0
153.85768	-1.0
153.87547	-1.0
153.88016	-1.0
153.9002	-1.0
153.903	-1.0
153.90907	-1.0
153.93752	-1.0
153.9468	-1.0
153.9496	-1.0
153.97284	-1.0
153.99208	-1.0
153.99976	-1.0
154.0034	-1.0
154.0216	-1.0
154.04724	-1.0
154.07623	-1.0
154.11076	-1.0
154.11668	-1.0
154.1526	-1.0
154.18396	-1.0
154.196	-1.0
154.23668	-1.0
154.24036	-1.0
154.29776	-1.0
154.31471	-1.0
154.34268	-1.0
154.38184	-1.0
154.39165	-1.0
154.39883	-1.0
154.47913	-1.0
154.49948	-1.0
154.56348	-1.0
154.6134	-1.0
154.66948	1.0
154.70715	-1.0
154.77097	-1.0
154.8056	-1.0
154.87408	-1.0
154.92424	-1.0
154.93724	-1.0
155.03792	-1.0
155.0726	-1.0
155.13124	-1.0
155.226	-1.0
159.97597	-1.0
159.97964	-1.0
159.9908	-1.0
160.0124	-1.0
160.01547	-1.0
160.02484	-1.0
160.04156	-1.0
160.05136	-1.0
160.06184	-1.0
160.0726	1.0
160.07608	1.0
160.096	-1.0
160.1028	-1.0
160.11925	-1.0
160.13196	-1.0
160.14348	-1.0
160.15456	-1.0
160.19617	-1.0
160.2152	-1.0
160.25047	-1.0
160.26836	-1.0
160.30284	-1.0
160.34747	-1.0
160.3506	-1.0
160.38332	-1.0
160.40083	-1.0
160.43697	-1.0
160.4836	-1.0
160.51917	-1.0
160.54591	-1.0
160.5534	-1.0
160.63716	-1.0
160.65315	-1.0
160.69032	-1.0
160.69724	-1.0
160.78848	-1.0
160.83363	-1.0
160.83704	-1.0
160.85011	-1.0
160.89207	-1.0
160.93204	-1.0
160.95584	-1.0
160.95836	-1.0
160.96095	1.0
161.01392	-1.0
161.02692	-1.0
161.13304	-1.0
161.16605	-1.0
161.20616	-1.0
161.27072	-1.0
161.34384	-1.0
161.46436	-1.0
161.83829	-1.0
166.25385	-1.0
166.26244	-1.0
166.26512	-1.0
166.2756	-1.0
166.28271	-1.0
166.2904	-1.0
166.29613	-1.0
166.31212	-1.0
166.3332	-1.0
166.33728	-1.0
166.3514	-1.0
166.37611	-1.0
166.38956	-1.0
166.41432	-1.0
166.41763	-1.0
166.44205	-1.0
166.4768	-1.0
166.49509	-1.0
166.49976	-1.0
166.50471	-1.0
166.5224	-1.0
166.56352	-1.0
166.57452	1.0
166.57956	-1.0
166.60056	-1.0
166.64296	-1.0
166.65211	-1.0
166.67072	-1.0
166.67792	-1.0
166.69656	-1.0
166.70116	-1.0
166.72548	-1.0
166.72812	-1.0
166.77785	-1.0
166.7814	-1.0
166.81165	-1.0
166.82512	-1.0
166.88911	-1.0
166.92416	-1.0
166.95557	-1.0
167.02832	-1.0
167.05376	-1.0
167.0792	-1.0
167.1176	-1.0
167.17703	-1.0
167.18684	-1.0
167.23537	-1.0
167.2622	-1.0
167.30656	-1.0
167.30965	-1.0
167.3516	-1.0
167.3664	-1.0
167.38712	-1.0
167.43024	-1.0
167.47304	-1.0
167.48209	-1.0
167.55415	-1.0
167.56364	-1.0
167.59283	-1.0
167.66965	-1.0
167.70789	-1.0
167.71928	-1.0
167.80948	-1.0
167.86476	-1.0
168.00452	-1.0
172.89828	-1.0
172.90392	-1.0
172.90648	-1.0
172.91348	1.0
172.91724	-1.0
172.92	-1.0
172.93085	1.0
172.93655	-1.0
172.94205	-1.0
172.96228	-1.0
172.96808	-1.0
172.97408	-1.0
172.9922	-1.0
172.99944	-1.0
173.0262	-1.0
173.04112	-1.0
173.0498	-1.0
173.05232	-1.0
173.055	-1.0
173.0686	-1.0
173.07164	-1.0
173.09084	-1.0
173.10056	-1.0
173.13408	-1.0
173.1368	-1.0
173.14388	-1.0
173.17308	-1.0
173.19516	-1.0
173.22304	-1.0
173.2284	-1.0
173.25536	-1.0
173.29196	-1.0
173.33264	-1.0
173.36256	-1.0
173.3906	-1.0
173.42964	-1.0
173.45744	-1.0
173.50276	-1.0
173.50545	-1.0
173.54836	-1.0
173.55496	-1.0
173.58437	-1.0
173.61008	-1.0
173.6232	-1.0
173.63696	-1.0
173.65396	-1.0
173.67915	-1.0
173.71095	-1.0
173.71524	-1.0
173.7272	-1.0
173.76668	-1.0
173.77563	-1.0
173.80457	-1.0
173.82973	-1.0
173.85912	-1.0
173.86172	-1.0
173.93613	-1.0
174.03352	-1.0
174.05405	-1.0
174.0578	-1.0
174.07756	-1.0
174.13136	-1.0
174.19168	-1.0
174.22084	-1.0
174.30916	-1.0
174.38055	-1.0
174.38332	-1.0
174.38684	-1.0
179.0496	-1.0
179.0556	-1.0
179.05827	-1.0
179.06824	-1.0
179.07327	-1.0
179.09192	-1.0
179.1002	-1.0
179.12076	-1.0
179.12384	-1.0
179.13608	-1.0
179.14124	-1.0
179.14464	-1.0
179.15288	-1.0
179.19032	-1.0
179.20512	1.0
179.23048	-1.0
179.25935	-1.0
179.27464	-1.0
179.27943	-1.0
179.29305	-1.0
179.29591	-1.0
179.29936	-1.0
179.31912	-1.0
179.32164	-1.0
179.3486	-1.0
179.3588	-1.0
179.38292	-1.0
179.38795	-1.0
179.39133	-1.0
179.43655	-1.0
179.45892	-1.0
179.47829	-1.0
179.48308	-1.0
179.5054	-1.0
179.51872	-1.0
179.53828	-1.0
179.59303	-1.0
179.63985	-1.0
179.64368	-1.0
179.65892	-1.0
179.67728	-1.0
179.7338	-1.0
179.73888	1.0
179.7414	1.0
179.79327	-1.0
179.84564	-1.0
179.90115	-1.0
179.93176	-1.0
179.93872	-1.0
180.01836	-1.0
180.0286	-1.0
180.10056	-1.0
180.15517	-1.0
180.19084	-1.0
180.20908	-1.0
180.21275	-1.0
180.28212	-1.0
180.2852	-1.0
180.28824	-1.0
180.31313	-1.0
180.37044	-1.0
180.44576	-1.0
180.45	-1.0
184.83296	-1.0
184.83784	-1.0
184.851	-1.0
184.86644	-1.0
184.87108	-1.0
184.88911	-1.0
184.89384	-1.0
184.90591	-1.0
184.90952	-1.0
184.913	-1.0
184.93687	-1.0
184.954	-1.0
184.97015	-1.0
184.99191	-1.0
185.00693	-1.0
185.0108	-1.0
185.028	-1.0
185.05516	-1.0
185.0582	-1.0
185.07433	-1.0
185.09557	-1.0
185.12103	-1.0
185.1236	-1.0
185.13152	-1.0
185.18088	-1.0
185.18796	-1.0
185.20644	-1.0
185.22752	-1.0
185.23071	-1.0
185.266	-1.0
185.28116	-1.0
185.29729	-1.0
185.32857	-1.0
185.34088	-1.0
185.36256	-1.0
185.39977	-1.0
185.40372	-1.0
185.43391	-1.0
185.43951	-1.0
185.47417	-1.0
185.50064	-1.0
185.51865	-1.0
185.52148	-1.0
185.57968	-1.0
185.60832	-1.0
185.61588	-1.0
185.64111	-1.0
185.64471	-1.0
185.6968	-1.0
185.72816	-1.0
185.7452	-1.0
185.75957	-1.0
185.76288	1.0
185.80772	-1.0
185.82436	-1.0
185.86903	-1.0
185.8758	-1.0
185.9088	-1.0
185.91351	-1.0
185.97536	-1.0
185.97893	-1.0
186.00027	-1.0
186.01784	-1.0
186.0216	-1.0
186.06924	-1.0
186.07384	-1.0
186.1024	-1.0
186.10732	-1.0
186.21252	-1.0
186.42244	-1.0
186.43073	-1.0
187.32788	1.0
190.21844	-1.0
190.22208	-1.0
190.2382	-1.0
190.2622	-1.0
190.26924	-1.0
190.27467	-1.0
190.30183	-1.0
190.32188	-1.0
190.32484	1.0
190.33173	-1.0
190.3418	-1.0
190.36269	-1.0
190.3652	-1.0
190.40172	-1.0
190.4158	-1.0
190.42804	-1.0
190.45483	-1.0
190.47008	-1.0
190.48584	-1.0
190.53503	-1.0
190.53812	-1.0
190.59737	-1.0
190.60023	-1.0
190.60692	-1.0
190.63628	-1.0
190.64856	-1.0
190.68228	-1.0
190.70528	-1.0
190.70789	-1.0
190.71297	-1.0
190.74013	-1.0
190.7862	-1.0
190.79396	-1.0
190.79744	-1.0
190.82436	-1.0
190.84772	-1.0
190.87189	-1.0
190.8756	-1.0
190.89577	-1.0
190.93803	-1.0
190.94849	-1.0
191.00964	-1.0
191.04453	-1.0
191.04749	-1.0
191.08784	-1.0
191.09692	-1.0
191.10684	-1.0
191.1118	-1.0
191.13516	-1.0
191.20168	-1.0
191.31831	-1.0
191.34708	-1.0
191.34969	-1.0
191.3524	1.0
191.39824	-1.0
191.46756	-1.0
191.4784	-1.0
191.52425	-1.0
191.528	-1.0
191.58553	-1.0
191.61037	-1.0
196.03976	1.0
196.05144	-1.0
196.06316	-1.0
196.06673	-1.0
196.0696	1.0
196.08904	-1.0
196.10104	-1.0
196.1166	-1.0
196.11916	-1.0
196.12172	-1.0
196.1344	-1.0
196.15544	-1.0
196.18404	-1.0
196.21487	-1.0
196.22331	-1.0
196.25444	-1.0
196.27324	-1.0
196.29707	-1.0
196.3002	-1.0
196.32248	-1.0
196.3284	-1.0
196.34216	-1.0
196.35272	-1.0
196.39244	-1.0
196.39708	-1.0
196.42052	-1.0
196.4654	-1.0
196.48488	-1.0
196.51924	-1.0
196.5222	-1.0
196.52492	-1.0
196.55684	-1.0
196.56508	-1.0
196.57307	-1.0
196.62216	-1.0
196.68324	-1.0
196.7292	-1.0
196.76135	-1.0
196.76884	-1.0
196.80215	-1.0
196.81648	-1.0
196.819	-1.0
196.82268	-1.0
196.85127	-1.0
196.91943	-1.0
196.9448	-1.0
196.96507	-1.0
197.02664	-1.0
197.02972	-1.0
197.05711	-1.0
197.06367	-1.0
197.1014	-1.0
197.10393	-1.0
197.15147	-1.0
197.15675	-1.0
197.18436	-1.0
197.22316	-1.0
197.26717	-1.0
197.27364	-1.0
197.32835	-1.0
197.34024	-1.0
197.36143	-1.0
197.36536	-1.0
197.39091	-1.0
197.4506	-1.0
201.95505	-1.0
201.96329	-1.0
201.97005	-1.0
201.98187	-1.0
201.993	-1.0
201.99625	-1.0
202.01396	-1.0
202.03188	-1.0
202.03484	-1.0
202.04848	-1.0
202.051	-1.0
202.05792	-1.0
202.07349	-1.0
202.07608	1.0
202.102	-1.0
202.12312	-1.0
202.13847	-1.0
202.16035	-1.0
202.1638	-1.0
202.1668	-1.0
202.1856	-1.0
202.211	-1.0
202.21632	-1.0
202.28152	-1.0
202.29604	-1.0
202.30988	-1.0
202.35156	-1.0
202.36108	-1.0
202.36472	-1.0
202.45236	-1.0
202.45804	-1.0
202.48584	-1.0
202.49149	-1.0
202.51628	-1.0
202.54216	-1.0
202.54655	-1.0
202.57936	-1.0
202.61269	-1.0
202.6224	1.0
202.6524	-1.0
202.6616	-1.0
202.73357	-1.0
202.85596	-1.0
202.87515	-1.0
202.89629	-1.0
202.92323	-1.0
202.9662	-1.0
202.97624	-1.0
202.9902	-1.0
203.021	-1.0
203.08524	-1.0
203.094	-1.0
203.15569	-1.0
203.15952	-1.0
203.17888	-1.0
203.24828	-1.0
203.2892	-1.0
203.34004	-1.0
203.42816	-1.0
207.84631	-1.0
207.84917	-1.0
207.85812	-1.0
207.88297	-1.0
207.8864	-1.0
207.89516	-1.0
207.89784	-1.0
207.9022	-1.0
207.91452	-1.0
207.9244	-1.0
207.94383	-1.0
207.96048	-1.0
207.96568	-1.0
207.996	-1.0
208.04443	-1.0
208.05132	-1.0
208.06177	-1.0
208.06796	-1.0
208.0926	-1.0
208.15108	-1.0
208.1622	-1.0
208.17616	-1.0
208.20148	-1.0
208.23167	-1.0
208.27612	-1.0
208.27928	-1.0
208.34357	-1.0
208.34727	-1.0
208.38712	-1.0
208.39012	-1.0
208.39716	-1.0
208.40364	-1.0
208.4352	-1.0
208.45476	-1.0
208.48145	-1.0
208.5462	-1.0
208.54948	-1.0
208.60968	-1.0
208.63911	-1.0
208.67908	-1.0
208.6816	-1.0
208.74588	-1.0
208.74889	-1.0
208.84428	-1.0
208.90024	-1.0
209.08289	-1.0
209.08908	-1.0
209.09715	-1.0
209.16736	-1.0
209.17888	-1.0
209.18349	-1.0
209.22464	-1.0
209.22824	-1.0
209.24004	-1.0
209.2834	-1.0
209.3506	-1.0
209.35312	-1.0
209.40492	-1.0
209.408	-1.0
213.71329	-1.0
213.73068	-1.0
213.73611	-1.0
213.7496	-1.0
213.77255	-1.0
213.77916	-1.0
213.78671	-1.0
213.7984	-1.0
213.815	1.0
213.83553	-1.0
213.84888	-1.0
213.85548	-1.0
213.87885	-1.0
213.90189	-1.0
213.9436	-1.0
213.97755	-1.0
214.0072	-1.0
214.05849	-1.0
214.08148	-1.0
214.08543	-1.0
214.1126	-1.0
214.1184	-1.0
214.1402	-1.0
214.1438	-1.0
214.16772	-1.0
214.18428	-1.0
214.21204	-1.0
214.21548	-1.0
214.24635	-1.0
214.28104	-1.0
214.34076	-1.0
214.36903	-1.0
214.4354	-1.0
214.45927	-1.0
214.46236	-1.0
214.50385	-1.0
214.51428	-1.0
214.5376	-1.0
214.57507	-1.0
214.5848	-1.0
214.60477	-1.0
214.60912	-1.0
214.6522	-1.0
214.76852	-1.0
214.77225	-1.0
214.80748	-1.0
214.82063	-1.0
214.82996	-1.0
214.85352	-1.0
214.8564	-1.0
214.8726	-1.0
214.90717	-1.0
214.97153	-1.0
214.99252	-1.0
215.03284	-1.0
215.04115	-1.0
215.197	-1.0
215.20012	-1.0
219.29428	-1.0
219.31552	-1.0
219.32224	1.0
219.32475	1.0
219.34084	-1.0
219.34688	-1.0
219.36128	-1.0
219.36836	-1.0
219.39568	-1.0
219.3982	1.0
219.41908	-1.0
219.42172	-1.0
219.43272	-1.0
219.44908	-1.0
219.46268	-1.0
219.48293	-1.0
219.48552	-1.0
219.507	-1.0
219.50957	-1.0
219.55548	-1.0
219.57475	-1.0
219.60448	-1.0
219.62692	-1.0
219.62984	-1.0
219.63924	-1.0
219.68236	-1.0
219.70692	-1.0
219.78091	-1.0
219.78456	-1.0
219.79056	-1.0
219.81264	-1.0
219.81567	-1.0
219.81853	1.0
219.85857	-1.0
219.86128	-1.0
219.8894	-1.0
219.91544	-1.0
219.9798	-1.0
219.98305	-1.0
220.03224	-1.0
220.03503	-1.0
220.10928	-1.0
220.13625	-1.0
220.15916	-1.0
220.1768	1.0
220.19252	-1.0
220.23988	-1.0
220.2426	-1.0
220.29428	-1.0
220.29729	-1.0
220.30028	-1.0
220.35316	-1.0
220.40907	-1.0
220.44427	-1.0
220.4742	-1.0
220.4772	-1.0
220.5576	-1.0
220.58424	-1.0
220.58836	-1.0
220.59145	-1.0
220.70372	-1.0
220.73152	-1.0
220.73483	-1.0
225.2628	-1.0
225.2692	-1.0
225.27171	-1.0
225.28276	-1.0
225.3002	-1.0
225.30531	-1.0
225.31335	-1.0
225.31596	-1.0
225.33968	-1.0
225.36353	-1.0
225.367	-1.0
225.38625	-1.0
225.38904	-1.0
225.41768	-1.0
225.42168	-1.0
225.441	-1.0
225.48473	-1.0
225.4876	-1.0
225.55832	-1.0
225.57932	-1.0
225.6058	-1.0
225.64676	-1.0
225.67197	-1.0
225.70348	-1.0
225.73624	-1.0
225.73904	-1.0
225.76524	-1.0
225.82372	-1.0
225.827	-1.0
225.82988	-1.0
225.84952	-1.0
225.8704	-1.0
225.89384	-1.0
225.9188	-1.0
225.95404	-1.0
225.96645	-1.0
225.96964	-1.0
225.97388	-1.0
226.00476	-1.0
226.00728	-1.0
226.03636	-1.0
226.05296	-1.0
226.06044	-1.0
226.15924	-1.0
226.16364	-1.0
226.18591	-1.0
226.20572	-1.0
226.27943	-1.0
226.3092	-1.0
226.31184	-1.0
226.36368	-1.0
226.38396	-1.0
226.3992	-1.0
226.45424	-1.0
226.4924	-1.0
226.55048	-1.0
226.75311	-1.0
230.7748	-1.0
230.78632	-1.0
230.79288	-1.0
230.80984	1.0
230.83064	-1.0
230.8562	-1.0
230.859	1.0
230.8712	-1.0
230.89148	-1.0
230.90009	-1.0
230.91644	-1.0
230.92651	-1.0
230.97696	-1.0
230.99593	-1.0
231.01505	-1.0
231.05363	-1.0
231.0578	-1.0
231.07764	-1.0
231.08015	-1.0
231.12204	-1.0
231.1254	-1.0
231.16023	-1.0
231.16292	-1.0
231.18808	-1.0
231.19188	-1.0
231.23836	-1.0
231.2454	-1.0
231.2486	-1.0
231.26036	-1.0
231.286	-1.0
231.32092	-1.0
231.4038	-1.0
231.42604	-1.0
231.47964	-1.0
231.50264	-1.0
231.50624	-1.0
231.51508	-1.0
231.54012	-1.0
231.59451	-1.0
231.59705	-1.0
231.64844	-1.0
231.67296	-1.0
231.72212	-1.0
231.76135	-1.0
231.76411	-1.0
231.83711	-1.0
231.84576	-1.0
231.95091	-1.0
231.95695	-1.0
232.02316	-1.0
232.05936	-1.0
232.09464	-1.0
232.12296	-1.0
236.623	-1.0
236.644	-1.0
236.6472	-1.0
236.68388	-1.0
236.6874	-1.0
236.69632	-1.0
236.70885	-1.0
236.7164	-1.0
236.7342	-1.0
236.74815	-1.0
236.751	-1.0
236.76024	-1.0
236.764	-1.0
236.78587	-1.0
236.85272	-1.0
236.8558	-1.0
236.86368	-1.0
236.87083	-1.0
236.88107	-1.0
236.92693	-1.0
236.9492	-1.0
236.96803	-1.0
236.97076	-1.0
237.00713	-1.0
237.0154	-1.0
237.02805	-1.0
237.0686	-1.0
237.11064	-1.0
237.15273	-1.0
237.17744	-1.0
237.21317	-1.0
237.22516	-1.0
237.25328	-1.0
237.28175	-1.0
237.28572	-1.0
237.30576	-1.0
237.34885	-1.0
237.37029	-1.0
237.3734	-1.0
237.40648	-1.0
237.42851	-1.0
237.43188	1.0
237.46552	-1.0
237.52652	-1.0
237.58424	-1.0
237.62276	-1.0
237.73872	-1.0
237.74124	1.0
237.79276	-1.0
237.83688	-1.0
237.86777	-1.0
237.9124	-1.0
237.92308	-1.0
238.05077	-1.0
242.16516	-1.0
242.1722	-1.0
242.18	-1.0
242.18556	-1.0
242.201	-1.0
242.22284	-1.0
242.25851	-1.0
242.29944	1.0
242.30728	-1.0
242.31076	-1.0
242.32433	-1.0
242.34816	-1.0
242.35104	-1.0
242.37976	-1.0
242.3826	1.0
242.38995	-1.0
242.40804	-1.0
242.4108	-1.0
242.43053	-1.0
242.44469	-1.0
242.44884	-1.0
242.4832	-1.0
242.55296	-1.0
242.64268	-1.0
242.66144	-1.0
242.67651	-1.0
242.68823	-1.0
242.72488	-1.0
242.72832	-1.0
242.76596	-1.0
242.7992	-1.0
242.82788	-1.0
242.86343	-1.0
242.8666	-1.0
242.90169	-1.0
242.95236	-1.0
242.95572	-1.0
242.98524	-1.0
242.99931	-1.0
243.05188	-1.0
243.07744	-1.0
243.10751	-1.0
243.16284	-1.0
243.16728	-1.0
243.19048	-1.0
243.22488	-1.0
243.25143	-1.0
243.36755	-1.0
243.52048	-1.0
243.52415	-1.0
248.64375	-1.0
248.64656	-1.0
248.72417	-1.0
248.72684	-1.0
248.72972	-1.0
248.73236	1.0
248.75629	-1.0
248.78111	-1.0
248.80716	-1.0
248.83955	-1.0
248.84456	-1.0
248.85156	-1.0
248.89069	-1.0
248.92303	-1.0
248.95984	-1.0
248.96803	-1.0
248.98456	-1.0
248.99748	-1.0
249.03004	-1.0
249.07211	-1.0
249.0846	-1.0
249.10603	-1.0
249.11288	-1.0
249.1156	-1.0
249.14124	-1.0
249.1442	-1.0
249.17316	-1.0
249.17628	-1.0
249.26512	-1.0
249.26848	-1.0
249.35228	-1.0
249.39108	-1.0
249.43576	-1.0
249.5092	-1.0
249.56187	-1.0
249.58624	-1.0
249.63383	-1.0
249.68443	-1.0
249.77975	1.0
249.79507	-1.0
249.88573	-1.0
249.88904	-1.0
249.96228	-1.0
249.97432	-1.0
249.98676	-1.0
250.02696	-1.0
254.99936	-1.0
255.00356	-1.0
255.01855	-1.0
255.03175	-1.0
255.0372	-1.0
255.0406	-1.0
255.0516	-1.0
255.05952	-1.0
255.06544	-1.0
255.06848	-1.0
255.0828	-1.0
255.0866	-1.0
255.1064	-1.0
255.11432	-1.0
255.14484	-1.0
255.19148	-1.0
255.21136	-1.0
255.2612	-1.0
255.28416	-1.0
255.30904	-1.0
255.31416	-1.0
255.3612	-1.0
255.43665	-1.0
255.446	-1.0
255.51672	-1.0
255.5624	-1.0
255.61575	-1.0
255.64005	-1.0
255.643	-1.0
255.69244	-1.0
255.69716	-1.0
255.72748	-1.0
255.73056	-1.0
255.786	-1.0
255.789	-1.0
255.93112	-1.0
256.03677	-1.0
256.08017	-1.0
256.0843	-1.0
256.09933	-1.0
256.272	-1.0
256.40793	-1.0
260.24368	-1.0
260.25717	-1.0
260.26065	-1.0
260.26453	-1.0
260.28003	-1.0
260.29712	-1.0
260.30304	-1.0
260.3079	-1.0
260.3262	-1.0
260.3318	-1.0
260.35773	-1.0
260.36127	-1.0
260.37677	-1.0
260.38876	-1.0
260.41064	-1.0
260.46103	-1.0
260.46713	-1.0
260.49597	-1.0
260.50253	-1.0
260.51547	-1.0
260.52383	-1.0
260.55905	-1.0
260.57504	1.0
260.57855	-1.0
260.60107	-1.0
260.63757	-1.0
260.67947	-1.0
260.70996	-1.0
260.73187	-1.0
260.75647	-1.0
260.75903	-1.0
260.8304	-1.0
260.83365	-1.0
260.85864	-1.0
260.89465	-1.0
260.93213	-1.0
260.98755	-1.0
261.0242	-1.0
261.0308	1.0
261.14273	-1.0
261.14523	-1.0
261.24823	-1.0
261.29532	-1.0
261.37653	-1.0
261.46033	-1.0
261.51187	-1.0
261.57513	-1.0
261.5857	-1.0
265.71573	-1.0
265.7437	-1.0
265.7633	-1.0
265.76807	-1.0
265.77087	1.0
265.79996	-1.0
265.8029	-1.0
265.8058	1.0
265.82315	-1.0
265.82703	-1.0
265.83105	-1.0
265.87683	-1.0
265.8798	-1.0
265.91068	-1.0
265.9771	-1.0
266.0467	-1.0
266.07916	-1.0
266.11523	-1.0
266.1205	-1.0
266.14755	-1.0
266.152	-1.0
266.1554	-1.0
266.2199	-1.0
266.27457	-1.0
266.3142	-1.0
266.3468	-1.0
266.3766	-1.0
266.39957	-1.0
266.40585	-1.0
266.47775	1.0
266.49026	-1.0
266.50464	-1.0
266.50784	-1.0
266.52737	-1.0
266.56888	-1.0
266.57428	-1.0
266.62555	-1.0
266.62833	-1.0
266.7116	-1.0
266.77097	-1.0
266.84064	-1.0
266.9138	-1.0
271.2827	-1.0
271.33804	-1.0
271.3482	-1.0
271.37155	-1.0
271.3748	-1.0
271.39816	-1.0
271.4237	-1.0
271.48972	-1.0
271.5095	-1.0
271.5334	-1.0
271.53864	-1.0
271.54373	-1.0
271.54712	-1.0
271.61847	-1.0
271.63327	-1.0
271.66208	-1.0
271.68243	-1.0
271.6906	-1.0
271.73215	-1.0
271.7759	-1.0
271.7799	-1.0
271.8715	-1.0
271.92453	1.0
271.931	-1.0
271.9604	-1.0
271.9636	-1.0
272.0135	-1.0
272.0339	-1.0
272.05927	-1.0
272.06235	-1.0
272.14185	-1.0
272.21548	-1.0
272.38293	-1.0
272.52368	-1.0
274.8694	-1.0
274.89896	-1.0
274.9143	-1.0
274.93195	-1.0
274.9547	-1.0
274.95743	-1.0
274.97308	-1.0
274.97845	-1.0
275.00952	-1.0
275.01224	-1.0
275.0435	-1.0
275.05087	-1.0
275.09552	-1.0
275.1003	-1.0
275.1742	-1.0
275.19073	-1.0
275.21625	-1.0
275.25735	-1.0
275.29153	-1.0
275.30017	-1.0
275.3482	-1.0
275.3624	-1.0
275.4228	-1.0
275.44217	-1.0
275.45044	-1.0
275.476	-1.0
275.48083	-1.0
275.7083	-1.0
275.73325	-1.0
275.7374	-1.0
275.76495	-1.0
275.8509	-1.0
275.88852	-1.0
275.9778	-1.0
276.04187	-1.0
276.13837	-1.0
281.38437	-1.0
281.38687	-1.0
281.40988	-1.0
281.4131	-1.0
281.4309	-1.0
281.43503	-1.0
281.4598	-1.0
281.4849	-1.0
281.49026	-1.0
281.50745	-1.0
281.521	-1.0
281.56113	-1.0
281.6052	-1.0
281.62888	-1.0
281.6357	-1.0
281.6798	-1.0
281.68365	-1.0
281.7123	-1.0
281.7203	-1.0
281.73624	-1.0
281.7726	-1.0
281.80673	-1.0
281.82895	-1.0
281.83673	-1.0
281.86075	-1.0
281.91312	-1.0
281.93863	-1.0
281.9481	-1.0
282.36096	-1.0
282.48367	-1.0
282.59988	-1.0
286.4208	-1.0
286.43585	-1.0
286.44705	-1.0
286.4511	-1.0
286.47604	-1.0
286.53397	-1.0
286.56348	-1.0
286.56647	1.0
286.587	-1.0
286.6018	-1.0
286.63367	-1.0
286.68735	-1.0
286.69144	-1.0
286.70633	-1.0
286.72147	-1.0
286.72455	-1.0
286.73303	-1.0
286.74896	-1.0
286.77853	-1.0
286.8109	-1.0
286.83087	-1.0
286.9217	-1.0
286.92917	-1.0
286.98224	-1.0
286.9885	-1.0
287.0318	1.0
287.04373	-1.0
287.08755	-1.0
287.0959	-1.0
287.17007	-1.0
287.20532	-1.0
287.25925	-1.0
287.374	-1.0
287.56985	-1.0
290.0428	-1.0
290.0708	-1.0
290.07623	-1.0
290.1321	-1.0
290.14584	1.0
290.1486	1.0
290.1804	-1.0
290.18365	-1.0
290.18616	-1.0
290.23447	-1.0
290.26108	-1.0
290.29205	-1.0
290.307	-1.0
290.3599	-1.0
290.41312	-1.0
290.4458	-1.0
290.48776	-1.0
290.52972	-1.0
290.6034	-1.0
290.63187	-1.0
290.63672	-1.0
290.6474	-1.0
290.95752	-1.0
291.0579	-1.0
295.4592	-1.0
295.47757	-1.0
295.49957	-1.0
295.50275	-1.0
295.5259	-1.0
295.56165	-1.0
295.5726	-1.0
295.58987	-1.0
295.59525	-1.0
295.63715	-1.0
295.64297	-1.0
295.65323	-1.0
295.66632	-1.0
295.6778	-1.0
295.71747	-1.0
295.72345	-1.0
295.75336	-1.0
295.77637	-1.0
295.7859	-1.0
295.8621	-1.0
295.86588	-1.0
295.91763	-1.0
295.92056	1.0
295.92715	-1.0
296.01553	-1.0
296.03214	-1.0
296.03476	-1.0
296.13943	-1.0
296.17337	-1.0
296.1774	-1.0
296.237	-1.0
296.2458	-1.0
296.3068	-1.0
296.31888	-1.0
296.65103	-1.0
300.42273	-1.0
300.43744	-1.0
300.4512	-1.0
300.4575	-1.0
300.48657	-1.0
300.50412	-1.0
300.5246	-1.0
300.54395	-1.0
300.54657	-1.0
300.55338	-1.0
300.56104	-1.0
300.5738	-1.0
300.70996	-1.0
300.72992	-1.0
300.73648	-1.0
300.7652	-1.0
300.77325	-1.0
300.77704	-1.0
300.80405	-1.0
300.81027	-1.0
300.82645	-1.0
300.85388	-1.0
300.86365	-1.0
300.90137	-1.0
300.90436	-1.0
300.9622	-1.0
300.96548	-1.0
300.96936	-1.0
301.0696	-1.0
301.30173	-1.0
305.45215	-1.0
305.48947	-1.0
305.5317	-1.0
305.60272	-1.0
305.6348	-1.0
305.6376	-1.0
305.71024	1.0
305.73663	-1.0
305.743	-1.0
305.75085	-1.0
305.76135	-1.0
305.77744	-1.0
305.8306	-1.0
305.8868	-1.0
305.9414	-1.0
305.94885	-1.0
305.95767	-1.0
306.08704	-1.0
306.47015	-1.0
310.28528	-1.0
310.29965	-1.0
310.32492	-1.0
310.36835	-1.0
310.38165	-1.0
310.414	-1.0
310.5121	-1.0
310.54608	-1.0
310.56516	-1.0
310.6034	-1.0
310.6262	-1.0
310.67957	-1.0
310.7736	-1.0
310.7922	-1.0
310.856	-1.0
310.9494	-1.0
310.95297	-1.0
311.06073	-1.0
311.10925	-1.0
311.15363	-1.0
315.87296	-1.0
315.93692	-1.0
315.949	-1.0
315.95743	-1.0
315.96515	-1.0
316.01703	-1.0
316.03104	-1.0
316.04153	-1.0
316.08765	-1.0
316.09308	-1.0
316.10825	-1.0
316.112	-1.0
316.18845	-1.0
316.19836	-1.0
316.2231	-1.0
316.24527	-1.0
316.26117	-1.0
316.33847	-1.0
316.39868	-1.0
316.40356	1.0
316.42828	-1.0
316.5286	-1.0
316.59872	-1.0
316.60883	-1.0
316.61624	-1.0
316.61972	-1.0
316.6616	-1.0
316.8323	-1.0
316.86816	-1.0
321.00156	-1.0
321.01785	-1.0
321.04492	-1.0
321.04807	-1.0
321.07333	-1.0
321.09497	-1.0
321.1304	-1.0
321.1659	-1.0
321.1684	-1.0
321.2311	-1.0
321.234	-1.0
321.27536	-1.0
321.281	-1.0
321.31165	-1.0
321.3189	-1.0
321.38467	-1.0
321.42984	-1.0
321.46655	-1.0
321.4968	-1.0
321.5576	-1.0
321.5832	-1.0
321.6456	-1.0
321.6606	-1.0
321.68857	-1.0
321.74515	-1.0
321.7573	-1.0
321.77936	-1.0
325.93344	-1.0
325.95792	-1.0
326.0008	-1.0
326.05557	-1.0
326.1018	-1.0
326.15607	-1.0
326.1758	-1.0
326.18585	-1.0
326.21152	-1.0
326.25253	-1.0
326.2562	-1.0
326.26773	1.0
326.36145	-1.0
326.4604	-1.0
326.65457	-1.0
326.72195	-1.0
327.11508	1.0
327.18256	-1.0
331.85373	-1.0
331.8575	-1.0
331.87604	-1.0
331.89215	-1.0
331.90503	1.0
332.0496	-1.0
332.09796	-1.0
332.10324	-1.0
332.17188	-1.0
332.17468	-1.0
332.17853	-1.0
332.1812	-1.0
332.1838	-1.0
332.2104	-1.0
332.24432	-1.0
332.29068	-1.0
332.29367	-1.0
332.29904	-1.0
332.3445	-1.0
332.37167	-1.0
332.38284	-1.0
332.38837	-1.0
332.4363	-1.0
332.7917	-1.0
332.81683	-1.0
338.20807	-1.0
338.22452	-1.0
338.23303	-1.0
338.23557	-1.0
338.26144	-1.0
338.26477	-1.0
338.269	-1.0
338.2899	-1.0
338.3282	-1.0
338.33884	-1.0
338.34137	-1.0
338.38535	-1.0
338.4018	-1.0
338.42325	-1.0
338.45044	-1.0
338.45773	-1.0
338.4838	-1.0
338.49643	-1.0
338.52332	-1.0
338.54807	-1.0
338.5793	-1.0
338.59796	-1.0
338.65076	-1.0
338.86407	-1.0
338.89383	-1.0
338.9219	-1.0
338.92984	-1.0
339.02255	-1.0
339.049	-1.0
343.24283	-1.0
343.26764	-1.0
343.2824	-1.0
343.29245	-1.0
343.3115	-1.0
343.3487	-1.0
343.3546	-1.0
343.37897	-1.0
343.39587	-1.0
343.40225	-1.0
343.44107	-1.0
343.47665	-1.0
343.55252	-1.0
343.5702	-1.0
343.58865	-1.0
343.63736	-1.0
343.7213	-1.0
343.78745	-1.0
343.7966	-1.0
343.88803	-1.0
343.9153	-1.0
344.02133	-1.0
348.61655	-1.0
348.6277	-1.0
348.63916	-1.0
348.66663	-1.0
348.6793	-1.0
348.68924	-1.0
348.7058	-1.0
348.74783	-1.0
348.7544	-1.0
348.75836	-1.0
348.76855	-1.0
348.82556	-1.0
348.82935	-1.0
348.84818	-1.0
348.86646	-1.0
348.9051	-1.0
348.94992	-1.0
349.049	-1.0
349.07324	-1.0
349.13635	-1.0
349.2993	-1.0
349.32047	-1.0
349.34384	-1.0
349.42587	-1.0
353.6092	-1.0
353.61176	-1.0
353.62576	-1.0
353.65155	-1.0
353.71524	-1.0
353.73288	-1.0
353.73672	-1.0
353.74017	-1.0
353.77283	-1.0
353.81195	-1.0
353.8419	-1.0
353.86273	-1.0
353.90167	-1.0
353.96487	-1.0
353.9678	-1.0
354.06836	-1.0
354.09488	-1.0
354.1305	-1.0
354.16025	-1.0
354.1643	-1.0
354.1681	-1.0
354.25897	-1.0
354.26804	-1.0
354.3162	-1.0
354.34363	-1.0
354.40283	-1.0
354.41656	-1.0
354.4391	-1.0
354.4632	-1.0
354.48123	-1.0
354.5006	1.0
354.52045	-1.0
354.6697	-1.0
354.7653	-1.0
358.38077	-1.0
358.4054	-1.0
358.4199	-1.0
358.4778	-1.0
358.52316	-1.0
358.5396	-1.0
358.5825	-1.0
358.59253	-1.0
358.59995	-1.0
358.61172	-1.0
358.67145	-1.0
358.7222	-1.0
358.77084	-1.0
358.81076	-1.0
358.83652	-1.0
358.86047	-1.0
358.88184	-1.0
358.91788	-1.0
358.97244	-1.0
359.05035	-1.0
359.12408	-1.0
363.44577	-1.0
363.45877	-1.0
363.47073	1.0
363.48984	-1.0
363.5175	-1.0
363.5663	-1.0
363.60104	-1.0
363.64963	-1.0
363.7159	-1.0
363.745	-1.0
363.79147	-1.0
363.80215	-1.0
363.8106	-1.0
363.84607	-1.0
363.9047	-1.0
363.91956	-1.0
363.9291	-1.0
363.9354	-1.0
363.9572	-1.0
363.98734	-1.0
364.00583	-1.0
364.24573	-1.0
364.3021	-1.0
364.3239	-1.0
364.36816	-1.0
368.40073	-1.0
368.41824	-1.0
368.428	-1.0
368.47015	-1.0
368.47485	-1.0
368.50427	-1.0
368.53943	-1.0
368.56296	-1.0
368.67517	-1.0
368.6905	-1.0
368.69617	-1.0
368.73773	-1.0
368.79663	-1.0
368.84787	-1.0
368.85376	-1.0
368.87735	-1.0
368.90393	-1.0
368.9976	-1.0
369.02216	-1.0
369.07147	-1.0
373.1512	-1.0
373.15524	-1.0
373.1996	-1.0
373.22488	-1.0
373.25595	-1.0
373.26755	-1.0
373.2813	-1.0
373.2858	-1.0
373.2927	1.0
373.29547	-1.0
373.3088	-1.0
373.33868	-1.0
373.36725	-1.0
373.43124	-1.0
373.4373	-1.0
373.45267	-1.0
373.4566	-1.0
373.4945	-1.0
373.50708	-1.0
373.5341	-1.0
373.6607	-1.0
373.6899	-1.0
373.7376	-1.0
373.74304	-1.0
373.76727	-1.0
373.8736	-1.0
373.94385	-1.0
373.98843	-1.0
374.0122	-1.0
378.0215	-1.0
378.0763	-1.0
378.0852	-1.0
378.1138	-1.0
378.12344	-1.0
378.13715	-1.0
378.1428	-1.0
378.1486	-1.0
378.1581	-1.0
378.1634	-1.0
378.18457	-1.0
378.2382	-1.0
378.2701	-1.0
378.44583	-1.0
378.45944	-1.0
378.48752	-1.0
378.5144	-1.0
378.52524	-1.0
378.53345	-1.0
378.57693	-1.0
378.59827	-1.0
378.61783	-1.0
378.63235	-1.0
378.6381	-1.0
378.65668	-1.0
378.6668	-1.0
378.72855	-1.0
383.046	-1.0
383.07828	-1.0
383.1066	-1.0
383.11108	-1.0
383.1183	-1.0
383.12115	-1.0
383.12552	1.0
383.13568	-1.0
383.14557	-1.0
383.1573	-1.0
383.1652	-1.0
383.17816	-1.0
383.1998	-1.0
383.22913	-1.0
383.2412	-1.0
383.29465	-1.0
383.30716	-1.0
383.33313	-1.0
383.3455	-1.0
383.3543	-1.0
383.3678	-1.0
383.3781	-1.0
383.404	-1.0
383.4189	-1.0
383.42416	-1.0
383.43353	-1.0
383.44757	-1.0
383.45544	-1.0
383.47144	-1.0
383.47443	1.0
383.51532	-1.0
383.5187	-1.0
383.52972	-1.0
383.57327	-1.0
383.57953	-1.0
383.60693	-1.0
383.65695	-1.0
383.7119	-1.0
383.72107	-1.0
383.74515	-1.0
383.82077	-1.0
383.84235	-1.0
383.90323	-1.0
388.01904	-1.0
388.1309	-1.0
388.13947	-1.0
388.1602	-1.0
388.16635	-1.0
388.17172	-1.0
388.1748	-1.0
388.18307	-1.0
388.1908	-1.0
388.19397	-1.0
388.21317	-1.0
388.23843	-1.0
388.24734	-1.0
388.2603	-1.0
388.276	-1.0
388.32523	-1.0
388.35757	-1.0
388.38696	-1.0
388.4136	-1.0
388.4235	-1.0
388.44504	-1.0
388.45996	-1.0
388.4866	-1.0
388.49716	-1.0
388.53613	-1.0
388.55365	-1.0
388.59116	-1.0
388.6193	-1.0
388.64896	-1.0
388.68353	-1.0
388.6959	-1.0
388.71713	-1.0
388.72607	-1.0
388.72977	-1.0
388.73404	-1.0
388.88824	-1.0
388.94125	-1.0
389.04117	-1.0
392.8553	-1.0
392.8788	-1.0
392.8839	-1.0
392.88953	-1.0
392.89908	1.0
392.90393	-1.0
392.9102	-1.0
392.9192	-1.0
392.9253	-1.0
392.93085	-1.0
392.93628	-1.0
392.94083	-1.0
392.96103	-1.0
392.98853	-1.0
393.00812	-1.0
393.01117	-1.0
393.04184	-1.0
393.05716	-1.0
393.06677	-1.0
393.0857	-1.0
393.0937	-1.0
393.12473	-1.0
393.167	-1.0
393.1924	-1.0
393.2236	-1.0
393.23407	-1.0
393.25705	-1.0
393.28116	-1.0
393.2838	-1.0
393.28888	-1.0
393.29947	-1.0
393.30936	-1.0
393.31772	-1.0
393.35175	-1.0
393.37128	-1.0
393.3921	-1.0
393.4029	-1.0
393.43356	-1.0
393.43683	-1.0
393.48672	-1.0
393.48953	1.0
393.49463	-1.0
393.5406	-1.0
393.60748	-1.0
397.20157	-1.0
397.21616	-1.0
397.2444	-1.0
397.28293	-1.0
397.28708	-1.0
397.29123	-1.0
397.29987	-1.0
397.3051	-1.0
397.31384	-1.0
397.31708	-1.0
397.33707	1.0
397.36368	-1.0
397.39664	-1.0
397.4011	-1.0
397.4381	-1.0
397.44168	-1.0
397.483	-1.0
397.5023	-1.0
397.5223	-1.0
397.54572	-1.0
397.54987	-1.0
397.55347	1.0
397.5962	-1.0
397.61972	-1.0
397.6272	-1.0
397.6299	-1.0
397.65503	-1.0
397.6576	1.0
397.66977	-1.0
397.6984	-1.0
397.72488	-1.0
397.73105	-1.0
397.7408	-1.0
397.7769	-1.0
397.80557	-1.0
397.8294	-1.0
397.86072	-1.0
397.8752	-1.0
397.8794	-1.0
397.9163	-1.0
397.92712	-1.0
397.93063	-1.0
397.9898	-1.0
402.1443	-1.0
402.16068	-1.0
402.1792	-1.0
402.1912	-1.0
402.19528	-1.0
402.20395	-1.0
402.20648	-1.0
402.21136	-1.0
402.21527	-1.0
402.23743	-1.0
402.2535	-1.0
402.26852	-1.0
402.29297	-1.0
402.29593	1.0
402.3192	-1.0
402.33264	-1.0
402.354	-1.0
402.38724	-1.0
402.39008	-1.0
402.4186	-1.0
402.45044	-1.0
402.46356	-1.0
402.49	-1.0
402.49585	-1.0
402.51297	-1.0
402.58475	-1.0
402.58957	-1.0
402.60745	1.0
402.61713	-1.0
402.6437	-1.0
402.6649	-1.0
402.6697	-1.0
402.69113	-1.0
402.71915	-1.0
402.77567	-1.0
402.81284	-1.0
402.81555	-1.0
402.83047	-1.0
402.86176	-1.0
402.90805	-1.0
402.95532	-1.0
402.958	1.0
402.9775	-1.0
403.01697	-1.0
403.02695	-1.0
407.46133	-1.0
407.4952	-1.0
407.50815	-1.0
407.51096	-1.0
407.51373	-1.0
407.51755	-1.0
407.5232	-1.0
407.52783	-1.0
407.53137	-1.0
407.53644	-1.0
407.54868	-1.0
407.57443	-1.0
407.59857	-1.0
407.61844	-1.0
407.6264	-1.0
407.6494	-1.0
407.68057	-1.0
407.68356	-1.0
407.7173	-1.0
407.71997	1.0
407.75073	-1.0
407.75565	-1.0
407.77264	-1.0
407.80643	-1.0
407.82645	-1.0
407.84103	-1.0
407.85583	-1.0
407.8669	-1.0
407.88513	-1.0
407.89267	-1.0
407.91635	-1.0
407.9322	-1.0
407.9722	-1.0
407.9963	-1.0
408.01157	-1.0
408.03705	-1.0
408.04547	-1.0
408.07608	-1.0
408.1072	-1.0
408.13745	-1.0
408.1876	-1.0
408.209	-1.0
408.23627	-1.0
408.27057	-1.0
408.31253	-1.0
411.7796	-1.0
411.78217	-1.0
411.80655	-1.0
411.811	-1.0
411.82855	-1.0
411.83716	-1.0
411.842	-1.0
411.8488	-1.0
411.8682	-1.0
411.87915	-1.0
411.89883	-1.0
411.90143	-1.0
411.9048	-1.0
411.932	-1.0
411.9543	-1.0
411.97784	-1.0
412.0024	-1.0
412.01437	-1.0
412.05203	-1.0
412.07162	-1.0
412.0763	-1.0
412.11343	-1.0
412.11597	-1.0
412.15863	-1.0
412.16135	-1.0
412.1877	-1.0
412.19272	-1.0
412.20193	-1.0
412.2262	-1.0
412.2648	-1.0
412.28073	-1.0
412.2936	-1.0
412.29932	-1.0
412.32632	-1.0
412.3321	-1.0
412.35785	-1.0
412.3972	-1.0
412.50244	-1.0
412.5359	-1.0
416.6116	-1.0
416.62564	-1.0
416.6292	1.0
416.63177	1.0
416.64047	-1.0
416.6443	1.0
416.64847	-1.0
416.6587	-1.0
416.6703	-1.0
416.6729	-1.0
416.69223	-1.0
416.7034	-1.0
416.70847	-1.0
416.72937	-1.0
416.7442	-1.0
416.7487	-1.0
416.77307	-1.0
416.7756	1.0
416.80597	-1.0
416.83377	-1.0
416.8409	-1.0
416.85468	-1.0
416.87036	-1.0
416.87585	-1.0
416.90308	-1.0
416.9247	-1.0
416.92725	-1.0
416.95963	-1.0
416.9909	-1.0
417.0194	-1.0
417.03827	-1.0
417.04916	-1.0
417.05197	-1.0
417.0649	-1.0
417.0698	-1.0
417.10388	-1.0
417.1064	-1.0
417.11453	-1.0
417.13635	-1.0
417.15317	-1.0
417.15567	-1.0
417.18744	-1.0
417.19357	-1.0
417.21155	-1.0
417.21448	-1.0
417.22025	-1.0
417.22787	-1.0
417.3141	-1.0
417.3172	1.0
417.34067	-1.0
417.34412	-1.0
417.3666	-1.0
417.38065	-1.0
421.26913	-1.0
421.2779	-1.0
421.29465	-1.0
421.30807	-1.0
421.3222	-1.0
421.32608	-1.0
421.3346	-1.0
421.3394	-1.0
421.34415	-1.0
421.3508	-1.0
421.35406	-1.0
421.369	-1.0
421.37573	-1.0
421.406	-1.0
421.4275	1.0
421.4349	-1.0
421.452	-1.0
421.45544	-1.0
421.483	-1.0
421.49146	-1.0
421.49615	-1.0
421.50955	-1.0
421.5243	-1.0
421.5411	-1.0
421.545	-1.0
421.56204	-1.0
421.5934	-1.0
421.5966	-1.0
421.62088	-1.0
421.6289	-1.0
421.63248	-1.0
421.64453	-1.0
421.65308	-1.0
421.65732	-1.0
421.67667	-1.0
421.6956	-1.0
421.71643	-1.0
421.73407	-1.0
421.7372	-1.0
421.76663	-1.0
421.76935	-1.0
421.79532	-1.0
421.80203	-1.0
421.8384	-1.0
421.85233	-1.0
421.87292	-1.0
421.8755	-1.0
421.9291	-1.0
422.01324	-1.0
422.03735	-1.0
422.07092	-1.0
422.0776	-1.0
425.67804	-1.0
425.7013	-1.0
425.71188	-1.0
425.71463	-1.0
425.7259	-1.0
425.73288	-1.0
425.73544	-1.0
425.73917	-1.0
425.74976	-1.0
425.7553	-1.0
425.76453	-1.0
425.776	-1.0
425.79477	-1.0
425.81943	-1.0
425.8287	-1.0
425.83804	-1.0
425.84827	-1.0
425.87	-1.0
425.87268	-1.0
425.89304	-1.0
425.8968	-1.0
425.9114	-1.0
425.93585	-1.0
425.94263	-1.0
425.95343	-1.0
425.9609	-1.0
425.99734	-1.0
426.01993	-1.0
426.02243	-1.0
426.05963	-1.0
426.0627	-1.0
426.08392	-1.0
426.10324	-1.0
426.1099	-1.0
426.1169	-1.0
426.13647	-1.0
426.15692	-1.0
426.16727	-1.0
426.18515	-1.0
426.19012	-1.0
426.2154	-1.0
426.25085	-1.0
426.26367	-1.0
426.27377	-1.0
426.29816	-1.0
426.3021	-1.0
426.3359	-1.0
426.3412	-1.0
426.35147	-1.0
426.3776	-1.0
426.40176	-1.0
426.422	-1.0
426.44073	-1.0
426.46323	-1.0
426.58005	-1.0
426.5858	-1.0
429.66013	-1.0
429.66797	1.0
429.67416	-1.0
429.68484	-1.0
429.688	1.0
429.69257	-1.0
429.70078	-1.0
429.70816	-1.0
429.71567	-1.0
429.72144	-1.0
429.72513	-1.0
429.74173	-1.0
429.74435	-1.0
429.7487	-1.0
429.7729	-1.0
429.8028	-1.0
429.80533	-1.0
429.8337	-1.0
429.83643	1.0
429.8585	-1.0
429.86215	-1.0
429.88544	-1.0
429.91345	-1.0
429.9314	-1.0
429.9496	-1.0
429.97012	-1.0
429.9749	1.0
429.97748	1.0
430.0005	-1.0
430.0286	-1.0
430.0422	-1.0
430.0528	-1.0
430.0763	-1.0
430.08215	-1.0
430.10007	-1.0
430.13525	-1.0
430.16672	-1.0
430.17105	-1.0
430.1788	-1.0
430.19672	-1.0
430.23483	-1.0
430.23953	-1.0
430.26797	-1.0
430.29068	-1.0
430.37753	-1.0
433.6468	-1.0
433.66895	-1.0
433.675	-1.0
433.6826	-1.0
433.6869	-1.0
433.69717	-1.0
433.70053	-1.0
433.70724	-1.0
433.71573	-1.0
433.71933	-1.0
433.7256	-1.0
433.72812	1.0
433.74323	-1.0
433.74667	-1.0
433.76776	-1.0
433.78708	-1.0
433.79172	-1.0
433.79596	-1.0
433.81113	-1.0
433.8342	-1.0
433.84436	-1.0
433.8661	-1.0
433.87234	-1.0
433.89948	-1.0
433.90564	-1.0
433.9253	-1.0
433.9427	-1.0
433.9492	-1.0
433.9678	-1.0
433.97592	-1.0
433.98593	-1.0
433.99927	-1.0
434.00208	-1.0
434.04214	-1.0
434.0569	-1.0
434.08517	-1.0
434.08844	-1.0
434.11853	-1.0
434.12955	-1.0
434.13757	-1.0
434.16183	-1.0
434.16776	-1.0
434.19183	-1.0
434.21133	-1.0
434.22668	-1.0
434.26248	-1.0
434.2763	-1.0
434.29727	-1.0
434.30783	-1.0
434.31357	-1.0
434.34717	-1.0
434.36432	-1.0
434.36996	-1.0
434.39328	-1.0
434.46167	-1.0
437.48828	-1.0
437.50708	-1.0
437.51068	-1.0
437.52203	-1.0
437.52463	1.0
437.53143	-1.0
437.53592	-1.0
437.53845	-1.0
437.54703	-1.0
437.5561	-1.0
437.5717	-1.0
437.58292	-1.0
437.58643	-1.0
437.606	-1.0
437.60867	-1.0
437.62515	-1.0
437.62967	-1.0
437.66815	-1.0
437.69403	-1.0
437.71408	-1.0
437.71786	-1.0
437.73508	-1.0
437.73947	-1.0
437.76556	-1.0
437.7833	-1.0
437.8058	-1.0
437.83987	-1.0
437.86404	-1.0
437.87308	-1.0
437.88376	-1.0
437.89084	-1.0
437.9083	-1.0
437.9216	-1.0
437.94275	-1.0
437.95456	-1.0
437.96692	-1.0
437.98468	-1.0
438.01984	-1.0
438.0565	-1.0
438.08328	-1.0
438.0926	-1.0
438.1211	-1.0
438.12448	-1.0
438.1823	-1.0
438.19492	-1.0
438.2426	-1.0
442.455	-1.0
442.46744	-1.0
442.48004	-1.0
442.48312	-1.0
442.49924	-1.0
442.5022	-1.0
442.50473	-1.0
442.5086	-1.0
442.5165	-1.0
442.52	-1.0
442.52884	-1.0
442.53333	-1.0
442.53888	-1.0
442.544	-1.0
442.5547	-1.0
442.5637	-1.0
442.5689	-1.0
442.58368	-1.0
442.60004	-1.0
442.60336	1.0
442.61453	-1.0
442.61737	-1.0
442.62433	-1.0
442.62692	-1.0
442.64432	-1.0
442.653	-1.0
442.6696	-1.0
442.6737	-1.0
442.67703	-1.0
442.6815	-1.0
442.6988	-1.0
442.70636	-1.0
442.72485	-1.0
442.7331	-1.0
442.7433	-1.0
442.75623	-1.0
442.7854	-1.0
442.79416	-1.0
442.81485	-1.0
442.82056	-1.0
442.84113	-1.0
442.84512	-1.0
442.8688	-1.0
442.89288	-1.0
442.91763	-1.0
442.9418	-1.0
442.95093	-1.0
442.95685	-1.0
442.9777	-1.0
442.9804	-1.0
443.0006	-1.0
443.0045	-1.0
443.03348	-1.0
443.0403	-1.0
443.06793	-1.0
443.09213	-1.0
443.0948	1.0
443.1342	-1.0
443.1411	-1.0
443.15384	-1.0
443.16455	-1.0
443.21	-1.0
443.21445	-1.0
443.22867	-1.0
443.23145	-1.0
443.26968	-1.0
443.2786	-1.0
443.3312	-1.0
446.32968	-1.0
446.3359	-1.0
446.34512	-1.0
446.36505	-1.0
446.3677	-1.0
446.37943	-1.0
446.3828	-1.0
446.38596	-1.0
446.39783	-1.0
446.40933	-1.0
446.41193	1.0
446.42407	-1.0
446.4325	-1.0
446.4358	-1.0
446.44705	-1.0
446.46393	-1.0
446.4755	-1.0
446.50412	-1.0
446.51453	-1.0
446.52463	-1.0
446.53815	-1.0
446.55997	-1.0
446.564	-1.0
446.58203	-1.0
446.585	-1.0
446.58752	-1.0
446.60907	-1.0
446.61765	-1.0
446.64764	-1.0
446.6506	1.0
446.67523	-1.0
446.68732	-1.0
446.6992	-1.0
446.7254	-1.0
446.75653	-1.0
446.7733	1.0
446.8008	-1.0
446.80716	-1.0
446.8435	-1.0
446.87567	-1.0
446.90143	-1.0
446.92404	-1.0
446.9596	-1.0
446.9698	-1.0
446.977	-1.0
447.0991	-1.0
450.3589	-1.0
450.3871	-1.0
450.39145	-1.0
450.39532	-1.0
450.40103	-1.0
450.4055	-1.0
450.4179	-1.0
450.42468	-1.0
450.43625	-1.0
450.4416	-1.0
450.44757	-1.0
450.45813	-1.0
450.4622	-1.0
450.47607	-1.0
450.47873	-1.0
450.48123	-1.0
450.49927	-1.0
450.52203	-1.0
450.54224	-1.0
450.5453	1.0
450.56375	-1.0
450.56708	-1.0
450.58395	-1.0
450.58997	-1.0
450.61356	-1.0
450.63464	-1.0
450.6641	-1.0
450.6688	-1.0
450.69504	-1.0
450.70053	-1.0
450.72147	-1.0
450.73135	-1.0
450.757	-1.0
450.77368	-1.0
450.7779	-1.0
450.81085	-1.0
450.8224	-1.0
450.85187	-1.0
450.8564	-1.0
450.8768	-1.0
450.88037	-1.0
450.88437	-1.0
450.91925	-1.0
450.95923	-1.0
450.97943	-1.0
450.98853	-1.0
451.0063	-1.0
451.01233	-1.0
451.0194	-1.0
451.04376	-1.0
451.0573	-1.0
453.89032	-1.0
453.91925	-1.0
453.928	-1.0
453.9319	-1.0
453.95157	-1.0
453.95428	-1.0
453.96204	-1.0
453.9702	-1.0
453.97293	-1.0
453.97797	-1.0
453.981	-1.0
453.99576	-1.0
454.0	-1.0
454.0126	-1.0
454.0225	-1.0
454.03244	-1.0
454.04016	-1.0
454.04315	-1.0
454.0587	-1.0
454.08145	-1.0
454.0851	-1.0
454.08807	-1.0
454.10568	-1.0
454.1086	-1.0
454.118	-1.0
454.14117	-1.0
454.14935	-1.0
454.1744	-1.0
454.18036	-1.0
454.18832	-1.0
454.1966	-1.0
454.19952	-1.0
454.20224	1.0
454.2126	-1.0
454.22803	-1.0
454.25345	-1.0
454.256	1.0
454.28528	-1.0
454.2884	-1.0
454.31567	-1.0
454.33737	-1.0
454.33987	-1.0
454.34387	1.0
454.38	-1.0
454.38467	-1.0
454.43484	-1.0
454.43747	1.0
454.4604	-1.0
454.48068	-1.0
454.56516	-1.0
454.67383	-1.0
457.44385	-1.0
457.45288	-1.0
457.47827	-1.0
457.4884	1.0
457.49133	1.0
457.49725	-1.0
457.50052	-1.0
457.5054	-1.0
457.5092	-1.0
457.51944	-1.0
457.52292	-1.0
457.5256	1.0
457.54156	-1.0
457.5466	-1.0
457.54965	-1.0
457.5564	-1.0
457.56863	-1.0
457.59097	-1.0
457.62344	-1.0
457.6526	-1.0
457.66135	-1.0
457.67252	-1.0
457.6797	-1.0
457.6924	-1.0
457.69937	-1.0
457.72144	-1.0
457.72415	-1.0
457.742	-1.0
457.74887	-1.0
457.75995	-1.0
457.79184	-1.0
457.8104	-1.0
457.81357	-1.0
457.83264	-1.0
457.8539	-1.0
457.85724	-1.0
457.86032	-1.0
457.86487	-1.0
457.9026	-1.0
457.9083	-1.0
457.91245	-1.0
457.9293	-1.0
457.9849	-1.0
458.0	-1.0
458.01562	-1.0
458.07535	-1.0
460.70435	-1.0
460.70865	-1.0
460.7246	-1.0
460.733	-1.0
460.7422	-1.0
460.7456	-1.0
460.7481	1.0
460.75803	-1.0
460.76187	-1.0
460.77094	-1.0
460.78003	-1.0
460.7945	-1.0
460.80328	-1.0
460.8158	-1.0
460.82336	-1.0
460.8336	-1.0
460.84375	-1.0
460.86288	-1.0
460.88037	-1.0
460.9232	-1.0
460.94424	-1.0
460.94687	1.0
460.96347	-1.0
460.9691	-1.0
460.9759	-1.0
461.00748	-1.0
461.03952	-1.0
461.04596	-1.0
461.07065	-1.0
461.09573	-1.0
461.14383	-1.0
461.18457	-1.0
461.19223	-1.0
461.19656	-1.0
461.2635	-1.0
461.27905	-1.0
461.3206	-1.0
461.37433	-1.0
461.4006	-1.0
464.1798	-1.0
464.19476	-1.0
464.20435	-1.0
464.20853	-1.0
464.2123	-1.0
464.2231	-1.0
464.22617	-1.0
464.23077	-1.0
464.236	-1.0
464.24173	-1.0
464.2448	-1.0
464.2486	-1.0
464.26904	-1.0
464.28485	-1.0
464.2954	-1.0
464.29797	1.0
464.3137	-1.0
464.3187	-1.0
464.35275	-1.0
464.35657	-1.0
464.36	-1.0
464.38144	-1.0
464.41275	-1.0
464.4193	-1.0
464.4498	-1.0
464.46085	-1.0
464.47003	-1.0
464.48575	-1.0
464.52615	-1.0
464.53696	-1.0
464.55136	-1.0
464.57748	-1.0
464.59937	-1.0
464.63135	-1.0
464.634	-1.0
464.64017	-1.0
464.70276	-1.0
464.7761	-1.0
464.78793	-1.0
464.91412	-1.0
467.64468	-1.0
467.67587	-1.0
467.6784	-1.0
467.69473	-1.0
467.69724	-1.0
467.70023	-1.0
467.70352	-1.0
467.70645	1.0
467.71124	-1.0
467.71747	-1.0
467.72107	-1.0
467.72784	-1.0
467.73953	-1.0
467.75137	-1.0
467.7631	-1.0
467.76935	-1.0
467.77652	-1.0
467.78116	-1.0
467.79132	-1.0
467.79413	-1.0
467.81424	-1.0
467.81677	-1.0
467.84927	-1.0
467.8614	-1.0
467.90775	-1.0
467.9146	-1.0
467.9452	-1.0
467.95935	-1.0
468.0184	-1.0
468.02255	-1.0
468.0282	-1.0
468.06516	-1.0
468.06964	-1.0
468.1229	-1.0
468.12927	-1.0
468.1374	-1.0
468.16364	-1.0
468.1706	-1.0
468.2064	-1.0
468.2468	-1.0
468.33017	-1.0
470.9445	-1.0
470.95465	-1.0
470.9673	-1.0
470.9719	-1.0
470.98907	-1.0
470.99185	-1.0
470.99945	-1.0
471.00275	-1.0
471.0056	1.0
471.01556	-1.0
471.0228	-1.0
471.03204	-1.0
471.03564	-1.0
471.04865	-1.0
471.06845	-1.0
471.07455	-1.0
471.09357	-1.0
471.09653	1.0
471.1142	-1.0
471.1378	-1.0
471.14984	-1.0
471.1685	-1.0
471.19833	-1.0
471.21735	-1.0
471.24677	-1.0
471.25516	-1.0
471.29324	-1.0
471.31207	-1.0
471.31952	-1.0
471.33755	-1.0
471.35593	-1.0
471.3737	-1.0
471.40735	-1.0
471.44116	-1.0
471.4437	-1.0
471.48447	-1.0
471.51285	-1.0
471.57535	-1.0
471.59628	-1.0
471.60388	-1.0
471.65057	-1.0
471.7149	-1.0
473.89886	-1.0
473.91693	-1.0
473.93835	-1.0
473.9467	-1.0
473.95312	1.0
473.96024	-1.0
473.97272	-1.0
473.97556	-1.0
473.98804	-1.0
473.99396	-1.0
473.9972	-1.0
474.01135	-1.0
474.02805	-1.0
474.04855	-1.0
474.08383	-1.0
474.13165	-1.0
474.13443	-1.0
474.13992	-1.0
474.17343	-1.0
474.2203	-1.0
474.22284	-1.0
474.2552	-1.0
474.29532	-1.0
474.29828	-1.0
474.3424	-1.0
474.41196	-1.0
474.474	-1.0
474.51044	-1.0
474.52512	-1.0
476.89252	-1.0
476.92407	-1.0
476.93033	-1.0
476.93503	-1.0
476.9381	-1.0
476.9472	-1.0
476.95215	-1.0
476.96384	-1.0
476.96976	-1.0
476.97717	-1.0
476.97968	1.0
477.00943	-1.0
477.01913	-1.0
477.03607	-1.0
477.0529	-1.0
477.06107	-1.0
477.06735	-1.0
477.08075	-1.0
477.08707	-1.0
477.10745	-1.0
477.11008	-1.0
477.1246	-1.0
477.13724	-1.0
477.14783	-1.0
477.16913	-1.0
477.1765	-1.0
477.18625	-1.0
477.19913	-1.0
477.20575	-1.0
477.22614	-1.0
477.26703	-1.0
477.27576	-1.0
477.33395	-1.0
477.37823	-1.0
477.40732	-1.0
477.42084	-1.0
477.4978	-1.0
479.76477	-1.0
479.783	-1.0
479.82983	-1.0
479.8398	-1.0
479.84396	-1.0
479.85263	-1.0
479.856	-1.0
479.8661	-1.0
479.86884	-1.0
479.87152	1.0
479.88843	-1.0
479.89767	-1.0
479.90833	-1.0
479.91345	-1.0
479.93372	-1.0
479.94583	-1.0
479.95743	-1.0
479.9978	-1.0
480.0227	-1.0
480.0466	-1.0
480.08203	-1.0
480.0911	-1.0
480.10764	-1.0
480.14368	-1.0
480.18497	-1.0
480.1902	-1.0
480.19495	-1.0
480.22015	-1.0
480.24905	-1.0
480.25974	-1.0
480.2693	-1.0
480.28925	-1.0
480.32336	-1.0
482.47244	-1.0
482.51608	-1.0
482.5312	-1.0
482.54352	-1.0
482.5494	-1.0
482.55365	-1.0
482.55853	-1.0
482.577	-1.0
482.5935	-1.0
482.59753	-1.0
482.6038	-1.0
482.62512	-1.0
482.63623	-1.0
482.64615	-1.0
482.67487	-1.0
482.70407	-1.0
482.71457	-1.0
482.7617	-1.0
482.76697	-1.0
482.7904	-1.0
482.8159	-1.0
482.83023	-1.0
482.8521	-1.0
482.87646	-1.0
482.92517	-1.0
483.0176	-1.0
485.712	-1.0
485.75323	-1.0
485.7596	-1.0
485.764	-1.0
485.76953	-1.0
485.77396	-1.0
485.78815	-1.0
485.79068	-1.0
485.8052	-1.0
485.81995	-1.0
485.8417	-1.0
485.84476	-1.0
485.8654	-1.0
485.8868	-1.0
485.88992	-1.0
485.91727	-1.0
485.95044	-1.0
485.96252	-1.0
485.98615	-1.0
486.03885	-1.0
486.05344	-1.0
486.0587	-1.0
486.09644	-1.0
486.11108	-1.0
486.12155	-1.0
486.15115	-1.0
486.19525	-1.0
486.2482	-1.0
489.03992	-1.0
489.0604	-1.0
489.0782	-1.0
489.08563	-1.0
489.09067	-1.0
489.10532	-1.0
489.11093	-1.0
489.1174	-1.0
489.12372	-1.0
489.12875	-1.0
489.1414	-1.0
489.14624	-1.0
489.15237	-1.0
489.16705	-1.0
489.18628	-1.0
489.18976	-1.0
489.2083	-1.0
489.2237	-1.0
489.2264	-1.0
489.25705	-1.0
489.29343	-1.0
489.30875	-1.0
489.35068	-1.0
489.37003	-1.0
489.3746	-1.0
489.3771	1.0
489.4076	-1.0
489.41153	-1.0
489.41708	-1.0
489.4297	-1.0
489.45953	-1.0
489.5175	-1.0
489.5366	-1.0
489.57343	-1.0
489.62103	-1.0
489.6267	-1.0
492.62177	-1.0
492.67404	-1.0
492.68283	-1.0
492.69067	-1.0
492.69662	-1.0
492.70343	-1.0
492.70773	-1.0
492.71167	-1.0
492.71817	-1.0
492.72348	-1.0
492.7282	-1.0
492.7349	-1.0
492.754	-1.0
492.75775	-1.0
492.77185	-1.0
492.7776	-1.0
492.79733	-1.0
492.80777	-1.0
492.81815	-1.0
492.85107	-1.0
492.86047	-1.0
492.8885	-1.0
492.90607	-1.0
492.90912	-1.0
492.93457	-1.0
492.93936	-1.0
492.97308	-1.0
492.9757	1.0
492.9831	-1.0
492.99588	-1.0
493.01892	-1.0
493.03915	-1.0
493.05844	-1.0
493.08035	-1.0
493.1005	-1.0
493.12076	-1.0
493.15253	-1.0
493.23007	-1.0
493.26083	-1.0
493.3128	-1.0
493.3428	-1.0
493.3471	-1.0
495.4091	-1.0
495.44736	-1.0
495.4641	-1.0
495.4738	-1.0
495.47684	-1.0
495.4796	-1.0
495.49268	-1.0
495.4965	-1.0
495.49945	-1.0
495.50925	-1.0
495.5128	-1.0
495.52505	-1.0
495.52783	1.0
495.54147	-1.0
495.544	-1.0
495.56033	-1.0
495.5792	-1.0
495.58597	-1.0
495.60944	-1.0
495.61224	-1.0
495.6464	-1.0
495.65933	-1.0
495.6957	-1.0
495.71637	-1.0
495.76624	-1.0
495.8131	-1.0
498.4648	-1.0
498.49744	-1.0
498.504	-1.0
498.51984	-1.0
498.523	-1.0
498.5284	-1.0
498.5335	-1.0
498.53693	-1.0
498.54395	-1.0
498.55252	-1.0
498.55624	-1.0
498.55936	-1.0
498.56393	-1.0
498.5832	-1.0
498.58725	-1.0
498.60748	-1.0
498.62796	-1.0
498.63235	-1.0
498.6694	-1.0
498.70752	-1.0
498.71036	-1.0
498.74933	-1.0
498.75424	-1.0
498.75888	-1.0
498.7814	-1.0
498.79227	-1.0
498.80756	-1.0
498.81497	-1.0
498.8548	-1.0
498.86917	-1.0
498.91068	-1.0
498.91757	-1.0
498.97485	-1.0
503.9094	-1.0
503.92136	-1.0
503.92447	-1.0
503.9332	-1.0
503.936	1.0
503.9452	-1.0
503.94885	1.0
503.9556	-1.0
503.9634	-1.0
503.96732	-1.0
503.97812	-1.0
503.98544	-1.0
503.99948	-1.0
504.00223	-1.0
504.0073	-1.0
504.01868	-1.0
504.02188	-1.0
504.02612	-1.0
504.0512	-1.0
504.0721	-1.0
504.11075	-1.0
504.13348	-1.0
504.14343	-1.0
504.18268	-1.0
504.198	-1.0
504.2092	-1.0
504.23615	-1.0
504.2557	-1.0
504.27652	-1.0
504.29892	-1.0
504.319	-1.0
504.3218	-1.0
504.3243	1.0
504.3572	-1.0
504.38297	-1.0
504.4135	-1.0
504.41888	-1.0
504.45355	-1.0
504.46973	-1.0
504.51157	-1.0
504.51407	-1.0
504.52936	-1.0
504.54184	-1.0
504.60965	-1.0
504.6864	-1.0
506.88956	-1.0
506.9128	-1.0
506.9157	1.0
506.92972	-1.0
506.93597	-1.0
506.94385	-1.0
506.9526	-1.0
506.95837	-1.0
506.9676	-1.0
506.97443	-1.0
506.9885	-1.0
506.99213	-1.0
506.9997	-1.0
507.0068	-1.0
507.01727	-1.0
507.05777	-1.0
507.0689	-1.0
507.13696	-1.0
507.16083	-1.0
509.3784	-1.0
509.4064	-1.0
509.41272	-1.0
509.4188	-1.0
509.424	-1.0
509.44196	-1.0
509.44464	1.0
509.45187	-1.0
509.46365	-1.0
509.46707	-1.0
509.47256	-1.0
509.4892	-1.0
509.50143	-1.0
509.5375	-1.0
509.54263	-1.0
509.567	-1.0
509.59723	-1.0
509.62585	-1.0
509.63766	-1.0
509.6462	-1.0
509.71225	-1.0
509.73016	-1.0
512.5565	-1.0
512.5893	-1.0
512.5935	-1.0
512.6045	-1.0
512.62054	-1.0
512.6244	-1.0
512.6327	-1.0
512.6376	-1.0
512.6433	-1.0
512.6542	-1.0
512.6659	-1.0
512.6716	-1.0
512.68274	-1.0
512.6869	-1.0
512.7055	-1.0
512.7273	-1.0
512.7348	-1.0
512.7654	-1.0
512.7842	-1.0
512.788	-1.0
512.82434	-1.0
512.84326	-1.0
512.8543	-1.0
512.86316	-1.0
512.886	-1.0
512.9919	-1.0
512.9996	-1.0
515.33386	-1.0
515.33984	-1.0
515.3545	-1.0
515.36194	-1.0
515.36584	-1.0
515.3706	-1.0
515.3734	-1.0
515.38635	-1.0
515.38885	-1.0
515.39355	-1.0
515.39856	-1.0
515.4075	-1.0
515.41406	-1.0
515.41956	-1.0
515.4303	-1.0
515.4346	-1.0
515.462	-1.0
515.48975	-1.0
515.4964	-1.0
515.49994	-1.0
515.52826	-1.0
515.584	-1.0
515.587	-1.0
515.6177	-1.0
515.6836	-1.0
515.7511	-1.0
518.1896	-1.0
518.2231	-1.0
518.254	-1.0
518.28	-1.0
518.303	-1.0
518.31226	-1.0
518.3172	-1.0
518.3202	1.0
518.3227	1.0
518.32794	-1.0
518.3315	-1.0
518.3402	-1.0
518.3502	-1.0
518.3653	-1.0
518.373	-1.0
518.3783	-1.0
518.3819	-1.0
518.41754	-1.0
518.42285	-1.0
518.42847	-1.0
518.46375	-1.0
518.4779	-1.0
518.50934	-1.0
518.5156	-1.0
518.6089	-1.0
518.6522	-1.0
518.66907	-1.0
521.36304	-1.0
521.3797	-1.0
521.39105	-1.0
521.40137	-1.0
521.4043	-1.0
521.4272	-1.0
521.436	-1.0
521.4402	-1.0
521.4475	-1.0
521.4505	-1.0
521.4536	-1.0
521.46246	-1.0
521.4678	-1.0
521.47504	-1.0
521.48413	-1.0
521.49927	-1.0
521.50323	-1.0
521.5068	-1.0
521.5254	-1.0
521.5344	-1.0
521.57574	-1.0
521.6116	-1.0
521.8574	-1.0
524.13226	-1.0
524.1595	-1.0
524.2091	-1.0
524.2239	-1.0
524.2307	-1.0
524.2336	-1.0
524.23804	-1.0
524.2421	-1.0
524.2471	-1.0
524.25214	-1.0
524.26227	-1.0
524.2819	1.0
524.2844	1.0
524.30304	-1.0
524.32294	-1.0
524.32776	-1.0
524.3906	-1.0
524.4122	-1.0
524.4446	-1.0
524.4711	-1.0
526.698	-1.0
526.7034	-1.0
526.73364	-1.0
526.74133	-1.0
526.769	-1.0
526.7915	-1.0
526.7941	-1.0
526.79675	-1.0
526.80817	-1.0
526.8219	-1.0
526.82446	1.0
526.83093	-1.0
526.8393	-1.0
526.84845	-1.0
526.87823	-1.0
526.9535	-1.0
526.96313	-1.0
526.98865	-1.0
530.0	-1.0
530.086	-1.0
530.0984	-1.0
530.1206	-1.0
530.1236	-1.0
530.1269	-1.0
530.1296	-1.0
530.1347	-1.0
530.14764	1.0
530.1514	-1.0
530.163	-1.0
530.1779	-1.0
530.1809	1.0
530.1941	-1.0
530.20905	-1.0
530.2156	-1.0
530.2197	-1.0
530.2438	-1.0
530.2472	-1.0
530.3292	-1.0
530.3637	-1.0
530.40155	-1.0
530.40594	-1.0
530.437	-1.0
530.47626	-1.0
532.7789	-1.0
533.51996	-1.0
533.52637	-1.0
533.5334	-1.0
533.5615	-1.0
533.5727	-1.0
533.57764	-1.0
533.5906	-1.0
533.6047	-1.0
533.6193	-1.0
533.62225	1.0
533.6367	-1.0
533.6432	-1.0
533.6498	-1.0
533.65234	-1.0
533.6681	-1.0
533.7127	-1.0
533.7191	-1.0
533.86053	-1.0
535.87616	-1.0
535.96704	-1.0
536.0618	-1.0
536.21216	-1.0
536.24414	-1.0
536.2839	-1.0
536.28845	-1.0
536.31354	-1.0
536.33075	-1.0
536.3336	-1.0
536.3411	-1.0
536.34503	-1.0
536.36847	-1.0
536.37335	-1.0
536.3834	-1.0
536.40375	-1.0
536.4367	-1.0
536.45703	-1.0
538.4113	-1.0
538.45514	-1.0
538.4742	-1.0
538.47736	-1.0
538.4931	-1.0
538.4995	-1.0
538.5149	-1.0
538.5296	-1.0
538.5486	-1.0
538.5922	-1.0
538.5997	-1.0
541.8739	-1.0
541.9404	-1.0
541.95667	-1.0
541.9688	-1.0
541.9734	-1.0
541.9788	-1.0
541.9871	-1.0
541.9948	-1.0
542.00885	-1.0
542.0134	-1.0
542.0303	-1.0
542.0329	1.0
542.05176	-1.0
542.09204	-1.0
542.1117	-1.0
542.1915	-1.0
544.4931	-1.0
544.54266	-1.0
546.9799	-1.0
547.0005	-1.0
547.0031	-1.0
547.0476	-1.0
547.06573	-1.0
547.07135	-1.0
547.07837	-1.0
547.08875	-1.0
547.1097	-1.0
547.1284	-1.0
547.1531	-1.0
547.18146	-1.0
547.19086	-1.0
547.2304	-1.0
547.30566	-1.0
547.3783	-1.0
551.8082	-1.0
551.82605	-1.0
551.83	-1.0
551.8466	-1.0
551.8589	-1.0
551.8731	-1.0
551.88477	-1.0
551.88727	-1.0
551.907	-1.0
551.92975	-1.0
551.9405	-1.0
551.9655	-1.0
551.97626	-1.0
551.9901	-1.0
552.03107	-1.0
552.07965	-1.0
555.92413	-1.0
556.0141	-1.0
556.03894	-1.0
556.0602	-1.0
556.0734	-1.0
556.08307	-1.0
556.095	-1.0
556.1008	-1.0
556.1035	-1.0
556.107	-1.0
556.1122	-1.0
556.1183	-1.0
556.12506	-1.0
556.1377	-1.0
556.1551	-1.0
556.1774	-1.0
556.1824	-1.0
556.23785	-1.0
559.62054	-1.0
559.7511	-1.0
559.806	-1.0
559.81287	-1.0
559.8316	-1.0
559.83813	-1.0
559.84467	-1.0
559.8507	1.0
559.85706	-1.0
559.8615	-1.0
559.87463	-1.0
559.8808	-1.0
559.8899	-1.0
559.90985	-1.0
559.9441	-1.0
560.0053	-1.0
560.0408	-1.0
560.0779	-1.0
562.88104	-1.0
562.92535	-1.0
562.94855	-1.0
562.9623	-1.0
562.97015	-1.0
562.97595	-1.0
562.983	-1.0
562.9858	-1.0
563.0111	-1.0
563.0401	-1.0
563.0738	-1.0
566.5825	-1.0
567.0186	-1.0
567.1521	-1.0
567.17633	-1.0
567.18225	-1.0
567.19617	-1.0
567.2144	-1.0
567.2191	-1.0
567.2341	-1.0
567.24695	-1.0
567.2748	-1.0
567.2949	-1.0
567.352	-1.0
571.13715	-1.0
574.8678	-1.0
574.87756	-1.0
574.88086	-1.0
574.88983	-1.0
574.9034	-1.0
574.9114	-1.0
574.91656	-1.0
574.9272	-1.0
574.935	-1.0
574.95435	-1.0
574.96686	-1.0
574.9775	-1.0
574.981	-1.0
574.9841	1.0
574.9895	-1.0
575.0378	-1.0
575.05414	-1.0
575.0742	-1.0
575.0886	-1.0
575.162	-1.0
578.5512	-1.0
578.5702	-1.0
578.57605	-1.0
578.58844	-1.0
578.6116	-1.0
578.6342	-1.0
578.6587	-1.0
578.6815	-1.0
578.69226	-1.0
578.6979	-1.0
578.7042	-1.0
581.7897	-1.0
581.8566	-1.0
581.88	-1.0
581.9021	-1.0
581.9196	-1.0
581.93384	-1.0
581.9368	-1.0
581.94653	-1.0
581.9505	-1.0
581.9788	-1.0
581.9906	-1.0
582.02704	-1.0
582.052	-1.0
582.13043	-1.0
586.76294	-1.0
586.7954	-1.0
586.8328	-1.0
586.842	-1.0
586.8485	-1.0
586.8634	-1.0
586.8757	-1.0
586.8957	-1.0
586.9224	-1.0
586.9484	-1.0
586.9958	-1.0
587.039	-1.0
587.16	-1.0
587.3919	-1.0
587.40607	-1.0
587.4465	-1.0
587.457	-1.0
593.1614	-1.0
593.18744	-1.0
593.2193	-1.0
593.23145	-1.0
593.2345	1.0
593.24115	-1.0
593.2546	-1.0
593.2613	-1.0
593.28033	-1.0
593.305	-1.0
593.36365	-1.0
593.4388	-1.0
597.04266	-1.0
597.1776	-1.0
597.1815	-1.0
597.19025	-1.0
597.19556	-1.0
597.2189	-1.0
597.23303	-1.0
597.2366	-1.0
597.24084	-1.0
597.25226	-1.0
597.26874	-1.0
597.2744	-1.0
597.28705	-1.0
597.312	-1.0
597.329	-1.0
597.35175	-1.0
597.38574	-1.0
