0.00728	-1.0
0.01212	-1.0
0.01464	-1.0
0.02348	-1.0
0.15764	-1.0
0.25432	-1.0
0.31484	-1.0
0.41888	-1.0
0.60128	-1.0
0.88528	-1.0
1.26856	-1.0
1.28332	-1.0
5.3756	-1.0
5.40396	-1.0
5.4146	-1.0
5.42004	-1.0
5.42876	-1.0
5.4366	-1.0
5.46552	-1.0
5.498	-1.0
5.51216	-1.0
5.51496	-1.0
5.51932	-1.0
5.62856	-1.0
5.72588	-1.0
5.83412	-1.0
5.88796	-1.0
5.96476	-1.0
6.17868	-1.0
6.2252	-1.0
6.30964	-1.0
6.64152	-1.0
6.71128	-1.0
6.80472	-1.0
6.9122	-1.0
8.98016	-1.0
8.98384	-1.0
9.00704	-1.0
9.04244	-1.0
9.06556	-1.0
9.07072	-1.0
9.09384	-1.0
9.13136	-1.0
9.25464	-1.0
9.3634	-1.0
9.4202	-1.0
9.4644	-1.0
9.58964	-1.0
9.71512	-1.0
9.74776	-1.0
9.8156	-1.0
9.86868	-1.0
9.9826	-1.0
10.0962	-1.0
10.27036	-1.0
10.9208	-1.0
11.2568	-1.0
11.70164	-1.0
11.7306	-1.0
11.80792	-1.0
11.86004	-1.0
11.89448	-1.0
11.95784	-1.0
11.97004	-1.0
12.03692	-1.0
12.44936	-1.0
12.50672	-1.0
12.51656	-1.0
14.9394	-1.0
14.96756	-1.0
14.98132	-1.0
15.01112	-1.0
15.0248	-1.0
15.03892	-1.0
15.05196	-1.0
15.12404	-1.0
15.44968	-1.0
15.5718	-1.0
15.58888	-1.0
15.7286	-1.0
15.88008	-1.0
15.97224	-1.0
16.01108	-1.0
16.03048	-1.0
16.18672	-1.0
16.29172	-1.0
16.43328	-1.0
16.4718	-1.0
16.4782	-1.0
19.38076	-1.0
19.41628	-1.0
19.44932	-1.0
19.47756	-1.0
19.53252	-1.0
19.62656	-1.0
19.6584	-1.0
19.66884	-1.0
19.6892	-1.0
19.79388	-1.0
19.87252	-1.0
19.95464	-1.0
20.09088	-1.0
20.20756	-1.0
20.27764	-1.0
20.41288	-1.0
20.45856	-1.0
20.47052	-1.0
20.65264	-1.0
21.08452	-1.0
24.79652	-1.0
24.82412	-1.0
24.84928	-1.0
24.91072	-1.0
24.93116	-1.0
24.94632	-1.0
24.96164	-1.0
24.99072	-1.0
25.08032	-1.0
25.10492	-1.0
25.11616	-1.0
25.12308	-1.0
25.23408	-1.0
25.25956	-1.0
25.35096	-1.0
25.38272	-1.0
25.50968	-1.0
25.62936	-1.0
25.75988	-1.0
26.01796	-1.0
26.1938	-1.0
26.50996	-1.0
29.8104	-1.0
29.82364	-1.0
29.8268	-1.0
29.83848	-1.0
29.85328	-1.0
29.88448	-1.0
29.90496	-1.0
29.91668	-1.0
29.9792	-1.0
30.00148	-1.0
30.07868	-1.0
30.13324	-1.0
30.14292	-1.0
30.15556	-1.0
30.15856	-1.0
30.27864	-1.0
30.3092	-1.0
30.4444	-1.0
30.47388	-1.0
30.50568	-1.0
30.58892	-1.0
30.6176	-1.0
30.66192	-1.0
30.70252	-1.0
30.74236	-1.0
30.79832	-1.0
30.80988	-1.0
31.2134	-1.0
31.24412	-1.0
31.2972	-1.0
35.67564	-1.0
35.69716	-1.0
35.7006	-1.0
35.70788	-1.0
35.71608	-1.0
35.73312	-1.0
35.74652	-1.0
35.756	-1.0
35.7654	-1.0
35.79596	-1.0
35.81096	-1.0
35.82968	-1.0
35.85664	-1.0
35.98008	-1.0
35.99228	-1.0
36.0294	-1.0
36.06984	-1.0
36.09092	-1.0
36.11604	-1.0
36.21128	-1.0
36.22956	-1.0
36.33836	-1.0
36.34856	-1.0
36.38804	-1.0
36.52632	-1.0
36.5932	-1.0
36.6206	-1.0
36.64564	-1.0
36.73636	-1.0
36.75668	-1.0
36.87444	-1.0
36.90028	-1.0
36.94356	-1.0
37.06836	-1.0
37.72096	-1.0
37.8006	-1.0
37.81112	-1.0
37.83748	-1.0
37.88164	-1.0
37.96508	-1.0
38.01608	-1.0
40.45456	-1.0
40.47412	-1.0
40.48724	-1.0
40.5302	-1.0
40.54052	-1.0
40.5432	1.0
40.58468	-1.0
40.60716	-1.0
40.62228	-1.0
40.68592	-1.0
40.72228	-1.0
40.7824	1.0
40.785	1.0
40.84556	-1.0
40.86188	-1.0
40.8864	-1.0
40.89076	-1.0
40.91416	-1.0
40.97728	-1.0
40.987	-1.0
41.00116	-1.0
41.08816	-1.0
41.17872	-1.0
41.27584	-1.0
41.28004	-1.0
41.31452	-1.0
41.43396	-1.0
41.50576	-1.0
41.54788	-1.0
41.63364	-1.0
44.66004	-1.0
44.6662	-1.0
44.67992	-1.0
44.694	-1.0
44.7156	-1.0
44.72168	-1.0
44.74324	-1.0
44.74752	-1.0
44.75784	1.0
44.76036	1.0
44.76956	-1.0
44.78972	-1.0
44.82632	-1.0
44.8416	-1.0
44.86452	-1.0
44.88764	-1.0
44.90172	-1.0
44.92812	-1.0
45.0204	-1.0
45.09928	-1.0
45.15116	-1.0
45.1976	-1.0
45.24812	-1.0
45.26476	-1.0
45.29188	-1.0
45.31112	-1.0
45.38604	-1.0
45.45308	-1.0
45.59136	-1.0
45.81912	-1.0
45.92308	-1.0
45.93784	-1.0
46.06124	-1.0
49.21652	-1.0
49.22428	-1.0
49.2346	-1.0
49.2442	-1.0
49.25872	-1.0
49.27524	-1.0
49.29004	-1.0
49.33288	-1.0
49.34748	-1.0
49.35844	-1.0
49.41028	-1.0
49.4458	-1.0
49.4754	-1.0
49.50752	-1.0
49.51512	1.0
49.61136	-1.0
49.62992	-1.0
49.64992	-1.0
49.67976	-1.0
49.71052	-1.0
49.80372	-1.0
49.90288	-1.0
49.9554	-1.0
50.0824	-1.0
50.17784	-1.0
50.28756	-1.0
50.32868	-1.0
50.33272	-1.0
50.40948	-1.0
50.46372	-1.0
50.74688	-1.0
50.82116	-1.0
50.88232	-1.0
50.89052	-1.0
50.89856	-1.0
54.44412	-1.0
54.46708	-1.0
54.50308	-1.0
54.52392	-1.0
54.54632	-1.0
54.56996	-1.0
54.57864	-1.0
54.59364	-1.0
54.6082	-1.0
54.67472	-1.0
54.73092	-1.0
54.79	-1.0
54.80068	-1.0
54.82636	-1.0
54.85468	-1.0
54.86616	-1.0
54.9142	-1.0
54.9438	-1.0
54.95008	-1.0
54.99808	-1.0
55.02392	-1.0
55.0958	-1.0
55.13584	-1.0
55.17872	-1.0
55.1856	-1.0
55.22916	-1.0
55.32348	-1.0
55.38716	-1.0
55.41736	-1.0
55.41988	1.0
55.51528	-1.0
55.60692	-1.0
55.66504	-1.0
55.698	-1.0
59.5612	-1.0
59.56996	-1.0
59.57912	-1.0
59.58272	-1.0
59.59056	-1.0
59.59464	-1.0
59.65116	-1.0
59.65404	-1.0
59.67464	-1.0
59.6964	-1.0
59.70304	-1.0
59.83288	-1.0
59.84532	-1.0
59.93236	-1.0
59.93968	-1.0
59.993	-1.0
60.04132	-1.0
60.10652	-1.0
60.13716	-1.0
60.15928	-1.0
60.24568	-1.0
60.27008	-1.0
60.36488	-1.0
60.39036	-1.0
60.41668	-1.0
60.63532	-1.0
60.78064	-1.0
60.80896	-1.0
61.04588	-1.0
63.81784	-1.0
63.82728	-1.0
63.84244	-1.0
63.84496	-1.0
63.90168	-1.0
63.9392	-1.0
63.94912	-1.0
63.96248	-1.0
63.98108	-1.0
63.99672	-1.0
64.02796	-1.0
64.0568	-1.0
64.10592	-1.0
64.1488	-1.0
64.18688	-1.0
64.21168	-1.0
64.23476	-1.0
64.2698	-1.0
64.46564	-1.0
64.55656	-1.0
64.64772	-1.0
64.6588	-1.0
64.69228	-1.0
64.70236	-1.0
64.71296	-1.0
64.81912	1.0
64.83012	-1.0
64.97612	-1.0
65.01364	-1.0
65.0862	-1.0
65.17648	-1.0
68.2368	-1.0
68.24284	-1.0
68.25208	-1.0
68.26256	-1.0
68.26728	-1.0
68.30684	-1.0
68.31212	-1.0
68.356	-1.0
68.39168	-1.0
68.4292	-1.0
68.4798	-1.0
68.55468	-1.0
68.57816	-1.0
68.60892	-1.0
68.65928	-1.0
68.71924	-1.0
68.74348	-1.0
68.78732	-1.0
68.80408	-1.0
68.83332	-1.0
68.88944	-1.0
68.93176	-1.0
68.9564	-1.0
69.08348	-1.0
69.14552	-1.0
69.17004	-1.0
69.24016	-1.0
69.27572	-1.0
69.32576	-1.0
73.51684	-1.0
73.52412	-1.0
73.54012	-1.0
73.55516	-1.0
73.60512	-1.0
73.6432	-1.0
73.66164	-1.0
73.7266	-1.0
73.73976	-1.0
73.78316	-1.0
73.79808	-1.0
73.84592	-1.0
73.85944	-1.0
73.96376	-1.0
74.05232	-1.0
74.06988	-1.0
74.17272	-1.0
74.17644	-1.0
74.21584	-1.0
74.2294	-1.0
74.34712	-1.0
74.40568	-1.0
74.43148	-1.0
74.48008	-1.0
74.6502	-1.0
74.75	-1.0
78.46928	-1.0
78.48924	-1.0
78.49204	1.0
78.50648	-1.0
78.50948	1.0
78.55244	-1.0
78.58412	-1.0
78.60204	-1.0
78.6176	-1.0
78.68036	-1.0
78.72804	-1.0
78.74084	-1.0
78.79736	-1.0
78.82504	-1.0
78.8868	-1.0
78.9082	-1.0
78.97588	-1.0
79.08532	-1.0
79.18408	-1.0
79.37048	-1.0
79.41392	-1.0
79.54164	-1.0
79.59552	-1.0
79.72304	-1.0
83.87224	-1.0
83.8764	-1.0
83.8792	1.0
83.88824	-1.0
83.90224	-1.0
83.91448	-1.0
83.92476	-1.0
83.94824	-1.0
83.9904	-1.0
84.02656	-1.0
84.03504	-1.0
84.05156	-1.0
84.11396	-1.0
84.13132	-1.0
84.1488	-1.0
84.194	1.0
84.25136	-1.0
84.37488	-1.0
84.46692	-1.0
84.52664	-1.0
84.58232	-1.0
84.62776	-1.0
84.63816	-1.0
84.69136	-1.0
84.79888	-1.0
84.82692	-1.0
84.87436	-1.0
84.95248	-1.0
84.99456	-1.0
85.0238	-1.0
85.1542	-1.0
88.37784	-1.0
88.38172	-1.0
88.40508	-1.0
88.41184	-1.0
88.42356	-1.0
88.50332	-1.0
88.51096	-1.0
88.521	-1.0
88.528	-1.0
88.55408	-1.0
88.56988	-1.0
88.59288	-1.0
88.68476	-1.0
88.77832	-1.0
88.79936	-1.0
88.82196	-1.0
88.85844	-1.0
88.88756	-1.0
88.92932	-1.0
88.9858	-1.0
89.07668	-1.0
89.13924	-1.0
89.17956	-1.0
89.1914	-1.0
89.35944	-1.0
89.48	-1.0
89.55976	-1.0
89.56984	-1.0
89.58736	-1.0
89.61648	-1.0
93.19256	-1.0
93.21068	-1.0
93.21536	-1.0
93.23044	1.0
93.27912	-1.0
93.28236	-1.0
93.2888	-1.0
93.30928	-1.0
93.33824	-1.0
93.41636	-1.0
93.43508	-1.0
93.50072	-1.0
93.52604	-1.0
93.57044	-1.0
93.5876	-1.0
93.59996	-1.0
93.64632	-1.0
93.65532	-1.0
93.6886	-1.0
93.702	-1.0
93.71092	-1.0
93.72812	-1.0
93.78508	-1.0
93.7906	-1.0
93.8116	-1.0
93.83812	-1.0
93.85208	-1.0
93.93352	-1.0
93.97588	-1.0
94.06932	-1.0
94.098	-1.0
94.12548	-1.0
94.17232	-1.0
94.18624	-1.0
94.22456	-1.0
94.33304	-1.0
94.382	-1.0
94.4658	-1.0
94.56708	-1.0
99.32712	-1.0
99.34084	-1.0
99.35536	-1.0
99.36596	-1.0
99.38448	-1.0
99.39388	-1.0
99.40316	-1.0
99.40988	-1.0
99.45788	-1.0
99.51172	-1.0
99.52884	-1.0
99.55324	-1.0
99.57992	-1.0
99.64848	-1.0
99.65996	-1.0
99.69364	-1.0
99.69936	-1.0
99.74452	-1.0
99.77252	-1.0
99.77624	-1.0
99.84184	-1.0
99.861	-1.0
99.934	-1.0
99.9788	-1.0
100.08064	-1.0
100.13388	-1.0
100.17256	-1.0
100.22336	-1.0
100.30936	-1.0
100.33808	-1.0
100.41652	-1.0
100.45748	-1.0
100.60844	-1.0
100.63628	-1.0
100.64328	-1.0
100.6838	-1.0
100.7612	1.0
100.76372	1.0
100.8036	-1.0
100.88296	-1.0
100.9814	-1.0
101.00736	-1.0
104.58424	-1.0
104.60008	-1.0
104.6026	-1.0
104.61184	-1.0
104.6282	-1.0
104.63564	-1.0
104.63816	-1.0
104.6532	-1.0
104.66884	-1.0
104.67856	-1.0
104.71396	-1.0
104.8094	-1.0
104.81868	-1.0
104.82724	-1.0
104.90168	-1.0
104.90604	-1.0
104.9408	-1.0
105.00484	-1.0
105.04148	-1.0
105.1168	1.0
105.11932	1.0
105.1498	-1.0
105.17756	-1.0
105.20996	-1.0
105.21676	-1.0
105.22452	-1.0
105.26388	-1.0
105.3242	-1.0
105.3658	-1.0
105.39224	-1.0
105.55524	-1.0
105.74036	-1.0
105.78696	-1.0
105.82652	-1.0
105.9172	-1.0
105.9916	-1.0
109.68032	-1.0
109.69748	-1.0
109.71648	-1.0
109.72312	-1.0
109.74484	-1.0
109.77208	-1.0
109.777	-1.0
109.79068	-1.0
109.79604	-1.0
109.80984	-1.0
109.85964	-1.0
109.86296	-1.0
109.87528	-1.0
109.90448	-1.0
109.95212	-1.0
110.0006	-1.0
110.01292	-1.0
110.0512	-1.0
110.06144	-1.0
110.1242	-1.0
110.16308	-1.0
110.21104	-1.0
110.21524	-1.0
110.27952	-1.0
110.391	-1.0
110.41208	-1.0
110.44732	-1.0
110.54124	-1.0
110.54712	-1.0
110.59544	-1.0
110.62144	-1.0
110.67412	-1.0
110.70264	-1.0
110.72864	-1.0
110.77328	-1.0
110.77664	-1.0
110.80448	-1.0
110.992	-1.0
111.06604	-1.0
114.8256	-1.0
114.8366	-1.0
114.84564	-1.0
114.85044	-1.0
114.86216	-1.0
114.86468	-1.0
114.88584	-1.0
114.9336	-1.0
114.95584	-1.0
114.997	-1.0
115.028	-1.0
115.03912	-1.0
115.05728	-1.0
115.08452	-1.0
115.1346	-1.0
115.18064	-1.0
115.1936	-1.0
115.22676	-1.0
115.22928	1.0
115.24512	-1.0
115.26352	-1.0
115.38608	-1.0
115.44992	-1.0
115.4818	-1.0
115.48452	-1.0
115.56844	-1.0
115.57648	-1.0
115.6456	-1.0
115.65956	-1.0
115.76084	-1.0
115.79052	-1.0
115.83444	-1.0
115.91024	-1.0
115.954	-1.0
115.99724	-1.0
116.08228	-1.0
116.27164	-1.0
116.36288	-1.0
116.4896	-1.0
119.74604	-1.0
119.75144	-1.0
119.76516	-1.0
119.77096	-1.0
119.81096	-1.0
119.819	-1.0
119.8294	-1.0
119.846	-1.0
119.86204	-1.0
119.86924	-1.0
119.91792	-1.0
119.93796	-1.0
120.0152	-1.0
120.08244	-1.0
120.10752	-1.0
120.18552	-1.0
120.23324	-1.0
120.29204	-1.0
120.32152	-1.0
120.39692	-1.0
120.39988	-1.0
120.44316	-1.0
120.45448	-1.0
120.56796	-1.0
120.60516	-1.0
120.63456	-1.0
120.67132	-1.0
120.67616	-1.0
120.70204	-1.0
120.75496	-1.0
120.7708	-1.0
120.77616	-1.0
120.89092	-1.0
120.9026	-1.0
120.97432	-1.0
121.11472	-1.0
121.19452	-1.0
121.25092	-1.0
124.8786	-1.0
124.89268	-1.0
124.925	-1.0
124.95	-1.0
124.98232	-1.0
124.99808	-1.0
125.06212	-1.0
125.08316	-1.0
125.09532	-1.0
125.1112	-1.0
125.22296	-1.0
125.25732	-1.0
125.32508	-1.0
125.37336	-1.0
125.40716	-1.0
125.42768	-1.0
125.46032	-1.0
125.47724	-1.0
125.5204	-1.0
125.5516	-1.0
125.56472	-1.0
125.6058	-1.0
125.6544	-1.0
125.6684	-1.0
125.67792	-1.0
125.69344	-1.0
125.71012	-1.0
125.75516	-1.0
125.76636	-1.0
125.79936	-1.0
125.84792	-1.0
125.9188	-1.0
126.00684	-1.0
126.01764	-1.0
126.11992	-1.0
126.24912	-1.0
126.30784	-1.0
126.32848	-1.0
130.61264	-1.0
130.62411	-1.0
130.63588	-1.0
130.66464	-1.0
130.66731	-1.0
130.71477	-1.0
130.73868	-1.0
130.74796	-1.0
130.76064	-1.0
130.8088	-1.0
130.8352	-1.0
130.8568	-1.0
130.88184	-1.0
130.88647	-1.0
130.95229	-1.0
131.01337	-1.0
131.09108	-1.0
131.12024	-1.0
131.15408	-1.0
131.20908	-1.0
131.22	-1.0
131.26668	-1.0
131.3188	-1.0
131.32307	-1.0
131.3826	-1.0
131.3886	-1.0
131.39296	-1.0
131.4176	-1.0
131.43176	-1.0
131.4776	-1.0
131.5468	-1.0
131.61691	-1.0
131.6554	-1.0
131.83057	-1.0
131.8742	-1.0
131.89651	-1.0
131.93312	-1.0
131.93848	-1.0
132.23187	-1.0
136.48724	-1.0
136.4924	-1.0
136.51376	-1.0
136.53552	-1.0
136.54964	-1.0
136.61224	-1.0
136.6502	-1.0
136.68784	-1.0
136.71172	-1.0
136.73431	-1.0
136.73927	-1.0
136.77048	-1.0
136.79724	-1.0
136.85548	-1.0
136.90749	-1.0
136.94672	-1.0
137.02252	-1.0
137.04192	-1.0
137.1004	-1.0
137.10652	-1.0
137.12888	-1.0
137.1474	-1.0
137.16112	-1.0
137.1768	-1.0
137.2672	-1.0
137.36375	-1.0
137.4646	-1.0
137.51431	-1.0
137.56496	-1.0
137.63104	-1.0
137.65288	-1.0
137.66144	-1.0
137.69576	-1.0
137.80884	-1.0
138.0032	-1.0
138.11787	-1.0
142.45816	-1.0
142.46149	-1.0
142.46988	-1.0
142.4724	1.0
142.48604	-1.0
142.5	-1.0
142.53217	-1.0
142.54083	-1.0
142.57448	-1.0
142.58992	-1.0
142.607	-1.0
142.62984	-1.0
142.66837	-1.0
142.67944	-1.0
142.74529	-1.0
142.76524	-1.0
142.8164	-1.0
142.84064	-1.0
142.88272	-1.0
142.95128	-1.0
142.9858	-1.0
143.04855	-1.0
143.0732	-1.0
143.08292	-1.0
143.10812	-1.0
143.25124	-1.0
143.25816	-1.0
143.28172	-1.0
143.33807	-1.0
143.39136	-1.0
143.55228	-1.0
143.61469	-1.0
143.6696	-1.0
143.7654	-1.0
143.93887	-1.0
148.6962	-1.0
148.70293	-1.0
148.70816	-1.0
148.72424	-1.0
148.73608	-1.0
148.7678	-1.0
148.78764	-1.0
148.80888	-1.0
148.82867	-1.0
148.8716	-1.0
148.90643	-1.0
148.98836	-1.0
149.00523	-1.0
149.12564	-1.0
149.14752	-1.0
149.15036	-1.0
149.20464	-1.0
149.23132	-1.0
149.2952	-1.0
149.411	-1.0
149.42128	-1.0
149.4254	-1.0
149.47256	-1.0
149.52953	-1.0
149.5542	-1.0
149.67096	-1.0
149.72916	-1.0
149.76389	-1.0
149.9698	-1.0
150.0276	-1.0
150.36723	-1.0
153.69807	-1.0
153.70648	-1.0
153.72784	-1.0
153.7554	-1.0
153.8182	-1.0
153.83817	-1.0
153.90263	-1.0
153.94215	-1.0
153.949	-1.0
154.08128	-1.0
154.11456	-1.0
154.19968	-1.0
154.21008	-1.0
154.23808	-1.0
154.29648	-1.0
154.2992	-1.0
154.32364	-1.0
154.39384	-1.0
154.4376	-1.0
154.44691	-1.0
154.48325	-1.0
154.49635	-1.0
154.51244	-1.0
154.55763	-1.0
154.56516	-1.0
154.62009	-1.0
154.77753	-1.0
154.8668	-1.0
154.87944	-1.0
154.88477	-1.0
154.96236	-1.0
155.11816	-1.0
155.12492	-1.0
159.98643	-1.0
160.01093	-1.0
160.0304	-1.0
160.04388	-1.0
160.07288	-1.0
160.09283	-1.0
160.1134	-1.0
160.13632	-1.0
160.22163	-1.0
160.22417	-1.0
160.28348	-1.0
160.31728	-1.0
160.32845	-1.0
160.34808	-1.0
160.4664	-1.0
160.5004	-1.0
160.50703	-1.0
160.54909	-1.0
160.55324	-1.0
160.5854	-1.0
160.65144	-1.0
160.67612	-1.0
160.75671	-1.0
160.798	-1.0
160.81525	-1.0
160.8486	-1.0
160.87936	-1.0
160.99248	-1.0
161.01517	-1.0
161.01796	-1.0
161.13371	-1.0
161.16728	-1.0
166.26564	-1.0
166.27373	-1.0
166.27696	-1.0
166.2892	-1.0
166.32413	-1.0
166.42216	-1.0
166.43872	-1.0
166.50027	-1.0
166.5108	-1.0
166.52036	-1.0
166.61864	-1.0
166.6726	-1.0
166.70325	-1.0
166.73273	-1.0
166.78488	-1.0
166.80447	-1.0
166.84325	-1.0
166.89012	-1.0
166.921	-1.0
166.93983	-1.0
167.02551	-1.0
167.10632	-1.0
167.1358	-1.0
167.25516	-1.0
167.3786	-1.0
167.39984	-1.0
167.46317	-1.0
167.50427	-1.0
167.55508	-1.0
167.72336	-1.0
167.74455	-1.0
167.84515	-1.0
167.866	-1.0
167.93327	-1.0
168.00195	-1.0
172.90964	-1.0
172.92128	-1.0
172.92525	-1.0
172.93628	-1.0
172.96004	-1.0
173.04784	-1.0
173.05511	-1.0
173.32756	-1.0
173.41432	-1.0
173.4556	-1.0
173.46667	1.0
173.48868	-1.0
173.52116	-1.0
173.5426	-1.0
173.54616	-1.0
173.62212	-1.0
173.66965	-1.0
173.70483	-1.0
173.77428	-1.0
173.78375	-1.0
173.86252	-1.0
173.90176	-1.0
174.04665	-1.0
174.1032	-1.0
174.2426	-1.0
174.30176	-1.0
179.06212	-1.0
179.06544	-1.0
179.072	-1.0
179.08047	-1.0
179.09732	-1.0
179.11876	-1.0
179.14716	-1.0
179.15685	-1.0
179.17392	-1.0
179.18956	-1.0
179.19908	-1.0
179.20248	-1.0
179.26643	-1.0
179.2988	-1.0
179.34096	-1.0
179.36005	-1.0
179.45895	-1.0
179.52568	-1.0
179.53375	-1.0
179.65784	-1.0
179.85928	-1.0
179.92883	-1.0
179.987	-1.0
180.03204	-1.0
180.03456	1.0
180.08928	-1.0
180.11852	-1.0
180.1946	-1.0
180.34404	-1.0
184.84029	-1.0
184.85004	-1.0
184.8528	-1.0
184.86484	-1.0
184.91351	-1.0
184.97955	-1.0
185.0306	-1.0
185.0342	-1.0
185.28496	-1.0
185.29852	-1.0
185.31808	-1.0
185.37189	-1.0
185.39996	-1.0
185.43532	-1.0
185.57788	-1.0
185.64992	-1.0
185.70424	-1.0
185.72156	-1.0
185.82756	-1.0
185.8766	-1.0
185.90744	-1.0
185.99455	-1.0
186.10936	-1.0
190.20464	-1.0
190.21233	-1.0
190.21928	-1.0
190.23624	-1.0
190.23892	-1.0
190.26984	-1.0
190.34283	-1.0
190.41504	-1.0
190.42764	-1.0
190.4866	-1.0
190.53767	-1.0
190.59488	-1.0
190.65964	-1.0
190.68184	-1.0
190.69012	-1.0
190.70747	-1.0
190.7232	-1.0
190.74188	-1.0
190.82549	-1.0
190.8706	-1.0
190.93932	-1.0
190.97755	-1.0
191.01276	-1.0
191.02708	-1.0
191.1204	-1.0
191.15337	-1.0
191.19748	-1.0
191.27045	-1.0
191.3472	-1.0
191.40004	-1.0
191.47852	-1.0
191.52637	-1.0
191.52908	-1.0
191.56348	-1.0
196.07196	-1.0
196.09608	-1.0
196.16096	-1.0
196.19212	-1.0
196.26727	-1.0
196.30244	-1.0
196.37352	-1.0
196.3984	-1.0
196.42596	-1.0
196.5006	-1.0
196.54848	-1.0
196.6776	-1.0
196.7166	-1.0
196.73608	-1.0
196.76692	-1.0
196.82108	-1.0
196.9144	-1.0
197.04776	-1.0
197.05637	-1.0
197.10048	-1.0
197.15276	-1.0
197.33224	-1.0
197.39824	-1.0
201.94975	-1.0
201.9594	-1.0
201.9624	-1.0
201.9958	-1.0
202.03712	-1.0
202.05072	-1.0
202.06116	-1.0
202.0678	-1.0
202.12749	-1.0
202.20496	-1.0
202.27104	-1.0
202.29536	-1.0
202.33696	-1.0
202.42444	-1.0
202.44849	-1.0
202.5086	-1.0
202.60796	-1.0
202.65611	-1.0
202.71751	-1.0
202.73473	-1.0
202.81876	-1.0
202.85616	-1.0
202.90324	-1.0
202.95908	-1.0
203.22807	-1.0
203.24953	-1.0
207.8624	-1.0
207.87971	-1.0
207.92468	-1.0
208.01231	-1.0
208.05392	-1.0
208.06308	-1.0
208.06992	-1.0
208.08852	-1.0
208.22272	-1.0
208.25964	-1.0
208.30817	-1.0
208.42123	-1.0
208.52773	-1.0
208.56268	-1.0
208.58488	-1.0
208.66096	-1.0
208.67924	-1.0
208.71532	-1.0
208.7928	-1.0
208.8516	-1.0
208.88232	-1.0
208.98416	-1.0
209.00343	-1.0
209.09232	-1.0
209.25264	-1.0
209.26724	-1.0
209.40971	-1.0
213.7364	-1.0
213.74615	-1.0
213.75227	-1.0
213.75977	-1.0
213.77509	-1.0
213.79684	-1.0
213.83664	-1.0
213.88245	-1.0
213.90732	-1.0
214.0104	-1.0
214.02664	-1.0
214.09	-1.0
214.14328	-1.0
214.2102	-1.0
214.2536	-1.0
214.31396	-1.0
214.34204	-1.0
214.37865	-1.0
214.49852	-1.0
214.77376	-1.0
214.94896	-1.0
215.0432	-1.0
219.32544	-1.0
219.34468	-1.0
219.35716	-1.0
219.36612	-1.0
219.46507	-1.0
219.48488	-1.0
219.54852	-1.0
219.55388	-1.0
219.62251	-1.0
219.63928	-1.0
219.68832	-1.0
219.70244	-1.0
219.79475	-1.0
219.81352	-1.0
220.03407	-1.0
220.13457	-1.0
220.20992	-1.0
220.29411	-1.0
220.38628	-1.0
220.40396	-1.0
220.56471	-1.0
220.6666	-1.0
225.28468	-1.0
225.29836	-1.0
225.30168	-1.0
225.31752	-1.0
225.34364	-1.0
225.39468	-1.0
225.47604	-1.0
225.49065	-1.0
225.60413	-1.0
225.62	-1.0
225.66164	-1.0
225.69612	-1.0
225.69992	-1.0
225.73389	-1.0
225.8506	-1.0
225.8594	-1.0
225.8912	-1.0
226.14548	-1.0
226.3966	-1.0
226.41632	-1.0
226.43951	-1.0
226.49684	-1.0
230.78256	-1.0
230.79813	-1.0
230.80836	-1.0
230.81168	-1.0
230.81476	-1.0
230.8898	-1.0
230.89232	-1.0
230.92856	-1.0
231.09673	-1.0
231.12907	-1.0
231.14804	-1.0
231.198	-1.0
231.4164	-1.0
231.6058	-1.0
231.75664	-1.0
231.76532	-1.0
232.0172	-1.0
232.11484	-1.0
236.64116	-1.0
236.69128	-1.0
236.71692	-1.0
236.73816	-1.0
236.76147	-1.0
236.83308	-1.0
236.87016	-1.0
236.90295	-1.0
236.92212	-1.0
236.97723	-1.0
237.03636	-1.0
237.13072	-1.0
237.15144	-1.0
237.32768	-1.0
237.35011	-1.0
237.73653	-1.0
237.7394	-1.0
237.84628	-1.0
237.90504	-1.0
238.01204	-1.0
242.17784	-1.0
242.18127	-1.0
242.19136	-1.0
242.19576	-1.0
242.20224	-1.0
242.3042	-1.0
242.3586	-1.0
242.47945	-1.0
242.48347	-1.0
242.55112	-1.0
242.59224	-1.0
242.7262	-1.0
242.74988	-1.0
242.77032	-1.0
242.84885	-1.0
242.91373	-1.0
243.0824	-1.0
243.22772	-1.0
248.66592	-1.0
248.69743	-1.0
248.74016	-1.0
248.75624	-1.0
248.77763	-1.0
248.82632	-1.0
248.8524	-1.0
248.85963	-1.0
248.91788	-1.0
249.07356	-1.0
249.09155	-1.0
249.11984	-1.0
249.14548	-1.0
249.17332	-1.0
249.3106	-1.0
249.45969	-1.0
249.5122	-1.0
249.53972	-1.0
249.55669	-1.0
249.61092	-1.0
249.63184	-1.0
249.63615	-1.0
249.66536	-1.0
249.78535	-1.0
249.88736	-1.0
249.9052	-1.0
255.02933	-1.0
255.03703	-1.0
255.04924	-1.0
255.06628	-1.0
255.14732	-1.0
255.16248	-1.0
255.22955	-1.0
255.2902	-1.0
255.3856	-1.0
255.49815	-1.0
255.56873	-1.0
255.6146	-1.0
255.75568	-1.0
255.787	-1.0
255.7896	-1.0
255.86168	-1.0
260.2264	-1.0
260.2573	-1.0
260.26212	-1.0
260.32852	-1.0
260.33905	-1.0
260.3464	-1.0
260.362	-1.0
260.3816	-1.0
260.38748	-1.0
260.41296	1.0
260.43527	-1.0
260.50055	-1.0
260.5954	-1.0
260.7348	-1.0
260.7635	-1.0
260.8144	-1.0
260.854	-1.0
260.88943	-1.0
260.9244	-1.0
261.0378	-1.0
261.06924	-1.0
261.19803	-1.0
265.71323	-1.0
265.73105	-1.0
265.7729	-1.0
265.7765	-1.0
265.8268	1.0
265.82983	-1.0
265.8557	-1.0
266.0013	-1.0
266.12305	-1.0
266.14355	-1.0
266.31042	1.0
266.31296	1.0
266.42	-1.0
266.57523	-1.0
266.68976	-1.0
266.7867	-1.0
266.86633	-1.0
271.30133	-1.0
271.36688	-1.0
271.54575	-1.0
271.58905	-1.0
271.62695	-1.0
271.7741	-1.0
271.79907	-1.0
271.90155	-1.0
271.92328	-1.0
271.972	-1.0
272.16364	-1.0
274.8753	-1.0
274.89948	-1.0
274.93256	-1.0
274.95233	-1.0
275.01285	-1.0
275.05997	-1.0
275.10648	-1.0
275.1389	-1.0
275.18704	-1.0
275.1928	-1.0
275.22092	-1.0
275.32947	-1.0
275.37772	-1.0
275.42035	-1.0
275.66156	-1.0
275.8263	-1.0
275.8401	-1.0
275.8908	-1.0
281.39792	-1.0
281.41397	-1.0
281.4324	-1.0
281.63275	-1.0
281.65933	-1.0
281.71393	-1.0
281.74957	-1.0
281.7766	-1.0
281.7833	-1.0
281.85397	-1.0
281.88354	-1.0
282.03177	-1.0
282.16467	-1.0
282.4305	-1.0
282.47192	-1.0
286.42328	-1.0
286.4258	-1.0
286.549	-1.0
286.55884	-1.0
286.58643	-1.0
286.62573	-1.0
286.65915	-1.0
286.75247	-1.0
286.77707	-1.0
286.81284	-1.0
286.8352	-1.0
286.86612	-1.0
286.89755	-1.0
287.03864	-1.0
287.0412	-1.0
287.26135	-1.0
289.98734	-1.0
290.01852	-1.0
290.02164	-1.0
290.0628	-1.0
290.11304	-1.0
290.12924	-1.0
290.1834	-1.0
290.18777	-1.0
290.2823	-1.0
290.4116	-1.0
290.50348	-1.0
290.6399	-1.0
290.6483	-1.0
290.6572	-1.0
290.8785	-1.0
290.96124	-1.0
291.10873	-1.0
295.45016	-1.0
295.49652	-1.0
295.5196	-1.0
295.5327	-1.0
295.5677	-1.0
295.5806	-1.0
295.61508	-1.0
295.63385	-1.0
295.66245	-1.0
295.70703	-1.0
295.75537	-1.0
295.8005	-1.0
295.84857	-1.0
296.03415	-1.0
296.05463	-1.0
296.22943	-1.0
296.2874	-1.0
296.6552	-1.0
300.37723	-1.0
300.3983	-1.0
300.4052	-1.0
300.40985	-1.0
300.50052	-1.0
300.54092	-1.0
300.56235	-1.0
300.61063	-1.0
300.62997	-1.0
300.67523	-1.0
300.68973	-1.0
300.7338	-1.0
300.73672	-1.0
300.78152	-1.0
300.85245	-1.0
301.00516	-1.0
301.12384	-1.0
301.23145	-1.0
305.5018	-1.0
305.50977	-1.0
305.5348	-1.0
305.63416	-1.0
305.6425	-1.0
305.73904	-1.0
305.76965	-1.0
305.79715	-1.0
305.82697	-1.0
305.83575	-1.0
305.8849	-1.0
305.89743	-1.0
305.91815	-1.0
305.93164	-1.0
306.12457	-1.0
306.14813	-1.0
306.25427	-1.0
306.30685	-1.0
306.64365	-1.0
310.19455	-1.0
310.2369	-1.0
310.2459	-1.0
310.3347	-1.0
310.3741	-1.0
310.41513	-1.0
310.42676	-1.0
310.4644	-1.0
310.5198	-1.0
310.56403	-1.0
310.6006	-1.0
310.6784	-1.0
310.8158	-1.0
310.84927	-1.0
311.09424	-1.0
311.17377	-1.0
315.85083	-1.0
315.8885	-1.0
315.90048	-1.0
315.9318	-1.0
316.01764	-1.0
316.05045	-1.0
316.10324	-1.0
316.14136	-1.0
316.1537	-1.0
316.21024	-1.0
316.22247	-1.0
316.23956	-1.0
316.37628	-1.0
316.43057	-1.0
316.4828	-1.0
316.59763	-1.0
316.65955	-1.0
316.67145	-1.0
316.7831	-1.0
316.86075	-1.0
316.87027	-1.0
321.04663	-1.0
321.08228	-1.0
321.09247	-1.0
321.10416	-1.0
321.1604	-1.0
321.16525	-1.0
321.18195	-1.0
321.19513	-1.0
321.23672	-1.0
321.26788	-1.0
321.3055	-1.0
321.37515	-1.0
321.46396	-1.0
321.47427	-1.0
321.50372	-1.0
321.51804	-1.0
321.5514	-1.0
321.68643	-1.0
321.72873	-1.0
321.8128	-1.0
321.8274	-1.0
321.9445	-1.0
322.02597	-1.0
325.95776	-1.0
325.97476	-1.0
325.98236	-1.0
326.03964	-1.0
326.0687	-1.0
326.07785	-1.0
326.09283	-1.0
326.11884	-1.0
326.1653	-1.0
326.17773	-1.0
326.20804	-1.0
326.2447	-1.0
326.25266	-1.0
326.2884	-1.0
326.2916	-1.0
326.33673	-1.0
326.40363	-1.0
326.43176	-1.0
326.4538	-1.0
326.45773	-1.0
326.46075	-1.0
326.53214	-1.0
326.557	-1.0
326.6232	-1.0
326.675	-1.0
326.70483	-1.0
326.75684	-1.0
326.8997	-1.0
327.0102	-1.0
327.04547	-1.0
331.87363	-1.0
331.8774	-1.0
331.89203	-1.0
331.90485	-1.0
331.96497	-1.0
332.02756	-1.0
332.03476	-1.0
332.05283	-1.0
332.06577	-1.0
332.07275	-1.0
332.13348	-1.0
332.31885	-1.0
332.35452	-1.0
332.41904	-1.0
332.46893	-1.0
332.48425	-1.0
332.56616	-1.0
332.59232	-1.0
332.67624	-1.0
332.7626	-1.0
338.2089	-1.0
338.2494	-1.0
338.25464	-1.0
338.2635	-1.0
338.31625	-1.0
338.32507	-1.0
338.3438	-1.0
338.35355	-1.0
338.37564	-1.0
338.38275	-1.0
338.3921	-1.0
338.423	-1.0
338.43958	-1.0
338.4503	-1.0
338.4778	-1.0
338.50287	-1.0
338.53268	-1.0
338.5634	-1.0
338.57037	-1.0
338.58127	-1.0
338.60693	-1.0
338.64868	-1.0
338.65372	-1.0
338.67737	-1.0
338.7221	-1.0
338.8004	-1.0
338.82172	-1.0
338.82468	-1.0
338.86252	-1.0
338.87387	-1.0
338.92215	-1.0
338.94107	-1.0
338.9682	-1.0
339.0274	-1.0
339.06528	-1.0
339.09204	-1.0
343.27185	-1.0
343.28925	-1.0
343.30087	-1.0
343.3106	-1.0
343.34943	-1.0
343.36023	-1.0
343.37833	-1.0
343.39227	-1.0
343.40463	-1.0
343.4122	-1.0
343.4368	-1.0
343.46432	-1.0
343.4758	-1.0
343.49573	-1.0
343.52283	-1.0
343.541	-1.0
343.56616	-1.0
343.5902	-1.0
343.612	-1.0
343.64377	-1.0
343.68033	-1.0
343.71048	-1.0
343.72144	-1.0
343.7613	-1.0
343.79315	-1.0
343.80487	-1.0
343.81985	-1.0
343.88596	-1.0
343.89	-1.0
343.90045	-1.0
343.9272	-1.0
343.94772	-1.0
343.956	-1.0
343.9959	-1.0
344.0532	-1.0
348.6663	-1.0
348.66895	1.0
348.6812	-1.0
348.6977	-1.0
348.71368	-1.0
348.7227	-1.0
348.73587	-1.0
348.75357	-1.0
348.75897	-1.0
348.76492	-1.0
348.7827	-1.0
348.7898	-1.0
348.79425	1.0
348.79947	-1.0
348.83	-1.0
348.91788	-1.0
348.94965	-1.0
348.9677	-1.0
348.97607	-1.0
349.01443	-1.0
349.0243	-1.0
349.0594	-1.0
349.09207	-1.0
349.1106	-1.0
349.1526	-1.0
349.16327	-1.0
349.1877	-1.0
349.2054	-1.0
349.254	-1.0
349.31848	-1.0
349.32504	-1.0
349.377	-1.0
349.39413	-1.0
349.43872	-1.0
349.48364	-1.0
349.49057	-1.0
349.5237	-1.0
349.54065	-1.0
353.6399	-1.0
353.66763	-1.0
353.67184	-1.0
353.70395	-1.0
353.7177	-1.0
353.73923	-1.0
353.7451	-1.0
353.74924	-1.0
353.76855	-1.0
353.77783	-1.0
353.7881	-1.0
353.81052	-1.0
353.81924	-1.0
353.83304	-1.0
353.83667	-1.0
353.83932	-1.0
353.8726	-1.0
353.87692	-1.0
353.8917	-1.0
353.903	-1.0
353.92764	-1.0
353.97073	-1.0
354.01688	-1.0
354.03094	-1.0
354.03708	-1.0
354.06607	-1.0
354.07104	-1.0
354.07907	-1.0
354.0824	-1.0
354.08875	-1.0
354.09265	-1.0
354.11325	-1.0
354.12897	-1.0
354.2031	-1.0
354.23315	-1.0
354.26736	-1.0
354.37943	-1.0
354.41473	-1.0
354.43872	-1.0
354.4458	-1.0
354.46176	-1.0
354.4758	-1.0
354.5017	-1.0
354.51617	-1.0
354.66797	-1.0
354.72348	-1.0
354.75787	-1.0
358.40216	-1.0
358.40952	-1.0
358.43597	-1.0
358.4524	-1.0
358.48456	-1.0
358.4893	-1.0
358.50888	-1.0
358.52216	-1.0
358.5486	-1.0
358.57092	-1.0
358.5789	-1.0
358.59048	-1.0
358.5988	-1.0
358.6063	-1.0
358.62405	-1.0
358.67932	-1.0
358.75912	-1.0
358.78696	-1.0
358.84732	-1.0
358.8585	-1.0
358.86368	-1.0
358.87967	-1.0
358.8984	-1.0
358.95627	-1.0
358.96732	-1.0
358.9923	-1.0
359.02817	-1.0
359.05188	-1.0
359.06168	-1.0
359.07773	-1.0
359.0938	-1.0
359.1065	-1.0
359.1596	-1.0
359.1975	-1.0
359.23712	-1.0
359.27472	-1.0
363.4396	-1.0
363.44992	-1.0
363.4532	-1.0
363.46808	-1.0
363.4976	-1.0
363.50516	-1.0
363.512	-1.0
363.51453	-1.0
363.5333	-1.0
363.55243	-1.0
363.55896	-1.0
363.60385	-1.0
363.65308	-1.0
363.68488	-1.0
363.7148	-1.0
363.7331	-1.0
363.76196	-1.0
363.7853	-1.0
363.79364	-1.0
363.8203	-1.0
363.84543	-1.0
363.8767	-1.0
363.8965	-1.0
363.90765	-1.0
363.91708	-1.0
363.92004	-1.0
363.92944	-1.0
363.94064	-1.0
363.97318	-1.0
363.97577	-1.0
364.15164	-1.0
364.21597	-1.0
364.26828	-1.0
364.28384	-1.0
364.3142	-1.0
364.32663	-1.0
364.4413	-1.0
364.55536	-1.0
368.39212	-1.0
368.402	-1.0
368.40955	-1.0
368.42056	-1.0
368.4247	-1.0
368.44095	-1.0
368.4542	-1.0
368.46683	-1.0
368.471	-1.0
368.4821	-1.0
368.48657	-1.0
368.49432	-1.0
368.50146	-1.0
368.50684	-1.0
368.52127	-1.0
368.5452	-1.0
368.55328	-1.0
368.57156	-1.0
368.57928	-1.0
368.5986	-1.0
368.6136	-1.0
368.649	-1.0
368.6698	-1.0
368.70657	-1.0
368.74893	-1.0
368.79468	-1.0
368.8098	-1.0
368.85684	-1.0
368.90945	-1.0
368.94608	-1.0
368.9822	-1.0
368.9856	-1.0
369.0251	-1.0
369.02872	-1.0
369.11343	-1.0
369.15613	-1.0
369.20316	-1.0
373.16608	-1.0
373.18924	-1.0
373.20947	-1.0
373.24203	-1.0
373.2487	-1.0
373.2611	-1.0
373.2675	-1.0
373.27963	-1.0
373.28256	1.0
373.28525	1.0
373.29416	-1.0
373.29865	-1.0
373.30344	-1.0
373.30643	-1.0
373.3175	-1.0
373.32593	-1.0
373.33588	-1.0
373.35385	-1.0
373.3604	-1.0
373.3826	-1.0
373.39157	-1.0
373.42737	-1.0
373.44507	-1.0
373.454	-1.0
373.4731	-1.0
373.48737	-1.0
373.51007	-1.0
373.51645	-1.0
373.58365	-1.0
373.58643	-1.0
373.5942	-1.0
373.6116	-1.0
373.61487	-1.0
373.65576	-1.0
373.70645	1.0
373.7315	-1.0
373.77533	-1.0
373.82397	-1.0
373.83737	-1.0
373.93588	-1.0
373.96564	-1.0
373.99545	-1.0
374.00253	-1.0
374.07748	-1.0
374.2034	-1.0
378.0323	-1.0
378.04807	-1.0
378.05392	-1.0
378.0619	-1.0
378.0774	-1.0
378.0868	-1.0
378.1002	-1.0
378.10693	-1.0
378.12103	-1.0
378.13727	-1.0
378.14005	1.0
378.14297	-1.0
378.14676	-1.0
378.1592	-1.0
378.1617	1.0
378.16663	-1.0
378.1744	-1.0
378.1771	-1.0
378.21213	-1.0
378.23605	-1.0
378.32407	-1.0
378.3599	-1.0
378.42648	-1.0
378.43988	-1.0
378.45273	-1.0
378.47397	-1.0
378.4866	-1.0
378.51968	-1.0
378.5232	-1.0
378.57635	-1.0
378.58963	-1.0
378.59735	-1.0
378.60425	-1.0
378.61203	-1.0
378.61496	-1.0
378.62943	-1.0
381.2886	-1.0
383.03983	-1.0
383.049	-1.0
383.05457	-1.0
383.07333	-1.0
383.0899	-1.0
383.0996	-1.0
383.10233	-1.0
383.1058	-1.0
383.11316	-1.0
383.11575	-1.0
383.11835	-1.0
383.1226	-1.0
383.12576	-1.0
383.1309	-1.0
383.1334	-1.0
383.149	-1.0
383.15472	-1.0
383.17776	-1.0
383.18875	-1.0
383.19788	-1.0
383.2006	-1.0
383.2334	-1.0
383.2385	-1.0
383.3039	-1.0
383.30673	1.0
383.3298	-1.0
383.3409	-1.0
383.36197	-1.0
383.37244	-1.0
383.38943	-1.0
383.39832	-1.0
383.40576	-1.0
383.40915	-1.0
383.4121	1.0
383.42563	-1.0
383.43973	-1.0
383.46008	-1.0
383.46667	-1.0
383.49573	-1.0
383.56033	-1.0
383.56448	-1.0
383.7252	-1.0
383.96597	-1.0
384.01883	-1.0
388.0766	-1.0
388.10004	-1.0
388.1264	-1.0
388.1326	-1.0
388.14877	-1.0
388.1598	-1.0
388.16476	-1.0
388.16925	-1.0
388.1755	-1.0
388.17883	-1.0
388.18445	-1.0
388.1882	-1.0
388.19772	-1.0
388.20804	-1.0
388.2111	-1.0
388.21484	-1.0
388.22607	-1.0
388.23032	-1.0
388.24136	-1.0
388.26233	-1.0
388.27408	-1.0
388.30884	-1.0
388.3423	-1.0
388.36877	-1.0
388.37943	-1.0
388.3845	-1.0
388.41068	-1.0
388.4368	-1.0
388.45676	-1.0
388.47015	-1.0
388.50937	-1.0
388.55588	-1.0
388.61157	-1.0
388.888	-1.0
388.9752	-1.0
389.03665	-1.0
392.78943	-1.0
392.8101	-1.0
392.83237	-1.0
392.8388	-1.0
392.86008	-1.0
392.8788	-1.0
392.88837	-1.0
392.8936	-1.0
392.8978	-1.0
392.90155	-1.0
392.90594	-1.0
392.9143	-1.0
392.9233	-1.0
392.93005	-1.0
392.93924	-1.0
392.95248	-1.0
392.95615	-1.0
392.96085	-1.0
392.98553	-1.0
393.00995	-1.0
393.01517	-1.0
393.01904	-1.0
393.0909	-1.0
393.0936	1.0
393.1263	-1.0
393.17703	-1.0
393.2478	-1.0
393.25375	-1.0
393.31427	-1.0
393.3178	-1.0
393.36053	-1.0
393.43573	-1.0
393.76764	-1.0
393.78973	-1.0
397.22797	-1.0
397.24045	-1.0
397.24307	-1.0
397.25427	-1.0
397.271	-1.0
397.2828	-1.0
397.29187	-1.0
397.3025	-1.0
397.3076	-1.0
397.3127	-1.0
397.32864	-1.0
397.34317	-1.0
397.3578	-1.0
397.3799	-1.0
397.39853	-1.0
397.42868	-1.0
397.43393	-1.0
397.4416	-1.0
397.47977	-1.0
397.49713	-1.0
397.51547	-1.0
397.56042	-1.0
397.59653	-1.0
397.62857	-1.0
397.67316	-1.0
397.72815	-1.0
397.73184	-1.0
397.73804	-1.0
397.8947	-1.0
397.9332	-1.0
402.1197	-1.0
402.12817	-1.0
402.15225	-1.0
402.15564	-1.0
402.16168	-1.0
402.17343	-1.0
402.17767	-1.0
402.1804	-1.0
402.18497	-1.0
402.18936	-1.0
402.1927	1.0
402.20547	-1.0
402.21027	-1.0
402.21344	-1.0
402.2163	1.0
402.21884	1.0
402.22897	-1.0
402.2588	-1.0
402.29257	-1.0
402.3171	-1.0
402.32532	-1.0
402.3484	-1.0
402.35236	-1.0
402.3567	-1.0
402.36545	-1.0
402.38705	-1.0
402.44843	-1.0
402.486	-1.0
402.505	-1.0
402.50793	-1.0
402.52023	-1.0
402.52682	-1.0
402.55057	-1.0
402.5841	-1.0
402.6093	-1.0
402.668	-1.0
402.90775	-1.0
407.44623	-1.0
407.4641	-1.0
407.4824	-1.0
407.497	-1.0
407.5005	-1.0
407.50797	-1.0
407.51196	-1.0
407.51453	-1.0
407.52075	-1.0
407.53265	-1.0
407.53516	-1.0
407.54065	-1.0
407.54315	1.0
407.58875	-1.0
407.60953	-1.0
407.61987	-1.0
407.62573	-1.0
407.62936	-1.0
407.66	-1.0
407.6679	-1.0
407.67844	-1.0
407.6814	-1.0
407.6977	-1.0
407.70493	1.0
407.70776	1.0
407.722	-1.0
407.7478	-1.0
407.75204	-1.0
407.79025	-1.0
407.7979	-1.0
407.81955	-1.0
407.831	-1.0
407.85406	-1.0
407.87357	-1.0
407.91736	-1.0
407.93848	-1.0
407.95203	-1.0
408.05353	-1.0
408.15335	-1.0
411.79208	-1.0
411.8033	-1.0
411.81097	-1.0
411.81903	-1.0
411.82352	-1.0
411.82773	-1.0
411.83255	-1.0
411.84308	-1.0
411.84808	-1.0
411.85144	-1.0
411.8624	-1.0
411.86908	-1.0
411.87408	-1.0
411.87717	1.0
411.90073	-1.0
411.91068	-1.0
411.94553	-1.0
411.96692	-1.0
411.99225	-1.0
412.05713	-1.0
412.06247	-1.0
412.09155	-1.0
412.1119	-1.0
412.11447	1.0
412.15363	-1.0
412.16913	-1.0
412.209	-1.0
412.26562	-1.0
412.347	-1.0
416.60788	-1.0
416.61765	-1.0
416.6204	1.0
416.62695	-1.0
416.6356	-1.0
416.63925	1.0
416.6436	-1.0
416.65723	-1.0
416.71176	-1.0
416.73477	-1.0
416.742	-1.0
416.7716	-1.0
416.80133	-1.0
416.84116	-1.0
416.84387	1.0
416.84872	-1.0
416.8777	-1.0
416.88757	-1.0
416.89148	-1.0
416.9215	-1.0
416.92404	1.0
416.9608	-1.0
416.9891	-1.0
416.996	-1.0
417.024	-1.0
417.31216	-1.0
421.26495	-1.0
421.28772	-1.0
421.3081	-1.0
421.31543	-1.0
421.3214	-1.0
421.32675	-1.0
421.32944	-1.0
421.3341	-1.0
421.33875	-1.0
421.34155	-1.0
421.35	-1.0
421.3622	-1.0
421.37354	-1.0
421.39325	-1.0
421.40076	-1.0
421.4166	-1.0
421.449	-1.0
421.4535	-1.0
421.4778	-1.0
421.48364	-1.0
421.48703	-1.0
421.51776	-1.0
421.52713	-1.0
421.54004	-1.0
421.5454	-1.0
421.59265	-1.0
421.62354	-1.0
421.67548	-1.0
421.7142	-1.0
421.7253	-1.0
421.7386	-1.0
421.7613	-1.0
421.7885	-1.0
421.97705	-1.0
422.07748	-1.0
425.6468	-1.0
425.68423	-1.0
425.71	-1.0
425.71344	-1.0
425.72717	-1.0
425.73297	-1.0
425.73572	-1.0
425.74124	-1.0
425.74377	-1.0
425.7494	-1.0
425.75568	-1.0
425.76855	-1.0
425.77747	-1.0
425.78217	-1.0
425.79257	1.0
425.8002	-1.0
425.814	-1.0
425.83957	-1.0
425.8486	-1.0
425.86795	-1.0
425.90488	-1.0
425.912	-1.0
425.95572	-1.0
425.97803	-1.0
425.9947	-1.0
425.9986	-1.0
426.00113	1.0
426.0575	-1.0
426.0818	-1.0
426.08572	-1.0
426.1304	-1.0
426.15784	-1.0
429.6516	-1.0
429.66168	-1.0
429.66425	-1.0
429.67023	-1.0
429.6733	-1.0
429.67584	-1.0
429.68192	1.0
429.68488	-1.0
429.7146	-1.0
429.72113	-1.0
429.74673	-1.0
429.75403	-1.0
429.76562	-1.0
429.77707	-1.0
429.8042	-1.0
429.82733	-1.0
429.83005	-1.0
429.85245	-1.0
429.872	-1.0
429.88412	-1.0
429.9331	-1.0
429.96616	-1.0
429.96945	-1.0
430.01657	-1.0
430.0516	-1.0
430.0991	-1.0
430.13208	-1.0
433.6662	-1.0
433.66876	-1.0
433.67285	-1.0
433.67535	-1.0
433.68433	-1.0
433.68884	1.0
433.69357	-1.0
433.6962	-1.0
433.6992	-1.0
433.70416	-1.0
433.70743	-1.0
433.71548	-1.0
433.7228	-1.0
433.7273	-1.0
433.73737	-1.0
433.76047	-1.0
433.7833	-1.0
433.78812	-1.0
433.79813	-1.0
433.81067	-1.0
433.81357	-1.0
433.85385	-1.0
433.86728	-1.0
433.9052	-1.0
433.924	-1.0
433.92764	-1.0
433.9454	-1.0
433.9734	-1.0
433.9792	-1.0
433.99475	-1.0
434.0317	-1.0
434.0352	-1.0
434.08423	-1.0
434.2286	-1.0
434.23917	-1.0
434.31708	-1.0
437.4233	-1.0
437.47372	-1.0
437.48895	-1.0
437.5035	-1.0
437.50772	-1.0
437.51935	-1.0
437.52448	-1.0
437.5288	-1.0
437.53543	-1.0
437.55884	-1.0
437.57352	-1.0
437.58313	-1.0
437.58725	-1.0
437.5912	-1.0
437.59564	-1.0
437.60632	-1.0
437.62112	-1.0
437.62424	-1.0
437.6587	-1.0
437.66528	-1.0
437.66815	-1.0
437.69284	1.0
437.69635	-1.0
437.73392	-1.0
437.787	-1.0
437.81583	-1.0
437.83777	-1.0
437.84216	-1.0
437.86832	-1.0
437.93564	-1.0
437.93903	-1.0
438.01743	-1.0
442.43997	-1.0
442.4737	-1.0
442.4812	-1.0
442.4866	-1.0
442.4936	-1.0
442.49936	-1.0
442.50513	-1.0
442.5089	-1.0
442.51184	1.0
442.51663	-1.0
442.52032	-1.0
442.52533	-1.0
442.53165	-1.0
442.54852	-1.0
442.55673	-1.0
442.56577	-1.0
442.5825	-1.0
442.61047	-1.0
442.613	-1.0
442.64603	-1.0
442.6589	-1.0
442.67548	-1.0
442.68103	-1.0
442.6996	-1.0
442.74713	-1.0
442.7564	-1.0
442.77875	-1.0
442.78616	-1.0
442.8024	-1.0
442.81183	-1.0
442.83508	-1.0
442.8408	-1.0
442.86227	-1.0
442.87555	-1.0
442.90552	-1.0
442.9503	-1.0
443.01056	-1.0
443.03836	-1.0
443.09564	-1.0
443.1693	-1.0
443.2827	-1.0
446.36526	-1.0
446.3682	-1.0
446.37756	-1.0
446.3842	-1.0
446.38672	-1.0
446.3893	-1.0
446.39392	-1.0
446.40533	-1.0
446.409	1.0
446.4117	-1.0
446.42413	-1.0
446.44543	-1.0
446.44968	-1.0
446.48688	-1.0
446.49075	-1.0
446.53516	-1.0
446.56003	-1.0
446.62903	-1.0
446.64307	-1.0
446.66415	-1.0
446.72156	-1.0
446.72745	-1.0
446.77173	-1.0
446.7974	-1.0
446.80435	-1.0
446.9023	-1.0
450.40356	-1.0
450.4124	-1.0
450.41568	-1.0
450.41928	-1.0
450.42355	-1.0
450.43475	-1.0
450.4511	-1.0
450.46317	-1.0
450.47824	-1.0
450.512	-1.0
450.52277	-1.0
450.5375	-1.0
450.5466	-1.0
450.5732	-1.0
450.5758	-1.0
450.6404	-1.0
450.64932	-1.0
450.6519	-1.0
450.67007	-1.0
450.69995	-1.0
450.7219	-1.0
450.76923	-1.0
450.7726	1.0
450.81873	-1.0
450.82153	-1.0
450.88223	-1.0
450.96997	-1.0
450.9788	-1.0
451.05472	-1.0
453.9476	-1.0
453.95407	-1.0
453.9589	-1.0
453.9614	-1.0
453.9652	-1.0
453.97305	-1.0
453.98355	-1.0
453.98712	-1.0
454.01184	-1.0
454.01877	-1.0
454.02127	-1.0
454.04813	-1.0
454.07504	-1.0
454.08405	-1.0
454.08752	-1.0
454.13593	-1.0
454.17496	-1.0
454.20245	-1.0
454.22495	-1.0
454.2277	-1.0
454.2558	-1.0
454.27805	-1.0
454.31717	-1.0
454.3734	-1.0
454.37903	-1.0
454.44037	-1.0
457.47116	-1.0
457.4849	-1.0
457.49313	-1.0
457.49625	-1.0
457.49997	-1.0
457.51324	-1.0
457.52295	-1.0
457.52588	-1.0
457.54108	-1.0
457.54916	-1.0
457.56512	-1.0
457.5846	-1.0
457.62405	-1.0
457.65283	-1.0
457.71115	-1.0
457.74493	-1.0
457.7635	-1.0
457.78864	-1.0
457.84286	-1.0
457.85373	-1.0
457.9333	-1.0
457.93668	-1.0
457.98737	-1.0
460.7232	-1.0
460.73444	-1.0
460.74484	-1.0
460.74893	-1.0
460.75748	-1.0
460.76633	-1.0
460.78027	-1.0
460.793	-1.0
460.79688	-1.0
460.80228	-1.0
460.81888	-1.0
460.8436	-1.0
460.897	-1.0
460.92136	-1.0
460.93372	-1.0
460.97977	-1.0
460.99225	-1.0
461.01123	-1.0
461.0286	-1.0
461.03296	-1.0
461.08533	-1.0
461.1101	-1.0
461.21497	-1.0
461.2818	-1.0
464.18875	-1.0
464.19968	-1.0
464.20248	-1.0
464.207	-1.0
464.20956	-1.0
464.215	-1.0
464.21887	-1.0
464.2267	-1.0
464.23285	-1.0
464.23535	-1.0
464.24835	-1.0
464.27094	-1.0
464.30017	-1.0
464.31552	-1.0
464.334	-1.0
464.35248	-1.0
464.3769	-1.0
464.3939	-1.0
464.4074	-1.0
464.42456	-1.0
464.448	-1.0
464.4542	-1.0
464.45712	1.0
464.48987	-1.0
464.52188	-1.0
464.5678	-1.0
464.59357	-1.0
464.618	-1.0
464.6223	-1.0
464.68472	-1.0
464.70547	-1.0
464.71088	-1.0
467.59775	-1.0
467.67377	-1.0
467.68845	-1.0
467.69135	-1.0
467.6952	-1.0
467.69788	-1.0
467.70193	-1.0
467.70557	-1.0
467.70844	-1.0
467.71393	-1.0
467.71695	-1.0
467.72748	-1.0
467.7362	-1.0
467.74036	-1.0
467.75244	-1.0
467.8038	-1.0
467.81232	-1.0
467.8297	-1.0
467.841	-1.0
467.9395	-1.0
467.9424	-1.0
467.97168	-1.0
467.997	-1.0
468.02612	-1.0
468.04605	-1.0
468.07584	-1.0
470.9799	-1.0
470.9918	1.0
470.99744	-1.0
471.00116	-1.0
471.00836	-1.0
471.01224	-1.0
471.01935	-1.0
471.02316	-1.0
471.03577	-1.0
471.0483	-1.0
471.05157	-1.0
471.0658	-1.0
471.0695	-1.0
471.07623	-1.0
471.09177	-1.0
471.12515	-1.0
471.1368	-1.0
471.1529	-1.0
471.16696	-1.0
471.17615	-1.0
471.18985	-1.0
471.2284	-1.0
471.34415	-1.0
471.40652	-1.0
471.43005	-1.0
471.43552	-1.0
471.48224	-1.0
471.59613	-1.0
473.8323	-1.0
473.91492	-1.0
473.9341	-1.0
473.94916	-1.0
473.95172	-1.0
473.9543	-1.0
473.96295	-1.0
473.9723	-1.0
473.98892	-1.0
474.0022	1.0
474.0111	-1.0
474.0139	-1.0
474.01752	-1.0
474.0503	-1.0
474.07172	-1.0
474.08932	-1.0
474.09616	-1.0
474.11792	-1.0
474.20407	1.0
474.20703	1.0
474.22284	-1.0
474.28275	-1.0
474.38165	-1.0
476.91855	-1.0
476.925	-1.0
476.92847	-1.0
476.941	-1.0
476.94843	-1.0
476.95444	-1.0
476.96576	-1.0
476.9973	-1.0
476.99985	-1.0
477.0291	-1.0
477.0323	-1.0
477.07993	-1.0
477.08365	-1.0
477.11484	-1.0
477.1234	-1.0
477.15903	-1.0
477.24765	-1.0
477.2585	1.0
479.82376	-1.0
479.8343	-1.0
479.8387	-1.0
479.84555	-1.0
479.84845	-1.0
479.86084	-1.0
479.86615	-1.0
479.8884	-1.0
479.8918	-1.0
479.89474	-1.0
479.915	-1.0
479.9314	-1.0
479.95297	-1.0
479.95697	-1.0
480.0258	-1.0
480.08453	-1.0
480.10452	-1.0
480.2358	-1.0
482.50708	-1.0
482.5107	-1.0
482.5178	-1.0
482.5222	-1.0
482.5261	-1.0
482.52905	-1.0
482.5345	-1.0
482.5371	-1.0
482.55096	-1.0
482.56064	-1.0
482.56335	1.0
482.57693	-1.0
482.5908	-1.0
482.59515	-1.0
482.62387	-1.0
482.64764	-1.0
482.6622	-1.0
482.68692	-1.0
482.74652	-1.0
482.75345	-1.0
482.7894	-1.0
482.8245	-1.0
485.66135	-1.0
485.7289	-1.0
485.7463	-1.0
485.75052	-1.0
485.7571	-1.0
485.76312	-1.0
485.76657	-1.0
485.7711	-1.0
485.77524	-1.0
485.78656	-1.0
485.7891	-1.0
485.79187	-1.0
485.80704	-1.0
485.8221	-1.0
485.83664	-1.0
485.84045	-1.0
485.85907	-1.0
485.88275	-1.0
485.89648	-1.0
485.92075	-1.0
485.98227	-1.0
486.0302	-1.0
486.03336	-1.0
486.19336	-1.0
489.0614	-1.0
489.0726	-1.0
489.0869	-1.0
489.08945	-1.0
489.0958	-1.0
489.0992	-1.0
489.10593	-1.0
489.11072	-1.0
489.11533	-1.0
489.11853	-1.0
489.12167	-1.0
489.12784	-1.0
489.1363	-1.0
489.14023	-1.0
489.14487	-1.0
489.1765	-1.0
489.19235	-1.0
489.22748	-1.0
489.23563	-1.0
489.27536	-1.0
489.30536	-1.0
489.30945	-1.0
489.35715	-1.0
489.37787	-1.0
492.62192	-1.0
492.67767	-1.0
492.69427	-1.0
492.6972	-1.0
492.70273	-1.0
492.7119	-1.0
492.7166	-1.0
492.71924	1.0
492.73257	-1.0
492.75864	-1.0
492.76532	1.0
492.7759	-1.0
492.78195	-1.0
492.79572	-1.0
492.81863	-1.0
492.82196	-1.0
492.85324	-1.0
492.8748	-1.0
492.8876	-1.0
492.89923	-1.0
492.90292	-1.0
492.92612	-1.0
492.96713	-1.0
492.97025	-1.0
493.0452	-1.0
493.12265	-1.0
493.13776	-1.0
493.18832	-1.0
495.44608	-1.0
495.46368	-1.0
495.4704	-1.0
495.475	-1.0
495.4879	-1.0
495.49075	-1.0
495.4961	1.0
495.5091	-1.0
495.51562	-1.0
495.53156	-1.0
495.5356	-1.0
495.5878	-1.0
495.5908	-1.0
495.61127	-1.0
495.68945	-1.0
498.497	-1.0
498.4995	-1.0
498.51016	-1.0
498.513	-1.0
498.52512	-1.0
498.52765	-1.0
498.53055	1.0
498.53513	-1.0
498.53763	-1.0
498.5465	-1.0
498.55835	-1.0
498.56088	-1.0
498.56403	-1.0
498.5824	-1.0
498.58673	-1.0
498.60968	-1.0
498.65375	-1.0
498.65817	-1.0
498.66992	-1.0
498.69324	-1.0
498.69736	-1.0
498.79208	-1.0
498.7962	-1.0
503.9107	-1.0
503.91653	-1.0
503.92224	-1.0
503.92816	-1.0
503.93976	-1.0
503.94232	-1.0
503.9493	-1.0
503.96097	-1.0
503.97144	-1.0
503.98007	-1.0
503.9826	1.0
503.9987	-1.0
504.03247	-1.0
504.05048	-1.0
504.07355	-1.0
504.10675	-1.0
504.1204	-1.0
504.14328	-1.0
504.14688	-1.0
504.1984	-1.0
504.20316	-1.0
504.26193	-1.0
504.2654	-1.0
504.26984	-1.0
504.29745	-1.0
504.34955	-1.0
504.44904	-1.0
506.8808	-1.0
506.88687	-1.0
506.89395	-1.0
506.89777	-1.0
506.915	-1.0
506.924	-1.0
506.93497	-1.0
506.9383	-1.0
506.94876	1.0
506.95245	-1.0
506.96683	-1.0
506.98093	-1.0
506.98355	1.0
506.9951	-1.0
507.00183	-1.0
507.01627	-1.0
507.01913	-1.0
507.0432	-1.0
509.4031	-1.0
509.40637	-1.0
509.42047	-1.0
509.42676	-1.0
509.42957	1.0
509.434	-1.0
509.43652	-1.0
509.44193	-1.0
509.44543	-1.0
509.4495	-1.0
509.45255	-1.0
509.46143	-1.0
509.48355	-1.0
509.49768	-1.0
509.50052	-1.0
509.51196	-1.0
509.52896	-1.0
509.71793	-1.0
512.5913	-1.0
512.59406	-1.0
512.60284	-1.0
512.6153	-1.0
512.61786	-1.0
512.62604	1.0
512.63947	-1.0
512.64453	-1.0
512.64905	-1.0
512.65485	-1.0
512.67804	-1.0
512.6814	-1.0
512.71893	-1.0
512.73645	-1.0
512.7649	-1.0
512.79614	-1.0
512.8947	-1.0
515.31805	-1.0
515.3268	-1.0
515.3403	-1.0
515.3522	-1.0
515.3636	-1.0
515.3662	1.0
515.3695	1.0
515.37555	-1.0
515.38556	-1.0
515.403	-1.0
515.4071	-1.0
515.4218	-1.0
515.4269	-1.0
515.42975	1.0
515.4606	-1.0
515.5146	-1.0
515.523	-1.0
515.52594	-1.0
518.2375	-1.0
518.2498	-1.0
518.27454	-1.0
518.2862	-1.0
518.2892	-1.0
518.3034	-1.0
518.31323	-1.0
518.3162	-1.0
518.3393	-1.0
518.3537	-1.0
518.35724	-1.0
518.3764	-1.0
518.3795	1.0
518.42175	-1.0
518.4287	-1.0
518.4531	-1.0
518.4698	-1.0
518.5669	-1.0
518.61646	-1.0
521.391	-1.0
521.40826	-1.0
521.4169	-1.0
521.42096	-1.0
521.4271	-1.0
521.4303	-1.0
521.4331	1.0
521.4498	-1.0
521.4534	-1.0
521.4734	-1.0
521.4824	-1.0
521.4881	-1.0
521.50507	-1.0
521.53033	-1.0
521.55896	1.0
521.56226	-1.0
521.5836	-1.0
524.1845	-1.0
524.2029	-1.0
524.2102	-1.0
524.21484	-1.0
524.2311	-1.0
524.24207	-1.0
524.2458	-1.0
524.24896	-1.0
524.2554	-1.0
524.2626	-1.0
524.2812	-1.0
524.3248	-1.0
524.32764	-1.0
524.3333	-1.0
524.3543	-1.0
524.4059	-1.0
524.446	-1.0
526.6928	-1.0
526.7158	-1.0
526.72253	-1.0
526.7338	-1.0
526.7694	-1.0
526.7727	-1.0
526.7942	-1.0
526.8061	-1.0
526.8144	-1.0
526.81976	-1.0
526.82764	-1.0
526.83295	1.0
526.83795	-1.0
526.857	-1.0
526.8595	-1.0
526.8938	-1.0
530.0854	-1.0
530.0903	-1.0
530.0988	-1.0
530.1055	-1.0
530.10846	1.0
530.11285	-1.0
530.1202	-1.0
530.124	-1.0
530.12854	-1.0
530.1397	-1.0
530.1457	-1.0
530.1497	-1.0
530.1522	-1.0
530.1768	-1.0
530.17957	-1.0
530.23566	-1.0
530.2382	-1.0
530.2923	-1.0
530.3074	-1.0
530.31647	-1.0
533.51843	-1.0
533.52094	1.0
533.5336	-1.0
533.56256	-1.0
533.57996	-1.0
533.5833	-1.0
533.5908	-1.0
533.59595	-1.0
533.5993	-1.0
533.6072	-1.0
533.6185	-1.0
533.64166	-1.0
533.6476	-1.0
533.65027	1.0
533.66675	-1.0
533.69305	-1.0
533.7159	-1.0
535.836	-1.0
535.8551	-1.0
535.86505	-1.0
535.896	-1.0
535.9815	-1.0
536.2814	-1.0
536.32324	-1.0
536.3378	-1.0
536.35565	-1.0
536.3588	-1.0
536.36426	-1.0
536.3718	-1.0
536.37494	-1.0
536.3788	-1.0
536.4067	-1.0
536.4532	-1.0
538.38684	-1.0
538.3986	-1.0
538.4209	-1.0
538.4251	-1.0
538.4506	-1.0
538.4572	-1.0
538.4686	-1.0
538.4725	-1.0
538.48413	-1.0
538.4976	-1.0
538.51306	-1.0
538.5233	-1.0
538.5401	-1.0
538.5438	-1.0
541.79706	-1.0
541.90674	-1.0
541.91895	-1.0
541.9501	-1.0
541.9528	1.0
541.9554	-1.0
541.9581	-1.0
541.9763	-1.0
541.9838	-1.0
542.0099	-1.0
542.0156	-1.0
542.0186	-1.0
542.0213	1.0
542.03906	-1.0
542.0538	-1.0
542.0655	1.0
542.0784	-1.0
542.1103	-1.0
542.11554	-1.0
544.54596	-1.0
544.58344	-1.0
544.64276	-1.0
547.01447	-1.0
547.0375	-1.0
547.0554	-1.0
547.06934	-1.0
547.0805	-1.0
547.10913	-1.0
547.1237	-1.0
547.127	-1.0
547.1561	-1.0
547.1737	-1.0
547.1776	-1.0
547.21826	-1.0
547.287	-1.0
547.2977	-1.0
551.7621	-1.0
551.7891	-1.0
551.82574	-1.0
551.8283	-1.0
551.8326	-1.0
551.84564	-1.0
551.85767	-1.0
551.8602	-1.0
551.87476	-1.0
551.8774	-1.0
551.8827	-1.0
551.9007	-1.0
551.9176	-1.0
551.96533	-1.0
551.9683	-1.0
555.98126	-1.0
556.01166	-1.0
556.0155	-1.0
556.0328	-1.0
556.0539	-1.0
556.0583	-1.0
556.0741	-1.0
556.0783	-1.0
556.08105	-1.0
556.08466	-1.0
556.08826	-1.0
556.0965	-1.0
556.10016	-1.0
556.1062	-1.0
556.1155	-1.0
556.1195	-1.0
556.13214	-1.0
556.1369	-1.0
556.175	-1.0
558.7711	-1.0
559.6799	-1.0
559.7426	-1.0
559.7503	-1.0
559.8027	-1.0
559.8291	-1.0
559.8341	-1.0
559.8402	-1.0
559.8451	-1.0
559.8658	-1.0
559.88007	-1.0
559.8981	-1.0
559.90076	-1.0
559.90436	-1.0
559.91907	-1.0
559.9361	-1.0
559.95593	-1.0
559.9723	-1.0
562.879	-1.0
562.8905	-1.0
562.9038	-1.0
562.9248	-1.0
562.9487	-1.0
562.9623	-1.0
562.9694	-1.0
562.97406	-1.0
563.0174	-1.0
563.0209	-1.0
567.1454	-1.0
567.15344	-1.0
567.1711	-1.0
567.1803	-1.0
567.19073	-1.0
567.2055	-1.0
567.2093	-1.0
567.21625	-1.0
567.27155	-1.0
567.2743	-1.0
574.77686	-1.0
574.8207	-1.0
574.8442	-1.0
574.8514	-1.0
574.86835	-1.0
574.8796	-1.0
574.88324	-1.0
574.8871	-1.0
574.8948	-1.0
574.9109	-1.0
574.94464	-1.0
574.97034	-1.0
575.03674	-1.0
575.06665	-1.0
578.4457	-1.0
578.52313	-1.0
578.5376	-1.0
578.5486	-1.0
578.58954	-1.0
578.6115	-1.0
578.6224	-1.0
578.6255	-1.0
578.6369	-1.0
578.65106	-1.0
578.67303	-1.0
578.6921	-1.0
581.76294	-1.0
581.85803	-1.0
581.8712	-1.0
581.87787	-1.0
581.91064	-1.0
581.929	-1.0
581.9379	-1.0
581.94135	-1.0
581.9443	-1.0
581.9517	-1.0
582.035	-1.0
582.0489	-1.0
582.0533	-1.0
582.05695	-1.0
586.7613	-1.0
586.78625	-1.0
586.79114	-1.0
586.83154	-1.0
586.8474	-1.0
586.8589	-1.0
586.86255	-1.0
586.874	-1.0
586.8791	-1.0
586.884	-1.0
586.9049	-1.0
586.9548	-1.0
586.96906	-1.0
587.00586	-1.0
587.04865	-1.0
587.47034	-1.0
587.47284	1.0
593.1094	-1.0
593.16266	-1.0
593.1763	-1.0
593.18726	-1.0
593.2072	-1.0
593.2117	-1.0
593.2152	-1.0
593.2238	-1.0
593.22845	-1.0
593.2332	-1.0
593.24426	-1.0
593.2484	-1.0
593.252	-1.0
593.28094	-1.0
593.2906	-1.0
593.33026	-1.0
597.16925	-1.0
597.17633	-1.0
597.20447	-1.0
597.2168	1.0
597.2193	1.0
597.2244	-1.0
597.233	-1.0
597.24054	-1.0
597.2512	-1.0
597.2608	-1.0
597.2702	-1.0
597.34174	-1.0
597.36914	-1.0
597.3797	-1.0
597.40424	-1.0
