0.21352	-1.0
0.42104	-1.0
5.38832	1.0
5.49576	-1.0
7.44812	1.0
9.00164	-1.0
9.11428	-1.0
14.99944	-1.0
15.04464	-1.0
19.35156	-1.0
19.35752	-1.0
19.74452	1.0
24.82232	1.0
24.89828	1.0
24.94732	-1.0
25.26924	-1.0
25.51532	-1.0
29.82456	-1.0
29.86668	1.0
30.05556	-1.0
31.27564	-1.0
35.74964	-1.0
36.2546	-1.0
36.95624	-1.0
40.65732	-1.0
44.7316	-1.0
44.97536	-1.0
54.46868	1.0
54.47324	-1.0
55.26888	-1.0
59.58532	-1.0
59.68256	-1.0
60.30188	-1.0
63.81952	1.0
68.24256	-1.0
68.26376	-1.0
68.61616	-1.0
73.59268	-1.0
74.1762	-1.0
78.53972	1.0
78.60724	-1.0
78.91448	-1.0
83.88036	-1.0
83.8864	-1.0
83.96416	-1.0
84.91632	-1.0
88.41268	-1.0
88.5046	-1.0
89.1948	-1.0
89.20892	-1.0
89.3596	-1.0
93.30444	-1.0
93.31856	-1.0
93.51612	-1.0
93.56044	-1.0
94.18664	-1.0
94.32228	-1.0
99.33244	-1.0
99.33744	-1.0
99.35632	-1.0
99.37072	-1.0
99.38496	-1.0
99.43536	-1.0
99.45356	-1.0
99.50452	-1.0
99.63352	-1.0
99.74936	-1.0
99.77316	-1.0
99.86304	-1.0
99.94228	-1.0
104.59536	-1.0
104.62832	-1.0
104.65348	-1.0
104.67928	-1.0
104.7126	-1.0
104.94124	-1.0
104.95448	-1.0
104.98452	-1.0
105.15852	-1.0
105.30216	-1.0
105.46176	-1.0
105.5494	-1.0
105.6672	-1.0
109.67264	-1.0
109.68956	1.0
109.76708	-1.0
109.77972	-1.0
109.84176	-1.0
109.84528	-1.0
109.85356	-1.0
114.834	-1.0
114.84008	-1.0
114.9456	-1.0
115.2806	-1.0
115.31576	-1.0
115.59032	-1.0
115.7712	-1.0
115.97388	-1.0
119.72492	-1.0
119.80456	-1.0
120.46796	-1.0
120.53472	-1.0
120.68272	-1.0
120.83536	-1.0
124.87712	-1.0
125.16788	-1.0
125.17264	-1.0
125.26136	-1.0
125.80084	-1.0
125.94484	-1.0
126.3758	-1.0
130.614	-1.0
130.7108	-1.0
131.3242	-1.0
131.35124	-1.0
131.38551	-1.0
136.4912	-1.0
136.53128	-1.0
136.5526	-1.0
136.60793	-1.0
136.72328	-1.0
136.90932	-1.0
137.36896	-1.0
137.9702	-1.0
142.46107	-1.0
142.48875	-1.0
142.5316	-1.0
142.73312	-1.0
142.81451	-1.0
148.70589	-1.0
148.75084	-1.0
153.77596	-1.0
153.792	-1.0
154.22612	-1.0
154.44812	-1.0
159.98495	-1.0
160.03683	-1.0
160.27711	1.0
166.27032	-1.0
166.31404	-1.0
166.35364	-1.0
166.62248	-1.0
167.72488	-1.0
173.05592	1.0
173.2902	-1.0
173.5108	-1.0
179.05849	-1.0
179.06876	-1.0
179.09004	-1.0
179.16711	-1.0
179.2782	-1.0
179.33748	-1.0
179.75528	-1.0
180.12833	-1.0
184.85028	1.0
184.87663	-1.0
184.91232	-1.0
184.93549	-1.0
185.02684	-1.0
185.23276	-1.0
185.58264	-1.0
190.1838	1.0
190.21477	-1.0
190.23392	-1.0
190.33923	-1.0
190.65384	-1.0
192.9568	-1.0
196.0526	-1.0
196.06049	-1.0
196.09708	-1.0
196.20387	-1.0
196.25587	-1.0
196.31688	-1.0
197.02267	-1.0
201.95476	-1.0
201.9588	-1.0
202.60428	-1.0
203.09288	-1.0
207.85551	-1.0
207.93536	-1.0
207.96548	-1.0
209.13412	-1.0
213.7188	-1.0
213.74023	1.0
213.77193	-1.0
213.83607	-1.0
213.94508	-1.0
213.95103	-1.0
213.97723	-1.0
219.32867	-1.0
219.4362	-1.0
219.44164	-1.0
225.28012	-1.0
225.29312	1.0
225.34752	-1.0
225.5162	1.0
225.65744	-1.0
226.20728	-1.0
230.79276	-1.0
230.81152	-1.0
230.82864	-1.0
230.97163	-1.0
231.04904	-1.0
231.05684	-1.0
231.11205	-1.0
236.63116	-1.0
236.66052	-1.0
236.68668	-1.0
236.78108	-1.0
237.00932	-1.0
237.05827	-1.0
237.40584	-1.0
242.37325	1.0
242.39091	-1.0
242.96544	-1.0
248.77856	-1.0
248.96848	-1.0
255.01936	-1.0
255.02309	-1.0
255.15332	-1.0
255.18808	-1.0
255.30908	-1.0
256.6057	1.0
260.27164	1.0
260.27744	-1.0
260.30237	-1.0
260.36273	-1.0
260.37888	-1.0
260.65216	-1.0
265.68576	-1.0
265.7219	-1.0
265.74857	-1.0
265.83124	-1.0
265.85928	-1.0
271.26825	-1.0
271.48328	-1.0
271.74695	-1.0
274.8716	-1.0
274.91113	-1.0
275.42203	-1.0
281.39355	-1.0
281.39703	-1.0
281.43268	1.0
281.50787	-1.0
281.63327	-1.0
286.53015	-1.0
286.7465	-1.0
286.99597	-1.0
287.06567	-1.0
287.22617	-1.0
290.0048	-1.0
290.00824	-1.0
290.0758	1.0
292.67728	1.0
295.4954	-1.0
295.511	-1.0
296.04123	-1.0
296.09412	-1.0
300.42645	-1.0
300.48572	-1.0
300.6688	-1.0
300.73712	-1.0
305.3489	-1.0
305.46793	-1.0
305.5024	1.0
305.69107	-1.0
305.84286	-1.0
310.1146	-1.0
310.50735	-1.0
315.92767	-1.0
316.42737	-1.0
325.95547	-1.0
326.25104	-1.0
326.58304	-1.0
331.84036	-1.0
331.84537	-1.0
331.89175	1.0
331.94656	-1.0
331.98975	-1.0
338.2064	-1.0
338.25305	-1.0
338.67188	-1.0
338.83917	-1.0
340.90347	1.0
343.25888	-1.0
343.31683	-1.0
343.39148	-1.0
343.49728	-1.0
348.6649	-1.0
348.68875	1.0
349.31836	-1.0
353.7124	-1.0
353.82043	-1.0
354.43716	-1.0
358.41388	-1.0
358.4475	-1.0
358.58157	-1.0
358.85593	-1.0
363.4806	-1.0
363.50143	-1.0
363.63544	-1.0
368.4292	-1.0
368.4866	-1.0
368.50928	-1.0
373.18	1.0
373.19363	-1.0
373.283	-1.0
373.39444	-1.0
373.4409	-1.0
378.1755	-1.0
383.40503	-1.0
388.171	1.0
388.19135	1.0
388.24905	-1.0
388.4059	-1.0
392.8997	-1.0
392.98743	-1.0
393.28235	-1.0
397.2846	-1.0
397.3012	-1.0
397.34332	-1.0
402.16647	-1.0
402.1886	-1.0
402.21515	-1.0
407.5091	1.0
407.52853	1.0
407.53424	-1.0
407.56042	-1.0
407.7585	-1.0
411.82224	-1.0
411.84406	-1.0
416.641	-1.0
416.66516	-1.0
416.7003	-1.0
416.7044	-1.0
416.72568	1.0
421.31476	-1.0
421.3333	-1.0
421.35364	-1.0
421.67923	-1.0
425.7965	-1.0
429.72772	-1.0
433.67947	-1.0
433.6845	-1.0
433.68716	-1.0
433.69003	-1.0
433.74176	-1.0
433.75055	-1.0
433.7877	-1.0
437.5184	-1.0
437.5282	-1.0
437.59604	-1.0
442.48184	-1.0
442.50308	-1.0
442.50595	-1.0
442.5291	-1.0
446.3816	-1.0
446.40543	1.0
446.44348	1.0
446.44745	-1.0
446.47095	1.0
450.4382	1.0
450.4549	1.0
450.4574	1.0
450.56677	-1.0
453.9532	1.0
453.9806	-1.0
454.18964	-1.0
457.48456	-1.0
457.50253	1.0
460.74503	-1.0
460.77307	-1.0
460.9178	-1.0
464.20697	1.0
464.24423	-1.0
464.2604	-1.0
467.73157	-1.0
467.7598	-1.0
470.99564	-1.0
471.0128	-1.0
471.0484	-1.0
474.0251	-1.0
474.10092	1.0
474.154	1.0
476.9496	1.0
477.11356	1.0
479.84293	-1.0
479.88605	-1.0
482.53128	-1.0
485.8379	1.0
489.0829	-1.0
489.09363	-1.0
489.2559	-1.0
492.723	-1.0
492.80563	1.0
492.88715	-1.0
495.49127	-1.0
498.52087	-1.0
498.59	1.0
503.91425	-1.0
503.9333	1.0
503.9539	-1.0
504.18	-1.0
506.9782	-1.0
509.441	-1.0
512.64716	1.0
512.6833	-1.0
514.7611	1.0
515.3627	-1.0
515.38654	1.0
515.3914	-1.0
518.3433	-1.0
518.3703	-1.0
518.412	1.0
518.41895	-1.0
521.42285	-1.0
521.4301	-1.0
521.448	1.0
524.246	1.0
524.3553	-1.0
526.7417	-1.0
526.7936	-1.0
530.11993	-1.0
530.14813	-1.0
533.61285	-1.0
538.4734	-1.0
538.4899	-1.0
541.9327	1.0
547.05316	-1.0
547.0712	-1.0
547.18195	-1.0
547.21295	1.0
551.82526	-1.0
551.863	-1.0
551.86633	-1.0
551.87946	-1.0
551.962	1.0
556.05133	1.0
559.78845	1.0
559.8031	1.0
559.82715	1.0
559.86786	-1.0
562.9869	-1.0
563.03894	-1.0
567.1862	1.0
574.87787	1.0
574.9116	1.0
574.98114	-1.0
578.5195	-1.0
578.56274	1.0
581.90607	1.0
582.04407	-1.0
586.86707	-1.0
593.22705	-1.0
593.24915	-1.0
597.1604	-1.0
597.4358	1.0
