0.02844	-1.0
0.04528	-1.0
0.06568	-1.0
0.08564	-1.0
0.116	-1.0
0.13456	-1.0
0.16152	-1.0
0.17736	-1.0
0.20384	-1.0
0.20816	-1.0
0.22556	-1.0
0.2494	-1.0
0.26108	-1.0
0.26848	-1.0
0.2792	-1.0
0.32272	-1.0
0.33172	-1.0
0.3492	-1.0
0.38124	-1.0
0.39604	-1.0
0.41284	-1.0
0.424	-1.0
0.47876	-1.0
0.50512	-1.0
0.51044	-1.0
0.53392	-1.0
0.57528	-1.0
0.5926	-1.0
0.60248	-1.0
0.67928	-1.0
0.79092	-1.0
0.8186	-1.0
0.84652	-1.0
0.9184	-1.0
0.9796	-1.0
1.01272	-1.0
1.03072	-1.0
1.07256	-1.0
1.1152	-1.0
1.15164	-1.0
1.17128	-1.0
1.28272	-1.0
1.29704	-1.0
1.316	-1.0
1.33976	-1.0
1.37396	-1.0
1.39352	-1.0
1.44144	-1.0
1.47336	-1.0
1.52844	-1.0
1.59408	-1.0
5.37436	-1.0
5.3836	-1.0
5.39812	-1.0
5.40592	-1.0
5.41076	-1.0
5.4188	-1.0
5.42756	-1.0
5.4496	-1.0
5.45352	-1.0
5.46432	-1.0
5.47928	-1.0
5.48692	-1.0
5.49524	-1.0
5.5072	-1.0
5.512	1.0
5.51568	-1.0
5.52724	-1.0
5.56024	-1.0
5.5934	-1.0
5.6184	-1.0
5.63056	-1.0
5.65936	-1.0
5.68052	-1.0
5.71448	-1.0
5.74424	-1.0
5.78648	-1.0
5.79192	-1.0
5.8094	-1.0
5.82928	-1.0
5.8338	-1.0
5.88624	-1.0
5.90476	-1.0
5.93492	-1.0
5.9568	-1.0
5.98284	-1.0
6.02988	-1.0
6.06336	-1.0
6.08748	-1.0
6.11936	-1.0
6.13752	-1.0
6.18752	-1.0
6.21524	-1.0
6.3166	-1.0
6.33324	-1.0
6.36396	-1.0
6.37828	-1.0
6.4384	-1.0
6.47184	-1.0
6.53176	-1.0
6.564	-1.0
6.58928	-1.0
6.69624	-1.0
6.7676	-1.0
6.79412	-1.0
6.8186	-1.0
6.8674	-1.0
6.8868	-1.0
6.91676	-1.0
6.953	-1.0
7.00088	-1.0
8.9714	-1.0
8.97656	-1.0
8.9862	-1.0
8.99892	-1.0
9.00864	-1.0
9.017	-1.0
9.02464	-1.0
9.03492	-1.0
9.04616	-1.0
9.06864	-1.0
9.07804	-1.0
9.09184	-1.0
9.11056	-1.0
9.11944	-1.0
9.135	-1.0
9.14672	-1.0
9.16268	-1.0
9.197	-1.0
9.20792	-1.0
9.22368	-1.0
9.23744	-1.0
9.25552	-1.0
9.26312	-1.0
9.2914	-1.0
9.31616	-1.0
9.33376	-1.0
9.34308	-1.0
9.38516	-1.0
9.4206	-1.0
9.43396	-1.0
9.4556	-1.0
9.45836	1.0
9.48272	-1.0
9.5618	-1.0
9.5938	-1.0
9.62888	-1.0
9.67616	-1.0
9.78056	-1.0
9.83644	-1.0
9.85732	-1.0
9.87868	-1.0
9.93936	-1.0
9.98112	-1.0
9.99244	-1.0
10.02532	-1.0
10.0712	-1.0
10.13088	-1.0
10.19956	-1.0
10.2044	-1.0
10.23964	-1.0
10.26392	-1.0
10.29936	-1.0
10.30996	-1.0
10.33908	-1.0
10.8036	-1.0
10.812	-1.0
10.83112	-1.0
10.8388	-1.0
10.84872	-1.0
10.87536	-1.0
10.90352	-1.0
10.92916	-1.0
10.979	-1.0
11.00328	-1.0
11.03208	-1.0
11.10008	-1.0
11.11356	-1.0
11.1362	-1.0
11.15736	-1.0
11.166	-1.0
11.19996	-1.0
11.22112	-1.0
11.68496	-1.0
11.69912	-1.0
11.71964	-1.0
11.72932	-1.0
11.75568	-1.0
11.79728	-1.0
11.81516	-1.0
11.82604	-1.0
11.84668	-1.0
11.85872	-1.0
11.86408	-1.0
11.87396	-1.0
11.91176	-1.0
11.95656	-1.0
11.97444	-1.0
12.00032	-1.0
12.02572	-1.0
12.0574	-1.0
12.06912	-1.0
12.11772	-1.0
12.14184	-1.0
12.20244	-1.0
12.23792	-1.0
12.29304	-1.0
12.32724	-1.0
12.368	-1.0
12.4648	-1.0
12.4734	-1.0
12.51036	-1.0
12.51432	-1.0
12.52904	-1.0
12.556	-1.0
12.6276	-1.0
12.6714	-1.0
12.71584	-1.0
12.76396	-1.0
12.80996	-1.0
14.92424	-1.0
14.93452	-1.0
14.94016	-1.0
14.94936	-1.0
14.9648	-1.0
14.98844	-1.0
14.99736	-1.0
15.00776	-1.0
15.02108	-1.0
15.0398	-1.0
15.04684	-1.0
15.05852	-1.0
15.0722	-1.0
15.07764	-1.0
15.08544	-1.0
15.10676	-1.0
15.12032	-1.0
15.16232	-1.0
15.1836	-1.0
15.20584	-1.0
15.23296	-1.0
15.2512	-1.0
15.26036	-1.0
15.28988	-1.0
15.29972	-1.0
15.30648	-1.0
15.3148	-1.0
15.37728	-1.0
15.44512	-1.0
15.4964	-1.0
15.52028	-1.0
15.5324	-1.0
15.53508	-1.0
15.5576	-1.0
15.58476	-1.0
15.60408	-1.0
15.65596	-1.0
15.684	-1.0
15.7216	-1.0
15.75024	-1.0
15.77368	-1.0
15.80992	-1.0
15.84512	-1.0
15.876	-1.0
15.9484	-1.0
15.99028	-1.0
16.02088	-1.0
16.03288	-1.0
16.05384	-1.0
16.07992	-1.0
16.09144	-1.0
16.14424	-1.0
16.18804	-1.0
16.20688	-1.0
16.28908	-1.0
16.31812	-1.0
16.39936	-1.0
16.43452	-1.0
16.44256	-1.0
16.45956	-1.0
16.47476	-1.0
16.56864	-1.0
16.6388	-1.0
16.64968	-1.0
16.7338	-1.0
16.74248	-1.0
19.37044	-1.0
19.38044	-1.0
19.39064	-1.0
19.40252	-1.0
19.41136	-1.0
19.42476	-1.0
19.42764	-1.0
19.43812	-1.0
19.44864	-1.0
19.46172	-1.0
19.474	-1.0
19.48332	-1.0
19.49352	-1.0
19.52164	-1.0
19.54072	-1.0
19.56168	-1.0
19.57968	-1.0
19.59636	-1.0
19.62832	-1.0
19.70372	-1.0
19.7236	-1.0
19.74444	-1.0
19.75372	-1.0
19.78524	-1.0
19.80828	-1.0
19.83864	-1.0
19.86944	-1.0
19.894	-1.0
19.95688	-1.0
19.97876	-1.0
19.99832	-1.0
20.02844	-1.0
20.05644	-1.0
20.08216	-1.0
20.10092	-1.0
20.14676	-1.0
20.15888	-1.0
20.17896	-1.0
20.21024	-1.0
20.24124	-1.0
20.26836	-1.0
20.30356	-1.0
20.35808	-1.0
20.36828	-1.0
20.401	-1.0
20.43408	-1.0
20.46012	-1.0
20.52368	-1.0
20.5666	-1.0
20.62448	-1.0
20.65252	-1.0
20.71232	-1.0
20.76468	-1.0
20.79044	-1.0
20.83204	-1.0
20.89992	-1.0
20.92696	-1.0
20.97608	-1.0
21.03036	-1.0
21.13276	-1.0
24.8152	-1.0
24.82532	-1.0
24.83216	-1.0
24.84712	-1.0
24.863	-1.0
24.86996	-1.0
24.88604	-1.0
24.9004	-1.0
24.90492	-1.0
24.92544	-1.0
24.94588	-1.0
24.95876	-1.0
24.98212	-1.0
25.00748	-1.0
25.03328	-1.0
25.05396	-1.0
25.06796	-1.0
25.08748	-1.0
25.11176	-1.0
25.13952	-1.0
25.15728	-1.0
25.18576	-1.0
25.21092	-1.0
25.2568	-1.0
25.29444	-1.0
25.31696	-1.0
25.34328	-1.0
25.3472	-1.0
25.42308	-1.0
25.44804	-1.0
25.51192	-1.0
25.54944	-1.0
25.60904	-1.0
25.63456	-1.0
25.65104	-1.0
25.70376	-1.0
25.75144	-1.0
25.78272	-1.0
25.87652	-1.0
25.90764	-1.0
25.93444	-1.0
25.95868	-1.0
25.97828	-1.0
26.01588	-1.0
26.0506	-1.0
26.0954	-1.0
26.11592	-1.0
26.1858	-1.0
26.22448	-1.0
26.28012	-1.0
26.35548	-1.0
26.3912	-1.0
26.44628	-1.0
26.541	-1.0
29.81336	-1.0
29.82104	-1.0
29.83004	-1.0
29.8382	-1.0
29.8434	-1.0
29.85748	-1.0
29.86212	-1.0
29.87512	1.0
29.87764	-1.0
29.88444	-1.0
29.89796	-1.0
29.92824	-1.0
29.93452	-1.0
29.95508	-1.0
29.97668	-1.0
30.0038	-1.0
30.01736	-1.0
30.02788	-1.0
30.03084	-1.0
30.06888	-1.0
30.12988	-1.0
30.15	-1.0
30.20032	-1.0
30.23444	-1.0
30.25584	-1.0
30.28204	-1.0
30.30588	-1.0
30.36284	-1.0
30.40212	-1.0
30.41564	-1.0
30.44256	-1.0
30.4646	-1.0
30.4914	-1.0
30.52008	-1.0
30.57368	-1.0
30.61348	-1.0
30.64176	-1.0
30.675	-1.0
30.73076	-1.0
30.76496	-1.0
30.80584	-1.0
30.8318	-1.0
30.867	-1.0
30.97624	-1.0
31.00184	-1.0
31.01956	-1.0
31.0892	-1.0
31.0988	-1.0
31.14044	-1.0
31.21112	-1.0
31.264	-1.0
31.30956	-1.0
31.32868	-1.0
31.36232	-1.0
31.43756	-1.0
31.4946	-1.0
35.67768	-1.0
35.68896	-1.0
35.7	-1.0
35.70768	-1.0
35.71416	-1.0
35.72124	-1.0
35.73444	-1.0
35.74436	-1.0
35.75956	-1.0
35.76308	-1.0
35.76564	-1.0
35.783	-1.0
35.79376	-1.0
35.8028	-1.0
35.81764	-1.0
35.84152	-1.0
35.87168	-1.0
35.89644	-1.0
35.929	-1.0
35.96016	-1.0
35.98416	-1.0
36.00528	-1.0
36.04604	-1.0
36.109	-1.0
36.13172	-1.0
36.13624	-1.0
36.15428	-1.0
36.20204	-1.0
36.2342	-1.0
36.24972	-1.0
36.27504	-1.0
36.30168	-1.0
36.3354	-1.0
36.39164	-1.0
36.42128	-1.0
36.47768	-1.0
36.52696	-1.0
36.62184	-1.0
36.64336	-1.0
36.6748	-1.0
36.79416	-1.0
36.84124	-1.0
36.86936	-1.0
36.89272	-1.0
36.91172	-1.0
36.93728	-1.0
36.95264	-1.0
36.97136	-1.0
36.99344	-1.0
37.00232	-1.0
37.06448	-1.0
37.11388	-1.0
37.2314	-1.0
37.33168	-1.0
37.72056	-1.0
37.74636	-1.0
37.76848	-1.0
37.78964	-1.0
37.80864	-1.0
37.83804	-1.0
37.85448	-1.0
37.97596	-1.0
37.9916	-1.0
38.03256	-1.0
40.44296	-1.0
40.45164	-1.0
40.45836	-1.0
40.46436	-1.0
40.47144	-1.0
40.4854	-1.0
40.50256	-1.0
40.5184	-1.0
40.52564	-1.0
40.5402	-1.0
40.5644	-1.0
40.5824	-1.0
40.60124	-1.0
40.61768	-1.0
40.64672	-1.0
40.66852	-1.0
40.7024	-1.0
40.7274	-1.0
40.73832	-1.0
40.78116	-1.0
40.80168	-1.0
40.82536	-1.0
40.85888	-1.0
40.88636	-1.0
40.91296	-1.0
40.93412	-1.0
40.96268	-1.0
40.99796	-1.0
41.0046	-1.0
41.05096	-1.0
41.09104	-1.0
41.10696	-1.0
41.19468	-1.0
41.21296	-1.0
41.23652	-1.0
41.29132	-1.0
41.33876	-1.0
41.37564	-1.0
41.4118	-1.0
41.47748	-1.0
41.50592	-1.0
41.52428	-1.0
41.58552	-1.0
41.61868	-1.0
41.66936	-1.0
41.70932	-1.0
41.74988	-1.0
41.77832	-1.0
41.81064	-1.0
41.8376	-1.0
41.85988	-1.0
41.95064	-1.0
42.02296	-1.0
42.03196	-1.0
44.64708	-1.0
44.65652	-1.0
44.66804	-1.0
44.6848	-1.0
44.70052	-1.0
44.7182	-1.0
44.72648	-1.0
44.74152	-1.0
44.7546	-1.0
44.77276	-1.0
44.80328	-1.0
44.82364	-1.0
44.87756	-1.0
44.9046	-1.0
44.92976	-1.0
44.94232	-1.0
44.95444	-1.0
44.98148	-1.0
44.99204	-1.0
45.0174	-1.0
45.03856	-1.0
45.07228	-1.0
45.10088	-1.0
45.12764	-1.0
45.22308	-1.0
45.23968	-1.0
45.28576	-1.0
45.30856	-1.0
45.33692	-1.0
45.36124	-1.0
45.37204	-1.0
45.39128	-1.0
45.42196	-1.0
45.50108	-1.0
45.56412	-1.0
45.58828	-1.0
45.60536	-1.0
45.70652	-1.0
45.73904	-1.0
45.75412	-1.0
45.78192	-1.0
45.80772	-1.0
45.84064	-1.0
45.86844	-1.0
45.95308	-1.0
46.00796	-1.0
46.0582	-1.0
46.10532	-1.0
49.214	-1.0
49.22516	-1.0
49.23452	-1.0
49.25184	-1.0
49.25688	-1.0
49.29	-1.0
49.29804	-1.0
49.30844	-1.0
49.32348	-1.0
49.34252	-1.0
49.3608	-1.0
49.38276	-1.0
49.40824	-1.0
49.43592	-1.0
49.48584	-1.0
49.51184	-1.0
49.53436	-1.0
49.5544	-1.0
49.56828	-1.0
49.59036	-1.0
49.65168	-1.0
49.68068	-1.0
49.70764	-1.0
49.73492	-1.0
49.75972	-1.0
49.77932	-1.0
49.81064	-1.0
49.84324	-1.0
49.90624	-1.0
49.92668	-1.0
49.95204	-1.0
49.97728	-1.0
50.00812	-1.0
50.04864	-1.0
50.11252	-1.0
50.12088	-1.0
50.17908	-1.0
50.2186	-1.0
50.2962	-1.0
50.32272	-1.0
50.35968	-1.0
50.38228	-1.0
50.42928	-1.0
50.44596	-1.0
50.472	-1.0
50.59432	-1.0
50.61432	-1.0
50.66848	-1.0
50.68408	-1.0
50.73032	-1.0
50.74928	-1.0
50.80324	-1.0
50.83084	-1.0
50.89108	-1.0
50.9016	-1.0
50.93144	-1.0
51.00192	-1.0
54.43728	-1.0
54.44564	-1.0
54.45344	-1.0
54.4642	-1.0
54.47296	-1.0
54.48568	-1.0
54.50368	-1.0
54.52024	-1.0
54.54108	-1.0
54.55032	-1.0
54.55752	-1.0
54.57304	-1.0
54.58876	-1.0
54.60592	-1.0
54.62348	-1.0
54.65784	-1.0
54.67364	-1.0
54.6936	-1.0
54.74508	-1.0
54.77928	-1.0
54.80108	-1.0
54.82628	-1.0
54.87036	-1.0
54.89116	-1.0
54.90852	-1.0
54.9464	-1.0
54.95864	-1.0
55.0098	-1.0
55.04552	-1.0
55.06492	-1.0
55.09252	-1.0
55.2038	-1.0
55.23192	-1.0
55.26332	-1.0
55.319	-1.0
55.35012	-1.0
55.37004	-1.0
55.39412	-1.0
55.41672	-1.0
55.48448	-1.0
55.60024	-1.0
55.63872	-1.0
55.65652	-1.0
55.70668	-1.0
55.71132	-1.0
55.74848	-1.0
55.78544	-1.0
55.93332	-1.0
59.56648	-1.0
59.57424	-1.0
59.584	-1.0
59.58936	-1.0
59.60724	-1.0
59.62912	-1.0
59.6458	-1.0
59.6588	-1.0
59.66192	-1.0
59.67408	-1.0
59.68164	-1.0
59.71596	-1.0
59.73664	-1.0
59.76288	-1.0
59.7912	-1.0
59.8276	-1.0
59.85056	-1.0
59.87512	-1.0
59.90856	-1.0
59.9348	-1.0
59.95184	-1.0
59.96848	-1.0
60.01148	-1.0
60.03864	-1.0
60.06568	-1.0
60.10228	-1.0
60.15192	-1.0
60.20328	-1.0
60.22964	-1.0
60.28972	-1.0
60.32616	-1.0
60.3304	-1.0
60.38484	-1.0
60.44532	-1.0
60.4752	-1.0
60.50328	-1.0
60.53124	-1.0
60.54956	-1.0
60.60464	-1.0
60.65796	-1.0
60.66888	-1.0
60.74352	-1.0
60.78456	-1.0
60.97604	-1.0
61.01608	-1.0
63.82464	-1.0
63.8402	-1.0
63.8516	-1.0
63.87612	-1.0
63.89388	-1.0
63.91028	-1.0
63.92868	-1.0
63.93732	-1.0
63.95628	-1.0
63.98268	-1.0
64.00868	-1.0
64.0206	-1.0
64.04412	-1.0
64.058	-1.0
64.10536	-1.0
64.11816	-1.0
64.14592	-1.0
64.18412	-1.0
64.20464	-1.0
64.23036	-1.0
64.24972	-1.0
64.26868	-1.0
64.30456	-1.0
64.35924	-1.0
64.38776	-1.0
64.41344	-1.0
64.41996	-1.0
64.46404	-1.0
64.48888	-1.0
64.53084	-1.0
64.55876	-1.0
64.66124	-1.0
64.7146	-1.0
64.7344	-1.0
64.77932	-1.0
64.82224	-1.0
64.84384	-1.0
64.86728	-1.0
64.92376	-1.0
64.9408	-1.0
64.9738	-1.0
65.00836	-1.0
65.05612	-1.0
65.09944	-1.0
65.14252	-1.0
65.15828	-1.0
65.17872	-1.0
65.22112	-1.0
68.2382	-1.0
68.24692	-1.0
68.25736	-1.0
68.26732	-1.0
68.28832	-1.0
68.29788	-1.0
68.3052	-1.0
68.324	-1.0
68.35556	-1.0
68.36656	-1.0
68.38512	-1.0
68.40264	-1.0
68.42828	-1.0
68.45176	-1.0
68.47888	-1.0
68.52656	-1.0
68.5486	-1.0
68.6056	-1.0
68.62888	-1.0
68.65348	-1.0
68.68304	-1.0
68.71956	-1.0
68.75356	-1.0
68.77408	-1.0
68.83348	-1.0
68.8534	-1.0
68.88672	-1.0
68.9052	-1.0
68.92	-1.0
68.9492	-1.0
68.97352	-1.0
69.00788	-1.0
69.04144	-1.0
69.07852	-1.0
69.1104	-1.0
69.15292	-1.0
69.17316	-1.0
69.18408	-1.0
69.23616	-1.0
69.26332	-1.0
69.28956	-1.0
69.31008	-1.0
69.34024	-1.0
69.41308	-1.0
69.46864	-1.0
69.4954	-1.0
69.5406	-1.0
69.59452	-1.0
73.515	-1.0
73.53152	-1.0
73.54504	-1.0
73.55512	-1.0
73.57772	-1.0
73.59456	-1.0
73.61344	-1.0
73.624	-1.0
73.63708	-1.0
73.66076	-1.0
73.67736	-1.0
73.70268	-1.0
73.73964	-1.0
73.763	-1.0
73.78204	-1.0
73.81036	-1.0
73.84172	-1.0
73.86608	-1.0
73.88112	-1.0
73.94136	-1.0
73.9636	-1.0
73.98856	-1.0
74.0138	-1.0
74.03936	-1.0
74.06224	-1.0
74.12428	-1.0
74.14008	-1.0
74.17788	-1.0
74.30644	-1.0
74.36244	-1.0
74.451	-1.0
74.4846	-1.0
74.50808	-1.0
74.56604	-1.0
74.62236	-1.0
74.65108	-1.0
74.6818	-1.0
74.78016	-1.0
78.48176	-1.0
78.48952	-1.0
78.50972	-1.0
78.51684	-1.0
78.52944	-1.0
78.54912	-1.0
78.566	-1.0
78.58516	-1.0
78.5928	-1.0
78.61456	-1.0
78.65416	-1.0
78.66132	-1.0
78.69856	-1.0
78.72444	-1.0
78.77272	-1.0
78.78988	-1.0
78.82276	-1.0
78.84288	-1.0
78.85756	-1.0
78.87532	-1.0
78.90672	-1.0
78.92852	-1.0
78.95504	-1.0
78.98872	-1.0
79.02352	-1.0
79.08052	-1.0
79.1396	-1.0
79.19256	-1.0
79.23148	-1.0
79.2768	-1.0
79.28708	-1.0
79.31192	-1.0
79.43024	-1.0
79.46868	-1.0
79.48664	-1.0
79.51524	-1.0
79.54132	-1.0
79.63288	-1.0
79.68876	-1.0
79.7342	-1.0
79.76108	-1.0
79.78988	-1.0
83.87388	-1.0
83.89216	-1.0
83.89936	-1.0
83.91184	-1.0
83.93092	-1.0
83.94356	-1.0
83.9728	-1.0
84.00792	-1.0
84.05128	-1.0
84.07776	-1.0
84.11564	-1.0
84.14696	-1.0
84.17084	-1.0
84.18856	-1.0
84.19868	-1.0
84.2194	-1.0
84.23124	-1.0
84.25216	-1.0
84.28116	-1.0
84.29872	-1.0
84.33608	-1.0
84.37272	-1.0
84.392	-1.0
84.45728	-1.0
84.52064	-1.0
84.5554	-1.0
84.60416	-1.0
84.6152	1.0
84.6182	-1.0
84.67624	-1.0
84.69976	-1.0
84.7204	-1.0
84.77252	-1.0
84.79016	-1.0
84.81788	-1.0
84.89392	-1.0
84.91224	-1.0
84.98604	-1.0
85.049	-1.0
85.06672	-1.0
85.10132	-1.0
85.14852	-1.0
88.37048	-1.0
88.39392	-1.0
88.40748	-1.0
88.42808	-1.0
88.454	-1.0
88.47416	-1.0
88.50844	-1.0
88.5272	-1.0
88.55676	-1.0
88.5858	-1.0
88.60324	-1.0
88.61824	-1.0
88.63368	-1.0
88.69148	-1.0
88.75352	-1.0
88.7686	-1.0
88.78256	-1.0
88.79896	-1.0
88.83768	-1.0
88.8642	-1.0
88.90684	1.0
88.92356	-1.0
88.97632	-1.0
89.01472	-1.0
89.0526	-1.0
89.09568	-1.0
89.17076	-1.0
89.22796	-1.0
89.26504	-1.0
89.31616	-1.0
89.3888	-1.0
89.41072	-1.0
89.44808	-1.0
89.48456	-1.0
89.58188	-1.0
89.61872	-1.0
89.66052	-1.0
89.70684	-1.0
93.19148	-1.0
93.20784	-1.0
93.22756	-1.0
93.24384	-1.0
93.2638	-1.0
93.2858	-1.0
93.3072	-1.0
93.33884	-1.0
93.35088	-1.0
93.38088	-1.0
93.41048	-1.0
93.44244	-1.0
93.4558	-1.0
93.49	-1.0
93.51996	-1.0
93.53332	-1.0
93.57564	-1.0
93.5914	-1.0
93.62424	-1.0
93.65084	-1.0
93.673	-1.0
93.6872	-1.0
93.7032	-1.0
93.72728	-1.0
93.75792	-1.0
93.81344	-1.0
93.84544	-1.0
93.89544	-1.0
93.9134	-1.0
93.96084	-1.0
93.99508	-1.0
94.09656	-1.0
94.1546	-1.0
94.20268	-1.0
94.26264	-1.0
94.30708	-1.0
94.34188	-1.0
94.36172	-1.0
94.4136	-1.0
94.46152	-1.0
94.50584	-1.0
94.52584	-1.0
94.57516	-1.0
99.3168	-1.0
99.3232	-1.0
99.33088	-1.0
99.3414	-1.0
99.35668	-1.0
99.3698	-1.0
99.39088	-1.0
99.41308	-1.0
99.43496	-1.0
99.44748	-1.0
99.47676	-1.0
99.48748	-1.0
99.51304	-1.0
99.54428	-1.0
99.5748	-1.0
99.59756	-1.0
99.62972	-1.0
99.65036	-1.0
99.70724	-1.0
99.74228	-1.0
99.7738	-1.0
99.83032	-1.0
99.86048	-1.0
99.89744	-1.0
100.014	-1.0
100.08716	-1.0
100.1522	-1.0
100.17392	-1.0
100.21712	-1.0
100.25808	-1.0
100.32336	-1.0
100.4074	-1.0
100.4338	-1.0
100.55312	-1.0
100.57528	-1.0
100.61452	-1.0
100.63748	-1.0
100.69764	-1.0
100.73144	-1.0
100.76088	-1.0
100.78696	-1.0
100.81584	-1.0
100.84032	-1.0
100.86828	-1.0
100.88748	-1.0
100.92376	-1.0
100.95336	-1.0
100.99652	-1.0
101.00896	-1.0
101.05008	-1.0
101.0702	-1.0
101.10232	-1.0
101.14348	-1.0
101.1674	-1.0
101.19268	-1.0
101.20384	-1.0
104.59176	-1.0
104.60124	-1.0
104.6124	-1.0
104.63176	-1.0
104.6498	-1.0
104.65348	-1.0
104.67096	-1.0
104.68788	-1.0
104.70864	-1.0
104.7308	-1.0
104.75792	-1.0
104.77084	-1.0
104.79264	-1.0
104.82672	-1.0
104.8498	-1.0
104.87168	-1.0
104.8962	-1.0
104.93724	-1.0
104.96816	-1.0
104.97788	-1.0
105.03972	-1.0
105.09092	-1.0
105.112	-1.0
105.1476	-1.0
105.16836	-1.0
105.21516	-1.0
105.27044	-1.0
105.29364	-1.0
105.30424	-1.0
105.34852	-1.0
105.4138	-1.0
105.46996	-1.0
105.54624	-1.0
105.62624	-1.0
105.67768	-1.0
105.74088	-1.0
105.78616	-1.0
105.8816	-1.0
105.9104	-1.0
105.9224	-1.0
105.9464	-1.0
105.99412	-1.0
106.0658	-1.0
106.10792	-1.0
106.14376	-1.0
109.6806	-1.0
109.693	-1.0
109.71348	-1.0
109.72964	-1.0
109.73696	-1.0
109.74892	-1.0
109.76776	-1.0
109.77816	-1.0
109.809	-1.0
109.81192	1.0
109.87596	-1.0
109.9208	-1.0
109.9472	-1.0
109.97968	-1.0
110.01188	-1.0
110.03728	-1.0
110.04624	-1.0
110.07292	-1.0
110.10052	-1.0
110.125	1.0
110.13004	-1.0
110.14836	-1.0
110.19124	-1.0
110.22276	-1.0
110.2722	-1.0
110.30712	-1.0
110.33412	-1.0
110.35564	-1.0
110.39324	-1.0
110.46144	-1.0
110.5158	-1.0
110.53576	-1.0
110.59384	-1.0
110.61896	-1.0
110.63056	-1.0
110.65184	-1.0
110.69292	-1.0
110.738	-1.0
110.76656	-1.0
110.78112	-1.0
110.80568	-1.0
110.82568	-1.0
110.85088	-1.0
110.9104	-1.0
110.98448	-1.0
111.00836	-1.0
111.06308	-1.0
111.11204	-1.0
111.14328	-1.0
111.16484	-1.0
111.42628	-1.0
114.83108	-1.0
114.84008	-1.0
114.86312	-1.0
114.87384	-1.0
114.8858	-1.0
114.89768	-1.0
114.92432	-1.0
114.93676	-1.0
114.96588	-1.0
114.9834	-1.0
115.00888	-1.0
115.0228	-1.0
115.06752	-1.0
115.08964	-1.0
115.11168	-1.0
115.13608	-1.0
115.17112	-1.0
115.1896	-1.0
115.19984	-1.0
115.22588	-1.0
115.26864	-1.0
115.2836	-1.0
115.31332	-1.0
115.33364	-1.0
115.3668	-1.0
115.40132	-1.0
115.43568	-1.0
115.46468	-1.0
115.48392	-1.0
115.502	-1.0
115.52392	-1.0
115.59444	-1.0
115.613	-1.0
115.66408	-1.0
115.70344	-1.0
115.78436	-1.0
115.80712	-1.0
115.8568	-1.0
115.8906	-1.0
115.90616	-1.0
115.92652	-1.0
115.94116	-1.0
115.97328	-1.0
115.99768	-1.0
116.03768	-1.0
116.10544	-1.0
116.13332	-1.0
116.18748	-1.0
116.202	-1.0
116.21372	-1.0
116.27464	-1.0
116.36252	-1.0
116.43084	-1.0
116.45052	-1.0
116.46588	-1.0
116.5106	-1.0
116.5992	-1.0
119.74228	-1.0
119.7572	-1.0
119.77864	-1.0
119.81452	-1.0
119.8362	-1.0
119.8506	-1.0
119.86452	-1.0
119.88096	-1.0
119.89368	-1.0
119.91376	-1.0
119.9338	-1.0
119.96776	-1.0
119.9888	-1.0
119.99672	-1.0
120.01004	-1.0
120.03636	-1.0
120.06268	-1.0
120.08224	-1.0
120.10212	-1.0
120.11932	-1.0
120.14068	-1.0
120.16036	-1.0
120.17856	-1.0
120.21592	-1.0
120.22904	-1.0
120.28	-1.0
120.28968	-1.0
120.31764	-1.0
120.36372	-1.0
120.38096	-1.0
120.39592	-1.0
120.40824	-1.0
120.42852	-1.0
120.46424	-1.0
120.47412	-1.0
120.48968	-1.0
120.51684	-1.0
120.54004	-1.0
120.5658	-1.0
120.58972	-1.0
120.63672	-1.0
120.65784	-1.0
120.72924	-1.0
120.75136	-1.0
120.78544	-1.0
120.79592	-1.0
120.8158	-1.0
120.85952	-1.0
120.89008	-1.0
120.90036	-1.0
120.91156	-1.0
120.973	-1.0
121.01216	-1.0
121.06072	-1.0
121.07416	-1.0
121.08968	-1.0
121.1224	-1.0
121.15388	-1.0
121.16604	-1.0
121.18768	-1.0
121.20656	-1.0
121.23988	-1.0
121.31668	-1.0
121.33032	-1.0
121.35112	1.0
121.36324	-1.0
121.39848	-1.0
121.43124	-1.0
121.49484	-1.0
124.87196	-1.0
124.88196	-1.0
124.8918	-1.0
124.90368	-1.0
124.92248	-1.0
124.93984	-1.0
124.95892	-1.0
124.97472	-1.0
124.99228	-1.0
125.01444	-1.0
125.03188	-1.0
125.05496	-1.0
125.07936	-1.0
125.086	1.0
125.1098	-1.0
125.12604	-1.0
125.14268	-1.0
125.1558	-1.0
125.18204	-1.0
125.19556	-1.0
125.21732	-1.0
125.23764	-1.0
125.2706	-1.0
125.29488	-1.0
125.30592	-1.0
125.32272	-1.0
125.3468	-1.0
125.3646	-1.0
125.40636	-1.0
125.42556	-1.0
125.43524	-1.0
125.45256	-1.0
125.49244	-1.0
125.52448	-1.0
125.56204	-1.0
125.58612	-1.0
125.61544	-1.0
125.62332	-1.0
125.64608	-1.0
125.66944	-1.0
125.69048	-1.0
125.71088	-1.0
125.79396	-1.0
125.8228	-1.0
125.84484	-1.0
125.86376	-1.0
125.90896	-1.0
125.9396	-1.0
125.98892	-1.0
126.03544	-1.0
126.057	-1.0
126.08588	-1.0
126.10904	-1.0
126.15628	-1.0
126.19992	-1.0
126.24196	-1.0
126.27256	-1.0
126.30692	-1.0
126.35752	-1.0
126.39544	-1.0
126.44456	-1.0
126.49512	-1.0
126.5136	-1.0
126.54068	-1.0
130.60384	-1.0
130.61348	-1.0
130.6314	-1.0
130.64792	-1.0
130.659	-1.0
130.68312	-1.0
130.69933	-1.0
130.71524	-1.0
130.73912	-1.0
130.77203	-1.0
130.782	-1.0
130.79716	-1.0
130.82852	-1.0
130.85709	-1.0
130.8774	-1.0
130.90288	-1.0
130.91988	1.0
130.9276	-1.0
130.94936	-1.0
130.9688	-1.0
130.98564	-1.0
131.0096	-1.0
131.03984	-1.0
131.0574	-1.0
131.08128	-1.0
131.0934	-1.0
131.11607	-1.0
131.13536	-1.0
131.15636	-1.0
131.17851	-1.0
131.21268	-1.0
131.23357	-1.0
131.24709	-1.0
131.2796	-1.0
131.34283	-1.0
131.36913	1.0
131.40012	-1.0
131.4564	-1.0
131.49551	-1.0
131.54317	-1.0
131.57423	-1.0
131.59352	-1.0
131.6182	-1.0
131.6422	-1.0
131.649	-1.0
131.66531	-1.0
131.69012	-1.0
131.71211	-1.0
131.73944	-1.0
131.75269	-1.0
131.7976	-1.0
131.83148	-1.0
131.85815	-1.0
131.87949	-1.0
131.90004	-1.0
131.91228	-1.0
131.94568	-1.0
131.9802	-1.0
132.00568	-1.0
132.08336	-1.0
132.1192	-1.0
132.14488	-1.0
132.17557	-1.0
132.21455	-1.0
132.2448	-1.0
132.29036	-1.0
132.34836	-1.0
136.47876	-1.0
136.48972	-1.0
136.50108	-1.0
136.51305	-1.0
136.51912	-1.0
136.53448	-1.0
136.55469	1.0
136.5574	-1.0
136.56416	-1.0
136.574	-1.0
136.58228	-1.0
136.59276	-1.0
136.60832	-1.0
136.62372	-1.0
136.64412	-1.0
136.65968	-1.0
136.69064	-1.0
136.70737	-1.0
136.71916	-1.0
136.73604	-1.0
136.75227	-1.0
136.76852	-1.0
136.78648	-1.0
136.80183	-1.0
136.81648	-1.0
136.83649	-1.0
136.84853	-1.0
136.86176	-1.0
136.88116	-1.0
136.8994	-1.0
136.91109	-1.0
136.9366	-1.0
136.95917	-1.0
137.0136	-1.0
137.0316	-1.0
137.05672	-1.0
137.07396	-1.0
137.08324	-1.0
137.10124	-1.0
137.14755	-1.0
137.16724	-1.0
137.22028	-1.0
137.2316	-1.0
137.25272	-1.0
137.26976	-1.0
137.33723	-1.0
137.35292	-1.0
137.36716	-1.0
137.38213	-1.0
137.41548	-1.0
137.43951	-1.0
137.46732	-1.0
137.51044	-1.0
137.548	-1.0
137.57253	-1.0
137.60716	-1.0
137.62552	-1.0
137.65591	-1.0
137.68484	-1.0
137.69531	-1.0
137.71844	-1.0
137.76	-1.0
137.8036	-1.0
137.82616	-1.0
137.83788	-1.0
137.86392	-1.0
137.8726	-1.0
137.898	-1.0
137.92656	-1.0
137.94943	-1.0
137.9708	-1.0
138.00037	-1.0
138.03947	-1.0
138.07364	-1.0
138.0936	-1.0
138.10172	-1.0
138.11156	-1.0
138.2068	-1.0
138.26848	-1.0
138.30804	-1.0
138.4428	-1.0
142.45135	-1.0
142.4612	-1.0
142.47124	-1.0
142.47928	-1.0
142.48811	-1.0
142.49844	-1.0
142.51756	-1.0
142.53072	-1.0
142.55048	-1.0
142.56409	-1.0
142.58183	-1.0
142.60304	1.0
142.62236	-1.0
142.64693	-1.0
142.66965	-1.0
142.67668	1.0
142.69748	-1.0
142.7116	-1.0
142.72797	-1.0
142.73956	-1.0
142.76096	-1.0
142.78648	-1.0
142.8332	-1.0
142.85751	-1.0
142.8812	-1.0
142.91272	-1.0
142.93152	-1.0
142.94376	-1.0
142.96655	-1.0
142.99892	-1.0
143.01428	-1.0
143.04724	-1.0
143.06868	-1.0
143.08437	-1.0
143.10884	-1.0
143.13	-1.0
143.15936	-1.0
143.1942	-1.0
143.21144	-1.0
143.22632	-1.0
143.24028	-1.0
143.24615	-1.0
143.27644	-1.0
143.29813	-1.0
143.33116	-1.0
143.34564	-1.0
143.36336	-1.0
143.41156	-1.0
143.42471	-1.0
143.4424	-1.0
143.46284	-1.0
143.5084	-1.0
143.54988	-1.0
143.56136	-1.0
143.58849	-1.0
143.6074	-1.0
143.6428	-1.0
143.65532	-1.0
143.67528	-1.0
143.6918	-1.0
143.73917	-1.0
143.76875	-1.0
143.78424	-1.0
143.80676	-1.0
143.86372	-1.0
143.87643	-1.0
143.89912	-1.0
143.9202	-1.0
143.93655	-1.0
144.00232	-1.0
144.029	-1.0
144.11629	-1.0
144.14104	-1.0
144.206	-1.0
144.53313	-1.0
144.5646	-1.0
148.69128	-1.0
148.6994	-1.0
148.71152	-1.0
148.71771	-1.0
148.72484	-1.0
148.73969	-1.0
148.7546	-1.0
148.7792	-1.0
148.79944	-1.0
148.82352	-1.0
148.8342	-1.0
148.85085	-1.0
148.86703	-1.0
148.88953	-1.0
148.90717	-1.0
148.92224	-1.0
148.94432	-1.0
148.96576	-1.0
148.97708	-1.0
148.99464	-1.0
149.01231	-1.0
149.02644	-1.0
149.04456	-1.0
149.0612	-1.0
149.07828	-1.0
149.09468	-1.0
149.10896	-1.0
149.12332	-1.0
149.14212	-1.0
149.15152	-1.0
149.17017	-1.0
149.19424	-1.0
149.20992	-1.0
149.27504	-1.0
149.28896	-1.0
149.30984	-1.0
149.33116	-1.0
149.34544	-1.0
149.3624	-1.0
149.37991	-1.0
149.39429	-1.0
149.41896	-1.0
149.45332	-1.0
149.47916	-1.0
149.50064	-1.0
149.52573	-1.0
149.54591	-1.0
149.57697	-1.0
149.63773	-1.0
149.66731	-1.0
149.67816	-1.0
149.73428	-1.0
149.75792	-1.0
149.775	-1.0
149.78984	-1.0
149.85583	-1.0
149.87396	-1.0
149.891	-1.0
149.90971	-1.0
149.92688	-1.0
149.95789	-1.0
149.97037	-1.0
150.00343	-1.0
150.05104	-1.0
150.06757	-1.0
150.12073	-1.0
150.15063	-1.0
150.18677	-1.0
150.23244	-1.0
150.28868	-1.0
150.30869	-1.0
150.33716	-1.0
150.38033	-1.0
150.46884	-1.0
153.69592	-1.0
153.70905	-1.0
153.72504	-1.0
153.74588	-1.0
153.76791	-1.0
153.7794	-1.0
153.79884	-1.0
153.81737	-1.0
153.83035	-1.0
153.848	-1.0
153.85864	-1.0
153.87927	-1.0
153.89252	-1.0
153.8994	-1.0
153.91785	-1.0
153.94844	-1.0
153.9674	-1.0
153.98068	-1.0
154.0232	-1.0
154.04652	-1.0
154.07307	-1.0
154.0934	-1.0
154.10092	-1.0
154.116	-1.0
154.14156	-1.0
154.15816	-1.0
154.17735	-1.0
154.20204	-1.0
154.21132	-1.0
154.23752	-1.0
154.243	-1.0
154.25664	-1.0
154.2762	-1.0
154.29356	-1.0
154.31567	-1.0
154.32544	-1.0
154.34384	-1.0
154.35112	-1.0
154.37112	-1.0
154.38344	-1.0
154.42851	-1.0
154.44284	-1.0
154.4734	-1.0
154.49016	-1.0
154.51875	-1.0
154.52576	-1.0
154.54492	-1.0
154.58617	-1.0
154.59589	-1.0
154.619	-1.0
154.63107	-1.0
154.6526	-1.0
154.67451	-1.0
154.68272	-1.0
154.70036	-1.0
154.71948	-1.0
154.73685	-1.0
154.77852	-1.0
154.79771	-1.0
154.82776	-1.0
154.84236	-1.0
154.85884	-1.0
154.8636	-1.0
154.9018	-1.0
154.93484	-1.0
154.96068	-1.0
154.979	-1.0
155.00272	-1.0
155.0316	-1.0
155.1	-1.0
155.1436	-1.0
155.16412	-1.0
155.18729	-1.0
155.2212	-1.0
155.2926	-1.0
159.96944	-1.0
159.9812	-1.0
159.9928	-1.0
160.00984	-1.0
160.03671	-1.0
160.05092	-1.0
160.07048	-1.0
160.09544	-1.0
160.11104	-1.0
160.11804	-1.0
160.13776	-1.0
160.16235	-1.0
160.1846	-1.0
160.19817	-1.0
160.21776	-1.0
160.25336	-1.0
160.27129	-1.0
160.2984	-1.0
160.31508	-1.0
160.32796	-1.0
160.34596	-1.0
160.36629	-1.0
160.37332	-1.0
160.39128	-1.0
160.42229	-1.0
160.4702	-1.0
160.50385	-1.0
160.52632	-1.0
160.53452	-1.0
160.55235	-1.0
160.58092	-1.0
160.5938	-1.0
160.60396	-1.0
160.63023	-1.0
160.63445	-1.0
160.64992	-1.0
160.67432	-1.0
160.69032	-1.0
160.71423	-1.0
160.736	-1.0
160.7582	-1.0
160.7818	-1.0
160.7894	-1.0
160.82317	-1.0
160.85408	1.0
160.85751	-1.0
160.87276	-1.0
160.88904	-1.0
160.90636	-1.0
160.92345	-1.0
160.95776	-1.0
160.99033	-1.0
161.01064	-1.0
161.03429	-1.0
161.06313	-1.0
161.08324	-1.0
161.10603	-1.0
161.12532	-1.0
161.1454	-1.0
161.18044	-1.0
161.19373	-1.0
161.2392	-1.0
161.26556	-1.0
161.28896	-1.0
161.33427	-1.0
161.3532	-1.0
161.38467	-1.0
161.48112	-1.0
161.5036	-1.0
161.53448	-1.0
161.55888	-1.0
161.60628	-1.0
161.66956	-1.0
161.68512	-1.0
161.74368	-1.0
161.78432	-1.0
161.88107	-1.0
161.93053	-1.0
166.25864	-1.0
166.26448	-1.0
166.28123	-1.0
166.30304	-1.0
166.31528	-1.0
166.33156	-1.0
166.34552	-1.0
166.36617	-1.0
166.39844	-1.0
166.40996	-1.0
166.42244	-1.0
166.435	-1.0
166.44444	-1.0
166.46884	-1.0
166.49588	-1.0
166.51167	-1.0
166.52832	-1.0
166.55704	-1.0
166.57628	-1.0
166.59496	-1.0
166.61565	-1.0
166.64397	-1.0
166.6644	-1.0
166.686	-1.0
166.7228	-1.0
166.74352	-1.0
166.77692	-1.0
166.79868	-1.0
166.80812	-1.0
166.82336	-1.0
166.8522	-1.0
166.87547	-1.0
166.90443	-1.0
166.9332	-1.0
166.94531	-1.0
166.99268	-1.0
167.01537	-1.0
167.02637	-1.0
167.0446	-1.0
167.07512	-1.0
167.10616	-1.0
167.11836	-1.0
167.13132	-1.0
167.15433	-1.0
167.1856	-1.0
167.2108	-1.0
167.22948	-1.0
167.2498	-1.0
167.28271	-1.0
167.30176	-1.0
167.39104	-1.0
167.4	-1.0
167.42207	-1.0
167.44136	-1.0
167.45396	-1.0
167.47469	-1.0
167.50008	-1.0
167.52864	-1.0
167.54976	-1.0
167.56436	-1.0
167.58568	-1.0
167.62144	-1.0
167.63808	-1.0
167.664	-1.0
167.67216	-1.0
167.707	-1.0
167.73293	-1.0
167.75	-1.0
167.76865	-1.0
167.78748	-1.0
167.81572	-1.0
167.85973	-1.0
167.88608	-1.0
167.90768	-1.0
167.91943	-1.0
167.94272	-1.0
167.97388	-1.0
167.99512	-1.0
168.01424	-1.0
168.03448	-1.0
168.0586	-1.0
168.09547	-1.0
172.9098	-1.0
172.91232	1.0
172.91985	-1.0
172.92984	-1.0
172.93668	-1.0
172.949	-1.0
172.95744	-1.0
172.97449	-1.0
172.98932	-1.0
173.01115	-1.0
173.02936	-1.0
173.04643	-1.0
173.0672	-1.0
173.08395	-1.0
173.09544	-1.0
173.10815	-1.0
173.1174	-1.0
173.12816	-1.0
173.14032	-1.0
173.15875	-1.0
173.20076	-1.0
173.23589	-1.0
173.2526	-1.0
173.27425	-1.0
173.29063	-1.0
173.31288	-1.0
173.32292	-1.0
173.34732	-1.0
173.35884	-1.0
173.36148	-1.0
173.38332	-1.0
173.4078	-1.0
173.41632	-1.0
173.44057	-1.0
173.4686	-1.0
173.48248	-1.0
173.51572	-1.0
173.54295	-1.0
173.56912	-1.0
173.5948	-1.0
173.62372	-1.0
173.62769	-1.0
173.64664	-1.0
173.67296	-1.0
173.69728	-1.0
173.72136	-1.0
173.73135	-1.0
173.74149	-1.0
173.76752	-1.0
173.8094	-1.0
173.83064	-1.0
173.8604	-1.0
173.8766	-1.0
173.89912	-1.0
173.91676	-1.0
173.93504	-1.0
173.95535	-1.0
174.01288	-1.0
174.02847	-1.0
174.0464	-1.0
174.0762	-1.0
174.09451	-1.0
174.10497	-1.0
174.12608	-1.0
174.15468	-1.0
174.19437	-1.0
174.24696	-1.0
174.25984	-1.0
174.2898	-1.0
174.34628	-1.0
174.38531	-1.0
174.39592	-1.0
174.41064	-1.0
174.47131	-1.0
174.49432	-1.0
179.05028	-1.0
179.05573	-1.0
179.07092	-1.0
179.08208	-1.0
179.09271	-1.0
179.10428	-1.0
179.1176	-1.0
179.14928	-1.0
179.16235	-1.0
179.18684	-1.0
179.20636	-1.0
179.22713	-1.0
179.2488	-1.0
179.26936	-1.0
179.29224	-1.0
179.31715	-1.0
179.33743	-1.0
179.34515	1.0
179.36072	-1.0
179.36765	-1.0
179.38615	-1.0
179.40665	-1.0
179.41891	-1.0
179.43591	-1.0
179.44965	1.0
179.467	-1.0
179.49684	-1.0
179.511	-1.0
179.52785	-1.0
179.55188	-1.0
179.57356	-1.0
179.5886	-1.0
179.6086	-1.0
179.625	-1.0
179.63724	-1.0
179.65144	-1.0
179.68124	-1.0
179.694	-1.0
179.71413	-1.0
179.73364	-1.0
179.77788	-1.0
179.78928	-1.0
179.81224	-1.0
179.83237	-1.0
179.8494	-1.0
179.87688	-1.0
179.89168	-1.0
179.90392	-1.0
179.96028	-1.0
179.98244	-1.0
180.01424	-1.0
180.02612	-1.0
180.04736	-1.0
180.05984	-1.0
180.10512	-1.0
180.1238	-1.0
180.1454	-1.0
180.17776	-1.0
180.21149	-1.0
180.22652	-1.0
180.2302	-1.0
180.26404	-1.0
180.2842	-1.0
180.31029	-1.0
180.3386	-1.0
180.36464	-1.0
180.38667	-1.0
180.4214	-1.0
180.44592	-1.0
180.482	-1.0
180.50967	-1.0
180.53516	-1.0
180.70332	1.0
180.82253	-1.0
184.82884	-1.0
184.83743	-1.0
184.86368	-1.0
184.88252	-1.0
184.89772	-1.0
184.91035	-1.0
184.92244	-1.0
184.9308	-1.0
184.94151	-1.0
184.96088	-1.0
184.97568	-1.0
184.99756	-1.0
185.03096	-1.0
185.0528	-1.0
185.06824	-1.0
185.09303	-1.0
185.1176	-1.0
185.12029	1.0
185.14291	-1.0
185.16132	-1.0
185.177	-1.0
185.2006	-1.0
185.2262	-1.0
185.24944	-1.0
185.27596	-1.0
185.29572	-1.0
185.32388	-1.0
185.33788	-1.0
185.34824	-1.0
185.36417	-1.0
185.39572	-1.0
185.43828	1.0
185.4428	-1.0
185.45808	-1.0
185.47592	-1.0
185.50336	-1.0
185.51956	-1.0
185.53992	-1.0
185.564	-1.0
185.57864	-1.0
185.61752	-1.0
185.6322	-1.0
185.66425	-1.0
185.68887	-1.0
185.72716	-1.0
185.7548	-1.0
185.798	-1.0
185.82988	-1.0
185.85393	-1.0
185.88132	-1.0
185.90288	-1.0
185.91548	-1.0
185.9334	-1.0
185.96944	-1.0
185.99016	-1.0
186.01707	-1.0
186.05309	-1.0
186.07571	-1.0
186.12228	-1.0
186.14651	-1.0
186.19316	-1.0
186.23347	-1.0
186.2624	-1.0
186.3678	-1.0
186.41132	-1.0
186.43507	-1.0
186.45876	-1.0
186.48392	-1.0
186.51036	-1.0
190.20335	-1.0
190.2198	-1.0
190.23344	-1.0
190.24867	-1.0
190.26135	-1.0
190.27107	-1.0
190.29076	-1.0
190.30112	-1.0
190.31947	-1.0
190.34409	-1.0
190.36205	-1.0
190.37836	-1.0
190.39444	-1.0
190.41289	-1.0
190.42256	-1.0
190.44016	-1.0
190.45811	-1.0
190.48643	-1.0
190.5102	-1.0
190.53745	-1.0
190.55324	-1.0
190.57048	-1.0
190.59148	-1.0
190.59856	-1.0
190.60728	-1.0
190.65475	-1.0
190.67809	-1.0
190.70312	-1.0
190.71149	-1.0
190.72636	-1.0
190.75212	-1.0
190.78764	-1.0
190.79855	-1.0
190.8136	-1.0
190.84056	-1.0
190.858	-1.0
190.88472	-1.0
190.90036	-1.0
190.93408	-1.0
190.95668	-1.0
190.97356	-1.0
191.0036	-1.0
191.01288	-1.0
191.031	-1.0
191.04475	-1.0
191.06972	-1.0
191.10468	-1.0
191.12964	-1.0
191.1486	-1.0
191.17448	-1.0
191.21404	-1.0
191.2286	-1.0
191.25728	-1.0
191.26956	-1.0
191.31508	-1.0
191.33829	-1.0
191.37695	-1.0
191.39787	-1.0
191.4244	-1.0
191.44003	-1.0
191.47185	-1.0
191.48488	-1.0
191.5082	-1.0
191.52731	-1.0
191.58188	-1.0
191.6116	-1.0
191.65115	-1.0
191.66995	-1.0
191.7004	-1.0
191.72649	-1.0
191.75636	-1.0
191.78564	-1.0
191.80328	-1.0
191.82904	-1.0
196.04996	-1.0
196.05748	1.0
196.06308	-1.0
196.07756	-1.0
196.09276	-1.0
196.11612	-1.0
196.12688	-1.0
196.13176	-1.0
196.1592	-1.0
196.18031	-1.0
196.21304	-1.0
196.22632	-1.0
196.25012	-1.0
196.27055	-1.0
196.30064	-1.0
196.3178	-1.0
196.34357	-1.0
196.3734	-1.0
196.39372	-1.0
196.40009	-1.0
196.41692	-1.0
196.43468	-1.0
196.46352	-1.0
196.5016	-1.0
196.51717	-1.0
196.53908	-1.0
196.55804	-1.0
196.57356	-1.0
196.61176	-1.0
196.62717	-1.0
196.65536	-1.0
196.67703	-1.0
196.70197	-1.0
196.7182	-1.0
196.74904	-1.0
196.76816	-1.0
196.78636	-1.0
196.7984	-1.0
196.80869	-1.0
196.82596	-1.0
196.85265	-1.0
196.85696	-1.0
196.875	-1.0
196.9092	-1.0
196.92604	-1.0
196.96272	-1.0
196.99152	-1.0
197.02373	-1.0
197.04744	-1.0
197.10632	-1.0
197.15088	-1.0
197.19264	-1.0
197.21844	-1.0
197.22787	-1.0
197.24953	-1.0
197.28503	-1.0
197.30656	-1.0
197.35983	-1.0
197.38908	-1.0
197.41975	-1.0
197.42976	-1.0
197.51633	-1.0
197.5916	-1.0
201.95024	-1.0
201.95636	1.0
201.9772	-1.0
201.99156	-1.0
202.0014	-1.0
202.01016	-1.0
202.03024	-1.0
202.0502	-1.0
202.07224	-1.0
202.0968	-1.0
202.1132	-1.0
202.1368	-1.0
202.158	-1.0
202.17905	-1.0
202.2062	-1.0
202.22607	-1.0
202.2476	-1.0
202.25752	-1.0
202.28345	-1.0
202.301	-1.0
202.33025	-1.0
202.346	-1.0
202.36024	-1.0
202.37927	-1.0
202.40211	-1.0
202.41928	-1.0
202.43253	-1.0
202.45325	-1.0
202.46497	-1.0
202.48488	-1.0
202.49332	-1.0
202.51315	-1.0
202.56424	-1.0
202.58173	-1.0
202.6066	-1.0
202.63171	-1.0
202.65688	-1.0
202.66708	-1.0
202.68892	-1.0
202.72195	-1.0
202.74956	-1.0
202.7788	-1.0
202.80728	-1.0
202.83656	-1.0
202.87308	-1.0
202.9022	-1.0
202.93448	-1.0
202.95824	-1.0
202.97752	-1.0
202.98936	-1.0
203.02332	-1.0
203.05032	-1.0
203.10216	-1.0
203.13832	-1.0
203.147	-1.0
203.17516	-1.0
203.22884	-1.0
203.24936	-1.0
203.2692	-1.0
203.30807	-1.0
203.33904	-1.0
203.37865	-1.0
203.4374	-1.0
207.84431	-1.0
207.85356	-1.0
207.8656	-1.0
207.87936	-1.0
207.9032	-1.0
207.92168	-1.0
207.94168	-1.0
207.963	-1.0
207.97668	-1.0
207.997	-1.0
208.0196	-1.0
208.02975	-1.0
208.06303	-1.0
208.08844	-1.0
208.11444	-1.0
208.1188	1.0
208.1438	-1.0
208.1688	-1.0
208.19688	-1.0
208.23024	-1.0
208.24228	-1.0
208.27168	-1.0
208.29944	-1.0
208.31512	-1.0
208.33836	-1.0
208.35657	-1.0
208.3834	-1.0
208.4306	-1.0
208.4712	-1.0
208.483	-1.0
208.4992	-1.0
208.52968	-1.0
208.55669	-1.0
208.59096	-1.0
208.61224	-1.0
208.65897	-1.0
208.66864	-1.0
208.71487	-1.0
208.76424	-1.0
208.77116	-1.0
208.81592	-1.0
208.8602	-1.0
208.87828	-1.0
208.8956	-1.0
208.95155	-1.0
208.9644	-1.0
208.98256	-1.0
209.01068	-1.0
209.03172	-1.0
209.05067	-1.0
209.16168	-1.0
209.19447	-1.0
209.21336	-1.0
209.24329	-1.0
209.27013	-1.0
209.29623	-1.0
209.30933	-1.0
209.34712	-1.0
209.40729	-1.0
209.44244	-1.0
213.71477	-1.0
213.72368	-1.0
213.74052	-1.0
213.75227	-1.0
213.77144	-1.0
213.78764	-1.0
213.812	-1.0
213.82616	-1.0
213.84071	-1.0
213.867	-1.0
213.8828	-1.0
213.902	-1.0
213.922	-1.0
213.94035	-1.0
213.98232	-1.0
214.0088	-1.0
214.03644	-1.0
214.0544	-1.0
214.0682	-1.0
214.08565	-1.0
214.0994	-1.0
214.10912	-1.0
214.14175	-1.0
214.19	-1.0
214.21172	-1.0
214.2326	-1.0
214.2656	-1.0
214.29224	-1.0
214.30792	-1.0
214.33945	-1.0
214.35448	-1.0
214.3826	-1.0
214.40717	-1.0
214.42964	-1.0
214.4554	-1.0
214.50703	-1.0
214.52615	-1.0
214.5436	-1.0
214.55844	-1.0
214.58607	-1.0
214.606	-1.0
214.6222	-1.0
214.6456	-1.0
214.67007	-1.0
214.71164	-1.0
214.7522	-1.0
214.76517	-1.0
214.78868	-1.0
214.8122	-1.0
214.82356	-1.0
214.84271	-1.0
214.88425	-1.0
214.89883	-1.0
214.94183	-1.0
215.0108	-1.0
215.03493	-1.0
215.05704	-1.0
215.10776	-1.0
215.18828	-1.0
215.21132	-1.0
215.25456	-1.0
219.30573	-1.0
219.31628	-1.0
219.33788	1.0
219.36232	-1.0
219.38152	-1.0
219.401	-1.0
219.41753	-1.0
219.43852	-1.0
219.46284	-1.0
219.4792	-1.0
219.48917	-1.0
219.50528	-1.0
219.53069	-1.0
219.5508	-1.0
219.56276	-1.0
219.57408	-1.0
219.5884	-1.0
219.6066	-1.0
219.62268	-1.0
219.63496	-1.0
219.65196	-1.0
219.68376	-1.0
219.70076	-1.0
219.73572	-1.0
219.757	-1.0
219.80736	-1.0
219.832	-1.0
219.85793	-1.0
219.88309	-1.0
219.9122	-1.0
219.94528	-1.0
219.953	-1.0
219.97256	-1.0
219.99773	-1.0
220.0208	-1.0
220.0364	-1.0
220.11516	-1.0
220.13068	-1.0
220.15169	-1.0
220.17404	-1.0
220.19072	-1.0
220.2036	-1.0
220.2276	-1.0
220.239	-1.0
220.282	-1.0
220.32497	-1.0
220.34288	-1.0
220.35936	-1.0
220.37032	-1.0
220.4318	-1.0
220.45076	-1.0
220.48232	-1.0
220.52284	-1.0
220.58876	-1.0
220.63232	-1.0
220.66553	-1.0
220.69205	-1.0
220.71944	-1.0
220.74812	-1.0
220.80336	-1.0
225.27432	-1.0
225.297	-1.0
225.31824	-1.0
225.32208	-1.0
225.33916	-1.0
225.35852	-1.0
225.37436	-1.0
225.40475	-1.0
225.42	-1.0
225.438	-1.0
225.45493	-1.0
225.49124	-1.0
225.51273	-1.0
225.5264	-1.0
225.55824	-1.0
225.57571	-1.0
225.59949	-1.0
225.6336	-1.0
225.64587	-1.0
225.66573	-1.0
225.68932	-1.0
225.70692	-1.0
225.71112	-1.0
225.73	-1.0
225.74277	-1.0
225.75824	-1.0
225.78192	-1.0
225.79993	-1.0
225.82413	-1.0
225.84653	-1.0
225.87044	-1.0
225.88812	-1.0
225.92609	-1.0
225.94267	-1.0
225.99931	-1.0
226.02837	-1.0
226.04643	-1.0
226.0588	-1.0
226.07468	-1.0
226.08292	-1.0
226.11324	-1.0
226.13264	-1.0
226.16136	-1.0
226.19164	-1.0
226.21149	-1.0
226.2314	-1.0
226.2644	-1.0
226.28564	-1.0
226.31032	-1.0
226.38808	-1.0
226.41331	-1.0
226.45468	-1.0
226.4922	-1.0
226.515	-1.0
226.58008	-1.0
226.74484	-1.0
226.8582	-1.0
230.78792	-1.0
230.79976	-1.0
230.81392	-1.0
230.851	-1.0
230.8702	-1.0
230.89217	-1.0
230.91331	-1.0
230.93088	-1.0
230.95624	-1.0
230.97607	-1.0
230.99336	-1.0
231.0076	-1.0
231.02509	-1.0
231.05048	-1.0
231.07512	-1.0
231.08257	-1.0
231.11748	-1.0
231.1496	-1.0
231.16568	-1.0
231.18616	-1.0
231.20424	-1.0
231.23164	-1.0
231.24348	-1.0
231.27509	-1.0
231.306	-1.0
231.32884	-1.0
231.35783	-1.0
231.37752	-1.0
231.40623	-1.0
231.4196	-1.0
231.44765	-1.0
231.46356	-1.0
231.4798	-1.0
231.50632	-1.0
231.53516	-1.0
231.56177	-1.0
231.59264	-1.0
231.62184	-1.0
231.65984	-1.0
231.68704	-1.0
231.71149	-1.0
231.7364	-1.0
231.78404	-1.0
231.81064	-1.0
231.8258	-1.0
231.89172	-1.0
231.92564	-1.0
231.97417	-1.0
231.98907	-1.0
232.01392	-1.0
232.06364	-1.0
232.08524	-1.0
232.1176	-1.0
232.1432	-1.0
236.6214	-1.0
236.62996	-1.0
236.6462	-1.0
236.66171	-1.0
236.6894	1.0
236.73244	-1.0
236.7522	-1.0
236.78772	-1.0
236.81828	-1.0
236.8252	-1.0
236.84196	-1.0
236.8692	-1.0
236.92236	-1.0
236.94383	-1.0
236.959	-1.0
236.9792	-1.0
237.00375	-1.0
237.01357	-1.0
237.03136	-1.0
237.0736	-1.0
237.08812	-1.0
237.11424	-1.0
237.13107	-1.0
237.14876	-1.0
237.17044	-1.0
237.18912	-1.0
237.21951	-1.0
237.26012	-1.0
237.27896	-1.0
237.32484	-1.0
237.35536	-1.0
237.37164	-1.0
237.3992	-1.0
237.42984	-1.0
237.45132	-1.0
237.46648	-1.0
237.546	-1.0
237.57864	-1.0
237.60464	-1.0
237.64932	-1.0
237.69444	-1.0
237.7366	-1.0
237.79044	-1.0
237.82944	-1.0
237.85191	-1.0
237.92175	-1.0
237.9444	-1.0
237.98412	-1.0
238.01604	-1.0
242.1672	-1.0
242.17609	-1.0
242.19392	-1.0
242.22057	-1.0
242.24593	-1.0
242.26044	-1.0
242.27312	-1.0
242.29568	-1.0
242.30844	-1.0
242.33553	-1.0
242.35445	-1.0
242.39308	-1.0
242.4336	-1.0
242.45631	-1.0
242.48276	-1.0
242.50607	-1.0
242.52563	-1.0
242.54512	-1.0
242.55844	-1.0
242.58484	-1.0
242.67715	-1.0
242.69312	-1.0
242.72437	-1.0
242.76115	-1.0
242.79024	-1.0
242.83151	-1.0
242.8762	-1.0
242.93243	-1.0
242.99088	-1.0
243.06113	-1.0
243.07512	-1.0
243.16435	-1.0
243.21864	-1.0
243.26152	-1.0
243.30072	-1.0
243.33096	-1.0
243.35509	-1.0
243.3774	-1.0
243.40868	-1.0
243.45992	-1.0
243.47916	-1.0
243.55247	-1.0
243.58688	-1.0
243.64908	-1.0
248.64188	-1.0
248.64688	-1.0
248.6584	-1.0
248.68073	-1.0
248.7138	-1.0
248.77489	-1.0
248.8084	-1.0
248.82784	-1.0
248.84653	-1.0
248.86696	-1.0
248.88756	-1.0
248.92596	-1.0
248.94965	-1.0
248.96748	-1.0
248.99464	-1.0
249.01848	-1.0
249.0472	-1.0
249.06676	-1.0
249.08304	-1.0
249.11353	-1.0
249.13953	-1.0
249.18004	-1.0
249.2	-1.0
249.22672	-1.0
249.24908	-1.0
249.2702	-1.0
249.29152	-1.0
249.314	-1.0
249.34404	-1.0
249.37024	-1.0
249.3824	-1.0
249.40196	-1.0
249.4372	-1.0
249.45937	-1.0
249.50948	-1.0
249.5532	-1.0
249.57268	-1.0
249.59708	-1.0
249.63092	-1.0
249.68172	-1.0
249.68784	-1.0
249.71088	-1.0
249.73305	-1.0
249.84444	-1.0
249.8862	-1.0
249.91652	-1.0
249.95784	-1.0
250.02477	-1.0
250.0512	-1.0
250.07011	-1.0
250.08904	-1.0
250.14925	-1.0
255.01196	-1.0
255.0268	-1.0
255.04623	-1.0
255.05869	-1.0
255.0682	-1.0
255.08496	-1.0
255.1076	-1.0
255.139	-1.0
255.14204	-1.0
255.21053	-1.0
255.24696	-1.0
255.25829	-1.0
255.28336	-1.0
255.30997	-1.0
255.3264	-1.0
255.35036	-1.0
255.37288	-1.0
255.39207	-1.0
255.4224	-1.0
255.45264	-1.0
255.4838	-1.0
255.5148	-1.0
255.5406	-1.0
255.56288	-1.0
255.5934	-1.0
255.62164	-1.0
255.64636	-1.0
255.66776	-1.0
255.71191	-1.0
255.75037	-1.0
255.76988	-1.0
255.81488	-1.0
255.84528	-1.0
255.87337	-1.0
255.89432	-1.0
255.92397	-1.0
255.94827	-1.0
255.98048	-1.0
256.04883	-1.0
256.09143	-1.0
256.188	-1.0
256.23624	-1.0
256.32767	-1.0
256.40033	-1.0
260.23523	-1.0
260.2599	-1.0
260.28076	-1.0
260.32236	-1.0
260.33643	-1.0
260.35593	-1.0
260.3832	-1.0
260.4015	-1.0
260.4055	-1.0
260.408	-1.0
260.43323	-1.0
260.45773	-1.0
260.4972	-1.0
260.5175	-1.0
260.5292	-1.0
260.55267	-1.0
260.57117	-1.0
260.5934	-1.0
260.61945	-1.0
260.637	-1.0
260.6559	-1.0
260.72556	-1.0
260.75775	-1.0
260.78424	-1.0
260.8001	-1.0
260.82236	-1.0
260.8496	-1.0
260.875	-1.0
260.89093	-1.0
260.9296	-1.0
260.95	-1.0
260.97064	-1.0
261.03516	-1.0
261.07712	-1.0
261.09357	-1.0
261.1147	-1.0
261.19568	-1.0
261.21896	-1.0
261.35303	-1.0
261.39288	-1.0
261.47617	-1.0
261.51636	-1.0
261.5464	-1.0
261.58783	-1.0
261.60464	-1.0
261.6286	-1.0
265.7234	-1.0
265.7492	-1.0
265.76935	-1.0
265.7893	-1.0
265.80325	-1.0
265.82092	-1.0
265.84775	-1.0
265.87863	-1.0
265.89923	-1.0
265.92413	-1.0
265.96832	-1.0
265.98105	-1.0
266.01785	-1.0
266.04285	-1.0
266.07312	-1.0
266.08664	-1.0
266.10983	-1.0
266.12375	-1.0
266.15823	-1.0
266.17673	-1.0
266.19775	-1.0
266.282	-1.0
266.2967	-1.0
266.35825	-1.0
266.39523	-1.0
266.41333	-1.0
266.4665	-1.0
266.48053	-1.0
266.50665	-1.0
266.5632	-1.0
266.57867	-1.0
266.59265	-1.0
266.65637	-1.0
266.70963	-1.0
266.7418	-1.0
266.7854	-1.0
266.83157	-1.0
266.84207	-1.0
266.8621	-1.0
266.89233	-1.0
266.9273	-1.0
266.9626	-1.0
267.01816	-1.0
267.03552	-1.0
267.09055	-1.0
271.2632	-1.0
271.2828	-1.0
271.2931	-1.0
271.32715	-1.0
271.34784	-1.0
271.37143	-1.0
271.41177	-1.0
271.432	-1.0
271.464	-1.0
271.4815	-1.0
271.50476	-1.0
271.52863	-1.0
271.54404	-1.0
271.56473	-1.0
271.584	-1.0
271.61267	-1.0
271.64737	-1.0
271.6661	-1.0
271.68863	-1.0
271.7123	-1.0
271.7433	-1.0
271.7819	-1.0
271.80988	-1.0
271.8324	-1.0
271.8652	-1.0
271.88324	-1.0
271.90067	-1.0
271.9254	-1.0
271.96393	-1.0
271.9788	-1.0
272.01465	-1.0
272.04135	-1.0
272.07135	-1.0
272.099	-1.0
272.12677	-1.0
272.2073	-1.0
272.2486	-1.0
272.31165	-1.0
272.35223	-1.0
274.84003	-1.0
274.8564	-1.0
274.87204	-1.0
274.89136	-1.0
274.92444	-1.0
274.95776	-1.0
274.99316	-1.0
275.01627	-1.0
275.03424	-1.0
275.06445	-1.0
275.09012	-1.0
275.11383	-1.0
275.1308	-1.0
275.16327	-1.0
275.18887	-1.0
275.21045	-1.0
275.23727	-1.0
275.25876	-1.0
275.27325	-1.0
275.3016	-1.0
275.3285	-1.0
275.355	-1.0
275.37595	-1.0
275.41348	-1.0
275.43872	-1.0
275.4558	-1.0
275.4786	-1.0
275.512	-1.0
275.53708	-1.0
275.5682	-1.0
275.59225	-1.0
275.61	-1.0
275.6362	-1.0
275.65787	-1.0
275.69717	-1.0
275.71823	-1.0
275.76547	-1.0
275.8048	-1.0
275.82184	-1.0
275.8472	-1.0
275.87967	-1.0
275.8943	-1.0
275.91672	-1.0
275.9445	-1.0
275.98715	-1.0
276.00977	-1.0
276.04263	-1.0
276.1046	-1.0
281.3865	-1.0
281.39685	-1.0
281.42755	-1.0
281.45633	-1.0
281.46368	1.0
281.48364	-1.0
281.50452	-1.0
281.54205	-1.0
281.56763	-1.0
281.60648	-1.0
281.62103	-1.0
281.63303	-1.0
281.6546	-1.0
281.68927	-1.0
281.7308	-1.0
281.7754	-1.0
281.80408	-1.0
281.834	-1.0
281.8593	-1.0
281.88474	-1.0
281.92004	-1.0
281.94308	-1.0
281.96573	-1.0
281.98288	-1.0
282.0316	-1.0
282.0892	-1.0
282.111	-1.0
282.13593	-1.0
282.17444	-1.0
282.20657	-1.0
282.29016	-1.0
282.4002	-1.0
282.43713	-1.0
282.4759	-1.0
282.5314	-1.0
282.58536	-1.0
282.6389	-1.0
282.67307	-1.0
286.4159	-1.0
286.44373	-1.0
286.49017	-1.0
286.51337	-1.0
286.546	-1.0
286.56287	-1.0
286.59903	-1.0
286.6273	-1.0
286.6554	-1.0
286.66907	-1.0
286.68695	-1.0
286.7068	-1.0
286.7294	-1.0
286.74557	-1.0
286.7931	-1.0
286.831	-1.0
286.85236	-1.0
286.87335	-1.0
286.8956	-1.0
286.91284	-1.0
286.93964	-1.0
286.95108	-1.0
286.97318	-1.0
286.99277	-1.0
287.03952	-1.0
287.0782	-1.0
287.1057	-1.0
287.17847	-1.0
287.23383	-1.0
287.24863	-1.0
287.29532	-1.0
287.3442	-1.0
287.35684	-1.0
287.37973	-1.0
287.4475	-1.0
287.47427	-1.0
287.50775	-1.0
287.55063	-1.0
287.57123	-1.0
287.60748	-1.0
287.63803	-1.0
289.9969	-1.0
290.01663	-1.0
290.03052	-1.0
290.04288	-1.0
290.05704	-1.0
290.08704	-1.0
290.10855	-1.0
290.1242	-1.0
290.16644	-1.0
290.18295	-1.0
290.22025	-1.0
290.25705	-1.0
290.27737	-1.0
290.31116	-1.0
290.3394	-1.0
290.35065	-1.0
290.37152	-1.0
290.39877	-1.0
290.43097	-1.0
290.47055	-1.0
290.49353	-1.0
290.5157	-1.0
290.53653	-1.0
290.5464	-1.0
290.56635	-1.0
290.58163	-1.0
290.63824	-1.0
290.67188	-1.0
290.698	-1.0
290.7286	-1.0
290.7638	-1.0
290.7859	-1.0
290.8286	-1.0
290.8478	-1.0
290.87097	-1.0
290.89032	-1.0
290.91193	-1.0
290.95175	-1.0
290.95956	-1.0
290.97113	-1.0
291.0337	-1.0
291.0568	-1.0
291.08603	-1.0
291.1408	-1.0
291.1756	-1.0
295.45377	-1.0
295.46777	-1.0
295.48685	-1.0
295.5066	-1.0
295.5306	-1.0
295.56125	-1.0
295.59424	1.0
295.6132	-1.0
295.6343	-1.0
295.66043	-1.0
295.6946	-1.0
295.7134	-1.0
295.7589	-1.0
295.7786	-1.0
295.80597	-1.0
295.8284	-1.0
295.86157	-1.0
295.8866	-1.0
295.9246	-1.0
295.9688	-1.0
295.99854	-1.0
296.03195	-1.0
296.0613	-1.0
296.08063	-1.0
296.14032	-1.0
296.145	-1.0
296.18417	-1.0
296.20773	-1.0
296.24417	-1.0
296.25876	-1.0
296.29288	-1.0
296.35938	-1.0
296.4102	-1.0
296.43958	-1.0
296.48636	-1.0
296.50296	-1.0
296.64517	-1.0
300.39465	-1.0
300.4246	-1.0
300.44662	-1.0
300.4708	-1.0
300.4904	-1.0
300.50296	-1.0
300.53152	-1.0
300.5645	-1.0
300.56967	-1.0
300.6084	-1.0
300.64105	-1.0
300.66745	-1.0
300.73376	-1.0
300.76285	-1.0
300.78912	-1.0
300.8081	-1.0
300.8266	-1.0
300.84705	-1.0
300.87604	-1.0
300.89917	-1.0
300.9257	-1.0
300.94235	-1.0
300.9662	-1.0
301.00064	-1.0
301.0357	-1.0
301.06793	-1.0
301.08704	-1.0
301.10803	-1.0
301.14767	-1.0
301.24976	-1.0
301.32	-1.0
301.36697	-1.0
301.41727	-1.0
301.45447	-1.0
301.54443	-1.0
305.45917	-1.0
305.4816	-1.0
305.50003	-1.0
305.51144	-1.0
305.52945	-1.0
305.5439	-1.0
305.5821	-1.0
305.59732	-1.0
305.63828	-1.0
305.6775	-1.0
305.6931	-1.0
305.73795	-1.0
305.7604	-1.0
305.78784	-1.0
305.8529	-1.0
305.87766	-1.0
305.8878	-1.0
305.91302	-1.0
305.9503	-1.0
305.98853	-1.0
306.0272	-1.0
306.0652	-1.0
306.10037	-1.0
306.1324	-1.0
306.14145	-1.0
306.1632	-1.0
306.2313	-1.0
306.24963	-1.0
306.26996	-1.0
306.33707	-1.0
306.36197	-1.0
306.3925	-1.0
306.41443	-1.0
306.44995	-1.0
306.47665	-1.0
306.57983	-1.0
306.62604	-1.0
306.6733	-1.0
310.23672	-1.0
310.2544	-1.0
310.26944	-1.0
310.2984	-1.0
310.321	-1.0
310.3419	-1.0
310.36328	-1.0
310.3881	-1.0
310.41248	-1.0
310.42984	-1.0
310.4444	-1.0
310.48715	-1.0
310.5126	-1.0
310.52612	-1.0
310.5613	-1.0
310.57635	-1.0
310.5966	-1.0
310.64905	-1.0
310.701	-1.0
310.71643	-1.0
310.7486	-1.0
310.7706	-1.0
310.7885	-1.0
310.8256	-1.0
310.85077	-1.0
310.92255	-1.0
310.94556	-1.0
310.96423	-1.0
310.97964	-1.0
311.02753	-1.0
311.04855	-1.0
311.07156	-1.0
311.10367	-1.0
311.11832	-1.0
311.14972	-1.0
311.18585	-1.0
311.2339	-1.0
315.8902	-1.0
315.9102	-1.0
315.93384	-1.0
315.96643	-1.0
316.00143	-1.0
316.01337	-1.0
316.03976	-1.0
316.06393	-1.0
316.08417	-1.0
316.13467	-1.0
316.16385	-1.0
316.19553	-1.0
316.21725	-1.0
316.2361	-1.0
316.2603	-1.0
316.28415	-1.0
316.30508	-1.0
316.32507	-1.0
316.3544	-1.0
316.3734	-1.0
316.39493	-1.0
316.42508	-1.0
316.50577	-1.0
316.54312	-1.0
316.56583	-1.0
316.59775	-1.0
316.64905	-1.0
316.6809	-1.0
316.70435	-1.0
316.77628	-1.0
316.85468	-1.0
316.89713	-1.0
316.92633	-1.0
316.96185	-1.0
321.0016	-1.0
321.03476	-1.0
321.05307	-1.0
321.0707	-1.0
321.1036	-1.0
321.16037	-1.0
321.17215	-1.0
321.1986	-1.0
321.2209	-1.0
321.23315	-1.0
321.25443	-1.0
321.27383	-1.0
321.30328	-1.0
321.33276	-1.0
321.40353	-1.0
321.42145	-1.0
321.44113	-1.0
321.46115	-1.0
321.4771	-1.0
321.49854	-1.0
321.5157	-1.0
321.53973	-1.0
321.56448	-1.0
321.5877	-1.0
321.63177	-1.0
321.66055	-1.0
321.68024	-1.0
321.7188	-1.0
321.7909	-1.0
321.82535	-1.0
321.9109	-1.0
321.93048	-1.0
321.99976	-1.0
322.02188	-1.0
322.08725	-1.0
325.9503	-1.0
325.96487	-1.0
325.9782	-1.0
325.99933	-1.0
326.03595	-1.0
326.06915	-1.0
326.1022	-1.0
326.1247	1.0
326.1624	-1.0
326.182	-1.0
326.2275	-1.0
326.24908	-1.0
326.2802	-1.0
326.33432	-1.0
326.35727	-1.0
326.3737	-1.0
326.39285	-1.0
326.4127	-1.0
326.42496	-1.0
326.48477	-1.0
326.5112	-1.0
326.53955	-1.0
326.58655	-1.0
326.60303	-1.0
326.65305	-1.0
326.677	-1.0
326.6864	-1.0
326.71017	-1.0
326.74316	-1.0
326.75717	-1.0
326.7838	-1.0
326.81308	-1.0
326.84473	-1.0
326.8716	-1.0
326.8961	-1.0
326.93152	-1.0
326.97745	-1.0
327.0295	-1.0
327.04813	-1.0
327.11023	-1.0
327.1814	-1.0
331.8296	-1.0
331.85947	-1.0
331.89035	-1.0
331.92313	-1.0
331.94873	-1.0
331.98773	-1.0
332.0088	-1.0
332.03235	-1.0
332.05856	-1.0
332.06927	-1.0
332.09433	-1.0
332.1308	-1.0
332.15097	-1.0
332.17468	-1.0
332.20737	-1.0
332.24457	-1.0
332.28537	-1.0
332.3068	-1.0
332.3426	-1.0
332.3946	-1.0
332.44232	-1.0
332.46753	-1.0
332.49493	-1.0
332.5768	-1.0
332.61313	-1.0
332.62155	-1.0
332.66367	-1.0
332.68945	-1.0
332.73737	-1.0
332.7802	-1.0
332.83188	-1.0
332.89163	-1.0
338.19373	-1.0
338.22787	-1.0
338.24445	-1.0
338.25836	-1.0
338.28693	-1.0
338.303	-1.0
338.32208	-1.0
338.35843	-1.0
338.38852	-1.0
338.42575	-1.0
338.4644	-1.0
338.48764	-1.0
338.51807	-1.0
338.55496	-1.0
338.5995	-1.0
338.6188	-1.0
338.6451	-1.0
338.6793	-1.0
338.70557	-1.0
338.7486	-1.0
338.78717	-1.0
338.8226	-1.0
338.861	-1.0
338.90344	-1.0
338.92877	-1.0
338.96487	-1.0
338.98257	-1.0
339.0448	-1.0
339.07867	-1.0
339.12637	-1.0
339.17776	-1.0
339.24844	-1.0
339.28064	-1.0
343.24744	-1.0
343.271	-1.0
343.35883	-1.0
343.37277	-1.0
343.41263	-1.0
343.4575	-1.0
343.47073	-1.0
343.4945	-1.0
343.50555	-1.0
343.5373	-1.0
343.56464	-1.0
343.6053	-1.0
343.63672	-1.0
343.67667	-1.0
343.69507	-1.0
343.7168	-1.0
343.75266	-1.0
343.78137	-1.0
343.8186	-1.0
343.89456	-1.0
343.9506	-1.0
343.98627	-1.0
344.03592	-1.0
344.126	-1.0
348.62192	-1.0
348.6325	-1.0
348.6688	-1.0
348.7017	-1.0
348.72076	-1.0
348.74155	-1.0
348.76315	-1.0
348.78384	-1.0
348.79803	-1.0
348.8091	-1.0
348.8325	-1.0
348.8466	-1.0
348.87277	-1.0
348.9122	-1.0
348.9404	-1.0
348.96323	-1.0
348.9943	-1.0
349.03387	-1.0
349.10095	-1.0
349.21344	-1.0
349.3066	-1.0
349.31573	-1.0
349.4269	-1.0
349.4798	-1.0
349.5098	-1.0
349.53555	-1.0
349.59048	-1.0
349.62845	-1.0
349.66357	-1.0
353.60864	-1.0
353.63608	-1.0
353.66348	-1.0
353.68137	-1.0
353.69888	-1.0
353.7402	-1.0
353.77335	-1.0
353.78973	-1.0
353.81183	-1.0
353.86157	-1.0
353.92065	-1.0
353.95865	-1.0
354.00854	-1.0
354.0536	-1.0
354.06375	-1.0
354.0789	-1.0
354.09317	-1.0
354.11807	-1.0
354.2443	-1.0
354.29312	-1.0
354.36032	-1.0
354.37888	-1.0
354.41324	-1.0
354.43	-1.0
354.4537	-1.0
354.47913	-1.0
354.50107	-1.0
354.54163	-1.0
354.5623	-1.0
354.5793	-1.0
354.60583	-1.0
354.63373	-1.0
354.65244	-1.0
354.6974	-1.0
354.7183	-1.0
354.76328	-1.0
354.79767	-1.0
354.82703	-1.0
358.38428	-1.0
358.40332	-1.0
358.42145	-1.0
358.44965	-1.0
358.47513	-1.0
358.5086	-1.0
358.54227	-1.0
358.58252	-1.0
358.6097	-1.0
358.6993	-1.0
358.73032	-1.0
358.76443	-1.0
358.7854	-1.0
358.8207	-1.0
358.883	-1.0
358.91025	-1.0
358.95004	-1.0
358.96396	-1.0
359.00555	-1.0
359.0236	-1.0
359.04257	-1.0
359.0775	-1.0
359.10153	-1.0
359.14865	-1.0
359.20212	-1.0
359.23373	-1.0
359.2649	-1.0
359.2852	-1.0
359.3747	-1.0
363.45987	-1.0
363.47513	-1.0
363.48685	-1.0
363.51596	-1.0
363.52832	-1.0
363.55957	-1.0
363.58047	-1.0
363.59116	1.0
363.606	-1.0
363.63068	-1.0
363.64856	-1.0
363.66797	-1.0
363.6942	-1.0
363.728	-1.0
363.76315	-1.0
363.7822	-1.0
363.82605	-1.0
363.8514	-1.0
363.88995	-1.0
363.8984	-1.0
363.91525	-1.0
363.92343	-1.0
363.9426	-1.0
363.9798	-1.0
363.99704	-1.0
364.03915	-1.0
364.05588	-1.0
364.09024	-1.0
364.12625	-1.0
364.15405	-1.0
364.20657	-1.0
364.2792	-1.0
364.30527	-1.0
364.34625	-1.0
364.37143	-1.0
364.42117	-1.0
364.45044	-1.0
364.50772	-1.0
364.54056	-1.0
364.57895	-1.0
368.42136	-1.0
368.44373	-1.0
368.45572	-1.0
368.4722	-1.0
368.48813	-1.0
368.50412	-1.0
368.51495	-1.0
368.52597	-1.0
368.5439	-1.0
368.5797	-1.0
368.65387	-1.0
368.68887	-1.0
368.7223	-1.0
368.74216	-1.0
368.77704	-1.0
368.80884	-1.0
368.82797	-1.0
368.84256	-1.0
368.88785	-1.0
368.9091	-1.0
368.95053	-1.0
368.98248	-1.0
369.00757	-1.0
369.0467	-1.0
369.06375	-1.0
369.1018	-1.0
369.1443	-1.0
369.18417	-1.0
369.20676	-1.0
369.25085	-1.0
369.29944	-1.0
369.3339	-1.0
369.35675	-1.0
373.1576	-1.0
373.1801	-1.0
373.19577	-1.0
373.2195	-1.0
373.23453	-1.0
373.2488	-1.0
373.259	-1.0
373.2711	-1.0
373.2893	-1.0
373.29904	-1.0
373.32053	-1.0
373.33124	-1.0
373.4336	-1.0
373.4441	-1.0
373.46567	-1.0
373.4916	-1.0
373.50656	-1.0
373.5367	-1.0
373.57993	-1.0
373.61227	-1.0
373.64172	-1.0
373.65756	-1.0
373.6862	-1.0
373.709	-1.0
373.73135	-1.0
373.76013	-1.0
373.78833	-1.0
373.79712	-1.0
373.82236	-1.0
373.83286	-1.0
373.853	-1.0
373.87173	-1.0
373.90033	-1.0
373.9275	-1.0
373.94675	-1.0
373.96268	-1.0
373.99963	-1.0
374.0638	-1.0
374.09457	-1.0
374.15393	-1.0
374.18637	-1.0
378.02164	-1.0
378.0374	-1.0
378.07233	-1.0
378.09225	-1.0
378.1042	-1.0
378.1212	-1.0
378.13153	-1.0
378.13687	-1.0
378.14987	-1.0
378.16452	-1.0
378.18304	-1.0
378.20343	-1.0
378.2534	-1.0
378.27176	-1.0
378.3146	-1.0
378.34576	-1.0
378.3716	-1.0
378.3965	-1.0
378.4355	-1.0
378.46613	-1.0
378.50372	-1.0
378.52203	-1.0
378.5358	-1.0
378.56064	-1.0
378.5708	-1.0
378.5763	-1.0
378.58875	-1.0
378.622	-1.0
378.67056	-1.0
378.7216	-1.0
378.77277	-1.0
378.807	-1.0
378.84485	-1.0
378.87244	-1.0
378.90027	-1.0
383.05536	-1.0
383.07104	-1.0
383.10495	-1.0
383.11203	-1.0
383.11957	-1.0
383.1229	-1.0
383.13065	-1.0
383.14105	-1.0
383.1534	-1.0
383.17865	-1.0
383.20065	-1.0
383.24387	-1.0
383.2622	-1.0
383.30072	-1.0
383.30936	-1.0
383.32327	-1.0
383.35553	-1.0
383.36472	1.0
383.37616	-1.0
383.40176	-1.0
383.4292	-1.0
383.4414	-1.0
383.4593	-1.0
383.47977	-1.0
383.50317	-1.0
383.51324	-1.0
383.54187	-1.0
383.55267	-1.0
383.55768	-1.0
383.57413	-1.0
383.58243	-1.0
383.6108	-1.0
383.63187	-1.0
383.65375	-1.0
383.69296	-1.0
383.7118	-1.0
383.73312	-1.0
383.74155	-1.0
383.76212	-1.0
383.78183	-1.0
383.80988	-1.0
383.836	-1.0
383.86072	-1.0
383.88428	-1.0
383.90695	-1.0
383.92804	-1.0
383.94537	-1.0
383.96533	-1.0
383.99973	-1.0
384.09732	-1.0
384.12903	-1.0
384.16553	-1.0
388.05252	-1.0
388.07385	-1.0
388.0933	-1.0
388.10913	-1.0
388.12415	-1.0
388.13693	-1.0
388.15015	-1.0
388.16116	1.0
388.1729	-1.0
388.19485	-1.0
388.21875	-1.0
388.23648	-1.0
388.27487	-1.0
388.29413	-1.0
388.31076	-1.0
388.33353	-1.0
388.3633	-1.0
388.38925	-1.0
388.40027	-1.0
388.4087	-1.0
388.42236	-1.0
388.43903	-1.0
388.46783	-1.0
388.49875	-1.0
388.50516	-1.0
388.52652	-1.0
388.55435	-1.0
388.56995	-1.0
388.58408	-1.0
388.591	-1.0
388.60904	-1.0
388.6234	-1.0
388.63428	-1.0
388.65604	-1.0
388.69263	-1.0
388.71432	-1.0
388.83713	-1.0
388.88232	-1.0
388.90527	-1.0
388.93057	-1.0
388.98264	-1.0
389.02213	-1.0
389.0923	-1.0
392.7868	-1.0
392.80185	-1.0
392.8097	-1.0
392.8336	-1.0
392.85373	-1.0
392.86707	-1.0
392.87683	-1.0
392.88773	-1.0
392.89227	-1.0
392.89587	-1.0
392.9132	-1.0
392.92163	-1.0
392.92947	-1.0
392.93552	-1.0
392.95892	-1.0
392.99716	-1.0
393.01413	-1.0
393.04132	-1.0
393.06485	-1.0
393.0908	-1.0
393.1456	-1.0
393.1509	-1.0
393.17117	-1.0
393.18185	-1.0
393.21997	-1.0
393.24487	-1.0
393.26984	-1.0
393.28104	-1.0
393.30692	-1.0
393.32108	-1.0
393.36087	-1.0
393.36975	-1.0
393.3919	-1.0
393.3956	-1.0
393.43143	-1.0
393.45816	-1.0
393.51315	-1.0
393.5456	-1.0
393.5895	-1.0
393.60184	-1.0
393.6278	-1.0
393.64404	-1.0
393.67404	-1.0
393.7006	-1.0
393.7084	-1.0
393.72403	-1.0
393.74487	-1.0
393.78128	-1.0
393.7997	-1.0
393.83752	-1.0
397.2182	-1.0
397.2364	-1.0
397.25464	-1.0
397.26428	-1.0
397.27353	-1.0
397.28055	-1.0
397.28696	-1.0
397.29477	-1.0
397.30203	-1.0
397.30908	-1.0
397.31647	-1.0
397.33917	-1.0
397.35284	-1.0
397.38992	-1.0
397.40237	-1.0
397.41855	-1.0
397.451	-1.0
397.4695	-1.0
397.49603	-1.0
397.51852	-1.0
397.52405	-1.0
397.5346	-1.0
397.5596	-1.0
397.5726	-1.0
397.58295	-1.0
397.58548	-1.0
397.6031	-1.0
397.61053	-1.0
397.62427	-1.0
397.6476	-1.0
397.6624	-1.0
397.6808	-1.0
397.7094	-1.0
397.72607	-1.0
397.7326	-1.0
397.81656	-1.0
397.84628	-1.0
397.90085	-1.0
397.9239	-1.0
397.96976	-1.0
398.0188	-1.0
398.0497	-1.0
402.1193	-1.0
402.13757	-1.0
402.15503	-1.0
402.16785	-1.0
402.1757	-1.0
402.18207	-1.0
402.18884	-1.0
402.19736	-1.0
402.20813	-1.0
402.21735	-1.0
402.22772	-1.0
402.24673	-1.0
402.2679	-1.0
402.28076	-1.0
402.29877	-1.0
402.32788	-1.0
402.34845	-1.0
402.35864	-1.0
402.37936	-1.0
402.4105	-1.0
402.42575	-1.0
402.4442	-1.0
402.45053	-1.0
402.4606	-1.0
402.4754	-1.0
402.49136	-1.0
402.50256	-1.0
402.51248	-1.0
402.5739	-1.0
402.58286	-1.0
402.5897	-1.0
402.59872	-1.0
402.60477	-1.0
402.623	-1.0
402.64444	-1.0
402.65225	-1.0
402.663	-1.0
402.68356	-1.0
402.68616	-1.0
402.72797	-1.0
402.7442	-1.0
402.77875	-1.0
402.7817	-1.0
402.82672	-1.0
402.86176	-1.0
402.8924	-1.0
402.94672	-1.0
403.05673	-1.0
403.10828	-1.0
407.4387	-1.0
407.4493	-1.0
407.46344	-1.0
407.47433	-1.0
407.48517	-1.0
407.49316	-1.0
407.5023	-1.0
407.50735	-1.0
407.51413	-1.0
407.52444	-1.0
407.53024	-1.0
407.53616	-1.0
407.55536	-1.0
407.57556	-1.0
407.59012	-1.0
407.6046	-1.0
407.61563	-1.0
407.6316	-1.0
407.64316	-1.0
407.65848	-1.0
407.67715	-1.0
407.69415	-1.0
407.70505	-1.0
407.7237	-1.0
407.74304	-1.0
407.75854	-1.0
407.7762	-1.0
407.80313	-1.0
407.81332	-1.0
407.83148	-1.0
407.86115	-1.0
407.8998	-1.0
407.917	-1.0
407.9312	-1.0
407.9594	-1.0
407.97256	-1.0
407.99268	-1.0
408.0095	-1.0
408.0381	-1.0
408.0704	-1.0
408.07785	-1.0
408.10663	-1.0
408.12112	-1.0
408.12363	-1.0
408.13583	-1.0
408.15836	-1.0
408.20233	-1.0
408.24332	-1.0
408.27243	-1.0
411.78247	-1.0
411.79657	-1.0
411.80325	-1.0
411.8154	-1.0
411.82333	-1.0
411.8304	-1.0
411.83948	-1.0
411.84372	-1.0
411.8492	-1.0
411.86148	-1.0
411.86993	-1.0
411.89056	-1.0
411.89987	-1.0
411.93073	-1.0
411.9449	-1.0
411.95703	-1.0
411.98172	-1.0
411.99945	-1.0
412.0229	-1.0
412.03387	-1.0
412.05203	-1.0
412.07135	-1.0
412.08923	-1.0
412.1048	-1.0
412.1252	-1.0
412.14423	-1.0
412.15485	-1.0
412.1698	-1.0
412.18515	-1.0
412.19797	-1.0
412.20804	-1.0
412.2119	-1.0
412.23785	-1.0
412.2594	-1.0
412.27527	-1.0
412.30716	-1.0
412.3184	-1.0
412.36908	-1.0
412.3863	-1.0
412.39816	-1.0
412.416	-1.0
412.4904	-1.0
412.49948	-1.0
412.65073	-1.0
412.7204	-1.0
412.75583	-1.0
416.6108	-1.0
416.62155	-1.0
416.62756	-1.0
416.63068	-1.0
416.64005	-1.0
416.65045	-1.0
416.65488	-1.0
416.66992	-1.0
416.69345	-1.0
416.7046	-1.0
416.71124	-1.0
416.7158	-1.0
416.7264	-1.0
416.73737	-1.0
416.76248	-1.0
416.77396	-1.0
416.79535	-1.0
416.81467	-1.0
416.8293	-1.0
416.835	-1.0
416.8598	-1.0
416.86685	-1.0
416.8709	-1.0
416.8911	-1.0
416.90228	-1.0
416.9185	-1.0
416.9378	-1.0
416.9543	-1.0
416.95737	-1.0
416.96896	-1.0
416.98575	-1.0
416.99512	-1.0
417.019	-1.0
417.04224	-1.0
417.08224	-1.0
417.08563	-1.0
417.10712	-1.0
417.12753	-1.0
417.15408	-1.0
417.16028	-1.0
417.1753	-1.0
417.19955	-1.0
417.2274	-1.0
417.26035	-1.0
417.26437	-1.0
417.31464	-1.0
417.32468	-1.0
417.382	-1.0
417.41885	-1.0
417.44308	-1.0
417.4475	-1.0
417.497	-1.0
417.53152	-1.0
421.27344	-1.0
421.28976	-1.0
421.30237	-1.0
421.3069	-1.0
421.31116	-1.0
421.31567	-1.0
421.32532	-1.0
421.33295	-1.0
421.33856	-1.0
421.36856	-1.0
421.37115	-1.0
421.37933	-1.0
421.42624	-1.0
421.4417	-1.0
421.45767	-1.0
421.4685	-1.0
421.474	-1.0
421.4798	-1.0
421.49527	-1.0
421.50003	-1.0
421.50687	-1.0
421.51297	-1.0
421.52457	-1.0
421.53616	-1.0
421.5457	-1.0
421.5685	-1.0
421.5854	-1.0
421.6156	-1.0
421.63144	-1.0
421.6511	-1.0
421.66028	-1.0
421.6739	-1.0
421.69727	-1.0
421.7002	-1.0
421.73376	-1.0
421.7364	-1.0
421.7542	-1.0
421.7639	-1.0
421.7836	-1.0
421.79993	-1.0
421.816	-1.0
421.8607	-1.0
421.86636	-1.0
421.89688	-1.0
421.91724	-1.0
421.9294	-1.0
421.95416	-1.0
421.97235	-1.0
422.07257	-1.0
422.07544	-1.0
422.15265	-1.0
425.68335	-1.0
425.69724	-1.0
425.7119	-1.0
425.7172	-1.0
425.72107	-1.0
425.72397	-1.0
425.73285	-1.0
425.73715	-1.0
425.74017	-1.0
425.74896	-1.0
425.7635	-1.0
425.77332	-1.0
425.7874	-1.0
425.8052	-1.0
425.81604	-1.0
425.8323	-1.0
425.849	-1.0
425.85733	-1.0
425.86627	-1.0
425.86893	-1.0
425.88995	-1.0
425.89932	-1.0
425.9159	-1.0
425.93576	-1.0
425.9459	-1.0
425.96143	-1.0
425.98856	-1.0
426.01428	-1.0
426.01984	-1.0
426.04544	-1.0
426.07013	-1.0
426.07684	-1.0
426.08765	-1.0
426.09827	-1.0
426.1141	-1.0
426.12476	-1.0
426.1602	-1.0
426.1628	-1.0
426.18192	-1.0
426.20364	-1.0
426.25473	-1.0
426.27493	-1.0
426.28833	-1.0
426.30792	-1.0
426.33868	-1.0
426.39435	-1.0
426.42325	-1.0
426.46548	-1.0
426.5012	-1.0
426.52277	-1.0
426.62927	-1.0
426.69525	-1.0
429.63345	-1.0
429.64594	-1.0
429.65616	-1.0
429.66373	-1.0
429.67273	-1.0
429.67767	-1.0
429.68207	-1.0
429.69052	-1.0
429.70193	-1.0
429.7198	-1.0
429.73773	-1.0
429.7476	-1.0
429.76328	-1.0
429.77057	-1.0
429.79047	-1.0
429.80096	-1.0
429.80835	-1.0
429.8187	-1.0
429.82797	-1.0
429.846	-1.0
429.8657	-1.0
429.877	-1.0
429.92093	-1.0
429.926	-1.0
429.9378	-1.0
429.9556	-1.0
429.9774	-1.0
429.9888	-1.0
429.99756	-1.0
430.02124	-1.0
430.03217	-1.0
430.04056	-1.0
430.06628	-1.0
430.0815	-1.0
430.09064	-1.0
430.0971	-1.0
430.15372	-1.0
430.1714	-1.0
430.1963	-1.0
430.2078	-1.0
430.2206	-1.0
430.24072	-1.0
430.25827	-1.0
430.2907	-1.0
430.3426	-1.0
430.40967	-1.0
430.4552	-1.0
433.63766	-1.0
433.65173	-1.0
433.6667	-1.0
433.6773	-1.0
433.6842	-1.0
433.6892	-1.0
433.70044	-1.0
433.70776	-1.0
433.7191	-1.0
433.72635	-1.0
433.7423	-1.0
433.7452	-1.0
433.74948	-1.0
433.7692	-1.0
433.78796	-1.0
433.80188	-1.0
433.82043	-1.0
433.83347	-1.0
433.83633	-1.0
433.8459	-1.0
433.8655	-1.0
433.87576	-1.0
433.88525	-1.0
433.89844	-1.0
433.90515	-1.0
433.92627	-1.0
433.94424	-1.0
433.96515	-1.0
433.9828	-1.0
433.99823	-1.0
434.0135	-1.0
434.0238	-1.0
434.0298	-1.0
434.04184	-1.0
434.05627	-1.0
434.07327	-1.0
434.0855	-1.0
434.1044	-1.0
434.12393	-1.0
434.13916	-1.0
434.16504	-1.0
434.21436	-1.0
434.2352	-1.0
434.2831	-1.0
434.29117	-1.0
434.31824	-1.0
434.3687	-1.0
434.39893	-1.0
434.41025	-1.0
434.53357	-1.0
437.44983	-1.0
437.46603	-1.0
437.47995	-1.0
437.48804	-1.0
437.49548	-1.0
437.49887	-1.0
437.50516	-1.0
437.51367	-1.0
437.5188	-1.0
437.5309	-1.0
437.536	-1.0
437.54105	-1.0
437.55737	-1.0
437.5652	-1.0
437.56808	-1.0
437.584	-1.0
437.595	-1.0
437.60284	-1.0
437.6197	-1.0
437.64047	-1.0
437.6526	-1.0
437.66867	-1.0
437.687	-1.0
437.71072	-1.0
437.7155	-1.0
437.74332	-1.0
437.75925	-1.0
437.7796	-1.0
437.81232	-1.0
437.83432	-1.0
437.837	-1.0
437.84384	-1.0
437.85977	-1.0
437.881	-1.0
437.88983	-1.0
437.9064	-1.0
437.91977	-1.0
437.9255	-1.0
437.93448	-1.0
437.95065	-1.0
437.9696	-1.0
437.98004	-1.0
438.02197	-1.0
438.03802	-1.0
438.04224	-1.0
438.08432	-1.0
438.12585	-1.0
438.13492	-1.0
438.16504	-1.0
438.19348	-1.0
438.2491	-1.0
442.45584	-1.0
442.46884	-1.0
442.47937	-1.0
442.4889	-1.0
442.49637	-1.0
442.50485	-1.0
442.5091	-1.0
442.513	-1.0
442.51767	-1.0
442.5318	-1.0
442.53656	-1.0
442.542	-1.0
442.5528	-1.0
442.5633	-1.0
442.57352	-1.0
442.58105	-1.0
442.59427	-1.0
442.60104	-1.0
442.60397	-1.0
442.61615	-1.0
442.62732	-1.0
442.64087	-1.0
442.64603	-1.0
442.66064	-1.0
442.66727	-1.0
442.67935	-1.0
442.69687	-1.0
442.70255	-1.0
442.72015	-1.0
442.72604	-1.0
442.74268	-1.0
442.75	-1.0
442.77023	-1.0
442.77643	-1.0
442.78644	-1.0
442.7926	-1.0
442.80896	-1.0
442.8185	-1.0
442.8378	-1.0
442.84497	-1.0
442.85364	-1.0
442.8659	-1.0
442.88425	-1.0
442.8961	-1.0
442.9096	-1.0
442.9275	-1.0
442.96027	-1.0
442.9744	-1.0
443.00677	-1.0
443.03036	-1.0
443.05463	-1.0
443.0941	-1.0
443.13425	-1.0
443.15677	-1.0
443.16873	-1.0
443.2428	-1.0
443.26144	-1.0
443.28976	-1.0
443.33286	-1.0
443.35495	-1.0
446.33005	-1.0
446.34543	-1.0
446.36548	-1.0
446.36945	-1.0
446.3742	-1.0
446.37827	-1.0
446.38687	-1.0
446.40384	-1.0
446.4074	-1.0
446.41028	1.0
446.4219	-1.0
446.43515	-1.0
446.45117	-1.0
446.4573	-1.0
446.46893	-1.0
446.4829	-1.0
446.48593	-1.0
446.50156	-1.0
446.51553	-1.0
446.53552	-1.0
446.55835	-1.0
446.56815	-1.0
446.58948	-1.0
446.60004	-1.0
446.62234	-1.0
446.63153	-1.0
446.6344	-1.0
446.67056	-1.0
446.67432	-1.0
446.69995	-1.0
446.71484	-1.0
446.72052	-1.0
446.73105	-1.0
446.7459	-1.0
446.76117	-1.0
446.7667	-1.0
446.77164	-1.0
446.80637	-1.0
446.8261	-1.0
446.85406	-1.0
446.87192	-1.0
446.88403	-1.0
446.91995	-1.0
446.95135	-1.0
446.9713	-1.0
446.9782	-1.0
447.00623	-1.0
447.06268	-1.0
447.09628	-1.0
447.12625	-1.0
450.38232	-1.0
450.3902	-1.0
450.4012	-1.0
450.4055	-1.0
450.41397	-1.0
450.41815	-1.0
450.4329	-1.0
450.4354	-1.0
450.44003	-1.0
450.4507	-1.0
450.4667	-1.0
450.4732	-1.0
450.4762	-1.0
450.49677	-1.0
450.52176	-1.0
450.53168	-1.0
450.55777	-1.0
450.5673	-1.0
450.585	-1.0
450.6036	-1.0
450.62607	-1.0
450.64948	-1.0
450.66714	-1.0
450.67615	-1.0
450.69388	-1.0
450.7004	-1.0
450.71332	-1.0
450.73605	-1.0
450.74896	-1.0
450.77588	-1.0
450.78116	-1.0
450.8069	-1.0
450.81277	-1.0
450.8245	-1.0
450.88712	-1.0
450.89117	-1.0
450.90765	-1.0
450.92432	-1.0
450.96075	-1.0
450.98816	-1.0
451.00925	-1.0
451.0434	-1.0
451.04703	-1.0
451.09888	-1.0
451.12512	-1.0
451.139	-1.0
453.88824	-1.0
453.90594	-1.0
453.923	-1.0
453.93353	-1.0
453.94653	-1.0
453.9526	-1.0
453.9609	-1.0
453.9667	-1.0
453.97403	-1.0
453.99316	-1.0
454.00452	-1.0
454.01627	-1.0
454.0296	-1.0
454.04852	-1.0
454.0581	-1.0
454.07162	-1.0
454.09448	-1.0
454.1039	-1.0
454.1332	-1.0
454.13983	-1.0
454.1522	-1.0
454.16544	-1.0
454.18628	-1.0
454.19943	-1.0
454.2184	-1.0
454.22287	-1.0
454.2501	-1.0
454.27487	-1.0
454.3022	-1.0
454.3092	-1.0
454.34232	-1.0
454.34808	-1.0
454.35556	-1.0
454.37585	-1.0
454.4076	-1.0
454.43253	-1.0
454.50583	-1.0
454.54453	-1.0
454.59167	-1.0
454.71405	-1.0
457.4414	-1.0
457.4506	-1.0
457.4586	-1.0
457.46823	-1.0
457.47955	-1.0
457.4887	-1.0
457.496	-1.0
457.5075	-1.0
457.5107	-1.0
457.5333	-1.0
457.54993	-1.0
457.56073	-1.0
457.56857	-1.0
457.59656	-1.0
457.60977	-1.0
457.64172	-1.0
457.65308	-1.0
457.6622	-1.0
457.6653	-1.0
457.6746	-1.0
457.69315	-1.0
457.70227	-1.0
457.71777	-1.0
457.7231	-1.0
457.73193	-1.0
457.75024	-1.0
457.7625	-1.0
457.78293	-1.0
457.8055	-1.0
457.82895	-1.0
457.8318	-1.0
457.84015	-1.0
457.8553	-1.0
457.8719	-1.0
457.9029	-1.0
457.96323	-1.0
458.00732	-1.0
458.03665	-1.0
458.07693	-1.0
458.08777	-1.0
458.13785	-1.0
458.20953	-1.0
460.6923	-1.0
460.7075	-1.0
460.71924	-1.0
460.72623	-1.0
460.73245	-1.0
460.7427	-1.0
460.74655	-1.0
460.74908	1.0
460.75504	-1.0
460.76083	-1.0
460.77045	-1.0
460.7751	-1.0
460.7875	-1.0
460.80533	-1.0
460.82373	-1.0
460.83032	-1.0
460.84067	-1.0
460.85904	-1.0
460.87872	-1.0
460.89255	-1.0
460.9145	-1.0
460.9261	-1.0
460.93616	-1.0
460.94995	-1.0
460.9534	-1.0
460.96463	-1.0
460.9778	-1.0
460.99588	-1.0
461.01505	-1.0
461.02625	-1.0
461.05017	-1.0
461.08383	-1.0
461.10565	-1.0
461.115	-1.0
461.1302	-1.0
461.14948	-1.0
461.1594	-1.0
461.17407	-1.0
461.2367	-1.0
461.27393	-1.0
461.311	-1.0
461.33496	-1.0
461.3879	-1.0
461.41183	-1.0
464.15137	-1.0
464.1642	-1.0
464.17484	-1.0
464.18817	-1.0
464.19592	-1.0
464.20752	-1.0
464.21185	-1.0
464.22995	-1.0
464.23477	-1.0
464.24817	-1.0
464.26157	-1.0
464.2726	-1.0
464.29004	-1.0
464.2964	-1.0
464.30804	-1.0
464.3242	-1.0
464.34232	-1.0
464.35645	-1.0
464.371	-1.0
464.38483	-1.0
464.3961	-1.0
464.4128	-1.0
464.43057	-1.0
464.4468	-1.0
464.45856	-1.0
464.4649	-1.0
464.4831	-1.0
464.50595	-1.0
464.52963	-1.0
464.56723	-1.0
464.5752	-1.0
464.57837	-1.0
464.62393	-1.0
464.6443	-1.0
464.6667	-1.0
464.67065	-1.0
464.70288	-1.0
464.7132	-1.0
464.77625	-1.0
464.79123	-1.0
464.816	-1.0
464.82812	-1.0
464.92032	-1.0
464.98917	-1.0
467.65753	-1.0
467.67285	-1.0
467.6838	-1.0
467.69348	-1.0
467.7011	-1.0
467.70935	-1.0
467.7181	-1.0
467.7322	-1.0
467.7429	-1.0
467.7476	-1.0
467.7536	-1.0
467.75897	-1.0
467.77	-1.0
467.79233	-1.0
467.80865	-1.0
467.83136	-1.0
467.83496	-1.0
467.8375	-1.0
467.851	-1.0
467.8679	-1.0
467.8928	-1.0
467.9126	-1.0
467.9247	-1.0
467.9323	-1.0
467.94687	-1.0
467.95932	-1.0
467.97693	-1.0
468.00037	-1.0
468.01663	-1.0
468.04373	-1.0
468.0652	-1.0
468.0928	-1.0
468.12924	-1.0
468.14725	-1.0
468.193	-1.0
468.2616	-1.0
468.29053	-1.0
468.32785	-1.0
468.39597	-1.0
470.9356	-1.0
470.94662	-1.0
470.96063	-1.0
470.97455	-1.0
470.9826	-1.0
470.99295	-1.0
470.99765	-1.0
471.00516	-1.0
471.01355	-1.0
471.02985	-1.0
471.0436	-1.0
471.05447	-1.0
471.06845	-1.0
471.07825	-1.0
471.0855	-1.0
471.0892	-1.0
471.10413	-1.0
471.11676	-1.0
471.1464	1.0
471.1491	-1.0
471.16895	-1.0
471.18448	-1.0
471.20532	-1.0
471.22403	-1.0
471.23044	-1.0
471.24457	-1.0
471.27783	-1.0
471.2877	-1.0
471.31628	-1.0
471.326	-1.0
471.34125	-1.0
471.36148	-1.0
471.40277	-1.0
471.4477	-1.0
471.48764	-1.0
471.58755	-1.0
471.60913	-1.0
471.72964	-1.0
473.89453	-1.0
473.9056	-1.0
473.92404	-1.0
473.93167	-1.0
473.93683	-1.0
473.94556	-1.0
473.94815	-1.0
473.9516	-1.0
473.96655	-1.0
473.9741	-1.0
473.9871	-1.0
473.99167	-1.0
474.0059	-1.0
474.0116	-1.0
474.01892	-1.0
474.02548	-1.0
474.04456	-1.0
474.05328	-1.0
474.06717	-1.0
474.0762	-1.0
474.08868	-1.0
474.09955	-1.0
474.11737	-1.0
474.128	-1.0
474.14343	-1.0
474.1531	-1.0
474.19073	-1.0
474.1985	-1.0
474.22925	-1.0
474.24695	-1.0
474.2499	-1.0
474.25464	-1.0
474.2742	-1.0
474.29883	-1.0
474.3021	-1.0
474.31592	-1.0
474.33432	-1.0
474.3546	-1.0
474.37704	-1.0
474.40573	-1.0
474.43185	-1.0
474.4712	-1.0
474.52335	-1.0
474.55624	-1.0
476.89005	-1.0
476.90033	-1.0
476.90945	-1.0
476.92657	-1.0
476.93533	-1.0
476.9419	-1.0
476.95447	-1.0
476.9633	-1.0
476.96652	-1.0
476.9779	-1.0
476.98465	-1.0
476.9879	-1.0
476.99716	-1.0
477.0078	-1.0
477.0144	-1.0
477.0283	-1.0
477.04123	-1.0
477.05127	-1.0
477.0581	-1.0
477.09048	-1.0
477.1154	-1.0
477.1361	-1.0
477.1555	-1.0
477.1733	-1.0
477.18756	-1.0
477.21988	-1.0
477.23648	-1.0
477.24057	-1.0
477.26105	-1.0
477.2881	-1.0
477.31567	-1.0
477.3404	-1.0
477.3722	-1.0
477.39136	-1.0
477.4167	-1.0
477.45673	-1.0
477.5928	-1.0
479.79916	-1.0
479.80743	-1.0
479.82175	-1.0
479.828	-1.0
479.83072	-1.0
479.83588	-1.0
479.84152	1.0
479.84677	-1.0
479.86395	-1.0
479.87933	-1.0
479.88684	-1.0
479.89273	-1.0
479.90033	-1.0
479.9159	-1.0
479.92813	-1.0
479.94327	-1.0
479.95343	-1.0
479.97128	-1.0
479.98413	-1.0
480.005	-1.0
480.025	-1.0
480.04315	-1.0
480.0794	-1.0
480.09863	-1.0
480.10687	-1.0
480.11865	-1.0
480.14035	-1.0
480.16403	-1.0
480.177	-1.0
480.20035	-1.0
480.22385	-1.0
480.26364	-1.0
480.2752	-1.0
480.3298	-1.0
480.3508	-1.0
480.3925	-1.0
480.4153	-1.0
480.53125	-1.0
482.45596	-1.0
482.4772	-1.0
482.48383	-1.0
482.4916	-1.0
482.5062	-1.0
482.51276	-1.0
482.5277	-1.0
482.5312	-1.0
482.55032	-1.0
482.5655	-1.0
482.56848	-1.0
482.57413	-1.0
482.58868	-1.0
482.61145	-1.0
482.645	-1.0
482.65964	-1.0
482.6756	-1.0
482.69443	-1.0
482.70035	-1.0
482.71927	-1.0
482.73663	-1.0
482.74744	-1.0
482.76685	-1.0
482.81992	-1.0
482.84225	-1.0
482.85257	-1.0
482.89172	-1.0
482.93204	-1.0
483.02667	-1.0
483.06433	-1.0
485.7092	-1.0
485.7198	-1.0
485.73544	-1.0
485.7414	-1.0
485.74832	-1.0
485.7625	-1.0
485.7737	-1.0
485.7799	-1.0
485.78415	-1.0
485.79788	-1.0
485.80743	-1.0
485.82123	-1.0
485.83356	-1.0
485.83908	-1.0
485.85684	-1.0
485.87256	-1.0
485.88824	-1.0
485.92422	-1.0
485.93604	-1.0
485.94232	-1.0
485.95853	-1.0
485.982	-1.0
485.9883	-1.0
486.00775	-1.0
486.0279	-1.0
486.03793	-1.0
486.051	-1.0
486.0928	-1.0
486.11713	-1.0
486.12143	-1.0
486.14264	-1.0
486.17197	-1.0
486.1931	-1.0
486.2276	-1.0
486.2568	-1.0
486.2657	-1.0
486.28717	-1.0
486.29947	-1.0
486.33447	-1.0
486.37204	-1.0
489.01605	-1.0
489.03137	-1.0
489.05032	-1.0
489.06265	-1.0
489.0688	-1.0
489.07452	-1.0
489.0846	-1.0
489.09064	-1.0
489.09988	-1.0
489.10333	-1.0
489.11728	-1.0
489.12384	-1.0
489.14603	-1.0
489.16324	-1.0
489.17084	-1.0
489.18472	-1.0
489.1982	-1.0
489.2043	-1.0
489.22357	-1.0
489.23117	-1.0
489.2519	-1.0
489.2684	-1.0
489.2853	-1.0
489.29965	-1.0
489.3034	-1.0
489.3169	-1.0
489.35468	-1.0
489.37793	-1.0
489.3951	-1.0
489.4002	-1.0
489.41144	-1.0
489.43097	-1.0
489.43347	-1.0
489.46204	-1.0
489.48965	-1.0
489.50955	-1.0
489.52927	-1.0
489.5599	-1.0
489.57584	-1.0
489.6253	-1.0
489.64868	-1.0
489.69336	-1.0
492.65125	-1.0
492.66177	-1.0
492.6722	-1.0
492.68704	-1.0
492.6936	-1.0
492.69672	-1.0
492.7071	-1.0
492.71027	-1.0
492.71347	-1.0
492.7239	-1.0
492.73096	-1.0
492.74435	-1.0
492.75613	-1.0
492.77124	-1.0
492.77692	-1.0
492.78952	-1.0
492.80338	-1.0
492.82117	-1.0
492.8293	-1.0
492.8474	-1.0
492.86264	-1.0
492.8764	-1.0
492.89563	-1.0
492.92157	-1.0
492.93164	-1.0
492.95984	-1.0
492.97607	-1.0
492.97955	-1.0
492.99908	-1.0
493.02228	-1.0
493.0394	-1.0
493.05588	-1.0
493.0806	-1.0
493.1172	-1.0
493.14413	-1.0
493.17307	-1.0
493.1818	-1.0
493.2167	-1.0
493.238	-1.0
493.2886	-1.0
493.33923	-1.0
493.37228	-1.0
493.38116	-1.0
493.43085	-1.0
495.4197	-1.0
495.4395	-1.0
495.45383	-1.0
495.46295	-1.0
495.47412	-1.0
495.4797	-1.0
495.4956	-1.0
495.49945	-1.0
495.51004	-1.0
495.5212	-1.0
495.52682	-1.0
495.53513	-1.0
495.55185	-1.0
495.55588	-1.0
495.5688	-1.0
495.5899	-1.0
495.60587	-1.0
495.609	-1.0
495.62277	-1.0
495.66092	-1.0
495.6836	-1.0
495.71365	-1.0
495.74734	-1.0
495.76315	-1.0
495.78397	-1.0
495.79117	-1.0
495.82712	-1.0
495.8861	-1.0
495.9279	-1.0
496.00043	-1.0
498.4699	-1.0
498.4781	-1.0
498.49765	-1.0
498.5019	-1.0
498.5112	-1.0
498.52393	-1.0
498.5372	-1.0
498.54395	-1.0
498.55096	-1.0
498.5613	-1.0
498.56924	-1.0
498.58133	-1.0
498.59357	-1.0
498.59915	-1.0
498.62234	-1.0
498.64316	-1.0
498.65945	-1.0
498.67703	-1.0
498.68192	-1.0
498.7043	-1.0
498.71365	-1.0
498.7318	-1.0
498.756	-1.0
498.77417	-1.0
498.80853	-1.0
498.83527	-1.0
498.84995	-1.0
498.86252	-1.0
498.88	-1.0
498.899	-1.0
498.92413	-1.0
498.9564	-1.0
499.00272	-1.0
499.036	-1.0
499.05487	-1.0
499.11984	-1.0
503.90912	-1.0
503.91647	-1.0
503.92303	-1.0
503.9354	-1.0
503.9417	-1.0
503.95337	-1.0
503.96323	-1.0
503.9732	-1.0
503.97775	-1.0
503.98267	-1.0
503.99988	-1.0
504.0027	-1.0
504.0183	-1.0
504.02368	-1.0
504.0298	-1.0
504.04767	-1.0
504.087	-1.0
504.09973	-1.0
504.105	-1.0
504.12064	-1.0
504.13693	-1.0
504.15585	-1.0
504.1722	-1.0
504.1922	-1.0
504.211	-1.0
504.22345	-1.0
504.24228	-1.0
504.26196	-1.0
504.27005	-1.0
504.29245	-1.0
504.3062	-1.0
504.31796	-1.0
504.3384	-1.0
504.35492	-1.0
504.36813	-1.0
504.38443	-1.0
504.40817	-1.0
504.4232	-1.0
504.46503	-1.0
504.49664	-1.0
504.5341	-1.0
504.63113	-1.0
504.65445	-1.0
504.70172	-1.0
504.74207	-1.0
506.88104	-1.0
506.88892	-1.0
506.89536	-1.0
506.9087	-1.0
506.91315	-1.0
506.9268	-1.0
506.9354	-1.0
506.94968	-1.0
506.96045	-1.0
506.97107	-1.0
506.97708	-1.0
506.99716	-1.0
507.01093	-1.0
507.0187	-1.0
507.0367	-1.0
507.0476	-1.0
507.06967	-1.0
507.08572	-1.0
507.1003	-1.0
507.12872	-1.0
507.1622	-1.0
507.18265	-1.0
507.18707	-1.0
507.20795	-1.0
507.27527	-1.0
507.32605	-1.0
509.36328	-1.0
509.37692	-1.0
509.39328	-1.0
509.40283	-1.0
509.408	-1.0
509.41815	-1.0
509.42908	-1.0
509.43176	-1.0
509.43964	-1.0
509.44852	-1.0
509.4556	-1.0
509.47125	-1.0
509.48257	-1.0
509.5001	-1.0
509.51376	-1.0
509.53845	-1.0
509.54764	-1.0
509.58063	-1.0
509.58627	-1.0
509.6024	-1.0
509.62256	-1.0
509.66696	-1.0
509.6932	-1.0
509.70935	-1.0
509.73193	-1.0
509.76617	-1.0
509.79333	-1.0
509.85468	-1.0
512.55707	-1.0
512.57715	-1.0
512.58966	-1.0
512.59753	-1.0
512.6056	-1.0
512.6139	-1.0
512.61835	-1.0
512.6267	-1.0
512.63794	-1.0
512.6421	-1.0
512.65326	-1.0
512.6586	-1.0
512.6702	-1.0
512.6781	-1.0
512.68726	-1.0
512.7024	-1.0
512.7174	-1.0
512.72766	-1.0
512.7421	-1.0
512.75665	-1.0
512.7737	-1.0
512.8	-1.0
512.8025	-1.0
512.8228	-1.0
512.8348	-1.0
512.85895	-1.0
512.89215	-1.0
512.9592	-1.0
513.00336	-1.0
513.06177	-1.0
513.1368	-1.0
515.3197	-1.0
515.3305	-1.0
515.34735	-1.0
515.35675	-1.0
515.36615	-1.0
515.3687	-1.0
515.37134	-1.0
515.38403	-1.0
515.39105	-1.0
515.39355	-1.0
515.4084	-1.0
515.42	-1.0
515.4391	-1.0
515.46124	-1.0
515.47314	-1.0
515.4912	-1.0
515.5208	-1.0
515.55426	-1.0
515.5621	-1.0
515.5746	-1.0
515.6029	-1.0
515.6166	-1.0
515.61957	-1.0
515.65094	-1.0
515.6983	-1.0
515.7439	-1.0
518.18286	-1.0
518.20465	-1.0
518.2272	-1.0
518.234	-1.0
518.2539	-1.0
518.26227	-1.0
518.2706	-1.0
518.28455	-1.0
518.29205	-1.0
518.3074	-1.0
518.31287	-1.0
518.3154	-1.0
518.33093	-1.0
518.3473	-1.0
518.356	-1.0
518.3738	-1.0
518.38434	-1.0
518.40533	-1.0
518.4247	-1.0
518.4462	-1.0
518.4544	-1.0
518.4619	-1.0
518.4995	-1.0
518.51654	-1.0
518.54297	-1.0
518.5574	-1.0
518.56055	-1.0
518.5733	-1.0
518.59656	-1.0
518.7211	-1.0
518.77075	-1.0
521.3325	-1.0
521.3545	-1.0
521.3825	-1.0
521.4026	-1.0
521.41583	-1.0
521.42664	-1.0
521.43463	-1.0
521.4423	-1.0
521.44543	-1.0
521.4548	-1.0
521.462	-1.0
521.47186	-1.0
521.4756	-1.0
521.48	-1.0
521.49554	-1.0
521.51196	-1.0
521.5214	-1.0
521.53174	-1.0
521.5414	-1.0
521.55786	-1.0
521.58466	-1.0
521.58826	-1.0
521.60266	-1.0
521.6151	-1.0
521.63635	-1.0
521.64746	-1.0
521.67505	-1.0
521.7146	-1.0
521.7748	-1.0
521.86426	-1.0
524.1498	-1.0
524.16516	-1.0
524.19507	-1.0
524.2059	-1.0
524.2092	-1.0
524.21893	-1.0
524.2278	-1.0
524.243	-1.0
524.24854	-1.0
524.2613	-1.0
524.2682	-1.0
524.27234	-1.0
524.27527	1.0
524.30035	-1.0
524.3175	-1.0
524.32855	-1.0
524.34534	-1.0
524.36163	-1.0
524.3642	-1.0
524.38446	-1.0
524.395	-1.0
524.421	-1.0
524.4432	-1.0
524.4569	-1.0
524.4722	-1.0
524.5466	-1.0
524.60767	-1.0
526.67645	-1.0
526.6916	-1.0
526.7036	-1.0
526.71826	-1.0
526.734	-1.0
526.7471	-1.0
526.7629	-1.0
526.76904	-1.0
526.78656	-1.0
526.7914	-1.0
526.8044	-1.0
526.81476	-1.0
526.83813	-1.0
526.85175	-1.0
526.87463	-1.0
526.8899	-1.0
526.92053	-1.0
526.93677	-1.0
526.9599	-1.0
526.9734	-1.0
526.98846	-1.0
527.02014	-1.0
527.05133	-1.0
530.05505	-1.0
530.07654	-1.0
530.0952	-1.0
530.1014	-1.0
530.11273	-1.0
530.1153	1.0
530.12006	-1.0
530.1298	-1.0
530.1446	-1.0
530.15515	-1.0
530.1705	-1.0
530.1896	-1.0
530.199	-1.0
530.21967	-1.0
530.2247	-1.0
530.2336	-1.0
530.24457	-1.0
530.26874	-1.0
530.28314	-1.0
530.30475	-1.0
530.32074	-1.0
530.33813	-1.0
530.36743	-1.0
530.3948	-1.0
530.4066	-1.0
530.4298	-1.0
530.49036	-1.0
530.5144	-1.0
530.53796	-1.0
530.56854	-1.0
532.72003	-1.0
532.75305	-1.0
532.77405	-1.0
532.80865	-1.0
532.8534	-1.0
533.5061	-1.0
533.5156	-1.0
533.5383	-1.0
533.5529	-1.0
533.5668	-1.0
533.5714	-1.0
533.5855	-1.0
533.5916	-1.0
533.60706	-1.0
533.6247	-1.0
533.63055	-1.0
533.63306	-1.0
533.64856	-1.0
533.6578	-1.0
533.6632	-1.0
533.67114	-1.0
533.6867	-1.0
533.6996	-1.0
533.7021	-1.0
533.735	-1.0
533.74207	-1.0
533.76654	-1.0
533.805	-1.0
533.827	-1.0
533.8653	-1.0
533.90405	-1.0
535.8	-1.0
535.82166	-1.0
535.83673	-1.0
535.8624	-1.0
535.8903	-1.0
535.91144	-1.0
535.9345	-1.0
535.94794	-1.0
535.9793	-1.0
535.99835	-1.0
536.023	-1.0
536.04834	-1.0
536.087	-1.0
536.12006	-1.0
536.26526	-1.0
536.2815	-1.0
536.2944	-1.0
536.30347	-1.0
536.3105	-1.0
536.32025	-1.0
536.32904	-1.0
536.33936	-1.0
536.34515	-1.0
536.35876	-1.0
536.36487	-1.0
536.37805	-1.0
536.3931	-1.0
536.4098	-1.0
536.42566	-1.0
536.43427	-1.0
536.45667	-1.0
538.3559	-1.0
538.37463	-1.0
538.41034	-1.0
538.4194	-1.0
538.4296	-1.0
538.44135	-1.0
538.44806	-1.0
538.45984	-1.0
538.47107	-1.0
538.4939	-1.0
538.49725	-1.0
538.519	-1.0
538.5407	-1.0
538.5504	-1.0
538.5755	-1.0
538.582	-1.0
538.5916	-1.0
538.61694	-1.0
538.6274	-1.0
538.64154	-1.0
538.66705	-1.0
538.7293	-1.0
538.7887	-1.0
541.87555	-1.0
541.8931	-1.0
541.9129	-1.0
541.926	-1.0
541.9309	-1.0
541.9337	-1.0
541.9441	-1.0
541.95337	-1.0
541.9613	-1.0
541.9652	-1.0
541.9766	-1.0
541.98773	-1.0
542.0054	-1.0
542.0097	-1.0
542.02747	-1.0
542.05133	-1.0
542.05396	-1.0
542.07513	-1.0
542.084	-1.0
542.1027	-1.0
542.1124	-1.0
542.1316	-1.0
542.1343	-1.0
542.1491	-1.0
542.15765	-1.0
542.17645	-1.0
542.18524	-1.0
542.194	-1.0
542.2396	-1.0
542.25793	-1.0
542.29767	-1.0
544.4988	-1.0
544.5214	-1.0
544.549	-1.0
544.5834	-1.0
544.6074	-1.0
546.9903	-1.0
547.02246	-1.0
547.02905	-1.0
547.04065	-1.0
547.04333	-1.0
547.0483	-1.0
547.0545	-1.0
547.0643	-1.0
547.0696	-1.0
547.0844	-1.0
547.0909	-1.0
547.10077	-1.0
547.1123	-1.0
547.1257	-1.0
547.15204	-1.0
547.16296	-1.0
547.173	-1.0
547.1905	-1.0
547.19885	-1.0
547.2423	-1.0
547.2573	-1.0
547.26184	-1.0
547.28766	-1.0
547.315	-1.0
547.32623	-1.0
547.3543	-1.0
547.40405	-1.0
551.7516	-1.0
551.7662	-1.0
551.77747	-1.0
551.78406	-1.0
551.79224	-1.0
551.8022	-1.0
551.82025	-1.0
551.82544	-1.0
551.8379	-1.0
551.852	-1.0
551.85565	-1.0
551.87634	-1.0
551.891	-1.0
551.89844	-1.0
551.9157	-1.0
551.9536	-1.0
551.95715	-1.0
551.96906	-1.0
551.985	-1.0
552.0055	-1.0
552.02313	-1.0
552.05273	-1.0
552.06793	-1.0
552.07367	-1.0
552.10394	-1.0
552.12994	-1.0
555.9458	-1.0
555.9654	-1.0
555.9838	-1.0
556.0054	-1.0
556.01953	-1.0
556.02985	-1.0
556.04364	-1.0
556.0498	-1.0
556.0668	-1.0
556.07385	-1.0
556.08777	-1.0
556.0952	-1.0
556.11707	-1.0
556.1407	-1.0
556.1564	-1.0
556.2083	-1.0
556.24713	-1.0
556.28186	-1.0
556.3604	-1.0
559.7022	-1.0
559.7198	-1.0
559.7372	-1.0
559.7496	-1.0
559.7554	-1.0
559.772	-1.0
559.7815	-1.0
559.79596	-1.0
559.79846	-1.0
559.8084	-1.0
559.8313	-1.0
559.8402	-1.0
559.8471	-1.0
559.8612	-1.0
559.879	-1.0
559.9034	-1.0
559.9344	-1.0
559.95746	-1.0
559.9958	-1.0
560.00946	-1.0
560.0427	-1.0
560.0699	-1.0
560.1164	-1.0
562.79626	-1.0
562.81635	-1.0
562.8605	-1.0
562.87103	-1.0
562.8861	-1.0
562.89575	-1.0
562.90466	-1.0
562.91785	-1.0
562.92365	-1.0
562.927	-1.0
562.9389	-1.0
562.94855	-1.0
562.95184	-1.0
562.96344	-1.0
562.9857	-1.0
563.0025	-1.0
563.0165	-1.0
563.019	-1.0
563.0262	-1.0
563.0465	-1.0
563.0728	-1.0
563.1064	-1.0
566.6	-1.0
566.6218	-1.0
566.6392	-1.0
567.0857	-1.0
567.1156	-1.0
567.1336	-1.0
567.15314	-1.0
567.168	-1.0
567.1826	-1.0
567.1853	-1.0
567.1929	-1.0
567.20874	-1.0
567.2207	-1.0
567.25006	-1.0
567.26434	-1.0
567.27576	-1.0
567.2973	-1.0
567.3459	-1.0
567.3994	-1.0
571.12	-1.0
571.2939	-1.0
571.686	-1.0
574.8367	-1.0
574.84546	-1.0
574.856	-1.0
574.8717	-1.0
574.87555	-1.0
574.88574	-1.0
574.898	-1.0
574.91254	-1.0
574.9151	-1.0
574.9245	-1.0
574.94	-1.0
574.95056	-1.0
574.9678	-1.0
574.9846	-1.0
574.99	-1.0
575.0298	-1.0
575.0416	-1.0
575.07025	-1.0
575.0848	-1.0
575.11554	-1.0
575.174	-1.0
578.4613	-1.0
578.4841	-1.0
578.5098	-1.0
578.52185	-1.0
578.5371	-1.0
578.5504	-1.0
578.5584	-1.0
578.56946	-1.0
578.5808	-1.0
578.5913	-1.0
578.5956	-1.0
578.6104	-1.0
578.6147	-1.0
578.61926	-1.0
578.6423	-1.0
578.6572	-1.0
578.6761	-1.0
578.6912	-1.0
578.76624	-1.0
581.6727	-1.0
581.8297	-1.0
581.8415	-1.0
581.869	-1.0
581.8787	-1.0
581.8989	-1.0
581.9038	-1.0
581.9325	-1.0
581.942	-1.0
581.952	-1.0
581.9584	-1.0
581.9815	-1.0
582.025	-1.0
582.0347	-1.0
582.06744	-1.0
582.10266	-1.0
582.12213	-1.0
582.1769	-1.0
586.71295	-1.0
586.7546	-1.0
586.7798	-1.0
586.7908	-1.0
586.81683	-1.0
586.82513	-1.0
586.8413	-1.0
586.85406	-1.0
586.864	-1.0
586.8843	-1.0
586.91644	-1.0
586.928	-1.0
586.9587	-1.0
586.96967	-1.0
586.9729	-1.0
586.9783	-1.0
587.0018	-1.0
587.0234	-1.0
587.0399	-1.0
587.0622	-1.0
587.0682	-1.0
587.0817	-1.0
587.1094	-1.0
587.145	-1.0
587.3899	-1.0
587.4202	-1.0
587.447	-1.0
587.4558	-1.0
587.4636	-1.0
587.47534	-1.0
587.48694	-1.0
587.5133	-1.0
593.1652	-1.0
593.1856	-1.0
593.2067	-1.0
593.2121	-1.0
593.2207	-1.0
593.2305	-1.0
593.2499	-1.0
593.2524	-1.0
593.2689	-1.0
593.28357	-1.0
593.30347	-1.0
593.3256	-1.0
593.3621	-1.0
593.3968	-1.0
593.4396	-1.0
593.488	-1.0
593.65717	-1.0
597.0441	-1.0
597.0855	-1.0
597.0951	-1.0
597.12787	-1.0
597.1578	-1.0
597.171	-1.0
597.1838	-1.0
597.1939	-1.0
597.2147	-1.0
597.2217	-1.0
597.2341	-1.0
597.2516	-1.0
597.2588	-1.0
597.26654	-1.0
597.29816	-1.0
597.3197	-1.0
597.34906	-1.0
597.3812	-1.0
