0.00916	1.0
0.01216	-1.0
0.05784	-1.0
0.07664	-1.0
0.099	-1.0
0.16592	-1.0
0.20788	-1.0
0.21524	-1.0
0.23392	1.0
0.25296	-1.0
0.42316	1.0
0.5318	-1.0
0.56932	1.0
0.644	-1.0
0.64836	-1.0
0.6512	-1.0
0.70648	-1.0
0.78832	-1.0
0.82952	-1.0
0.92344	-1.0
1.03424	1.0
1.03984	1.0
1.37604	-1.0
1.43544	-1.0
1.5664	-1.0
5.36452	1.0
5.3954	1.0
5.40244	-1.0
5.41036	-1.0
5.41368	-1.0
5.42532	1.0
5.43492	-1.0
5.4464	1.0
5.45872	-1.0
5.4732	1.0
5.47572	-1.0
5.49244	-1.0
5.4954	-1.0
5.5014	-1.0
5.51116	1.0
5.51824	-1.0
5.5478	-1.0
5.58036	-1.0
5.6364	-1.0
5.64316	-1.0
5.72132	-1.0
5.73392	-1.0
5.77708	-1.0
5.82104	-1.0
5.83708	-1.0
5.85992	1.0
5.87484	-1.0
5.96044	1.0
6.04596	-1.0
6.28588	-1.0
6.31216	-1.0
6.53452	-1.0
6.63776	1.0
6.6426	-1.0
6.68068	-1.0
6.72796	-1.0
6.76196	1.0
6.7862	-1.0
6.90708	1.0
7.13888	1.0
8.98932	1.0
9.0012	-1.0
9.00552	-1.0
9.01232	-1.0
9.026	1.0
9.0522	-1.0
9.06388	-1.0
9.09612	-1.0
9.14948	-1.0
9.21224	-1.0
9.25028	-1.0
9.25672	-1.0
9.31208	-1.0
9.4054	1.0
9.42456	-1.0
9.47592	-1.0
9.49416	-1.0
9.58768	1.0
9.59648	1.0
9.71356	-1.0
9.72712	-1.0
9.78288	-1.0
9.81252	1.0
9.86824	1.0
9.879	1.0
9.99296	-1.0
10.09944	-1.0
11.23632	1.0
11.25952	-1.0
11.6732	-1.0
11.6894	1.0
11.74004	1.0
11.74424	1.0
11.87204	-1.0
11.97	-1.0
11.99656	-1.0
12.03012	-1.0
12.06012	-1.0
12.1544	-1.0
12.17464	-1.0
12.3714	-1.0
12.38576	1.0
12.40748	-1.0
14.90244	-1.0
14.93584	1.0
14.94416	1.0
14.94752	-1.0
14.96672	-1.0
14.97032	-1.0
14.99328	-1.0
15.02168	-1.0
15.0242	-1.0
15.0402	-1.0
15.0442	-1.0
15.06564	-1.0
15.11144	-1.0
15.18552	-1.0
15.20268	-1.0
15.24416	-1.0
15.30232	1.0
15.37724	-1.0
15.42296	-1.0
15.46884	-1.0
15.49512	-1.0
15.56804	-1.0
15.63164	-1.0
15.68044	-1.0
15.68556	-1.0
15.70036	1.0
15.71812	1.0
15.81792	1.0
15.84992	-1.0
15.86724	-1.0
15.90524	-1.0
15.95716	1.0
16.01844	-1.0
16.02536	-1.0
16.09464	-1.0
16.10756	1.0
16.12756	-1.0
16.46444	-1.0
19.35784	1.0
19.38076	1.0
19.38648	1.0
19.38956	-1.0
19.41256	1.0
19.4194	-1.0
19.4246	1.0
19.44224	-1.0
19.45296	-1.0
19.46308	-1.0
19.48364	1.0
19.4862	1.0
19.521	-1.0
19.5238	-1.0
19.5332	1.0
19.58016	-1.0
19.61244	-1.0
19.6312	-1.0
19.69196	-1.0
19.70524	1.0
19.757	-1.0
19.78816	-1.0
19.8012	1.0
19.84848	-1.0
19.85848	-1.0
19.90704	-1.0
19.9632	-1.0
20.11484	1.0
20.15356	-1.0
20.19024	-1.0
20.28816	1.0
20.4652	-1.0
20.47128	1.0
20.50064	-1.0
20.5546	-1.0
20.644	-1.0
20.65284	1.0
20.65916	-1.0
20.76732	-1.0
20.9862	-1.0
24.822	-1.0
24.8266	-1.0
24.8382	1.0
24.84184	-1.0
24.84636	1.0
24.85008	1.0
24.87056	1.0
24.878	1.0
24.89896	-1.0
24.91552	1.0
24.92408	-1.0
24.9534	-1.0
24.99792	-1.0
25.02584	-1.0
25.11212	1.0
25.17188	-1.0
25.25316	-1.0
25.29252	-1.0
25.29864	-1.0
25.35912	-1.0
25.36348	-1.0
25.4824	1.0
25.51484	-1.0
25.52128	-1.0
25.68452	-1.0
25.7048	-1.0
25.88288	-1.0
25.90436	1.0
25.94464	-1.0
25.95624	1.0
26.02144	-1.0
26.20212	-1.0
26.46696	-1.0
29.79232	-1.0
29.8108	1.0
29.82016	-1.0
29.82412	-1.0
29.82672	1.0
29.83024	1.0
29.83384	-1.0
29.8412	-1.0
29.85868	1.0
29.88276	-1.0
29.90644	-1.0
29.91	-1.0
29.93496	-1.0
29.94204	1.0
29.9676	-1.0
29.9944	-1.0
30.01128	-1.0
30.037	-1.0
30.05508	-1.0
30.07564	-1.0
30.09936	-1.0
30.15356	-1.0
30.15904	1.0
30.17868	-1.0
30.19396	-1.0
30.2444	-1.0
30.279	-1.0
30.28152	-1.0
30.28424	-1.0
30.28968	-1.0
30.30648	-1.0
30.3382	1.0
30.34428	-1.0
30.37136	1.0
30.37908	1.0
30.3832	-1.0
30.40136	-1.0
30.44976	-1.0
30.45596	-1.0
30.58556	-1.0
30.59044	-1.0
30.71952	-1.0
30.73452	-1.0
30.83112	1.0
30.8472	-1.0
30.86784	-1.0
30.938	1.0
30.99404	-1.0
31.07188	-1.0
31.1456	1.0
31.15024	-1.0
31.34504	-1.0
31.35756	-1.0
31.36432	-1.0
31.36736	-1.0
35.68128	-1.0
35.68916	1.0
35.69656	-1.0
35.70008	1.0
35.70844	-1.0
35.71484	-1.0
35.71804	1.0
35.72612	1.0
35.72888	-1.0
35.74428	-1.0
35.75016	-1.0
35.76208	1.0
35.76772	-1.0
35.77216	1.0
35.78928	-1.0
35.79664	1.0
35.80624	-1.0
35.83132	-1.0
35.8476	1.0
35.85116	1.0
35.86212	-1.0
35.87056	-1.0
35.91216	1.0
35.92092	-1.0
36.00076	-1.0
36.00464	1.0
36.02652	1.0
36.03332	-1.0
36.07124	-1.0
36.08748	-1.0
36.11832	-1.0
36.1346	-1.0
36.19204	-1.0
36.22396	1.0
36.23008	-1.0
36.23272	1.0
36.24884	-1.0
36.32164	-1.0
36.34976	-1.0
36.36644	-1.0
36.37248	1.0
36.43556	-1.0
36.49548	-1.0
36.52936	-1.0
36.56548	-1.0
36.62208	1.0
36.66848	-1.0
36.7256	-1.0
36.74124	-1.0
36.76896	-1.0
36.82736	1.0
36.83832	-1.0
36.85636	-1.0
36.8714	-1.0
36.91608	-1.0
36.93268	-1.0
36.99844	-1.0
37.0694	-1.0
37.13	-1.0
37.80224	-1.0
37.80604	-1.0
37.822	1.0
37.83596	-1.0
37.84012	1.0
37.85144	1.0
40.45024	1.0
40.45988	-1.0
40.46276	-1.0
40.4662	1.0
40.47092	1.0
40.47824	-1.0
40.48432	-1.0
40.49932	-1.0
40.50484	-1.0
40.50876	-1.0
40.52132	1.0
40.53852	-1.0
40.54412	-1.0
40.5598	-1.0
40.5688	-1.0
40.5838	-1.0
40.59128	-1.0
40.61544	-1.0
40.63084	-1.0
40.65888	-1.0
40.67068	-1.0
40.68736	1.0
40.761	-1.0
40.78648	-1.0
40.80892	-1.0
40.82376	1.0
40.84732	-1.0
40.8508	1.0
40.86504	-1.0
40.88936	-1.0
40.92232	-1.0
40.94928	1.0
40.99076	-1.0
41.0594	-1.0
41.08508	1.0
41.08772	-1.0
41.09684	-1.0
41.11044	-1.0
41.13596	-1.0
41.1808	-1.0
41.20156	-1.0
41.20432	-1.0
41.23576	-1.0
41.28328	-1.0
41.34316	-1.0
41.43024	-1.0
41.46436	-1.0
41.51532	1.0
41.56368	-1.0
41.5742	1.0
41.62324	1.0
41.62936	-1.0
41.6718	-1.0
41.83828	-1.0
41.96028	-1.0
44.651	1.0
44.65836	-1.0
44.66116	-1.0
44.6746	1.0
44.68904	-1.0
44.70908	1.0
44.71516	-1.0
44.72072	1.0
44.7298	-1.0
44.73576	-1.0
44.74764	1.0
44.75744	-1.0
44.76088	1.0
44.77612	1.0
44.77912	-1.0
44.79668	-1.0
44.84524	-1.0
44.8492	-1.0
44.86492	-1.0
44.93464	-1.0
44.96948	-1.0
44.98512	1.0
44.9964	1.0
45.00264	-1.0
45.06956	-1.0
45.07708	-1.0
45.08196	1.0
45.10884	-1.0
45.13264	-1.0
45.1424	-1.0
45.16172	1.0
45.24468	-1.0
45.29512	1.0
45.30168	1.0
45.35032	-1.0
45.3594	-1.0
45.57624	-1.0
45.58736	-1.0
45.68736	1.0
45.7258	-1.0
45.74692	-1.0
45.75396	-1.0
45.84828	1.0
45.86112	1.0
46.08264	-1.0
49.21812	-1.0
49.22096	-1.0
49.22588	1.0
49.23904	1.0
49.2468	-1.0
49.25244	1.0
49.25644	1.0
49.2746	-1.0
49.28228	-1.0
49.291	1.0
49.29792	-1.0
49.31428	-1.0
49.31832	1.0
49.32164	1.0
49.32652	-1.0
49.32916	-1.0
49.35736	-1.0
49.36112	1.0
49.3656	1.0
49.36936	-1.0
49.38336	-1.0
49.39164	-1.0
49.4074	-1.0
49.43592	-1.0
49.46392	-1.0
49.4912	1.0
49.49408	-1.0
49.5168	1.0
49.566	-1.0
49.57304	-1.0
49.57604	-1.0
49.61208	-1.0
49.62328	-1.0
49.63208	-1.0
49.65808	-1.0
49.70652	1.0
49.71864	-1.0
49.73596	-1.0
49.7558	1.0
49.7886	-1.0
49.81648	-1.0
49.81976	-1.0
49.85012	-1.0
49.91732	-1.0
49.93508	-1.0
50.02384	-1.0
50.028	-1.0
50.0368	1.0
50.0698	-1.0
50.16196	-1.0
50.22632	-1.0
50.29852	-1.0
50.31444	1.0
50.36632	-1.0
50.38712	-1.0
50.39104	1.0
50.3946	-1.0
50.40068	-1.0
50.43932	1.0
50.4866	-1.0
50.60148	-1.0
50.7332	1.0
50.78408	-1.0
50.81932	-1.0
50.85232	-1.0
50.86372	1.0
50.87712	-1.0
54.42968	-1.0
54.44364	-1.0
54.45572	1.0
54.46168	1.0
54.46448	1.0
54.46864	1.0
54.47176	-1.0
54.48116	1.0
54.4852	-1.0
54.49252	1.0
54.50032	1.0
54.50616	-1.0
54.52024	-1.0
54.53352	-1.0
54.55248	-1.0
54.56004	-1.0
54.57108	-1.0
54.58328	1.0
54.60568	-1.0
54.64164	-1.0
54.69568	-1.0
54.71496	-1.0
54.75404	-1.0
54.76332	1.0
54.79048	-1.0
54.80376	-1.0
54.84948	-1.0
54.86536	1.0
54.88768	-1.0
54.9506	-1.0
54.97252	-1.0
54.9828	1.0
55.00448	-1.0
55.097	-1.0
55.13048	-1.0
55.13996	-1.0
55.18704	-1.0
55.21576	1.0
55.24892	-1.0
55.26616	-1.0
55.2974	-1.0
55.39136	-1.0
55.40108	1.0
55.416	-1.0
55.42376	-1.0
55.4484	-1.0
55.4528	-1.0
55.5202	-1.0
55.69816	1.0
55.71164	-1.0
59.5602	1.0
59.56464	-1.0
59.5768	1.0
59.5818	-1.0
59.58484	1.0
59.58772	-1.0
59.59652	-1.0
59.60732	1.0
59.6158	-1.0
59.62484	-1.0
59.62956	1.0
59.63668	-1.0
59.64712	1.0
59.65128	-1.0
59.65428	1.0
59.65956	-1.0
59.67876	-1.0
59.68276	-1.0
59.69352	1.0
59.70332	-1.0
59.721	-1.0
59.74224	-1.0
59.74664	-1.0
59.75176	-1.0
59.77436	1.0
59.78316	-1.0
59.79052	-1.0
59.7998	-1.0
59.81504	-1.0
59.87192	-1.0
59.88128	-1.0
59.9054	-1.0
59.93384	-1.0
59.94232	-1.0
60.00828	-1.0
60.011	-1.0
60.03824	1.0
60.05492	-1.0
60.10716	-1.0
60.11396	1.0
60.15692	-1.0
60.20632	1.0
60.21136	-1.0
60.24732	-1.0
60.25096	-1.0
60.27788	-1.0
60.31724	1.0
60.32352	-1.0
60.39656	-1.0
60.408	1.0
60.43188	-1.0
60.44824	-1.0
60.46036	-1.0
60.52784	-1.0
60.55836	1.0
60.5786	-1.0
60.67216	1.0
60.69584	-1.0
60.80416	-1.0
63.8204	-1.0
63.82432	1.0
63.8404	1.0
63.84516	-1.0
63.85488	-1.0
63.86144	1.0
63.8716	-1.0
63.87908	-1.0
63.88244	1.0
63.88524	-1.0
63.91276	-1.0
63.92168	1.0
63.94336	-1.0
63.94596	-1.0
63.9502	-1.0
63.977	1.0
63.9818	-1.0
64.03556	-1.0
64.0662	-1.0
64.0722	-1.0
64.0758	-1.0
64.11016	1.0
64.11344	1.0
64.13364	-1.0
64.15932	-1.0
64.2002	-1.0
64.21464	-1.0
64.23412	1.0
64.23812	-1.0
64.252	-1.0
64.26356	-1.0
64.311	-1.0
64.31484	-1.0
64.34268	-1.0
64.39328	-1.0
64.42836	-1.0
64.448	-1.0
64.47232	-1.0
64.48652	-1.0
64.49368	-1.0
64.55888	-1.0
64.61488	-1.0
64.64864	-1.0
64.70184	1.0
64.70832	-1.0
64.7386	1.0
64.76572	-1.0
64.77524	-1.0
64.82536	-1.0
64.94044	-1.0
65.08892	-1.0
68.2194	1.0
68.22204	-1.0
68.23276	1.0
68.23796	-1.0
68.2448	1.0
68.26888	1.0
68.2714	-1.0
68.27876	1.0
68.28144	1.0
68.29464	-1.0
68.3146	1.0
68.33828	-1.0
68.3418	-1.0
68.34444	-1.0
68.35544	-1.0
68.37244	-1.0
68.37708	-1.0
68.39012	-1.0
68.404	1.0
68.41096	-1.0
68.43428	-1.0
68.45868	-1.0
68.50808	-1.0
68.53056	1.0
68.5434	1.0
68.55936	-1.0
68.57604	-1.0
68.5814	-1.0
68.61276	-1.0
68.61528	-1.0
68.635	-1.0
68.65996	-1.0
68.73852	1.0
68.74364	-1.0
68.7482	-1.0
68.76988	-1.0
68.77548	-1.0
68.77868	-1.0
68.802	1.0
68.8164	-1.0
68.83684	-1.0
68.87444	-1.0
68.89376	-1.0
68.9072	-1.0
68.94288	-1.0
69.01676	-1.0
69.04984	-1.0
69.08664	-1.0
69.12872	1.0
69.18856	1.0
69.23788	-1.0
69.25012	-1.0
69.28496	-1.0
69.35508	-1.0
69.4172	1.0
73.50452	-1.0
73.50712	-1.0
73.51988	1.0
73.5274	-1.0
73.5314	-1.0
73.53628	-1.0
73.5402	-1.0
73.54808	-1.0
73.55096	1.0
73.5538	1.0
73.55688	-1.0
73.56068	-1.0
73.5632	-1.0
73.56932	1.0
73.57296	1.0
73.59684	1.0
73.60296	-1.0
73.60748	-1.0
73.62148	-1.0
73.63172	-1.0
73.63532	-1.0
73.6558	-1.0
73.65956	-1.0
73.66412	1.0
73.68824	-1.0
73.69092	-1.0
73.71176	1.0
73.75228	-1.0
73.77836	-1.0
73.7912	1.0
73.84232	-1.0
73.8466	-1.0
73.86572	-1.0
73.87204	-1.0
73.87708	-1.0
73.88892	-1.0
73.896	-1.0
73.91412	-1.0
73.91912	-1.0
73.95092	-1.0
73.97484	-1.0
74.01684	-1.0
74.03908	1.0
74.0432	-1.0
74.04748	-1.0
74.07676	-1.0
74.12128	-1.0
74.12956	-1.0
74.17196	1.0
74.1836	-1.0
74.23744	1.0
74.2642	-1.0
74.29356	-1.0
74.35588	-1.0
74.43628	-1.0
74.4802	-1.0
74.54136	-1.0
74.58664	1.0
74.65316	-1.0
74.68856	1.0
78.46952	-1.0
78.47312	-1.0
78.47564	1.0
78.48604	-1.0
78.48864	1.0
78.50124	-1.0
78.51248	-1.0
78.51916	-1.0
78.5398	1.0
78.55312	1.0
78.55576	1.0
78.56512	-1.0
78.57944	-1.0
78.58856	-1.0
78.60564	1.0
78.61516	-1.0
78.7202	-1.0
78.72924	-1.0
78.7506	1.0
78.77564	-1.0
78.77816	-1.0
78.80832	-1.0
78.83212	-1.0
78.858	-1.0
78.87716	-1.0
78.88244	-1.0
78.88516	1.0
78.89644	-1.0
78.93484	1.0
78.93976	-1.0
78.96548	-1.0
78.97476	-1.0
79.02356	-1.0
79.0264	-1.0
79.04088	-1.0
79.05904	-1.0
79.11812	-1.0
79.12408	-1.0
79.15528	-1.0
79.1828	-1.0
79.24212	-1.0
79.26764	1.0
79.274	1.0
79.28572	-1.0
79.33068	-1.0
79.37216	-1.0
79.41772	-1.0
79.42672	-1.0
79.45288	1.0
79.47752	-1.0
79.68304	1.0
79.72488	-1.0
79.73744	1.0
79.76992	-1.0
83.87304	-1.0
83.87556	1.0
83.87964	-1.0
83.8832	1.0
83.88784	1.0
83.89296	-1.0
83.89748	1.0
83.90052	1.0
83.9056	-1.0
83.91616	-1.0
83.91908	-1.0
83.93268	1.0
83.9382	1.0
83.95932	1.0
83.96208	1.0
83.96828	-1.0
84.01036	1.0
84.03332	-1.0
84.05724	-1.0
84.06144	-1.0
84.07812	-1.0
84.11284	1.0
84.12496	-1.0
84.15348	-1.0
84.16456	-1.0
84.17336	-1.0
84.17812	-1.0
84.19368	-1.0
84.20088	-1.0
84.22032	-1.0
84.22484	1.0
84.23472	1.0
84.24884	1.0
84.25272	-1.0
84.3088	-1.0
84.37876	-1.0
84.38468	1.0
84.39632	-1.0
84.43708	-1.0
84.50124	-1.0
84.52424	-1.0
84.52772	-1.0
84.55748	-1.0
84.59144	1.0
84.64708	-1.0
84.65004	-1.0
84.69896	-1.0
84.70264	-1.0
84.76176	-1.0
84.77812	-1.0
84.79352	1.0
84.79752	1.0
84.8042	-1.0
84.82924	-1.0
84.83456	-1.0
84.92384	1.0
85.16084	-1.0
88.36144	-1.0
88.37204	-1.0
88.38392	-1.0
88.38752	-1.0
88.3926	1.0
88.4	1.0
88.40724	1.0
88.41232	-1.0
88.42428	1.0
88.42732	1.0
88.44876	-1.0
88.45484	1.0
88.47796	1.0
88.4834	-1.0
88.49848	-1.0
88.50244	-1.0
88.51	1.0
88.53048	1.0
88.53472	1.0
88.613	-1.0
88.63964	1.0
88.6458	-1.0
88.68832	-1.0
88.71092	1.0
88.72048	-1.0
88.72316	-1.0
88.75088	-1.0
88.7546	-1.0
88.77752	-1.0
88.78828	-1.0
88.8222	1.0
88.83324	-1.0
88.85924	-1.0
88.86216	-1.0
88.88076	-1.0
88.8998	-1.0
88.90304	-1.0
88.94796	-1.0
88.95564	-1.0
88.95984	-1.0
88.99504	-1.0
89.00988	1.0
89.0302	-1.0
89.05064	-1.0
89.07828	-1.0
89.1426	-1.0
89.14832	-1.0
89.1518	1.0
89.19716	-1.0
89.20396	-1.0
89.23568	-1.0
89.39156	-1.0
89.44968	-1.0
89.51148	-1.0
89.52696	1.0
89.54964	-1.0
89.55316	-1.0
93.19464	-1.0
93.2002	1.0
93.21972	1.0
93.22248	-1.0
93.23624	1.0
93.24512	-1.0
93.25736	1.0
93.26036	-1.0
93.2668	1.0
93.2878	-1.0
93.2928	-1.0
93.30096	1.0
93.3084	-1.0
93.31864	-1.0
93.32772	1.0
93.33928	1.0
93.3472	-1.0
93.35316	-1.0
93.36652	-1.0
93.38104	1.0
93.41132	-1.0
93.41688	-1.0
93.42056	1.0
93.44512	-1.0
93.45532	-1.0
93.46408	-1.0
93.46888	-1.0
93.47144	1.0
93.51028	-1.0
93.5228	-1.0
93.53628	-1.0
93.55796	-1.0
93.646	-1.0
93.71784	-1.0
93.72728	-1.0
93.73068	-1.0
93.7362	-1.0
93.76336	-1.0
93.76856	-1.0
93.7808	1.0
93.81792	-1.0
93.8676	-1.0
93.89616	-1.0
93.90296	-1.0
93.95736	-1.0
93.96268	-1.0
93.9856	-1.0
94.00744	-1.0
94.01296	-1.0
94.03756	-1.0
94.07516	-1.0
94.12184	1.0
94.1252	1.0
94.20016	-1.0
94.22284	1.0
94.2256	1.0
94.23396	-1.0
94.30696	-1.0
94.33216	-1.0
94.44672	1.0
94.46288	-1.0
94.47744	1.0
94.56068	1.0
99.325	-1.0
99.32952	-1.0
99.33284	1.0
99.33592	1.0
99.3386	1.0
99.34808	-1.0
99.3514	-1.0
99.35492	-1.0
99.36456	1.0
99.36724	-1.0
99.3814	1.0
99.38432	-1.0
99.3878	1.0
99.39192	-1.0
99.4008	1.0
99.40448	-1.0
99.42108	-1.0
99.42584	-1.0
99.43468	-1.0
99.45804	-1.0
99.47344	-1.0
99.48596	-1.0
99.49516	-1.0
99.52052	1.0
99.5272	1.0
99.5716	1.0
99.59392	-1.0
99.59712	1.0
99.60312	-1.0
99.62592	1.0
99.63316	-1.0
99.65964	-1.0
99.66232	-1.0
99.68184	-1.0
99.70492	-1.0
99.70872	-1.0
99.71748	-1.0
99.72076	-1.0
99.73496	1.0
99.75404	-1.0
99.7724	-1.0
99.77668	-1.0
99.77956	1.0
99.80152	-1.0
99.80684	-1.0
99.82296	-1.0
99.84096	-1.0
99.8588	1.0
99.88624	-1.0
99.89488	-1.0
99.90612	-1.0
99.91008	1.0
99.93428	-1.0
99.94448	-1.0
99.95232	-1.0
99.97488	1.0
99.97816	-1.0
99.982	-1.0
100.00192	-1.0
100.00704	-1.0
100.03168	-1.0
100.07936	-1.0
100.09208	1.0
100.10144	-1.0
100.1366	-1.0
100.14104	-1.0
100.18332	-1.0
100.1922	-1.0
100.26368	-1.0
100.27592	1.0
100.3072	-1.0
100.31556	-1.0
100.36208	1.0
100.40328	-1.0
100.43384	-1.0
100.58752	1.0
100.59808	-1.0
100.64312	-1.0
100.65692	1.0
100.68944	-1.0
100.8216	-1.0
100.8562	-1.0
100.85912	1.0
100.90036	-1.0
100.90464	-1.0
100.9234	-1.0
100.95472	-1.0
100.95988	-1.0
101.00056	-1.0
101.0776	-1.0
101.12832	1.0
104.58952	-1.0
104.59288	-1.0
104.6006	1.0
104.61504	1.0
104.62064	-1.0
104.6246	1.0
104.63392	-1.0
104.64292	-1.0
104.65116	1.0
104.65456	-1.0
104.66464	1.0
104.67428	-1.0
104.67876	-1.0
104.68484	1.0
104.69404	-1.0
104.6974	-1.0
104.71556	1.0
104.71888	-1.0
104.7382	-1.0
104.74096	-1.0
104.74416	1.0
104.764	-1.0
104.78488	1.0
104.8324	-1.0
104.83888	1.0
104.845	-1.0
104.85276	-1.0
104.87484	-1.0
104.88256	1.0
104.90764	-1.0
104.91048	-1.0
104.92612	1.0
104.94452	-1.0
104.94832	1.0
104.95328	-1.0
104.985	-1.0
105.00576	-1.0
105.0218	-1.0
105.0254	-1.0
105.03068	-1.0
105.0548	-1.0
105.09024	-1.0
105.09296	-1.0
105.1026	-1.0
105.10708	1.0
105.12936	-1.0
105.15864	-1.0
105.1772	-1.0
105.1828	-1.0
105.21808	-1.0
105.26004	-1.0
105.26512	-1.0
105.30652	1.0
105.321	-1.0
105.33816	1.0
105.35548	1.0
105.39148	-1.0
105.4034	-1.0
105.42552	-1.0
105.43696	-1.0
105.46988	-1.0
105.50312	1.0
105.5092	1.0
105.55876	1.0
105.61048	-1.0
105.61528	-1.0
105.65852	-1.0
105.69148	1.0
105.69764	-1.0
105.80976	-1.0
105.82696	1.0
105.8916	-1.0
105.92324	-1.0
105.9492	-1.0
105.9662	1.0
106.00012	-1.0
106.01104	-1.0
109.68204	-1.0
109.68732	1.0
109.69128	1.0
109.6964	-1.0
109.70184	-1.0
109.70444	1.0
109.72196	-1.0
109.72848	-1.0
109.733	1.0
109.74184	1.0
109.74504	-1.0
109.7534	-1.0
109.76632	-1.0
109.77048	1.0
109.773	1.0
109.78652	-1.0
109.79788	-1.0
109.80124	-1.0
109.81936	-1.0
109.84104	-1.0
109.84376	-1.0
109.86852	-1.0
109.87632	-1.0
109.88344	1.0
109.93128	-1.0
109.93936	-1.0
109.94364	-1.0
109.95464	-1.0
109.95828	1.0
109.96536	-1.0
109.97096	-1.0
110.01036	1.0
110.01324	-1.0
110.03688	-1.0
110.04528	-1.0
110.06324	1.0
110.10556	1.0
110.13348	-1.0
110.161	-1.0
110.18352	1.0
110.18716	1.0
110.21736	1.0
110.24096	1.0
110.28028	-1.0
110.2984	-1.0
110.33204	-1.0
110.33604	-1.0
110.3548	-1.0
110.4074	-1.0
110.4138	-1.0
110.48628	-1.0
110.54904	-1.0
110.59856	-1.0
110.62768	-1.0
110.63376	-1.0
110.65976	1.0
110.66404	-1.0
110.72308	-1.0
110.72656	-1.0
110.76248	-1.0
110.775	1.0
110.80564	-1.0
110.83224	-1.0
110.90312	-1.0
110.98656	-1.0
110.99328	1.0
111.01588	-1.0
111.0228	-1.0
111.03956	-1.0
111.05708	-1.0
111.09644	-1.0
114.82572	-1.0
114.83056	-1.0
114.83372	-1.0
114.83668	-1.0
114.8416	-1.0
114.84508	1.0
114.8522	-1.0
114.85624	-1.0
114.85932	-1.0
114.8628	-1.0
114.86668	-1.0
114.8704	1.0
114.87968	1.0
114.88636	-1.0
114.89624	1.0
114.89876	-1.0
114.91176	-1.0
114.92912	-1.0
114.93208	1.0
114.95684	-1.0
114.95964	-1.0
114.984	-1.0
114.99872	-1.0
115.01892	-1.0
115.02192	1.0
115.04348	-1.0
115.0472	-1.0
115.05472	-1.0
115.08136	-1.0
115.08832	-1.0
115.09704	-1.0
115.11492	1.0
115.1336	-1.0
115.1386	-1.0
115.15852	-1.0
115.17044	-1.0
115.17736	-1.0
115.19124	-1.0
115.2232	-1.0
115.24684	-1.0
115.26584	-1.0
115.31724	-1.0
115.32272	-1.0
115.32592	1.0
115.34688	-1.0
115.35412	-1.0
115.38872	-1.0
115.455	-1.0
115.4666	-1.0
115.46984	-1.0
115.48824	1.0
115.50324	-1.0
115.5278	1.0
115.5612	-1.0
115.57748	-1.0
115.58068	-1.0
115.58576	-1.0
115.62836	-1.0
115.67648	1.0
115.7056	-1.0
115.7158	-1.0
115.76136	-1.0
115.76576	-1.0
115.77792	1.0
115.78348	-1.0
115.78616	-1.0
115.78992	1.0
115.87372	1.0
115.88576	-1.0
115.93752	-1.0
115.94064	-1.0
115.98248	-1.0
115.98672	-1.0
116.01952	-1.0
116.02596	-1.0
116.04564	-1.0
116.05704	1.0
116.06948	1.0
116.08156	1.0
116.09256	-1.0
116.36612	-1.0
116.38816	-1.0
116.40036	-1.0
116.42848	1.0
119.73404	-1.0
119.7408	1.0
119.75128	1.0
119.75404	-1.0
119.76492	-1.0
119.77176	1.0
119.78376	-1.0
119.80584	-1.0
119.8112	-1.0
119.81584	-1.0
119.82912	1.0
119.83196	-1.0
119.85868	-1.0
119.86352	1.0
119.88172	-1.0
119.90672	-1.0
119.9194	-1.0
119.94524	-1.0
119.95368	1.0
119.96368	-1.0
119.96936	-1.0
119.974	1.0
119.9984	-1.0
120.02604	-1.0
120.0474	-1.0
120.0748	-1.0
120.07812	1.0
120.08404	-1.0
120.11236	-1.0
120.16628	1.0
120.17052	-1.0
120.17488	-1.0
120.2052	1.0
120.21032	-1.0
120.24228	1.0
120.25968	-1.0
120.29876	-1.0
120.33024	-1.0
120.3628	-1.0
120.37888	-1.0
120.39764	1.0
120.40376	1.0
120.4392	-1.0
120.479	-1.0
120.48212	1.0
120.49584	-1.0
120.56644	-1.0
120.57136	-1.0
120.63144	-1.0
120.63712	-1.0
120.66736	-1.0
120.67056	-1.0
120.677	-1.0
120.68252	1.0
120.74276	-1.0
120.7672	-1.0
120.80064	-1.0
120.80528	-1.0
120.80828	-1.0
120.81784	1.0
120.8568	-1.0
120.86028	-1.0
120.8758	-1.0
120.90028	-1.0
120.92672	1.0
120.92992	-1.0
120.952	-1.0
120.97544	1.0
120.98384	-1.0
121.03932	-1.0
121.054	-1.0
121.06064	1.0
121.08008	-1.0
121.11384	-1.0
121.12236	-1.0
121.18712	-1.0
121.21076	-1.0
121.23852	-1.0
124.87792	-1.0
124.88452	-1.0
124.8886	-1.0
124.897	1.0
124.90016	1.0
124.903	-1.0
124.91532	-1.0
124.925	-1.0
124.92948	1.0
124.93212	1.0
124.93616	-1.0
124.94248	1.0
124.95732	-1.0
124.9602	-1.0
124.97956	-1.0
124.98268	1.0
125.00572	-1.0
125.03128	-1.0
125.03484	-1.0
125.06176	-1.0
125.08944	-1.0
125.09348	-1.0
125.11316	-1.0
125.1158	1.0
125.1426	-1.0
125.15216	1.0
125.16896	-1.0
125.18928	-1.0
125.19308	-1.0
125.19904	-1.0
125.21316	-1.0
125.22724	-1.0
125.25724	-1.0
125.2604	-1.0
125.29516	-1.0
125.31752	1.0
125.32996	-1.0
125.35924	-1.0
125.40624	-1.0
125.43588	-1.0
125.46136	-1.0
125.48012	-1.0
125.49604	-1.0
125.51952	-1.0
125.54384	-1.0
125.55028	-1.0
125.55988	1.0
125.57484	-1.0
125.59236	-1.0
125.62048	-1.0
125.66232	-1.0
125.6876	-1.0
125.71708	-1.0
125.73056	1.0
125.73936	1.0
125.74784	-1.0
125.81912	1.0
125.82492	-1.0
125.84012	-1.0
125.84356	-1.0
125.8862	-1.0
125.8992	-1.0
125.9172	-1.0
125.98548	-1.0
126.01352	-1.0
126.0604	-1.0
126.08768	-1.0
126.10796	-1.0
126.12224	-1.0
126.1438	-1.0
126.17108	-1.0
126.20584	1.0
126.25028	-1.0
126.30844	-1.0
126.31456	-1.0
126.3746	-1.0
126.38392	1.0
126.56052	-1.0
130.60556	1.0
130.60953	-1.0
130.61343	-1.0
130.62791	-1.0
130.63512	1.0
130.63776	1.0
130.64217	1.0
130.64656	1.0
130.6496	-1.0
130.66316	1.0
130.66592	-1.0
130.66852	-1.0
130.68828	-1.0
130.6956	-1.0
130.7004	-1.0
130.72064	-1.0
130.74088	-1.0
130.7642	-1.0
130.76892	-1.0
130.78703	-1.0
130.79688	-1.0
130.81577	1.0
130.82112	-1.0
130.8364	-1.0
130.85336	-1.0
130.8586	-1.0
130.86412	1.0
130.88672	-1.0
130.8948	-1.0
130.89893	1.0
130.90929	-1.0
130.92636	-1.0
130.92992	-1.0
130.944	-1.0
130.95036	-1.0
130.95303	-1.0
130.95557	-1.0
130.97903	-1.0
131.00256	-1.0
131.02036	-1.0
131.04924	-1.0
131.06673	1.0
131.09096	-1.0
131.11272	-1.0
131.11807	-1.0
131.159	-1.0
131.17236	-1.0
131.22368	-1.0
131.25212	-1.0
131.26108	-1.0
131.28604	-1.0
131.29115	-1.0
131.34135	1.0
131.34525	-1.0
131.348	-1.0
131.36072	-1.0
131.38432	-1.0
131.43063	-1.0
131.46524	-1.0
131.50836	-1.0
131.51212	-1.0
131.56123	-1.0
131.61772	-1.0
131.62532	-1.0
131.63931	-1.0
131.65668	-1.0
131.67964	1.0
131.71072	-1.0
131.7496	-1.0
131.77975	-1.0
131.80716	-1.0
131.91296	-1.0
131.9394	-1.0
131.95248	-1.0
131.97224	-1.0
132.0084	-1.0
132.06984	-1.0
132.0818	-1.0
132.09032	1.0
132.0962	-1.0
132.1276	-1.0
132.1644	-1.0
136.48076	-1.0
136.49052	-1.0
136.4932	1.0
136.49904	-1.0
136.50397	-1.0
136.51167	1.0
136.51476	-1.0
136.51944	1.0
136.53207	-1.0
136.53976	-1.0
136.55296	-1.0
136.55672	-1.0
136.57356	-1.0
136.57776	1.0
136.58244	1.0
136.59152	-1.0
136.59628	-1.0
136.60016	1.0
136.61427	-1.0
136.6304	-1.0
136.6398	-1.0
136.68176	-1.0
136.69316	-1.0
136.71004	-1.0
136.71524	-1.0
136.73724	-1.0
136.74072	-1.0
136.76712	1.0
136.78996	1.0
136.7956	-1.0
136.82053	-1.0
136.83768	-1.0
136.85176	-1.0
136.85864	-1.0
136.88689	-1.0
136.89032	-1.0
136.90892	1.0
136.91457	-1.0
136.92168	1.0
136.94604	-1.0
136.97908	-1.0
137.0088	-1.0
137.02328	-1.0
137.02763	-1.0
137.04616	-1.0
137.05057	-1.0
137.0532	-1.0
137.1064	-1.0
137.12872	-1.0
137.151	-1.0
137.17328	-1.0
137.17784	-1.0
137.22728	-1.0
137.29655	-1.0
137.30568	-1.0
137.31303	-1.0
137.33044	-1.0
137.34836	-1.0
137.36964	1.0
137.414	-1.0
137.47404	-1.0
137.515	-1.0
137.52104	-1.0
137.52492	-1.0
137.53076	1.0
137.56296	-1.0
137.58832	-1.0
137.599	-1.0
137.64064	-1.0
137.6628	-1.0
137.69225	-1.0
137.70264	-1.0
137.73927	-1.0
137.78133	-1.0
137.82487	-1.0
137.88	-1.0
137.92744	1.0
137.93532	-1.0
137.96808	-1.0
137.99612	-1.0
138.00252	1.0
138.0054	-1.0
138.01855	-1.0
142.43697	1.0
142.4448	-1.0
142.44753	-1.0
142.45532	1.0
142.45811	-1.0
142.47131	1.0
142.47893	1.0
142.48367	-1.0
142.48848	1.0
142.491	-1.0
142.498	1.0
142.50084	1.0
142.50745	-1.0
142.52992	-1.0
142.53291	-1.0
142.54428	-1.0
142.56303	1.0
142.57443	-1.0
142.6026	-1.0
142.6068	-1.0
142.63084	-1.0
142.65527	-1.0
142.67656	-1.0
142.68803	-1.0
142.69168	1.0
142.70296	-1.0
142.7076	1.0
142.72543	-1.0
142.73483	-1.0
142.79228	-1.0
142.8148	-1.0
142.82332	-1.0
142.83195	-1.0
142.84093	-1.0
142.87152	-1.0
142.89584	-1.0
142.94052	-1.0
142.94797	-1.0
142.97913	-1.0
142.98515	-1.0
143.00957	-1.0
143.03108	-1.0
143.03905	-1.0
143.04707	-1.0
143.05267	-1.0
143.07443	-1.0
143.09052	-1.0
143.09885	-1.0
143.1148	-1.0
143.16235	-1.0
143.1656	-1.0
143.17004	-1.0
143.20515	-1.0
143.21149	-1.0
143.2448	-1.0
143.27904	1.0
143.28365	-1.0
143.288	1.0
143.31293	-1.0
143.3388	-1.0
143.35068	-1.0
143.37367	-1.0
143.4118	-1.0
143.45377	-1.0
143.493	1.0
143.52696	-1.0
143.53896	1.0
143.54276	-1.0
143.54527	-1.0
143.6088	-1.0
143.61844	1.0
143.65855	-1.0
143.67207	-1.0
143.69508	-1.0
143.7068	-1.0
143.7214	1.0
143.75708	-1.0
143.76608	-1.0
143.94077	-1.0
148.69524	-1.0
148.69807	-1.0
148.70128	-1.0
148.70387	-1.0
148.70737	1.0
148.7188	1.0
148.72205	-1.0
148.7344	-1.0
148.75037	1.0
148.75528	-1.0
148.75932	1.0
148.776	-1.0
148.79803	1.0
148.80492	-1.0
148.81409	-1.0
148.82204	-1.0
148.82668	-1.0
148.83215	-1.0
148.8486	-1.0
148.85504	-1.0
148.87315	-1.0
148.88632	-1.0
148.8902	1.0
148.9024	1.0
148.90732	-1.0
148.92516	-1.0
148.94632	1.0
148.9674	-1.0
148.99036	-1.0
148.99536	1.0
149.01588	-1.0
149.02788	-1.0
149.03336	1.0
149.0488	-1.0
149.0532	-1.0
149.0726	-1.0
149.07628	-1.0
149.085	1.0
149.15108	-1.0
149.15604	-1.0
149.18008	-1.0
149.20572	-1.0
149.21152	-1.0
149.23424	-1.0
149.29305	-1.0
149.30388	-1.0
149.3248	-1.0
149.33047	-1.0
149.35857	-1.0
149.36636	-1.0
149.38564	-1.0
149.40608	-1.0
149.4268	-1.0
149.43036	-1.0
149.45752	-1.0
149.46931	1.0
149.49985	-1.0
149.53136	-1.0
149.55948	-1.0
149.58948	-1.0
149.62732	-1.0
149.6456	-1.0
149.73705	1.0
149.76144	-1.0
149.765	-1.0
149.8034	-1.0
149.8234	-1.0
149.84508	-1.0
149.85928	-1.0
149.88008	-1.0
149.88696	-1.0
149.95944	-1.0
149.966	-1.0
149.98392	1.0
150.01616	-1.0
150.09648	-1.0
150.32468	-1.0
153.69472	1.0
153.69896	1.0
153.70244	1.0
153.72456	-1.0
153.73811	1.0
153.75356	-1.0
153.75632	1.0
153.76031	1.0
153.77844	-1.0
153.7832	-1.0
153.8066	-1.0
153.8162	1.0
153.83644	-1.0
153.84093	-1.0
153.85712	-1.0
153.86488	1.0
153.87344	-1.0
153.88857	-1.0
153.9028	-1.0
153.9518	-1.0
153.95769	1.0
153.98135	-1.0
154.01712	1.0
154.0326	-1.0
154.04948	-1.0
154.08128	-1.0
154.11311	1.0
154.11713	-1.0
154.14496	-1.0
154.16916	-1.0
154.191	-1.0
154.19624	-1.0
154.2148	-1.0
154.23872	-1.0
154.24416	-1.0
154.26633	-1.0
154.2796	-1.0
154.29924	-1.0
154.30356	-1.0
154.31764	-1.0
154.3246	-1.0
154.32916	-1.0
154.35736	-1.0
154.39984	-1.0
154.4328	-1.0
154.44772	-1.0
154.46072	-1.0
154.48843	-1.0
154.5318	-1.0
154.55684	-1.0
154.5994	-1.0
154.60223	-1.0
154.62128	-1.0
154.6808	-1.0
154.68929	-1.0
154.71516	-1.0
154.74156	1.0
154.773	-1.0
154.77773	-1.0
154.83224	-1.0
154.83928	-1.0
154.86676	-1.0
154.87492	-1.0
154.9452	-1.0
154.96832	-1.0
155.12936	-1.0
159.97604	-1.0
159.98	-1.0
159.98332	-1.0
159.98949	-1.0
160.00592	-1.0
160.00903	-1.0
160.01404	1.0
160.01897	-1.0
160.0298	-1.0
160.0346	-1.0
160.04655	-1.0
160.05112	-1.0
160.06303	-1.0
160.07164	-1.0
160.07423	-1.0
160.08708	-1.0
160.09888	-1.0
160.10724	-1.0
160.13297	-1.0
160.13588	1.0
160.15372	1.0
160.17224	-1.0
160.17924	-1.0
160.19844	-1.0
160.2026	1.0
160.22264	-1.0
160.22575	-1.0
160.23093	1.0
160.25133	-1.0
160.27736	-1.0
160.28535	1.0
160.2914	-1.0
160.30247	-1.0
160.3106	-1.0
160.3238	-1.0
160.33696	-1.0
160.35075	-1.0
160.35657	-1.0
160.3772	-1.0
160.40652	-1.0
160.4346	-1.0
160.46043	-1.0
160.49825	-1.0
160.50552	-1.0
160.50987	-1.0
160.51949	-1.0
160.53528	-1.0
160.53928	-1.0
160.55504	-1.0
160.57944	-1.0
160.58676	-1.0
160.61528	-1.0
160.63936	1.0
160.64568	-1.0
160.66605	-1.0
160.69072	-1.0
160.69484	-1.0
160.71344	-1.0
160.77657	1.0
160.79704	-1.0
160.81471	1.0
160.842	-1.0
160.87956	-1.0
160.92284	-1.0
160.96176	-1.0
161.01347	-1.0
161.01823	-1.0
161.05424	-1.0
161.10208	-1.0
161.13452	-1.0
161.14296	-1.0
161.16425	-1.0
161.17168	1.0
161.20187	-1.0
161.4396	-1.0
166.26668	-1.0
166.26936	-1.0
166.27277	1.0
166.27556	-1.0
166.2794	-1.0
166.28784	-1.0
166.29036	-1.0
166.3136	-1.0
166.31789	1.0
166.32964	-1.0
166.33556	-1.0
166.34125	1.0
166.3564	-1.0
166.36565	1.0
166.38445	-1.0
166.39227	-1.0
166.41444	-1.0
166.42432	1.0
166.43892	-1.0
166.44553	-1.0
166.44952	-1.0
166.45464	1.0
166.47084	-1.0
166.49603	-1.0
166.50124	-1.0
166.51872	-1.0
166.53276	-1.0
166.55489	-1.0
166.57771	-1.0
166.58072	-1.0
166.60677	-1.0
166.62172	-1.0
166.64343	-1.0
166.6564	1.0
166.66924	-1.0
166.6734	-1.0
166.69656	-1.0
166.70004	1.0
166.73152	-1.0
166.75143	-1.0
166.78104	-1.0
166.80627	-1.0
166.80965	-1.0
166.81236	-1.0
166.8188	-1.0
166.89444	-1.0
166.91956	-1.0
166.93704	-1.0
166.94247	-1.0
166.97025	-1.0
166.99396	-1.0
166.99904	-1.0
167.02528	-1.0
167.029	-1.0
167.03197	-1.0
167.05151	-1.0
167.0986	-1.0
167.10677	-1.0
167.11195	-1.0
167.16055	-1.0
167.19128	-1.0
167.19508	-1.0
167.22871	-1.0
167.2396	1.0
167.25468	-1.0
167.26695	-1.0
167.29243	-1.0
167.35593	-1.0
167.3848	-1.0
167.4302	-1.0
167.4352	-1.0
167.46988	-1.0
167.4976	-1.0
167.55817	-1.0
167.56429	-1.0
167.57475	1.0
167.7326	1.0
167.74995	-1.0
167.85889	-1.0
167.86528	-1.0
168.01404	-1.0
172.9138	-1.0
172.917	1.0
172.92229	-1.0
172.92503	-1.0
172.9344	-1.0
172.94444	-1.0
172.94864	1.0
172.96011	-1.0
172.97565	-1.0
172.97997	1.0
172.99904	-1.0
173.00352	1.0
173.00824	-1.0
173.01517	-1.0
173.01944	-1.0
173.02524	1.0
173.02844	-1.0
173.04643	-1.0
173.04909	-1.0
173.06853	-1.0
173.07172	-1.0
173.09367	-1.0
173.11856	-1.0
173.12672	-1.0
173.1344	-1.0
173.1402	-1.0
173.16563	-1.0
173.19516	-1.0
173.22047	-1.0
173.22395	-1.0
173.25412	-1.0
173.27364	-1.0
173.27756	-1.0
173.28012	1.0
173.30296	-1.0
173.30684	-1.0
173.32512	-1.0
173.34492	-1.0
173.35973	-1.0
173.37024	1.0
173.389	-1.0
173.47664	-1.0
173.53568	-1.0
173.54813	-1.0
173.56552	1.0
173.58183	1.0
173.60756	-1.0
173.62868	-1.0
173.6378	-1.0
173.66664	-1.0
173.6726	-1.0
173.6966	-1.0
173.73157	-1.0
173.7752	-1.0
173.80428	-1.0
173.83952	-1.0
173.85376	-1.0
173.88564	-1.0
173.89513	-1.0
173.9282	-1.0
173.93924	1.0
173.9826	-1.0
174.04008	-1.0
174.0872	-1.0
174.11232	-1.0
174.12436	-1.0
174.1504	-1.0
174.21068	-1.0
174.21603	1.0
179.06192	1.0
179.06448	-1.0
179.06764	-1.0
179.0712	-1.0
179.08528	1.0
179.08936	-1.0
179.09512	-1.0
179.10172	1.0
179.12076	1.0
179.128	1.0
179.14388	-1.0
179.14725	-1.0
179.15736	-1.0
179.18924	-1.0
179.19188	-1.0
179.19684	1.0
179.20049	-1.0
179.21788	-1.0
179.24043	-1.0
179.24536	-1.0
179.25636	-1.0
179.27444	-1.0
179.27832	1.0
179.30072	-1.0
179.3154	-1.0
179.32664	1.0
179.34648	-1.0
179.36368	-1.0
179.38348	-1.0
179.40887	-1.0
179.41148	-1.0
179.42851	-1.0
179.46324	-1.0
179.47713	-1.0
179.4818	-1.0
179.50227	-1.0
179.53004	-1.0
179.55408	-1.0
179.57208	-1.0
179.58948	-1.0
179.5994	1.0
179.63536	-1.0
179.6454	-1.0
179.69052	-1.0
179.71956	-1.0
179.72256	-1.0
179.75488	-1.0
179.78156	-1.0
179.788	-1.0
179.81236	-1.0
179.8376	-1.0
179.89964	1.0
179.92944	1.0
179.96072	-1.0
179.99455	-1.0
180.03088	-1.0
180.04176	-1.0
180.07652	-1.0
180.0948	-1.0
180.11311	-1.0
180.12788	-1.0
180.21349	-1.0
180.25693	-1.0
180.30548	-1.0
180.37392	-1.0
180.42204	-1.0
180.45947	1.0
184.83208	-1.0
184.84464	-1.0
184.8484	1.0
184.86037	1.0
184.8666	1.0
184.87152	1.0
184.87556	-1.0
184.87944	-1.0
184.8934	1.0
184.90463	-1.0
184.91077	-1.0
184.91383	-1.0
184.93256	-1.0
184.94807	1.0
184.97728	1.0
184.99312	-1.0
184.99783	-1.0
185.01436	1.0
185.0372	-1.0
185.05992	-1.0
185.06364	-1.0
185.10104	-1.0
185.12283	-1.0
185.16373	-1.0
185.17548	-1.0
185.1802	-1.0
185.20044	1.0
185.20557	-1.0
185.23083	1.0
185.25777	-1.0
185.28416	-1.0
185.30763	1.0
185.31836	-1.0
185.3224	-1.0
185.3432	-1.0
185.35529	-1.0
185.374	1.0
185.37712	-1.0
185.39984	-1.0
185.40347	-1.0
185.40796	-1.0
185.44048	-1.0
185.45984	-1.0
185.48389	-1.0
185.51088	-1.0
185.54485	-1.0
185.58124	-1.0
185.61217	-1.0
185.61804	-1.0
185.64513	-1.0
185.65332	1.0
185.67767	-1.0
185.7006	-1.0
185.7442	1.0
185.75652	-1.0
185.7946	-1.0
185.82552	-1.0
185.86992	-1.0
185.8746	-1.0
185.90828	-1.0
185.91428	-1.0
185.94104	-1.0
185.94464	-1.0
185.97392	-1.0
185.97676	-1.0
185.99825	1.0
186.00948	1.0
186.03676	-1.0
186.49184	-1.0
190.20052	-1.0
190.20784	-1.0
190.21332	1.0
190.21732	1.0
190.23064	-1.0
190.23996	-1.0
190.24744	1.0
190.27023	-1.0
190.27864	1.0
190.28212	1.0
190.29028	-1.0
190.30743	-1.0
190.32236	-1.0
190.33464	1.0
190.33716	-1.0
190.3592	-1.0
190.36304	-1.0
190.36728	1.0
190.37044	1.0
190.38783	-1.0
190.4332	-1.0
190.4412	-1.0
190.4656	-1.0
190.47755	-1.0
190.50491	-1.0
190.52516	-1.0
190.5304	-1.0
190.54295	-1.0
190.56187	-1.0
190.5816	-1.0
190.59224	-1.0
190.62712	-1.0
190.65184	-1.0
190.656	-1.0
190.66048	-1.0
190.68248	-1.0
190.71088	-1.0
190.73868	-1.0
190.7424	-1.0
190.74884	1.0
190.75523	-1.0
190.78328	-1.0
190.80296	-1.0
190.80684	-1.0
190.84776	-1.0
190.8572	1.0
190.87772	1.0
190.90768	1.0
190.952	1.0
190.98283	-1.0
191.00772	1.0
191.014	-1.0
191.04192	-1.0
191.08072	-1.0
191.11156	-1.0
191.1462	-1.0
191.16252	-1.0
191.18948	1.0
191.2078	-1.0
191.22417	-1.0
191.2606	-1.0
191.2908	-1.0
191.29465	-1.0
191.32031	-1.0
191.3546	1.0
191.4	-1.0
191.40295	-1.0
191.43552	-1.0
191.44536	-1.0
191.50343	1.0
191.59332	-1.0
191.61124	-1.0
196.05608	-1.0
196.0662	-1.0
196.07172	1.0
196.08195	1.0
196.08524	1.0
196.08904	-1.0
196.09668	-1.0
196.1068	-1.0
196.11324	-1.0
196.11713	1.0
196.13612	-1.0
196.1576	-1.0
196.16013	-1.0
196.17912	-1.0
196.2048	-1.0
196.20853	-1.0
196.21265	-1.0
196.21529	-1.0
196.23184	-1.0
196.25528	-1.0
196.25903	-1.0
196.27763	-1.0
196.2804	-1.0
196.29912	-1.0
196.30536	1.0
196.32216	-1.0
196.34937	-1.0
196.36984	-1.0
196.37508	-1.0
196.39796	-1.0
196.40128	-1.0
196.41476	-1.0
196.42143	-1.0
196.42809	-1.0
196.44864	-1.0
196.46889	-1.0
196.49245	-1.0
196.523	-1.0
196.61893	-1.0
196.65485	-1.0
196.68176	-1.0
196.71152	-1.0
196.73631	1.0
196.76347	-1.0
196.768	-1.0
196.78624	-1.0
196.81355	-1.0
196.8392	-1.0
196.8678	-1.0
196.9034	-1.0
196.92184	-1.0
196.93324	-1.0
196.99763	-1.0
197.02412	-1.0
197.06165	-1.0
197.06525	1.0
197.09912	-1.0
197.1368	-1.0
197.18764	-1.0
197.22276	-1.0
197.281	-1.0
197.33748	-1.0
197.37833	-1.0
197.453	-1.0
201.9502	-1.0
201.95512	-1.0
201.95804	1.0
201.96889	1.0
201.97212	1.0
201.98643	1.0
201.99312	-1.0
201.99632	-1.0
202.01848	-1.0
202.02544	-1.0
202.02904	-1.0
202.0316	1.0
202.04228	-1.0
202.06007	-1.0
202.07497	-1.0
202.07993	-1.0
202.09924	-1.0
202.11533	-1.0
202.13736	-1.0
202.15892	-1.0
202.162	-1.0
202.18568	-1.0
202.19868	-1.0
202.21445	-1.0
202.21764	1.0
202.22392	-1.0
202.2296	-1.0
202.25555	-1.0
202.26411	-1.0
202.2834	-1.0
202.29008	1.0
202.31332	-1.0
202.3402	-1.0
202.36876	-1.0
202.40636	-1.0
202.43748	-1.0
202.4504	-1.0
202.46117	-1.0
202.48172	-1.0
202.5026	-1.0
202.51424	-1.0
202.56812	-1.0
202.58524	1.0
202.60184	-1.0
202.62125	-1.0
202.62624	-1.0
202.6356	-1.0
202.65749	-1.0
202.66245	-1.0
202.7044	-1.0
202.7382	-1.0
202.80296	-1.0
202.84932	-1.0
202.88776	-1.0
202.92708	-1.0
202.95303	-1.0
202.99448	-1.0
203.073	1.0
203.14412	-1.0
203.17365	1.0
203.207	-1.0
203.291	1.0
203.33923	-1.0
207.851	-1.0
207.86388	1.0
207.87823	1.0
207.88388	-1.0
207.88872	1.0
207.89752	-1.0
207.91364	-1.0
207.94044	1.0
207.94388	-1.0
207.94672	-1.0
207.96164	1.0
207.99452	1.0
207.9986	-1.0
208.01256	-1.0
208.0224	-1.0
208.029	-1.0
208.06036	-1.0
208.0678	-1.0
208.08511	-1.0
208.09424	1.0
208.09772	-1.0
208.11476	1.0
208.1348	-1.0
208.13744	-1.0
208.152	-1.0
208.158	1.0
208.17725	-1.0
208.20456	1.0
208.23347	-1.0
208.26324	-1.0
208.26912	-1.0
208.27676	-1.0
208.29028	-1.0
208.29608	-1.0
208.32475	-1.0
208.35544	-1.0
208.38869	-1.0
208.42032	-1.0
208.44916	-1.0
208.48288	-1.0
208.52008	-1.0
208.54791	-1.0
208.55716	-1.0
208.56328	-1.0
208.58533	1.0
208.59152	-1.0
208.59772	-1.0
208.61723	-1.0
208.64224	-1.0
208.68292	-1.0
208.70804	-1.0
208.7362	-1.0
208.77864	-1.0
208.79369	-1.0
208.79752	1.0
208.81984	-1.0
208.8458	1.0
208.85272	-1.0
208.85808	-1.0
208.8942	-1.0
208.8988	-1.0
208.90924	-1.0
208.93108	-1.0
208.98608	-1.0
209.01692	-1.0
209.02151	1.0
209.16528	-1.0
209.2398	1.0
213.71452	-1.0
213.71744	-1.0
213.72005	-1.0
213.72928	-1.0
213.734	-1.0
213.73732	-1.0
213.74028	-1.0
213.74551	-1.0
213.75536	-1.0
213.76376	-1.0
213.77435	-1.0
213.7778	-1.0
213.78568	1.0
213.78856	1.0
213.81345	-1.0
213.8468	-1.0
213.85435	-1.0
213.87624	-1.0
213.88	-1.0
213.9262	-1.0
213.93063	-1.0
213.94464	-1.0
213.94753	-1.0
213.95172	-1.0
213.97765	-1.0
213.99255	1.0
214.00356	-1.0
214.0282	-1.0
214.04076	-1.0
214.05817	-1.0
214.061	-1.0
214.06564	1.0
214.08733	-1.0
214.10956	-1.0
214.1232	-1.0
214.14165	-1.0
214.154	1.0
214.16869	-1.0
214.18732	-1.0
214.19524	-1.0
214.22067	1.0
214.24312	-1.0
214.24808	-1.0
214.27496	-1.0
214.36913	-1.0
214.41084	-1.0
214.43224	-1.0
214.43764	-1.0
214.44595	1.0
214.46416	-1.0
214.50343	-1.0
214.51152	-1.0
214.54672	-1.0
214.57011	-1.0
214.57924	-1.0
214.58353	-1.0
214.67436	-1.0
214.67744	1.0
214.71912	1.0
214.76396	-1.0
214.76952	-1.0
214.77435	-1.0
214.80792	-1.0
214.83035	-1.0
214.84505	-1.0
214.91412	-1.0
215.06471	-1.0
215.22304	-1.0
219.3082	-1.0
219.31165	-1.0
219.32344	-1.0
219.3292	1.0
219.34177	1.0
219.34668	-1.0
219.35963	-1.0
219.37384	1.0
219.37776	-1.0
219.38968	-1.0
219.41356	-1.0
219.4166	-1.0
219.42155	1.0
219.42496	1.0
219.43436	-1.0
219.44437	-1.0
219.45552	-1.0
219.48108	-1.0
219.49995	-1.0
219.50632	-1.0
219.52669	-1.0
219.53816	-1.0
219.5512	-1.0
219.57616	-1.0
219.57996	-1.0
219.62624	-1.0
219.6406	1.0
219.64456	-1.0
219.65771	-1.0
219.68124	-1.0
219.69656	-1.0
219.73036	-1.0
219.73392	-1.0
219.76064	-1.0
219.7908	-1.0
219.81512	-1.0
219.82243	-1.0
219.84096	-1.0
219.8634	-1.0
219.87376	1.0
219.8884	-1.0
219.91632	-1.0
219.92192	-1.0
219.95076	-1.0
219.98004	-1.0
220.01453	-1.0
220.05772	-1.0
220.06148	-1.0
220.0658	-1.0
220.08607	-1.0
220.08923	-1.0
220.1212	-1.0
220.13664	-1.0
220.14032	-1.0
220.1918	1.0
220.21904	-1.0
220.2706	-1.0
220.27753	-1.0
220.311	-1.0
220.32936	-1.0
220.36528	-1.0
220.36964	-1.0
220.40964	-1.0
220.41245	1.0
220.48264	-1.0
220.58585	-1.0
220.61432	-1.0
220.64372	-1.0
225.27472	-1.0
225.28032	-1.0
225.2906	-1.0
225.30348	-1.0
225.30876	1.0
225.3162	-1.0
225.32127	-1.0
225.33704	-1.0
225.3438	1.0
225.34868	1.0
225.36407	-1.0
225.36916	1.0
225.39876	-1.0
225.4196	-1.0
225.42392	1.0
225.47668	-1.0
225.48828	-1.0
225.50015	-1.0
225.51744	-1.0
225.521	-1.0
225.55508	-1.0
225.57529	-1.0
225.5778	-1.0
225.60896	1.0
225.64996	-1.0
225.66785	-1.0
225.67345	-1.0
225.69849	-1.0
225.70996	-1.0
225.73685	-1.0
225.7592	-1.0
225.76283	-1.0
225.78436	-1.0
225.7918	-1.0
225.81535	-1.0
225.82936	-1.0
225.85168	-1.0
225.88223	-1.0
225.91568	-1.0
225.92513	-1.0
225.95145	-1.0
225.97952	1.0
226.0376	-1.0
226.06145	-1.0
226.07964	-1.0
226.12024	-1.0
226.13892	-1.0
226.15204	-1.0
226.1576	-1.0
226.2228	-1.0
226.31248	-1.0
226.33168	-1.0
226.39288	-1.0
226.40956	-1.0
226.50496	-1.0
226.5838	-1.0
227.59831	1.0
230.7906	-1.0
230.79855	-1.0
230.80563	-1.0
230.8106	-1.0
230.81708	1.0
230.82603	1.0
230.83752	-1.0
230.84145	-1.0
230.86607	-1.0
230.86955	-1.0
230.88644	-1.0
230.89005	-1.0
230.89264	1.0
230.92703	1.0
230.95392	-1.0
230.96857	-1.0
230.9782	-1.0
230.99808	-1.0
231.00365	-1.0
231.0266	-1.0
231.04868	-1.0
231.05408	-1.0
231.0578	-1.0
231.08032	-1.0
231.0992	-1.0
231.12608	-1.0
231.14896	-1.0
231.16203	-1.0
231.16528	-1.0
231.19104	-1.0
231.19536	-1.0
231.21075	-1.0
231.21349	-1.0
231.22008	-1.0
231.23895	-1.0
231.24428	-1.0
231.25212	-1.0
231.27904	-1.0
231.28448	-1.0
231.29643	-1.0
231.30876	-1.0
231.31316	-1.0
231.31876	1.0
231.33592	-1.0
231.3484	-1.0
231.3554	-1.0
231.35928	-1.0
231.38908	-1.0
231.39592	-1.0
231.42264	-1.0
231.42767	-1.0
231.46095	-1.0
231.48468	-1.0
231.5154	-1.0
231.5434	-1.0
231.57504	-1.0
231.58084	-1.0
231.60307	-1.0
231.60608	-1.0
231.6738	-1.0
231.72604	1.0
231.76253	-1.0
231.80109	-1.0
231.86012	1.0
231.94997	-1.0
231.9658	1.0
231.98932	-1.0
231.9952	-1.0
232.03271	-1.0
232.03784	-1.0
232.04295	1.0
232.07716	-1.0
236.62737	-1.0
236.63055	-1.0
236.63908	-1.0
236.64397	1.0
236.66216	-1.0
236.66669	-1.0
236.67268	-1.0
236.68668	-1.0
236.6892	-1.0
236.71075	-1.0
236.71677	-1.0
236.723	1.0
236.7382	-1.0
236.74277	-1.0
236.74904	1.0
236.75212	1.0
236.78604	-1.0
236.80768	-1.0
236.819	-1.0
236.82408	-1.0
236.83752	1.0
236.84604	-1.0
236.89816	-1.0
236.92096	-1.0
236.92596	1.0
236.94733	-1.0
236.95345	-1.0
236.9842	-1.0
236.98804	-1.0
237.009	-1.0
237.03488	-1.0
237.05785	-1.0
237.0638	-1.0
237.0854	-1.0
237.093	-1.0
237.11876	-1.0
237.15083	-1.0
237.16795	-1.0
237.1716	-1.0
237.19057	-1.0
237.19432	1.0
237.20152	1.0
237.22543	-1.0
237.24696	-1.0
237.28632	-1.0
237.31956	-1.0
237.3502	-1.0
237.38136	1.0
237.44415	-1.0
237.46371	-1.0
237.49396	-1.0
237.53365	-1.0
237.544	-1.0
237.55832	-1.0
237.60132	-1.0
237.60716	-1.0
237.64523	-1.0
237.66849	-1.0
237.71156	-1.0
237.74512	-1.0
237.79352	-1.0
237.82956	-1.0
237.87	1.0
238.05605	-1.0
242.17892	-1.0
242.18771	-1.0
242.1924	1.0
242.20944	-1.0
242.21584	-1.0
242.22952	-1.0
242.23796	1.0
242.25272	-1.0
242.25648	-1.0
242.27193	-1.0
242.2802	1.0
242.294	-1.0
242.29884	-1.0
242.30203	-1.0
242.32584	1.0
242.34856	-1.0
242.3526	-1.0
242.3688	-1.0
242.38324	-1.0
242.41393	-1.0
242.41792	-1.0
242.42944	-1.0
242.48924	-1.0
242.509	-1.0
242.51964	-1.0
242.5694	-1.0
242.5894	-1.0
242.64128	-1.0
242.67796	-1.0
242.69952	-1.0
242.72464	-1.0
242.80331	-1.0
242.83363	-1.0
242.84	-1.0
242.84372	-1.0
242.86824	-1.0
242.87628	-1.0
242.89484	1.0
242.902	1.0
242.93044	-1.0
242.9678	-1.0
243.0204	-1.0
243.02376	-1.0
243.05528	-1.0
243.15024	-1.0
243.17989	-1.0
243.19412	-1.0
243.22408	-1.0
243.29428	-1.0
243.56824	-1.0
248.64648	-1.0
248.6518	-1.0
248.66817	1.0
248.68028	-1.0
248.68668	1.0
248.6946	-1.0
248.69852	-1.0
248.70732	-1.0
248.71687	-1.0
248.73145	-1.0
248.75516	-1.0
248.76056	-1.0
248.77815	-1.0
248.80156	-1.0
248.80692	-1.0
248.81577	1.0
248.82388	-1.0
248.89308	-1.0
248.89732	-1.0
248.92104	-1.0
248.94528	1.0
248.97464	-1.0
248.98172	1.0
248.99956	-1.0
249.02724	-1.0
249.05568	-1.0
249.08672	-1.0
249.11404	-1.0
249.14424	1.0
249.17271	-1.0
249.17548	-1.0
249.2028	-1.0
249.23824	-1.0
249.26897	-1.0
249.29877	-1.0
249.31493	1.0
249.34456	-1.0
249.35196	1.0
249.35768	-1.0
249.41624	-1.0
249.4638	-1.0
249.51372	-1.0
249.5538	-1.0
249.57655	-1.0
249.62444	-1.0
249.66756	-1.0
249.71916	-1.0
249.72708	1.0
249.75575	-1.0
249.82156	-1.0
249.83	-1.0
249.88795	-1.0
249.90004	-1.0
249.9644	-1.0
249.98537	-1.0
250.02808	-1.0
250.0488	1.0
255.01216	-1.0
255.0156	-1.0
255.01884	-1.0
255.02768	-1.0
255.038	-1.0
255.04411	-1.0
255.0556	1.0
255.07568	1.0
255.0928	-1.0
255.11128	-1.0
255.14316	-1.0
255.15388	1.0
255.16257	-1.0
255.16908	1.0
255.18845	-1.0
255.19164	-1.0
255.21329	-1.0
255.23268	-1.0
255.25964	1.0
255.2864	-1.0
255.30943	-1.0
255.31456	-1.0
255.3206	-1.0
255.33144	-1.0
255.34367	-1.0
255.3468	-1.0
255.3632	-1.0
255.37376	-1.0
255.38487	1.0
255.39836	1.0
255.41948	-1.0
255.43835	-1.0
255.45856	-1.0
255.50476	-1.0
255.51	-1.0
255.51833	-1.0
255.53316	-1.0
255.559	-1.0
255.58148	-1.0
255.61533	-1.0
255.61932	-1.0
255.62556	1.0
255.66576	-1.0
255.70404	-1.0
255.71764	-1.0
255.74336	-1.0
255.78636	-1.0
255.79031	1.0
255.80849	-1.0
255.81232	-1.0
255.85352	-1.0
255.87924	-1.0
255.89012	-1.0
255.95236	-1.0
255.98004	-1.0
256.04047	-1.0
256.28735	-1.0
260.23303	-1.0
260.24445	-1.0
260.25388	1.0
260.26355	-1.0
260.26904	-1.0
260.27576	1.0
260.2967	1.0
260.30048	-1.0
260.31912	1.0
260.32336	-1.0
260.33325	1.0
260.33652	-1.0
260.3621	-1.0
260.38443	-1.0
260.3996	-1.0
260.40903	-1.0
260.4122	-1.0
260.43787	-1.0
260.46567	1.0
260.49945	-1.0
260.50635	1.0
260.52875	-1.0
260.5591	-1.0
260.5966	-1.0
260.62927	1.0
260.64816	-1.0
260.65692	-1.0
260.68475	-1.0
260.68903	-1.0
260.7034	-1.0
260.73105	-1.0
260.73508	-1.0
260.7755	-1.0
260.78128	-1.0
260.78915	-1.0
260.84967	-1.0
260.87912	-1.0
260.90463	-1.0
260.90997	-1.0
260.9284	-1.0
260.94333	1.0
260.99728	-1.0
261.002	-1.0
261.05783	-1.0
261.0834	-1.0
261.12183	-1.0
261.16693	-1.0
261.20175	-1.0
261.24973	-1.0
261.2531	-1.0
261.3606	-1.0
261.43604	-1.0
261.50452	-1.0
261.62967	1.0
265.7082	-1.0
265.71884	-1.0
265.727	-1.0
265.73477	-1.0
265.74026	1.0
265.74295	-1.0
265.75385	1.0
265.7703	1.0
265.77335	1.0
265.7867	-1.0
265.80212	-1.0
265.80917	-1.0
265.82437	-1.0
265.8274	1.0
265.8319	-1.0
265.85287	-1.0
265.8562	-1.0
265.8746	-1.0
265.88248	-1.0
265.90927	-1.0
265.93115	-1.0
265.9995	-1.0
266.00772	-1.0
266.0338	-1.0
266.07175	-1.0
266.0923	-1.0
266.0972	1.0
266.11447	-1.0
266.14703	-1.0
266.1646	-1.0
266.16907	-1.0
266.20108	-1.0
266.25504	-1.0
266.2759	-1.0
266.2938	-1.0
266.3063	-1.0
266.31433	1.0
266.35233	-1.0
266.37076	-1.0
266.3973	-1.0
266.40375	-1.0
266.43756	1.0
266.46368	-1.0
266.47183	-1.0
266.48337	-1.0
266.5098	-1.0
266.53888	-1.0
266.5506	-1.0
266.55347	-1.0
266.63208	-1.0
266.6544	1.0
266.6968	-1.0
266.71716	-1.0
266.73773	-1.0
266.74176	1.0
266.79413	-1.0
266.80817	1.0
266.91776	-1.0
271.24384	-1.0
271.2667	-1.0
271.28925	1.0
271.2921	-1.0
271.30664	1.0
271.3141	-1.0
271.32043	-1.0
271.33032	-1.0
271.34775	-1.0
271.37665	-1.0
271.38904	-1.0
271.41348	-1.0
271.4167	-1.0
271.43332	1.0
271.45383	-1.0
271.46875	-1.0
271.4735	-1.0
271.48663	-1.0
271.4919	-1.0
271.49515	1.0
271.51404	-1.0
271.51825	1.0
271.5426	-1.0
271.5461	1.0
271.56885	-1.0
271.58517	-1.0
271.61667	-1.0
271.6386	-1.0
271.64127	1.0
271.66913	-1.0
271.72388	1.0
271.7465	-1.0
271.75012	-1.0
271.77667	-1.0
271.78055	1.0
271.8016	-1.0
271.8086	-1.0
271.8383	-1.0
271.85913	-1.0
271.9062	-1.0
271.9313	-1.0
271.94635	1.0
271.96735	-1.0
271.993	-1.0
272.03012	-1.0
272.03516	-1.0
272.0467	-1.0
272.05716	1.0
272.1014	-1.0
272.11923	-1.0
272.1668	-1.0
272.19864	-1.0
272.239	-1.0
272.27228	1.0
272.29343	-1.0
272.3162	-1.0
274.8464	-1.0
274.8556	-1.0
274.87408	-1.0
274.87796	1.0
274.88135	-1.0
274.88892	1.0
274.89835	-1.0
274.91367	-1.0
274.93463	1.0
274.94235	-1.0
274.9754	-1.0
274.98145	-1.0
275.00433	-1.0
275.00708	1.0
275.0281	-1.0
275.03668	1.0
275.0638	-1.0
275.10233	-1.0
275.11237	1.0
275.12292	-1.0
275.12595	-1.0
275.161	-1.0
275.18304	-1.0
275.2473	-1.0
275.2703	-1.0
275.30893	-1.0
275.31165	-1.0
275.3346	-1.0
275.36472	-1.0
275.37265	-1.0
275.3861	-1.0
275.4156	-1.0
275.41867	-1.0
275.44553	1.0
275.47513	-1.0
275.54108	-1.0
275.6186	-1.0
275.62372	-1.0
275.63065	-1.0
275.66464	-1.0
275.67664	-1.0
275.7667	1.0
275.84335	-1.0
275.8492	-1.0
275.85645	-1.0
275.92032	-1.0
275.99976	-1.0
281.39285	-1.0
281.39587	-1.0
281.39844	-1.0
281.40332	1.0
281.41287	-1.0
281.41565	1.0
281.43112	-1.0
281.43567	1.0
281.45337	-1.0
281.4587	-1.0
281.46167	-1.0
281.47412	-1.0
281.4914	1.0
281.49512	-1.0
281.50735	-1.0
281.51508	-1.0
281.5202	-1.0
281.54352	-1.0
281.56067	-1.0
281.56995	-1.0
281.57877	-1.0
281.5843	-1.0
281.61087	-1.0
281.6327	-1.0
281.65472	-1.0
281.67447	-1.0
281.679	1.0
281.7079	-1.0
281.713	1.0
281.71652	1.0
281.77405	-1.0
281.78235	-1.0
281.81943	-1.0
281.8356	-1.0
281.8415	1.0
281.8619	-1.0
281.8901	-1.0
281.89975	1.0
281.92123	-1.0
281.92404	1.0
281.95712	-1.0
281.99197	-1.0
282.018	-1.0
282.02597	-1.0
282.04224	1.0
282.05136	1.0
282.06055	-1.0
282.06573	-1.0
282.1142	-1.0
282.15048	-1.0
282.1558	-1.0
282.17917	-1.0
282.20096	-1.0
282.2158	1.0
282.22192	-1.0
282.26895	-1.0
282.27457	1.0
282.31635	-1.0
282.36072	-1.0
282.4327	-1.0
282.46613	-1.0
282.48303	-1.0
286.4239	-1.0
286.43835	1.0
286.44904	-1.0
286.46548	-1.0
286.4683	1.0
286.50024	-1.0
286.5229	-1.0
286.5406	-1.0
286.553	-1.0
286.56592	-1.0
286.62567	-1.0
286.65375	-1.0
286.66345	-1.0
286.68304	-1.0
286.6882	1.0
286.69547	-1.0
286.70944	-1.0
286.7195	-1.0
286.7255	-1.0
286.74884	1.0
286.7719	1.0
286.77524	-1.0
286.7788	-1.0
286.8127	-1.0
286.8849	-1.0
286.93057	-1.0
286.9394	-1.0
286.94275	1.0
286.9601	-1.0
286.9938	-1.0
287.02115	-1.0
287.04407	-1.0
287.0645	1.0
287.1538	-1.0
287.16455	-1.0
287.2111	1.0
287.21808	1.0
287.25623	-1.0
287.29272	-1.0
287.38632	-1.0
287.39023	-1.0
287.47296	-1.0
287.4771	-1.0
287.58444	-1.0
287.60657	-1.0
289.9291	-1.0
289.99063	-1.0
290.0058	-1.0
290.016	-1.0
290.0357	-1.0
290.0595	-1.0
290.07425	1.0
290.07767	-1.0
290.10333	-1.0
290.11145	-1.0
290.1154	1.0
290.14053	-1.0
290.1465	-1.0
290.16797	-1.0
290.1796	-1.0
290.1976	-1.0
290.20288	-1.0
290.24664	-1.0
290.2697	-1.0
290.28165	-1.0
290.285	-1.0
290.28864	-1.0
290.3058	-1.0
290.3155	-1.0
290.34796	-1.0
290.424	-1.0
290.45264	1.0
290.48816	-1.0
290.5287	-1.0
290.57477	-1.0
290.61517	1.0
290.6519	-1.0
290.67368	-1.0
290.69147	-1.0
290.70273	-1.0
290.78268	-1.0
290.87424	-1.0
290.88156	1.0
290.973	-1.0
291.05804	-1.0
291.06796	-1.0
295.4537	-1.0
295.4592	-1.0
295.46448	-1.0
295.49103	1.0
295.4978	-1.0
295.51044	-1.0
295.5335	-1.0
295.53668	1.0
295.54083	-1.0
295.5637	-1.0
295.56705	1.0
295.579	-1.0
295.58673	1.0
295.58975	-1.0
295.6136	-1.0
295.61713	-1.0
295.63956	-1.0
295.64255	-1.0
295.65448	1.0
295.6993	-1.0
295.70407	-1.0
295.7322	-1.0
295.75888	-1.0
295.81015	-1.0
295.81284	1.0
295.83936	1.0
295.85605	1.0
295.86197	-1.0
295.89725	-1.0
295.93057	-1.0
295.93512	-1.0
295.94116	-1.0
295.97687	-1.0
295.99908	-1.0
296.00916	-1.0
296.0464	-1.0
296.05	1.0
296.09363	-1.0
296.14404	-1.0
296.1592	-1.0
296.16516	1.0
296.18884	-1.0
296.2264	-1.0
296.27383	-1.0
296.4409	-1.0
296.56964	-1.0
300.3704	-1.0
300.3976	-1.0
300.40356	1.0
300.41797	1.0
300.432	-1.0
300.44443	-1.0
300.4536	-1.0
300.4637	-1.0
300.46985	1.0
300.48236	-1.0
300.49008	-1.0
300.507	-1.0
300.5121	-1.0
300.52716	-1.0
300.54214	-1.0
300.56253	-1.0
300.57788	-1.0
300.59073	-1.0
300.59348	-1.0
300.6206	-1.0
300.6443	-1.0
300.64725	1.0
300.66763	-1.0
300.67145	-1.0
300.6775	1.0
300.70786	-1.0
300.73505	-1.0
300.76157	-1.0
300.77545	-1.0
300.78735	1.0
300.82123	-1.0
300.8326	-1.0
300.8531	1.0
300.87537	-1.0
300.90552	-1.0
300.9082	-1.0
300.93643	-1.0
301.02747	-1.0
301.03564	-1.0
301.0608	-1.0
301.0825	-1.0
301.1555	-1.0
301.1639	-1.0
301.16656	-1.0
301.2109	-1.0
301.24133	-1.0
301.26648	-1.0
305.45352	-1.0
305.4816	1.0
305.5313	-1.0
305.54813	-1.0
305.5765	1.0
305.58023	-1.0
305.59027	-1.0
305.5988	-1.0
305.61768	-1.0
305.6298	1.0
305.6372	-1.0
305.64236	-1.0
305.6822	-1.0
305.6912	-1.0
305.70816	1.0
305.7272	-1.0
305.73544	-1.0
305.76868	-1.0
305.80585	1.0
305.82843	-1.0
305.8384	-1.0
305.85312	-1.0
305.86072	-1.0
305.86557	1.0
305.89474	-1.0
305.92017	-1.0
305.92908	-1.0
305.97467	-1.0
306.01123	-1.0
306.04947	-1.0
306.0646	-1.0
306.06943	-1.0
306.0749	-1.0
306.16653	-1.0
306.22537	-1.0
306.2414	-1.0
306.24905	1.0
306.28604	-1.0
306.36496	-1.0
310.198	-1.0
310.2329	1.0
310.23807	-1.0
310.25473	-1.0
310.2781	-1.0
310.2839	1.0
310.29605	-1.0
310.30103	-1.0
310.32608	-1.0
310.3513	-1.0
310.37628	-1.0
310.39145	-1.0
310.39395	-1.0
310.39883	-1.0
310.42593	-1.0
310.44824	-1.0
310.46896	-1.0
310.49377	-1.0
310.52115	1.0
310.56528	-1.0
310.56876	-1.0
310.59277	-1.0
310.62015	-1.0
310.6536	-1.0
310.67435	1.0
310.68063	-1.0
310.72504	-1.0
310.7546	-1.0
310.76672	-1.0
310.78375	-1.0
310.79987	-1.0
310.81903	-1.0
310.83664	-1.0
310.92804	-1.0
310.9576	-1.0
310.99023	-1.0
311.12173	-1.0
311.12924	-1.0
311.13867	1.0
311.15152	-1.0
311.1967	-1.0
315.84363	-1.0
315.85803	1.0
315.87045	-1.0
315.89517	-1.0
315.9005	-1.0
315.9132	1.0
315.93848	-1.0
315.94128	1.0
315.99048	-1.0
315.99893	1.0
316.0411	-1.0
316.05292	-1.0
316.06155	1.0
316.07907	1.0
316.1027	-1.0
316.1117	1.0
316.1227	-1.0
316.13327	-1.0
316.14508	-1.0
316.16763	-1.0
316.20325	1.0
316.21085	-1.0
316.221	-1.0
316.25867	-1.0
316.263	-1.0
316.2714	-1.0
316.31665	-1.0
316.37903	-1.0
316.40015	-1.0
316.40387	-1.0
316.4334	-1.0
316.46933	-1.0
316.4984	-1.0
316.53708	-1.0
316.56012	1.0
316.632	-1.0
316.7039	-1.0
316.7542	-1.0
316.78555	1.0
316.79895	-1.0
316.8163	-1.0
316.8859	-1.0
316.94687	-1.0
321.02072	-1.0
321.0366	-1.0
321.05905	-1.0
321.0756	-1.0
321.09293	-1.0
321.10535	-1.0
321.10947	1.0
321.14133	-1.0
321.1714	1.0
321.18576	-1.0
321.23828	-1.0
321.2464	-1.0
321.2794	-1.0
321.28793	-1.0
321.38397	1.0
321.38937	-1.0
321.3924	-1.0
321.4038	-1.0
321.42313	-1.0
321.43488	-1.0
321.44388	1.0
321.50027	-1.0
321.5764	1.0
321.64404	-1.0
321.6664	-1.0
321.72318	-1.0
321.76215	-1.0
321.77768	-1.0
321.79684	-1.0
321.81793	-1.0
321.82852	-1.0
321.933	-1.0
321.9475	-1.0
321.96585	1.0
322.04395	-1.0
325.96133	1.0
325.966	-1.0
325.97656	-1.0
325.97983	1.0
325.99124	-1.0
325.99695	-1.0
326.00928	1.0
326.0197	-1.0
326.03928	-1.0
326.0685	-1.0
326.07587	-1.0
326.08328	-1.0
326.09503	-1.0
326.1089	-1.0
326.1289	-1.0
326.1811	-1.0
326.1851	-1.0
326.19055	1.0
326.19693	-1.0
326.2181	-1.0
326.24567	-1.0
326.25125	1.0
326.25616	-1.0
326.27765	-1.0
326.29437	1.0
326.32785	-1.0
326.37057	-1.0
326.42303	-1.0
326.44412	-1.0
326.4573	-1.0
326.46472	1.0
326.52072	-1.0
326.54187	-1.0
326.54636	-1.0
326.57355	1.0
326.60953	-1.0
326.67157	-1.0
326.68173	-1.0
326.73877	-1.0
327.1289	-1.0
331.8469	-1.0
331.8548	-1.0
331.8678	-1.0
331.8786	1.0
331.8942	-1.0
331.90564	-1.0
331.931	-1.0
331.93353	1.0
331.9892	-1.0
332.0004	-1.0
332.01904	-1.0
332.04095	1.0
332.10397	1.0
332.10815	1.0
332.1309	-1.0
332.1474	-1.0
332.181	-1.0
332.18585	-1.0
332.2033	-1.0
332.22485	-1.0
332.22873	-1.0
332.24963	-1.0
332.2715	-1.0
332.3257	-1.0
332.339	-1.0
332.37207	-1.0
332.41025	-1.0
332.4373	-1.0
332.44815	-1.0
332.46033	-1.0
332.5229	-1.0
332.5484	-1.0
332.56192	-1.0
332.57864	-1.0
332.5909	-1.0
332.5976	-1.0
332.6151	1.0
332.69077	-1.0
332.7819	-1.0
338.20743	-1.0
338.21252	-1.0
338.2235	1.0
338.2358	-1.0
338.23993	-1.0
338.2591	-1.0
338.2624	-1.0
338.26663	-1.0
338.28952	1.0
338.2996	1.0
338.32578	-1.0
338.3473	-1.0
338.35248	-1.0
338.38113	-1.0
338.42508	-1.0
338.4835	-1.0
338.48895	-1.0
338.49512	-1.0
338.4995	1.0
338.53375	-1.0
338.54984	-1.0
338.5682	-1.0
338.578	-1.0
338.58347	1.0
338.61877	-1.0
338.62308	-1.0
338.6508	-1.0
338.70065	-1.0
338.70483	-1.0
338.82465	-1.0
338.83743	-1.0
338.8785	-1.0
338.92593	-1.0
338.93265	-1.0
338.986	-1.0
338.99026	-1.0
338.9932	-1.0
339.0846	-1.0
343.27612	-1.0
343.29025	-1.0
343.3244	-1.0
343.3462	-1.0
343.3958	-1.0
343.4026	1.0
343.4203	1.0
343.45163	-1.0
343.48053	-1.0
343.4869	1.0
343.51025	-1.0
343.5162	1.0
343.5474	-1.0
343.5693	-1.0
343.583	-1.0
343.64633	-1.0
343.6498	-1.0
343.6688	-1.0
343.69592	1.0
343.70087	1.0
343.70676	-1.0
343.74265	1.0
343.79373	-1.0
343.80057	-1.0
343.80536	-1.0
343.85693	-1.0
343.8637	-1.0
343.88483	-1.0
343.89508	1.0
343.9204	-1.0
343.9365	-1.0
344.058	1.0
344.06332	-1.0
348.61667	-1.0
348.64816	-1.0
348.65182	-1.0
348.6661	-1.0
348.67108	1.0
348.69067	1.0
348.73343	-1.0
348.73883	-1.0
348.7419	-1.0
348.74905	-1.0
348.76157	1.0
348.77313	-1.0
348.78568	-1.0
348.79276	1.0
348.797	-1.0
348.8298	-1.0
348.8507	-1.0
348.9024	1.0
348.92896	-1.0
348.93475	-1.0
348.944	-1.0
348.96863	-1.0
348.9808	-1.0
348.98853	-1.0
349.02155	-1.0
349.0393	-1.0
349.08148	-1.0
349.0952	1.0
349.11304	-1.0
349.12955	1.0
349.16495	-1.0
349.2506	-1.0
349.2535	-1.0
349.2969	-1.0
349.35852	1.0
349.39987	-1.0
349.50235	1.0
349.5617	1.0
353.6682	-1.0
353.68695	-1.0
353.7092	-1.0
353.71188	-1.0
353.71503	-1.0
353.7217	1.0
353.7426	-1.0
353.74536	-1.0
353.74988	1.0
353.75507	-1.0
353.7595	-1.0
353.77625	1.0
353.7837	1.0
353.78775	-1.0
353.8101	-1.0
353.81677	1.0
353.82303	1.0
353.83963	-1.0
353.87415	-1.0
353.90384	-1.0
353.91623	1.0
353.9896	-1.0
354.00095	-1.0
354.0662	-1.0
354.07028	1.0
354.07455	-1.0
354.08368	-1.0
354.08783	-1.0
354.0919	1.0
354.11255	-1.0
354.1224	1.0
354.17633	-1.0
354.335	1.0
354.3622	-1.0
354.52133	-1.0
354.5559	-1.0
358.41483	-1.0
358.41837	-1.0
358.43555	-1.0
358.4504	-1.0
358.45297	-1.0
358.46396	-1.0
358.47516	-1.0
358.51273	-1.0
358.52145	1.0
358.54388	-1.0
358.549	-1.0
358.56125	-1.0
358.58167	1.0
358.6298	-1.0
358.6326	-1.0
358.66565	-1.0
358.67368	-1.0
358.7271	-1.0
358.74768	-1.0
358.78824	-1.0
358.85007	1.0
358.8531	-1.0
358.85712	-1.0
358.928	-1.0
358.934	-1.0
358.96997	-1.0
358.9946	-1.0
359.0215	1.0
359.09286	-1.0
359.2584	1.0
359.2874	-1.0
363.46664	-1.0
363.4699	-1.0
363.47455	1.0
363.47906	1.0
363.486	1.0
363.51715	-1.0
363.52927	-1.0
363.55917	-1.0
363.59344	-1.0
363.63095	-1.0
363.63727	1.0
363.65268	-1.0
363.65997	1.0
363.6707	-1.0
363.68216	-1.0
363.68665	-1.0
363.71823	-1.0
363.7671	-1.0
363.8391	-1.0
363.84625	-1.0
363.87305	-1.0
363.90103	-1.0
363.90393	-1.0
363.90704	1.0
363.9178	-1.0
363.92236	-1.0
363.928	1.0
363.9312	-1.0
363.95975	1.0
363.97083	1.0
363.9782	1.0
363.98596	-1.0
363.99637	-1.0
364.15952	-1.0
364.26996	-1.0
364.29352	-1.0
364.47836	-1.0
364.486	-1.0
364.49347	1.0
364.57245	-1.0
368.4237	-1.0
368.427	1.0
368.45367	-1.0
368.47815	1.0
368.48355	-1.0
368.5048	1.0
368.52005	-1.0
368.52347	1.0
368.54733	1.0
368.55957	-1.0
368.57892	-1.0
368.5877	-1.0
368.65607	-1.0
368.67352	-1.0
368.6798	-1.0
368.6977	-1.0
368.71857	-1.0
368.86197	-1.0
368.90164	-1.0
368.9056	-1.0
368.91348	-1.0
368.9272	-1.0
368.95175	-1.0
369.0005	1.0
369.0147	-1.0
369.0708	-1.0
369.15408	-1.0
373.18765	1.0
373.19464	1.0
373.1988	1.0
373.2183	1.0
373.22556	-1.0
373.24405	-1.0
373.24777	1.0
373.25204	-1.0
373.2577	-1.0
373.26477	1.0
373.26877	-1.0
373.2786	-1.0
373.28214	-1.0
373.28876	1.0
373.29965	-1.0
373.31415	-1.0
373.3248	-1.0
373.33173	1.0
373.3348	-1.0
373.3392	-1.0
373.34216	-1.0
373.3451	-1.0
373.36816	1.0
373.37088	1.0
373.3746	-1.0
373.38336	-1.0
373.3872	-1.0
373.41553	-1.0
373.42108	1.0
373.4236	1.0
373.457	-1.0
373.4718	-1.0
373.47583	1.0
373.4896	-1.0
373.5138	-1.0
373.5294	1.0
373.54208	-1.0
373.54855	-1.0
373.61563	-1.0
373.6255	1.0
373.68005	-1.0
373.7307	-1.0
373.7674	-1.0
373.9054	-1.0
373.95267	-1.0
373.99063	-1.0
373.99524	1.0
374.02316	-1.0
374.0987	-1.0
374.11823	-1.0
374.20544	-1.0
378.03995	-1.0
378.05167	-1.0
378.07532	1.0
378.10004	-1.0
378.1079	1.0
378.1147	-1.0
378.11987	-1.0
378.1264	-1.0
378.134	-1.0
378.13937	1.0
378.1451	1.0
378.14987	1.0
378.1627	-1.0
378.1668	-1.0
378.17932	1.0
378.19012	-1.0
378.2075	1.0
378.21368	-1.0
378.22253	-1.0
378.23315	-1.0
378.23737	1.0
378.27335	-1.0
378.29004	-1.0
378.35324	-1.0
378.3942	-1.0
378.4167	-1.0
378.42624	-1.0
378.47675	-1.0
378.4856	1.0
378.49847	-1.0
378.5019	-1.0
378.51807	1.0
378.55917	1.0
378.57413	-1.0
378.58713	-1.0
378.59055	-1.0
378.61172	-1.0
378.63995	1.0
378.6439	-1.0
378.65924	-1.0
378.69565	-1.0
383.0489	-1.0
383.05704	-1.0
383.06363	-1.0
383.07437	1.0
383.0771	-1.0
383.0923	-1.0
383.1072	1.0
383.11517	-1.0
383.12057	1.0
383.1248	-1.0
383.13025	-1.0
383.13275	1.0
383.1393	-1.0
383.16187	1.0
383.16504	1.0
383.24112	-1.0
383.25613	-1.0
383.26367	1.0
383.31	1.0
383.32263	-1.0
383.34927	1.0
383.3658	-1.0
383.36932	-1.0
383.39435	-1.0
383.4047	-1.0
383.4142	-1.0
383.46097	-1.0
383.4673	1.0
383.56796	-1.0
383.6215	-1.0
383.6247	-1.0
383.64456	-1.0
383.7141	-1.0
383.72104	-1.0
383.82043	-1.0
386.8771	1.0
388.0968	-1.0
388.11212	-1.0
388.1224	1.0
388.13303	-1.0
388.15097	-1.0
388.16336	-1.0
388.17105	1.0
388.17435	-1.0
388.18057	1.0
388.19357	1.0
388.19876	-1.0
388.2182	-1.0
388.24353	-1.0
388.2697	-1.0
388.2966	-1.0
388.34348	-1.0
388.35873	-1.0
388.36377	-1.0
388.37448	-1.0
388.3812	-1.0
388.4131	-1.0
388.41772	-1.0
388.42172	1.0
388.44464	-1.0
388.4676	-1.0
388.48877	-1.0
388.49136	1.0
388.50827	-1.0
388.54453	-1.0
388.55637	-1.0
388.55984	-1.0
388.58337	1.0
388.61737	-1.0
388.72372	-1.0
388.83136	-1.0
388.8444	1.0
388.85977	-1.0
388.9558	-1.0
389.03915	-1.0
389.0417	-1.0
392.8086	1.0
392.84045	-1.0
392.84943	1.0
392.8583	-1.0
392.8624	-1.0
392.87256	1.0
392.88327	-1.0
392.88876	-1.0
392.89825	-1.0
392.90308	-1.0
392.9167	1.0
392.9351	-1.0
392.93967	1.0
392.9864	-1.0
392.98895	-1.0
392.9927	1.0
393.06308	1.0
393.06732	-1.0
393.08496	-1.0
393.08844	-1.0
393.09885	-1.0
393.11673	1.0
393.1776	-1.0
393.19968	-1.0
393.23785	1.0
393.25125	-1.0
393.25952	-1.0
393.30753	-1.0
393.3169	-1.0
393.3524	-1.0
393.36145	1.0
393.38187	-1.0
393.4346	-1.0
393.44327	-1.0
393.4888	-1.0
393.62335	-1.0
393.72507	-1.0
393.79672	-1.0
397.23328	-1.0
397.2487	-1.0
397.25836	1.0
397.26663	-1.0
397.2718	1.0
397.28247	-1.0
397.2903	-1.0
397.29385	-1.0
397.29657	1.0
397.3056	-1.0
397.31235	-1.0
397.32404	1.0
397.35995	-1.0
397.36417	-1.0
397.3673	1.0
397.3708	-1.0
397.4293	1.0
397.43527	-1.0
397.4661	-1.0
397.47675	-1.0
397.49036	-1.0
397.5028	1.0
397.5092	-1.0
397.51324	1.0
397.56027	-1.0
397.56635	-1.0
397.5967	-1.0
397.6193	-1.0
397.66553	-1.0
397.6746	-1.0
397.69983	-1.0
397.7208	-1.0
397.72784	-1.0
397.74347	1.0
397.76147	-1.0
397.81042	-1.0
397.83957	-1.0
397.84564	-1.0
397.9182	-1.0
397.92325	-1.0
397.95236	-1.0
402.1358	-1.0
402.146	-1.0
402.1568	-1.0
402.1659	1.0
402.1793	-1.0
402.1849	-1.0
402.18835	1.0
402.2021	-1.0
402.2123	-1.0
402.21735	-1.0
402.22333	1.0
402.23587	-1.0
402.24152	-1.0
402.25476	-1.0
402.25903	-1.0
402.26523	1.0
402.28015	-1.0
402.2827	-1.0
402.2906	-1.0
402.29376	-1.0
402.32925	1.0
402.364	1.0
402.38797	-1.0
402.39084	-1.0
402.39487	1.0
402.43137	-1.0
402.45532	-1.0
402.46088	-1.0
402.50443	-1.0
402.51	-1.0
402.51517	-1.0
402.5309	1.0
402.5537	-1.0
402.56165	-1.0
402.6634	-1.0
402.6791	-1.0
402.69516	-1.0
402.71613	-1.0
402.7838	-1.0
402.87488	-1.0
402.909	-1.0
403.00784	-1.0
403.0194	-1.0
403.02417	-1.0
407.46695	-1.0
407.4723	-1.0
407.48227	1.0
407.48657	-1.0
407.48923	1.0
407.49353	-1.0
407.50177	-1.0
407.5077	-1.0
407.51376	-1.0
407.51645	1.0
407.53812	-1.0
407.57556	1.0
407.5803	-1.0
407.59457	-1.0
407.6025	1.0
407.62213	1.0
407.6325	1.0
407.67297	-1.0
407.68292	-1.0
407.72983	1.0
407.758	-1.0
407.77533	-1.0
407.8182	-1.0
407.82104	-1.0
407.87527	-1.0
407.88907	-1.0
407.90997	-1.0
407.91537	1.0
407.9296	-1.0
407.96793	-1.0
407.9708	-1.0
408.0371	-1.0
408.04752	-1.0
408.06827	-1.0
408.07776	-1.0
408.1168	-1.0
408.12067	-1.0
408.18616	-1.0
408.21533	-1.0
408.2196	-1.0
411.7787	-1.0
411.8046	-1.0
411.81256	-1.0
411.81625	1.0
411.82285	-1.0
411.82635	-1.0
411.8289	1.0
411.83273	-1.0
411.84155	-1.0
411.84573	1.0
411.85245	1.0
411.8669	1.0
411.876	-1.0
411.88196	1.0
411.89023	-1.0
411.8937	-1.0
411.92844	-1.0
411.93423	1.0
412.0266	-1.0
412.03525	-1.0
412.05276	-1.0
412.05756	-1.0
412.06155	-1.0
412.09277	-1.0
412.13345	-1.0
412.16797	-1.0
412.17108	-1.0
412.23572	-1.0
412.29288	-1.0
412.30252	-1.0
412.32578	-1.0
412.42432	-1.0
412.53137	-1.0
416.6106	-1.0
416.62076	-1.0
416.63113	1.0
416.64157	1.0
416.64615	-1.0
416.65723	1.0
416.66312	1.0
416.666	-1.0
416.68256	-1.0
416.68643	-1.0
416.7036	-1.0
416.7169	-1.0
416.72757	-1.0
416.74173	1.0
416.77725	-1.0
416.79376	-1.0
416.8135	-1.0
416.83835	-1.0
416.88712	-1.0
416.8899	-1.0
416.89264	-1.0
416.9166	-1.0
416.9206	-1.0
416.95627	-1.0
416.95975	-1.0
417.0363	-1.0
417.04016	-1.0
417.07083	-1.0
417.07373	-1.0
417.2116	-1.0
417.22583	-1.0
417.22864	-1.0
417.27017	-1.0
417.31628	-1.0
417.373	-1.0
421.23447	-1.0
421.26028	-1.0
421.28433	-1.0
421.299	-1.0
421.31177	-1.0
421.3171	-1.0
421.32162	-1.0
421.32776	-1.0
421.3319	1.0
421.33444	-1.0
421.33832	-1.0
421.3411	-1.0
421.3499	-1.0
421.35333	-1.0
421.36996	-1.0
421.409	-1.0
421.4228	-1.0
421.4262	-1.0
421.45477	-1.0
421.47516	-1.0
421.48816	1.0
421.5052	-1.0
421.5308	-1.0
421.5974	-1.0
421.62183	1.0
421.67877	-1.0
421.69916	1.0
421.7142	-1.0
421.71725	-1.0
421.7392	-1.0
421.84473	-1.0
421.87747	-1.0
421.8848	-1.0
421.9472	-1.0
421.99408	-1.0
422.06555	-1.0
422.21475	-1.0
425.70508	-1.0
425.72308	-1.0
425.73404	-1.0
425.74384	1.0
425.75146	1.0
425.7564	-1.0
425.76785	-1.0
425.79437	-1.0
425.7969	-1.0
425.80148	1.0
425.83484	1.0
425.8453	-1.0
425.85114	-1.0
425.87103	-1.0
425.89053	-1.0
425.90417	-1.0
425.97916	-1.0
425.98383	-1.0
426.00113	-1.0
426.01895	-1.0
426.03955	-1.0
426.0913	-1.0
426.13428	-1.0
426.15417	-1.0
426.15775	-1.0
426.184	-1.0
426.2204	-1.0
426.2258	-1.0
429.63672	1.0
429.6397	-1.0
429.66187	-1.0
429.66953	-1.0
429.67944	-1.0
429.68195	1.0
429.68692	-1.0
429.69827	-1.0
429.70148	-1.0
429.718	1.0
429.72253	-1.0
429.73343	1.0
429.74472	1.0
429.7685	-1.0
429.79987	-1.0
429.81165	-1.0
429.8218	-1.0
429.82513	1.0
429.83188	-1.0
429.84995	-1.0
429.9254	-1.0
429.92883	-1.0
429.96448	-1.0
429.96817	-1.0
430.0266	-1.0
430.03152	-1.0
430.0515	1.0
430.08307	-1.0
430.1046	-1.0
430.15253	1.0
430.15527	-1.0
430.1949	1.0
430.19992	-1.0
433.65625	1.0
433.6643	-1.0
433.66696	1.0
433.67728	1.0
433.68	-1.0
433.68704	-1.0
433.69775	-1.0
433.70236	-1.0
433.70825	-1.0
433.7152	-1.0
433.7185	-1.0
433.72867	-1.0
433.7407	-1.0
433.74353	-1.0
433.7877	-1.0
433.7924	1.0
433.8249	-1.0
433.83545	-1.0
433.92267	-1.0
433.9419	-1.0
433.94717	-1.0
433.9902	-1.0
433.99475	-1.0
433.99808	-1.0
434.0255	1.0
434.0302	-1.0
434.07877	-1.0
434.0815	-1.0
434.1125	-1.0
434.15765	-1.0
434.16223	-1.0
434.19284	-1.0
434.1967	-1.0
434.22556	-1.0
434.2726	1.0
434.31677	-1.0
434.36975	1.0
437.48785	-1.0
437.5058	1.0
437.51172	-1.0
437.51556	-1.0
437.51993	-1.0
437.53192	-1.0
437.53613	-1.0
437.54364	1.0
437.54977	-1.0
437.5551	-1.0
437.56665	-1.0
437.58252	-1.0
437.58655	-1.0
437.59103	-1.0
437.62247	-1.0
437.6274	1.0
437.66653	-1.0
437.67105	-1.0
437.7141	-1.0
437.74146	1.0
437.82724	-1.0
437.8431	-1.0
437.86752	-1.0
437.8845	-1.0
437.8992	-1.0
437.9047	-1.0
437.94684	-1.0
437.9705	-1.0
437.99808	-1.0
438.01547	-1.0
438.02487	-1.0
438.141	-1.0
438.15195	1.0
442.4776	-1.0
442.4813	-1.0
442.49353	-1.0
442.49667	1.0
442.50043	-1.0
442.5053	1.0
442.5098	-1.0
442.5142	-1.0
442.517	1.0
442.523	1.0
442.52643	-1.0
442.53055	-1.0
442.55365	-1.0
442.55988	-1.0
442.5765	-1.0
442.6446	-1.0
442.66815	1.0
442.69992	1.0
442.76843	-1.0
442.93756	-1.0
442.9404	-1.0
443.00677	-1.0
443.1379	-1.0
443.2156	-1.0
443.28333	-1.0
446.3608	-1.0
446.36365	-1.0
446.37848	-1.0
446.3857	1.0
446.38824	1.0
446.3932	1.0
446.40384	-1.0
446.40903	-1.0
446.42572	-1.0
446.43265	-1.0
446.4533	-1.0
446.46356	-1.0
446.4688	-1.0
446.53537	-1.0
446.55927	-1.0
446.58533	-1.0
446.6071	-1.0
446.64697	-1.0
446.668	-1.0
446.70648	-1.0
446.7224	-1.0
446.78604	-1.0
446.80347	-1.0
446.83597	-1.0
446.8387	-1.0
446.8814	-1.0
446.88583	-1.0
446.9593	-1.0
450.38852	1.0
450.39215	-1.0
450.405	1.0
450.41748	-1.0
450.42117	-1.0
450.4262	1.0
450.43372	-1.0
450.43716	1.0
450.44016	1.0
450.44376	-1.0
450.45483	-1.0
450.45792	-1.0
450.46133	1.0
450.4974	-1.0
450.51224	-1.0
450.54657	-1.0
450.58365	-1.0
450.6753	-1.0
450.67828	-1.0
450.77832	1.0
450.7961	-1.0
450.8043	-1.0
450.85297	-1.0
450.97836	-1.0
450.98495	-1.0
453.9192	-1.0
453.92505	-1.0
453.93924	-1.0
453.94232	1.0
453.94843	-1.0
453.95837	-1.0
453.9609	-1.0
453.96448	-1.0
453.9703	-1.0
453.97723	-1.0
453.98004	-1.0
453.99603	-1.0
454.01715	1.0
454.02612	1.0
454.03397	-1.0
454.08795	-1.0
454.09952	-1.0
454.1462	-1.0
454.22696	-1.0
454.2526	-1.0
454.25513	-1.0
454.30624	-1.0
454.31656	-1.0
454.46417	-1.0
454.5626	1.0
454.58032	-1.0
457.46475	-1.0
457.4687	-1.0
457.47827	-1.0
457.4833	-1.0
457.4871	-1.0
457.4983	-1.0
457.51324	-1.0
457.51617	-1.0
457.52063	-1.0
457.53137	1.0
457.5409	-1.0
457.5438	-1.0
457.54712	1.0
457.56635	-1.0
457.56973	-1.0
457.6845	-1.0
457.6932	-1.0
457.74017	-1.0
457.74335	-1.0
457.75113	1.0
457.7781	-1.0
457.78745	-1.0
457.8338	-1.0
457.84824	-1.0
457.88605	-1.0
458.03903	-1.0
458.045	-1.0
460.7105	1.0
460.72272	-1.0
460.7357	-1.0
460.74155	-1.0
460.74612	-1.0
460.7613	-1.0
460.7651	-1.0
460.76764	-1.0
460.7747	-1.0
460.77753	-1.0
460.78485	-1.0
460.7982	-1.0
460.8178	-1.0
460.82083	-1.0
460.84317	-1.0
460.8781	-1.0
460.9479	-1.0
460.9874	-1.0
460.99048	-1.0
461.0134	-1.0
461.03824	-1.0
461.049	-1.0
461.13354	-1.0
461.1576	-1.0
461.187	-1.0
461.2275	-1.0
461.46368	-1.0
464.1724	1.0
464.1801	-1.0
464.2026	-1.0
464.2073	-1.0
464.21835	-1.0
464.22675	-1.0
464.23773	-1.0
464.24475	-1.0
464.25043	-1.0
464.2554	-1.0
464.26843	1.0
464.2911	-1.0
464.29437	-1.0
464.3114	-1.0
464.31607	-1.0
464.3351	-1.0
464.35992	-1.0
464.39648	-1.0
464.44016	-1.0
464.47592	-1.0
464.52036	-1.0
464.57	-1.0
464.65067	-1.0
467.68524	-1.0
467.69153	-1.0
467.7	-1.0
467.703	1.0
467.71268	-1.0
467.71536	-1.0
467.72357	-1.0
467.7393	-1.0
467.75488	-1.0
467.82053	1.0
467.8306	-1.0
467.8575	1.0
467.88303	-1.0
467.90475	-1.0
467.94885	-1.0
467.9853	-1.0
467.99512	-1.0
468.20752	-1.0
470.96085	-1.0
470.9719	-1.0
470.9763	-1.0
470.9862	1.0
470.99197	-1.0
470.99875	-1.0
471.0066	1.0
471.0196	-1.0
471.03525	-1.0
471.04767	-1.0
471.05743	-1.0
471.06836	-1.0
471.07452	-1.0
471.0814	1.0
471.086	-1.0
471.0931	-1.0
471.16928	-1.0
471.1921	1.0
471.19736	-1.0
471.208	-1.0
471.2562	-1.0
471.2859	-1.0
471.35867	-1.0
471.4278	-1.0
471.44968	1.0
471.60635	-1.0
473.92215	-1.0
473.94452	-1.0
473.95	-1.0
473.95605	-1.0
473.9622	-1.0
473.97284	-1.0
473.97635	-1.0
473.9886	-1.0
473.9977	1.0
474.01175	-1.0
474.0322	-1.0
474.05545	-1.0
474.104	-1.0
474.19553	-1.0
474.20468	1.0
474.29037	-1.0
474.29807	-1.0
474.34573	-1.0
474.37653	-1.0
474.38864	-1.0
476.92603	-1.0
476.93085	1.0
476.93536	1.0
476.94427	1.0
476.95105	-1.0
476.95667	-1.0
476.96545	-1.0
476.96945	1.0
476.98425	-1.0
476.99792	1.0
477.0058	-1.0
477.00983	1.0
477.0262	-1.0
477.03217	1.0
477.0685	-1.0
477.10516	-1.0
477.11243	1.0
477.1644	1.0
477.23755	-1.0
477.32523	-1.0
477.34927	-1.0
479.81912	-1.0
479.82697	-1.0
479.83157	-1.0
479.84375	-1.0
479.85257	1.0
479.86267	-1.0
479.86804	-1.0
479.8854	-1.0
479.90765	-1.0
479.9124	-1.0
479.91644	-1.0
479.93542	-1.0
479.93863	-1.0
479.97055	-1.0
480.0254	-1.0
480.10617	-1.0
480.3375	1.0
482.48865	-1.0
482.4952	-1.0
482.50464	-1.0
482.5089	-1.0
482.5128	1.0
482.52444	-1.0
482.53784	1.0
482.5444	-1.0
482.55124	-1.0
482.555	-1.0
482.55917	-1.0
482.59677	-1.0
482.60608	-1.0
482.63623	-1.0
482.75433	-1.0
482.76813	-1.0
482.78244	-1.0
482.8469	-1.0
485.74628	1.0
485.7491	-1.0
485.76233	1.0
485.76752	-1.0
485.7712	-1.0
485.7822	1.0
485.78867	-1.0
485.7921	1.0
485.8054	-1.0
485.8091	-1.0
485.8324	-1.0
485.8358	-1.0
485.84024	-1.0
485.84464	1.0
485.84772	1.0
485.88193	-1.0
485.90692	-1.0
485.93747	1.0
486.00107	-1.0
486.06525	-1.0
486.09683	1.0
486.17947	-1.0
486.18304	-1.0
486.18607	-1.0
489.0635	1.0
489.0674	-1.0
489.08063	1.0
489.09192	1.0
489.0948	1.0
489.0984	-1.0
489.107	-1.0
489.11835	-1.0
489.1306	-1.0
489.16312	-1.0
489.18958	-1.0
489.2578	-1.0
489.3693	-1.0
489.39908	-1.0
489.4163	-1.0
489.4214	-1.0
489.51505	-1.0
489.5421	-1.0
489.6419	-1.0
492.68887	-1.0
492.6917	-1.0
492.69675	1.0
492.7035	-1.0
492.71753	-1.0
492.72037	-1.0
492.72592	1.0
492.7318	-1.0
492.7408	-1.0
492.74637	-1.0
492.7646	-1.0
492.77997	-1.0
492.79697	1.0
492.8151	-1.0
492.88855	-1.0
492.90308	-1.0
492.9082	-1.0
493.0009	-1.0
493.0776	-1.0
493.08792	-1.0
493.21252	-1.0
493.32	-1.0
493.32333	-1.0
493.3448	1.0
495.4596	-1.0
495.46252	-1.0
495.46692	1.0
495.4748	-1.0
495.4815	1.0
495.48483	-1.0
495.48904	-1.0
495.50757	-1.0
495.51297	-1.0
495.5305	1.0
495.53363	-1.0
495.55304	-1.0
495.627	-1.0
495.74612	-1.0
495.84128	-1.0
498.48047	-1.0
498.50372	-1.0
498.51828	1.0
498.52347	-1.0
498.53323	-1.0
498.54688	-1.0
498.56125	1.0
498.56757	-1.0
498.57028	-1.0
498.57684	-1.0
498.57953	1.0
498.6063	-1.0
498.632	1.0
498.646	-1.0
498.66684	1.0
498.67807	-1.0
498.68335	-1.0
498.78864	-1.0
498.797	1.0
498.79987	-1.0
498.85556	-1.0
498.8741	-1.0
498.88303	-1.0
503.9138	-1.0
503.91864	-1.0
503.92993	-1.0
503.93427	-1.0
503.9372	-1.0
503.94095	1.0
503.94644	-1.0
503.95056	-1.0
503.95676	-1.0
503.95953	1.0
503.96735	1.0
503.9719	1.0
503.97885	-1.0
503.98404	-1.0
503.98956	-1.0
504.00272	-1.0
504.09	-1.0
504.11288	-1.0
504.12415	-1.0
504.1855	-1.0
504.25537	-1.0
504.2669	-1.0
504.28177	-1.0
504.38428	-1.0
504.42947	-1.0
504.47864	-1.0
504.57205	1.0
506.88873	-1.0
506.89532	1.0
506.9212	-1.0
506.94012	-1.0
506.9432	-1.0
506.95868	-1.0
506.96884	1.0
506.97495	1.0
506.98026	-1.0
506.9876	-1.0
506.99152	-1.0
507.00937	-1.0
507.041	1.0
507.0486	-1.0
507.06903	-1.0
507.129	-1.0
509.40897	-1.0
509.41315	-1.0
509.41992	1.0
509.42645	-1.0
509.43396	1.0
509.44217	-1.0
509.452	-1.0
509.47308	-1.0
509.4773	-1.0
509.49127	-1.0
509.5107	-1.0
509.52744	1.0
509.58444	1.0
512.5854	-1.0
512.59406	-1.0
512.5992	-1.0
512.60364	1.0
512.6223	-1.0
512.6395	-1.0
512.6444	-1.0
512.657	1.0
512.68115	-1.0
512.6874	1.0
512.69305	-1.0
512.7036	-1.0
512.70685	-1.0
512.7331	1.0
512.7748	-1.0
512.795	-1.0
512.8164	-1.0
512.85516	-1.0
515.33374	-1.0
515.33966	1.0
515.3502	-1.0
515.3566	-1.0
515.36804	1.0
515.3711	-1.0
515.3776	-1.0
515.38354	1.0
515.38995	1.0
515.3926	-1.0
515.4056	1.0
515.40857	1.0
515.43365	-1.0
515.44464	-1.0
515.5233	-1.0
515.5264	-1.0
515.5317	1.0
518.25824	1.0
518.2806	1.0
518.2895	-1.0
518.312	-1.0
518.31555	-1.0
518.31915	1.0
518.32513	-1.0
518.36224	-1.0
518.3826	-1.0
518.4684	1.0
521.4056	1.0
521.41266	-1.0
521.4157	-1.0
521.428	-1.0
521.4346	1.0
521.4523	-1.0
521.47815	-1.0
521.4864	-1.0
521.5292	1.0
521.6576	-1.0
524.2064	-1.0
524.2192	1.0
524.22186	-1.0
524.2254	-1.0
524.255	1.0
524.2604	-1.0
524.26666	-1.0
524.273	1.0
524.28107	1.0
524.2976	-1.0
524.34973	-1.0
524.3572	-1.0
524.3666	-1.0
526.688	-1.0
526.6983	-1.0
526.7015	1.0
526.7195	1.0
526.726	-1.0
526.78394	1.0
526.7916	-1.0
526.8299	1.0
526.8744	-1.0
526.8869	-1.0
526.9112	-1.0
526.95386	-1.0
530.06885	-1.0
530.09	-1.0
530.10095	-1.0
530.1123	1.0
530.12524	1.0
530.129	-1.0
530.1368	-1.0
530.14154	1.0
530.1601	-1.0
530.1639	-1.0
530.19324	-1.0
530.2172	-1.0
530.3058	1.0
530.3308	-1.0
533.5135	-1.0
533.5409	-1.0
533.54846	-1.0
533.57214	-1.0
533.59515	1.0
533.59955	-1.0
533.6115	1.0
533.6252	-1.0
533.6292	-1.0
533.63745	-1.0
533.6419	-1.0
533.7148	-1.0
533.7266	-1.0
535.84033	1.0
535.863	1.0
535.8852	-1.0
536.1022	-1.0
536.19696	-1.0
536.2788	-1.0
536.2975	1.0
536.3298	-1.0
536.3356	1.0
536.35297	1.0
536.3586	1.0
536.3667	-1.0
536.37494	1.0
536.38104	-1.0
536.4035	-1.0
536.43225	1.0
538.38544	-1.0
538.39966	-1.0
538.4094	1.0
538.4281	-1.0
538.4619	-1.0
538.469	1.0
538.48224	-1.0
538.495	1.0
538.5167	1.0
538.52167	1.0
538.5402	-1.0
538.543	1.0
538.63165	-1.0
541.9217	-1.0
541.93677	-1.0
541.9552	-1.0
541.9605	-1.0
541.96344	1.0
541.96857	-1.0
541.97345	1.0
541.97675	-1.0
541.98236	-1.0
541.9881	-1.0
542.0034	1.0
542.0403	1.0
542.1674	-1.0
544.49854	1.0
544.5279	1.0
547.04175	-1.0
547.0481	-1.0
547.0611	1.0
547.0706	1.0
547.0812	-1.0
547.1067	1.0
547.1127	-1.0
547.1175	1.0
547.12866	-1.0
547.1361	1.0
547.1789	-1.0
547.2192	-1.0
551.7692	-1.0
551.7834	-1.0
551.7895	1.0
551.81226	1.0
551.8335	-1.0
551.83905	1.0
551.8501	-1.0
551.85364	1.0
551.8602	-1.0
551.8673	1.0
551.8744	-1.0
551.882	1.0
551.8854	-1.0
551.88837	1.0
551.91644	-1.0
552.01575	1.0
555.9662	1.0
556.0169	-1.0
556.06146	-1.0
556.0675	-1.0
556.07306	1.0
556.0946	1.0
556.0971	-1.0
556.1079	1.0
556.1248	1.0
556.1299	-1.0
556.13855	-1.0
559.70306	1.0
559.72076	1.0
559.7427	-1.0
559.7761	-1.0
559.78534	-1.0
559.80225	-1.0
559.81433	1.0
559.83685	-1.0
559.8464	-1.0
559.85	1.0
559.87506	-1.0
559.90533	-1.0
559.91876	-1.0
559.9759	-1.0
562.89606	1.0
562.9003	-1.0
562.91547	1.0
562.9253	-1.0
562.9513	-1.0
562.95886	1.0
562.9863	1.0
562.99066	-1.0
563.0289	1.0
563.05597	-1.0
563.06586	-1.0
563.07935	-1.0
567.1464	-1.0
567.15375	-1.0
567.1798	1.0
567.1832	-1.0
567.1962	1.0
567.2114	-1.0
567.2163	-1.0
567.2444	1.0
567.2746	-1.0
567.27856	1.0
567.2936	-1.0
567.44257	-1.0
571.02747	-1.0
574.8224	-1.0
574.86914	-1.0
574.8815	1.0
574.8847	1.0
574.8892	-1.0
574.9057	1.0
574.9109	-1.0
574.9275	1.0
574.9513	-1.0
574.9586	-1.0
574.98096	-1.0
574.9861	1.0
575.0006	-1.0
575.0574	-1.0
578.5053	-1.0
578.5266	1.0
578.55457	-1.0
578.60175	-1.0
578.6182	-1.0
578.6355	-1.0
578.64105	-1.0
578.6494	1.0
578.6525	-1.0
578.71	1.0
578.71515	1.0
578.7445	-1.0
581.8341	-1.0
581.8913	1.0
581.91095	1.0
581.92834	-1.0
581.9325	1.0
581.9352	-1.0
581.9514	-1.0
581.9631	1.0
581.97565	-1.0
581.97925	-1.0
582.00525	-1.0
582.05365	-1.0
582.05865	1.0
582.0616	-1.0
586.613	-1.0
586.7072	-1.0
586.7878	1.0
586.7921	-1.0
586.8241	-1.0
586.84674	-1.0
586.85876	-1.0
586.869	1.0
586.8935	1.0
586.9007	-1.0
586.9061	-1.0
586.94495	1.0
586.9592	-1.0
586.99615	1.0
587.0248	-1.0
593.15424	-1.0
593.20374	-1.0
593.21063	1.0
593.22534	-1.0
593.2354	-1.0
593.2431	-1.0
593.2474	-1.0
593.2577	1.0
593.2657	-1.0
593.2807	-1.0
593.287	1.0
593.29456	1.0
593.30536	-1.0
593.3626	-1.0
593.43384	-1.0
597.17615	1.0
597.1875	1.0
597.1904	-1.0
597.20386	-1.0
597.22534	1.0
597.25116	1.0
597.2693	1.0
597.27795	-1.0
597.286	-1.0
597.2944	-1.0
597.3072	1.0
597.37616	-1.0
597.3798	-1.0
597.423	1.0
