0.01248	-1.0
0.0736	-1.0
0.09564	-1.0
0.22688	-1.0
0.34216	-1.0
0.37632	-1.0
0.4216	1.0
0.65272	-1.0
0.72424	-1.0
0.76048	-1.0
0.776	-1.0
0.94528	-1.0
0.96972	-1.0
1.01752	-1.0
1.14064	-1.0
1.14928	-1.0
1.15256	-1.0
1.30592	-1.0
1.47876	-1.0
5.40568	1.0
5.4188	1.0
5.44988	-1.0
5.4644	-1.0
5.47524	-1.0
5.50112	-1.0
5.63476	-1.0
5.72456	1.0
5.76252	-1.0
5.8406	-1.0
5.84884	-1.0
5.91712	-1.0
5.99004	-1.0
6.01096	-1.0
6.03776	-1.0
6.07572	-1.0
6.12764	-1.0
6.13124	-1.0
6.1578	-1.0
6.21632	-1.0
6.29492	-1.0
6.3406	-1.0
6.49768	-1.0
6.79164	-1.0
6.89464	-1.0
7.1318	-1.0
9.0026	1.0
9.01024	-1.0
9.0438	-1.0
9.05252	-1.0
9.06328	-1.0
9.07816	-1.0
9.19284	-1.0
9.36524	-1.0
9.46164	-1.0
9.52996	-1.0
9.53744	-1.0
9.58008	-1.0
9.58928	-1.0
9.7454	-1.0
9.78616	-1.0
9.78912	-1.0
9.8156	-1.0
9.9594	-1.0
10.19764	-1.0
10.85284	-1.0
10.89072	1.0
11.00072	-1.0
11.00408	-1.0
11.03848	-1.0
11.21236	-1.0
11.55284	-1.0
11.63444	-1.0
11.6562	-1.0
11.67336	-1.0
11.75544	-1.0
11.91256	-1.0
11.95704	-1.0
12.1394	-1.0
12.31184	-1.0
12.51856	-1.0
12.53504	-1.0
12.70448	-1.0
14.91976	-1.0
14.94776	-1.0
14.95708	-1.0
14.9716	-1.0
14.98532	-1.0
15.00484	-1.0
15.02788	-1.0
15.09232	-1.0
15.18568	-1.0
15.19212	-1.0
15.40808	-1.0
15.41372	-1.0
15.56472	-1.0
15.58972	-1.0
15.61404	-1.0
15.7022	-1.0
15.84592	-1.0
16.0118	-1.0
16.09296	-1.0
16.13292	-1.0
16.23256	-1.0
16.30752	-1.0
16.43656	-1.0
16.46748	-1.0
16.47064	-1.0
19.38608	-1.0
19.42048	-1.0
19.46204	-1.0
19.48156	-1.0
19.50476	-1.0
19.51892	-1.0
19.53284	-1.0
19.63064	-1.0
19.7376	-1.0
19.8444	-1.0
19.85792	-1.0
19.90908	-1.0
19.92216	-1.0
19.97408	-1.0
19.98312	-1.0
20.03224	-1.0
20.09132	-1.0
20.18124	-1.0
20.20904	-1.0
20.22344	-1.0
20.23232	-1.0
20.32092	-1.0
20.34172	-1.0
20.34996	-1.0
20.42496	-1.0
20.46736	-1.0
20.6278	-1.0
20.70804	-1.0
20.71232	-1.0
20.87244	-1.0
24.8022	-1.0
24.8172	-1.0
24.84088	-1.0
24.85472	-1.0
24.87488	-1.0
24.88868	-1.0
24.89516	-1.0
24.919	-1.0
24.96088	1.0
24.97136	-1.0
25.06316	-1.0
25.16252	-1.0
25.17668	-1.0
25.22516	-1.0
25.30124	-1.0
25.3758	-1.0
25.54784	-1.0
25.6364	-1.0
25.67272	-1.0
25.74468	-1.0
25.75588	-1.0
25.97788	-1.0
26.19364	-1.0
29.80056	-1.0
29.81536	-1.0
29.82436	-1.0
29.82924	-1.0
29.84288	-1.0
29.8616	-1.0
29.88456	-1.0
29.90544	-1.0
29.93176	-1.0
29.95548	-1.0
29.982	-1.0
30.04976	-1.0
30.05992	-1.0
30.23576	-1.0
30.24592	-1.0
30.28408	-1.0
30.29096	-1.0
30.33604	-1.0
30.33872	-1.0
30.42296	-1.0
30.44324	-1.0
30.48	-1.0
30.56244	-1.0
30.66256	-1.0
30.77476	-1.0
30.79968	-1.0
30.814	-1.0
30.84988	-1.0
31.10812	-1.0
31.13508	1.0
31.2218	-1.0
31.3034	-1.0
31.315	-1.0
35.70504	-1.0
35.71376	-1.0
35.72264	-1.0
35.72564	-1.0
35.73508	-1.0
35.74636	-1.0
35.74936	-1.0
35.8058	-1.0
35.84716	-1.0
35.86708	-1.0
35.91892	-1.0
36.0244	-1.0
36.0334	-1.0
36.03764	-1.0
36.10792	-1.0
36.1196	-1.0
36.13292	-1.0
36.15548	-1.0
36.20528	-1.0
36.25172	-1.0
36.32196	-1.0
36.40084	-1.0
36.47884	-1.0
36.5974	-1.0
36.6488	-1.0
36.7366	-1.0
36.83892	-1.0
36.87512	-1.0
36.889	-1.0
37.00148	-1.0
37.01068	-1.0
37.25892	-1.0
37.33664	-1.0
37.72232	-1.0
37.854	-1.0
37.8668	-1.0
37.92728	-1.0
37.93392	-1.0
37.9542	-1.0
37.96464	-1.0
40.48548	-1.0
40.5048	-1.0
40.50976	-1.0
40.5204	-1.0
40.529	1.0
40.54476	-1.0
40.55676	-1.0
40.57632	-1.0
40.61804	-1.0
40.63232	-1.0
40.67792	-1.0
40.6896	-1.0
40.71096	-1.0
40.74888	-1.0
40.75876	-1.0
40.7846	-1.0
40.8294	-1.0
40.8632	-1.0
40.915	-1.0
40.9838	-1.0
40.98956	-1.0
41.01864	-1.0
41.045	-1.0
41.04816	-1.0
41.05876	-1.0
41.07732	-1.0
41.09876	-1.0
41.1206	-1.0
41.16928	-1.0
41.18096	1.0
41.20812	-1.0
41.26928	-1.0
41.28108	-1.0
41.31684	-1.0
41.34332	-1.0
41.47748	-1.0
41.55864	-1.0
41.56404	-1.0
41.5734	-1.0
41.62956	1.0
41.77772	-1.0
41.80308	-1.0
41.98288	-1.0
44.649	-1.0
44.66256	-1.0
44.684	-1.0
44.68848	-1.0
44.71692	-1.0
44.73324	-1.0
44.76364	-1.0
44.77192	-1.0
44.77696	-1.0
44.782	-1.0
44.81672	-1.0
44.83648	-1.0
44.8454	1.0
44.89012	-1.0
44.90112	-1.0
44.95592	-1.0
44.9764	-1.0
45.0238	-1.0
45.04836	-1.0
45.06776	-1.0
45.11372	-1.0
45.26548	-1.0
45.29768	-1.0
45.31196	-1.0
45.34116	-1.0
45.36292	-1.0
45.49808	-1.0
45.61356	-1.0
45.72156	-1.0
45.72988	-1.0
45.78124	-1.0
45.92008	-1.0
46.02704	-1.0
46.05752	-1.0
49.1988	-1.0
49.21404	-1.0
49.2242	-1.0
49.24	1.0
49.24588	-1.0
49.26572	-1.0
49.28808	-1.0
49.29628	-1.0
49.31368	-1.0
49.3194	-1.0
49.32336	-1.0
49.32964	-1.0
49.34784	-1.0
49.36336	-1.0
49.38256	-1.0
49.38872	-1.0
49.42372	-1.0
49.44392	1.0
49.46248	-1.0
49.49972	-1.0
49.51628	-1.0
49.58056	-1.0
49.58428	-1.0
49.70332	-1.0
49.71364	-1.0
49.73132	-1.0
49.77244	-1.0
49.84184	-1.0
49.91292	-1.0
49.93436	-1.0
50.01988	-1.0
50.05868	-1.0
50.11392	-1.0
50.138	-1.0
50.30376	-1.0
50.34804	-1.0
50.3664	-1.0
50.379	-1.0
50.41688	-1.0
50.43172	-1.0
50.69084	-1.0
50.75772	-1.0
50.79428	-1.0
50.84564	-1.0
54.42392	-1.0
54.44408	-1.0
54.45484	-1.0
54.45812	-1.0
54.46876	-1.0
54.49772	-1.0
54.5044	-1.0
54.51788	-1.0
54.52952	-1.0
54.55052	-1.0
54.55948	-1.0
54.56268	-1.0
54.5722	-1.0
54.67784	-1.0
54.68328	-1.0
54.7006	-1.0
54.74292	-1.0
54.75576	-1.0
54.79108	-1.0
54.81024	-1.0
54.86344	-1.0
54.95004	-1.0
54.95292	-1.0
55.05716	-1.0
55.06048	-1.0
55.09536	-1.0
55.12412	-1.0
55.14012	-1.0
55.15332	-1.0
55.19684	-1.0
55.27964	-1.0
55.32744	-1.0
55.39708	-1.0
55.4128	-1.0
55.4724	-1.0
55.575	-1.0
55.63848	-1.0
55.6596	-1.0
55.66264	-1.0
59.58524	-1.0
59.59896	-1.0
59.6262	-1.0
59.62924	-1.0
59.63356	1.0
59.65036	-1.0
59.6548	-1.0
59.67656	-1.0
59.705	-1.0
59.74376	-1.0
59.79068	1.0
59.80744	-1.0
59.86492	-1.0
59.879	-1.0
59.8866	-1.0
59.90836	-1.0
59.91524	1.0
59.91848	-1.0
60.02048	-1.0
60.03648	-1.0
60.10652	-1.0
60.1462	-1.0
60.21196	-1.0
60.24688	-1.0
60.28612	-1.0
60.29808	-1.0
60.37276	-1.0
60.39648	-1.0
60.41192	-1.0
60.46112	-1.0
60.52344	-1.0
60.57652	-1.0
60.67272	-1.0
60.70612	-1.0
60.79644	-1.0
61.03632	-1.0
63.80816	-1.0
63.8382	-1.0
63.84536	-1.0
63.87924	-1.0
63.88372	-1.0
63.89212	1.0
63.90992	-1.0
63.9174	-1.0
64.00032	-1.0
64.02652	-1.0
64.06052	-1.0
64.08376	-1.0
64.0944	-1.0
64.09972	-1.0
64.11496	-1.0
64.11872	-1.0
64.15436	-1.0
64.18848	-1.0
64.22704	-1.0
64.25204	-1.0
64.26888	-1.0
64.2884	-1.0
64.3508	-1.0
64.41776	-1.0
64.43912	-1.0
64.484	-1.0
64.495	-1.0
64.53596	-1.0
64.575	-1.0
64.58332	-1.0
64.58608	-1.0
64.58904	-1.0
64.64732	-1.0
64.69356	-1.0
64.71064	-1.0
64.76612	-1.0
64.82828	-1.0
64.89672	-1.0
64.93104	-1.0
64.94272	-1.0
64.971	-1.0
65.00728	-1.0
65.017	-1.0
65.0242	-1.0
65.10484	-1.0
65.14264	-1.0
65.1482	-1.0
65.1772	-1.0
68.24188	-1.0
68.26712	-1.0
68.27568	-1.0
68.28136	-1.0
68.28944	-1.0
68.29212	-1.0
68.33232	-1.0
68.33688	1.0
68.362	-1.0
68.37212	-1.0
68.37616	-1.0
68.40488	-1.0
68.40948	-1.0
68.41476	-1.0
68.4348	-1.0
68.462	-1.0
68.51228	-1.0
68.53368	-1.0
68.56508	-1.0
68.58012	-1.0
68.58884	-1.0
68.61004	-1.0
68.66024	-1.0
68.7722	-1.0
68.77748	-1.0
68.809	-1.0
68.88352	-1.0
68.97108	-1.0
69.02076	-1.0
69.11192	-1.0
69.20648	-1.0
69.22584	-1.0
69.25768	-1.0
69.29136	-1.0
69.36932	-1.0
69.437	-1.0
69.50408	-1.0
73.5282	-1.0
73.5332	-1.0
73.5394	-1.0
73.55724	-1.0
73.57784	-1.0
73.58728	-1.0
73.60172	-1.0
73.60776	-1.0
73.63012	-1.0
73.64292	-1.0
73.65612	-1.0
73.66084	-1.0
73.69512	-1.0
73.7032	-1.0
73.72824	-1.0
73.78724	-1.0
73.81008	-1.0
73.88736	-1.0
73.8938	-1.0
73.89692	-1.0
73.90352	-1.0
74.01356	-1.0
74.0392	-1.0
74.11516	-1.0
74.12212	-1.0
74.15	-1.0
74.16708	-1.0
74.17896	-1.0
74.18812	-1.0
74.22956	-1.0
74.25896	-1.0
74.2906	-1.0
74.31016	-1.0
74.42144	-1.0
74.43752	-1.0
74.46232	-1.0
74.5014	-1.0
74.56716	-1.0
74.576	-1.0
74.58616	-1.0
74.63892	-1.0
74.75064	-1.0
78.46376	-1.0
78.47456	-1.0
78.48628	-1.0
78.49344	-1.0
78.52284	-1.0
78.53712	-1.0
78.55616	-1.0
78.58036	-1.0
78.58404	-1.0
78.59156	-1.0
78.60212	-1.0
78.6096	-1.0
78.6146	-1.0
78.6508	-1.0
78.6664	-1.0
78.6884	-1.0
78.69908	-1.0
78.73288	-1.0
78.77488	-1.0
78.7956	-1.0
78.7984	-1.0
78.8282	-1.0
78.87276	-1.0
78.88316	-1.0
78.89552	-1.0
78.91732	-1.0
78.93844	-1.0
78.95952	-1.0
78.99612	-1.0
79.01312	-1.0
79.06608	-1.0
79.0852	-1.0
79.09364	-1.0
79.12	-1.0
79.1916	-1.0
79.245	-1.0
79.2668	-1.0
79.2746	-1.0
79.35864	-1.0
79.44796	-1.0
79.51144	-1.0
79.58928	-1.0
79.61724	-1.0
79.685	-1.0
79.75476	-1.0
83.88156	-1.0
83.88776	-1.0
83.90308	-1.0
83.90568	-1.0
83.90912	-1.0
83.93088	-1.0
83.95496	-1.0
83.96876	-1.0
83.973	-1.0
83.9914	-1.0
84.00784	-1.0
84.01372	-1.0
84.05152	-1.0
84.09108	-1.0
84.11068	-1.0
84.17532	-1.0
84.19144	-1.0
84.19536	-1.0
84.22856	-1.0
84.28292	-1.0
84.30604	-1.0
84.33096	-1.0
84.34528	-1.0
84.39328	-1.0
84.43652	-1.0
84.50296	-1.0
84.57008	-1.0
84.64648	-1.0
84.7764	-1.0
84.7824	-1.0
84.7942	-1.0
84.898	-1.0
84.91148	-1.0
84.91404	-1.0
84.94972	-1.0
84.982	-1.0
84.98588	-1.0
85.11228	-1.0
85.14324	-1.0
88.35764	-1.0
88.36188	-1.0
88.37144	-1.0
88.40824	-1.0
88.43056	-1.0
88.4582	-1.0
88.46164	-1.0
88.48428	-1.0
88.50464	-1.0
88.53108	-1.0
88.54816	-1.0
88.55516	1.0
88.59396	-1.0
88.64824	-1.0
88.66548	-1.0
88.70848	-1.0
88.73152	-1.0
88.74852	-1.0
88.75152	-1.0
88.7872	-1.0
88.7922	-1.0
88.81752	-1.0
88.82276	-1.0
88.86488	-1.0
88.89576	-1.0
88.90232	-1.0
88.91764	-1.0
88.93304	-1.0
88.99312	-1.0
89.0872	-1.0
89.14876	-1.0
89.18012	-1.0
89.19732	1.0
89.23612	-1.0
89.25672	-1.0
89.28	-1.0
89.29776	-1.0
89.358	-1.0
89.368	-1.0
89.39784	-1.0
89.50856	-1.0
89.5174	-1.0
89.66812	-1.0
93.18212	-1.0
93.18952	-1.0
93.21428	-1.0
93.21976	-1.0
93.22268	-1.0
93.24948	-1.0
93.27572	-1.0
93.27868	-1.0
93.28904	-1.0
93.30144	-1.0
93.30772	-1.0
93.31496	-1.0
93.33568	-1.0
93.34972	-1.0
93.37996	-1.0
93.38512	-1.0
93.39436	-1.0
93.40592	-1.0
93.4156	-1.0
93.41812	-1.0
93.44796	-1.0
93.46304	-1.0
93.47184	-1.0
93.4902	-1.0
93.5112	-1.0
93.54028	-1.0
93.54404	-1.0
93.57704	-1.0
93.58448	-1.0
93.6432	-1.0
93.68996	-1.0
93.73632	1.0
93.80272	-1.0
93.84368	-1.0
93.86152	-1.0
93.89496	-1.0
93.90984	-1.0
93.95576	-1.0
93.98408	-1.0
94.0984	-1.0
94.18136	-1.0
94.18568	-1.0
94.32564	-1.0
94.34576	-1.0
94.42416	-1.0
94.4554	-1.0
94.47804	-1.0
94.48792	-1.0
94.52344	-1.0
94.55236	-1.0
99.3248	-1.0
99.32764	-1.0
99.336	-1.0
99.33912	-1.0
99.35552	-1.0
99.384	-1.0
99.38704	-1.0
99.39204	1.0
99.39956	-1.0
99.42736	-1.0
99.45736	-1.0
99.46988	-1.0
99.47864	-1.0
99.4848	-1.0
99.49452	-1.0
99.5014	-1.0
99.516	1.0
99.52108	-1.0
99.57324	-1.0
99.59792	-1.0
99.61544	-1.0
99.6502	-1.0
99.66116	-1.0
99.6858	-1.0
99.70932	1.0
99.73828	-1.0
99.74096	-1.0
99.77624	-1.0
99.77912	-1.0
99.79368	-1.0
99.8128	-1.0
99.84012	-1.0
99.86368	-1.0
99.89308	-1.0
99.90096	-1.0
99.95156	-1.0
100.00336	-1.0
100.04164	-1.0
100.1236	-1.0
100.22548	-1.0
100.24356	-1.0
100.24928	-1.0
100.28388	-1.0
100.29516	-1.0
100.29856	-1.0
100.30704	-1.0
100.35832	-1.0
100.55928	-1.0
100.5882	-1.0
100.62468	-1.0
100.6352	-1.0
100.79968	-1.0
100.8472	-1.0
100.85676	-1.0
100.88512	-1.0
100.88788	-1.0
100.9522	-1.0
100.98492	-1.0
100.99908	-1.0
101.0736	-1.0
104.58904	-1.0
104.59576	-1.0
104.59968	-1.0
104.60864	-1.0
104.62016	-1.0
104.63624	-1.0
104.64112	-1.0
104.65292	1.0
104.67996	-1.0
104.68904	-1.0
104.6938	-1.0
104.71432	-1.0
104.72664	1.0
104.73	-1.0
104.74284	-1.0
104.7496	-1.0
104.76008	-1.0
104.76412	-1.0
104.81272	-1.0
104.81696	-1.0
104.8234	-1.0
104.8548	-1.0
104.87836	-1.0
104.9182	-1.0
104.93056	-1.0
104.94476	-1.0
104.98536	-1.0
104.99752	-1.0
105.04616	-1.0
105.08156	-1.0
105.08768	-1.0
105.1	-1.0
105.18088	-1.0
105.20348	-1.0
105.2622	-1.0
105.30124	-1.0
105.31272	-1.0
105.35376	-1.0
105.37988	-1.0
105.39844	-1.0
105.4938	-1.0
105.54956	-1.0
105.56164	-1.0
105.59412	-1.0
105.68624	-1.0
105.69692	-1.0
105.79768	-1.0
105.96572	-1.0
105.98372	-1.0
106.1006	-1.0
109.66888	-1.0
109.69012	-1.0
109.6978	-1.0
109.72004	-1.0
109.72332	-1.0
109.72904	-1.0
109.75216	-1.0
109.7548	-1.0
109.76988	-1.0
109.7792	-1.0
109.79588	-1.0
109.80168	-1.0
109.83416	-1.0
109.8414	-1.0
109.8464	-1.0
109.85268	-1.0
109.87412	-1.0
109.90088	-1.0
109.92152	-1.0
109.94092	-1.0
109.95396	-1.0
109.9656	-1.0
109.96936	-1.0
109.9822	-1.0
110.013	-1.0
110.0356	-1.0
110.04364	-1.0
110.049	-1.0
110.07268	-1.0
110.0756	-1.0
110.14752	-1.0
110.18328	-1.0
110.1858	-1.0
110.24184	-1.0
110.27348	-1.0
110.27628	-1.0
110.34764	-1.0
110.41052	-1.0
110.41388	1.0
110.44132	-1.0
110.47752	-1.0
110.50688	-1.0
110.52024	-1.0
110.5402	-1.0
110.62904	-1.0
110.65836	-1.0
110.70952	-1.0
110.72348	-1.0
110.76544	-1.0
110.83356	-1.0
110.88032	-1.0
110.88856	-1.0
110.92304	-1.0
110.95764	-1.0
110.98416	-1.0
111.05836	-1.0
111.13352	-1.0
114.83012	1.0
114.83492	-1.0
114.8418	1.0
114.84828	-1.0
114.85864	-1.0
114.86132	-1.0
114.87144	-1.0
114.87876	-1.0
114.88456	-1.0
114.89404	-1.0
114.9034	-1.0
114.91188	1.0
114.92432	-1.0
114.95928	-1.0
114.96672	-1.0
114.98588	-1.0
114.9938	-1.0
115.00044	-1.0
115.0056	-1.0
115.06108	-1.0
115.08744	-1.0
115.09284	-1.0
115.14036	-1.0
115.1548	-1.0
115.17196	-1.0
115.20132	-1.0
115.22768	-1.0
115.28388	-1.0
115.31316	-1.0
115.3834	-1.0
115.45164	-1.0
115.4546	-1.0
115.46672	1.0
115.5006	-1.0
115.51724	-1.0
115.52476	-1.0
115.6098	-1.0
115.61548	-1.0
115.63612	-1.0
115.65324	-1.0
115.66888	-1.0
115.67924	-1.0
115.77476	-1.0
115.78012	-1.0
115.78492	-1.0
115.97012	-1.0
116.22776	-1.0
116.48328	-1.0
119.72476	-1.0
119.74684	-1.0
119.75	-1.0
119.763	-1.0
119.76576	-1.0
119.78316	-1.0
119.78776	-1.0
119.80564	-1.0
119.80984	1.0
119.83232	-1.0
119.83628	-1.0
119.85468	-1.0
119.86044	-1.0
119.86492	-1.0
119.90808	-1.0
119.9188	-1.0
119.95732	-1.0
119.9746	-1.0
119.98592	-1.0
119.99576	1.0
120.00216	-1.0
120.00924	-1.0
120.02948	-1.0
120.03716	-1.0
120.07344	-1.0
120.078	-1.0
120.1006	-1.0
120.13936	-1.0
120.14484	-1.0
120.16708	-1.0
120.20488	-1.0
120.2094	-1.0
120.2354	-1.0
120.25668	-1.0
120.33228	-1.0
120.35552	-1.0
120.37792	-1.0
120.47796	-1.0
120.5242	-1.0
120.52768	-1.0
120.539	-1.0
120.67556	-1.0
120.72396	-1.0
120.73684	-1.0
120.74312	-1.0
120.75164	-1.0
120.7658	-1.0
120.79632	-1.0
120.80476	-1.0
120.80772	-1.0
120.88648	-1.0
120.91724	-1.0
120.9228	-1.0
120.96284	-1.0
120.98396	-1.0
121.03776	-1.0
121.05292	-1.0
121.05752	-1.0
121.06544	-1.0
121.158	-1.0
121.18204	-1.0
121.196	-1.0
121.1998	-1.0
121.2058	-1.0
121.2414	-1.0
124.87392	-1.0
124.88784	-1.0
124.89984	-1.0
124.90476	-1.0
124.90856	-1.0
124.91524	-1.0
124.92676	-1.0
124.93	-1.0
124.97032	-1.0
124.97824	-1.0
125.00128	-1.0
125.01676	-1.0
125.0216	-1.0
125.0278	-1.0
125.03204	-1.0
125.06	-1.0
125.06504	-1.0
125.0856	-1.0
125.11836	-1.0
125.1458	-1.0
125.15884	-1.0
125.1698	-1.0
125.20368	-1.0
125.25316	-1.0
125.25832	-1.0
125.26368	-1.0
125.29364	-1.0
125.32416	-1.0
125.33384	-1.0
125.36264	-1.0
125.43252	-1.0
125.46032	-1.0
125.5402	-1.0
125.54868	-1.0
125.57404	-1.0
125.59272	-1.0
125.6218	-1.0
125.64628	-1.0
125.66252	1.0
125.70424	-1.0
125.73172	-1.0
125.7416	-1.0
125.80648	-1.0
125.84272	-1.0
125.93972	-1.0
125.94424	-1.0
125.94868	-1.0
125.97176	-1.0
126.00048	-1.0
126.14032	-1.0
126.1594	-1.0
126.17	-1.0
126.26432	-1.0
130.61449	-1.0
130.62068	-1.0
130.62569	-1.0
130.63068	-1.0
130.63512	-1.0
130.65016	-1.0
130.66563	-1.0
130.6878	-1.0
130.69496	-1.0
130.70451	-1.0
130.7424	-1.0
130.75945	-1.0
130.76888	-1.0
130.7922	-1.0
130.80595	-1.0
130.81609	-1.0
130.8536	-1.0
130.85808	-1.0
130.86264	-1.0
130.88708	-1.0
130.8944	-1.0
130.94868	-1.0
130.98468	-1.0
130.99648	-1.0
131.0118	-1.0
131.0644	-1.0
131.06932	-1.0
131.08888	-1.0
131.11952	-1.0
131.1488	-1.0
131.18	-1.0
131.2018	-1.0
131.24751	-1.0
131.28952	-1.0
131.32697	-1.0
131.34624	-1.0
131.34944	-1.0
131.37823	-1.0
131.4252	-1.0
131.42816	-1.0
131.43292	-1.0
131.48305	-1.0
131.52245	-1.0
131.63968	-1.0
131.65611	-1.0
131.73936	-1.0
131.85812	-1.0
131.93164	-1.0
131.9398	-1.0
132.0656	-1.0
132.07616	-1.0
132.08607	-1.0
132.09172	-1.0
132.10104	-1.0
132.14696	-1.0
136.4862	-1.0
136.4974	-1.0
136.51253	-1.0
136.52112	-1.0
136.52484	1.0
136.53609	1.0
136.53996	1.0
136.5506	-1.0
136.5608	-1.0
136.57588	-1.0
136.59377	-1.0
136.5968	-1.0
136.61407	-1.0
136.62515	-1.0
136.62976	-1.0
136.64212	-1.0
136.67348	-1.0
136.68369	-1.0
136.71404	-1.0
136.76436	-1.0
136.81915	-1.0
136.83768	-1.0
136.85445	-1.0
136.85884	1.0
136.89671	-1.0
136.91464	-1.0
136.947	-1.0
137.07512	-1.0
137.09528	-1.0
137.1016	-1.0
137.15144	-1.0
137.1694	-1.0
137.17735	-1.0
137.20103	-1.0
137.30412	-1.0
137.36812	-1.0
137.48569	-1.0
137.49112	-1.0
137.5134	-1.0
137.53912	-1.0
137.56796	-1.0
137.58664	-1.0
137.61311	-1.0
137.85068	-1.0
137.8744	-1.0
138.00375	-1.0
138.11908	-1.0
138.1452	-1.0
138.16492	-1.0
138.18304	-1.0
142.45145	-1.0
142.45848	-1.0
142.46228	-1.0
142.4698	1.0
142.4808	-1.0
142.48352	-1.0
142.50764	-1.0
142.53313	-1.0
142.55812	-1.0
142.57487	-1.0
142.60497	-1.0
142.62833	-1.0
142.65036	-1.0
142.65408	-1.0
142.68144	-1.0
142.70212	-1.0
142.705	-1.0
142.70752	-1.0
142.71432	-1.0
142.7358	-1.0
142.77328	-1.0
142.81737	-1.0
142.82564	-1.0
142.86652	-1.0
142.8992	-1.0
142.94928	-1.0
142.96033	-1.0
142.98192	-1.0
143.02048	-1.0
143.07364	-1.0
143.0914	-1.0
143.13889	-1.0
143.17192	-1.0
143.31104	-1.0
143.33755	-1.0
143.39555	-1.0
143.54527	-1.0
143.5976	-1.0
143.61691	-1.0
143.64629	-1.0
143.64935	-1.0
143.70564	-1.0
143.72704	-1.0
143.74216	-1.0
143.86037	-1.0
143.8868	-1.0
148.6946	1.0
148.69827	-1.0
148.70332	-1.0
148.70744	-1.0
148.71507	-1.0
148.72025	1.0
148.7368	-1.0
148.75468	-1.0
148.75992	-1.0
148.77208	-1.0
148.78856	-1.0
148.8228	-1.0
148.82672	-1.0
148.854	-1.0
148.87328	1.0
148.90656	-1.0
148.93832	-1.0
148.95715	1.0
148.96507	-1.0
148.96968	-1.0
148.98744	-1.0
148.99129	-1.0
149.01584	-1.0
149.0212	-1.0
149.04672	-1.0
149.07144	-1.0
149.074	-1.0
149.0974	-1.0
149.1302	-1.0
149.1762	-1.0
149.2122	-1.0
149.29263	-1.0
149.3138	-1.0
149.37224	-1.0
149.45532	-1.0
149.50027	-1.0
149.51268	-1.0
149.71912	-1.0
149.73209	-1.0
149.74352	-1.0
149.85184	-1.0
149.86748	-1.0
149.88916	-1.0
149.91644	-1.0
149.973	-1.0
150.0122	-1.0
150.0598	-1.0
150.17584	-1.0
150.30637	-1.0
150.31989	-1.0
150.34656	-1.0
153.66553	-1.0
153.68604	-1.0
153.6922	-1.0
153.69724	-1.0
153.70108	1.0
153.7144	-1.0
153.73924	-1.0
153.7466	-1.0
153.75432	-1.0
153.76424	-1.0
153.7746	-1.0
153.78069	-1.0
153.80548	-1.0
153.82756	-1.0
153.837	-1.0
153.83968	-1.0
153.85144	-1.0
153.8698	-1.0
153.8728	-1.0
153.89896	-1.0
153.90652	-1.0
153.93004	-1.0
153.95268	-1.0
153.95592	-1.0
153.97064	-1.0
154.012	-1.0
154.0764	-1.0
154.08144	1.0
154.08812	-1.0
154.1116	-1.0
154.11491	-1.0
154.17804	-1.0
154.20784	-1.0
154.21536	-1.0
154.22876	-1.0
154.24104	-1.0
154.30173	-1.0
154.31596	-1.0
154.32108	-1.0
154.35588	-1.0
154.3692	-1.0
154.42836	-1.0
154.4434	-1.0
154.49736	-1.0
154.61607	-1.0
154.63312	-1.0
154.68117	-1.0
154.86288	-1.0
154.871	-1.0
154.88644	-1.0
154.9038	-1.0
154.9454	1.0
154.982	-1.0
155.0626	-1.0
155.08316	-1.0
155.12976	-1.0
155.15184	-1.0
159.98204	-1.0
159.989	-1.0
159.9994	-1.0
160.00768	-1.0
160.01596	-1.0
160.023	1.0
160.03712	-1.0
160.05035	-1.0
160.07204	-1.0
160.08617	-1.0
160.10452	-1.0
160.12949	-1.0
160.14052	-1.0
160.17456	-1.0
160.18596	-1.0
160.19548	-1.0
160.1986	1.0
160.25533	-1.0
160.30289	-1.0
160.31088	-1.0
160.32497	-1.0
160.32877	-1.0
160.34589	-1.0
160.35228	-1.0
160.4102	-1.0
160.4364	-1.0
160.46744	-1.0
160.49496	-1.0
160.5172	-1.0
160.53609	-1.0
160.67496	-1.0
160.69531	-1.0
160.75397	-1.0
160.79951	-1.0
160.8674	-1.0
160.91849	-1.0
160.92448	-1.0
160.99435	-1.0
161.0038	-1.0
161.05827	-1.0
161.1246	-1.0
161.13712	-1.0
161.14232	-1.0
161.21228	-1.0
161.56207	-1.0
161.712	-1.0
161.83324	-1.0
166.27316	-1.0
166.27637	-1.0
166.27892	1.0
166.2888	-1.0
166.29228	-1.0
166.31165	-1.0
166.32616	-1.0
166.35492	-1.0
166.36304	1.0
166.36777	-1.0
166.38388	-1.0
166.39088	-1.0
166.39693	-1.0
166.44284	-1.0
166.44592	-1.0
166.45128	-1.0
166.4734	1.0
166.4944	-1.0
166.49692	-1.0
166.50256	-1.0
166.50632	-1.0
166.57124	-1.0
166.62431	-1.0
166.72363	-1.0
166.72775	1.0
166.7622	-1.0
166.80405	-1.0
166.82729	-1.0
166.8384	-1.0
166.94292	-1.0
167.05168	1.0
167.10716	-1.0
167.22948	-1.0
167.27504	-1.0
167.29764	-1.0
167.31624	-1.0
167.38304	-1.0
167.52516	-1.0
167.5548	-1.0
167.70705	-1.0
167.72511	-1.0
167.72812	-1.0
167.8362	-1.0
167.84673	-1.0
167.86592	-1.0
167.9856	-1.0
168.01337	-1.0
172.90964	-1.0
172.9172	-1.0
172.92052	-1.0
172.92747	-1.0
172.93147	-1.0
172.93517	-1.0
172.98495	-1.0
173.00288	-1.0
173.02393	-1.0
173.02808	-1.0
173.04056	-1.0
173.04764	-1.0
173.06432	-1.0
173.09268	-1.0
173.11555	-1.0
173.12589	-1.0
173.16965	-1.0
173.17752	-1.0
173.19444	-1.0
173.2044	-1.0
173.25153	-1.0
173.27193	-1.0
173.30208	-1.0
173.32204	-1.0
173.32544	-1.0
173.34209	-1.0
173.39397	-1.0
173.51364	-1.0
173.55136	-1.0
173.59224	-1.0
173.6274	-1.0
173.80151	-1.0
173.84616	-1.0
173.97664	-1.0
174.00587	-1.0
174.0196	-1.0
174.09789	-1.0
174.2322	-1.0
174.2508	-1.0
174.43784	-1.0
174.47733	-1.0
179.05936	-1.0
179.06831	-1.0
179.08987	-1.0
179.09271	-1.0
179.099	-1.0
179.12032	-1.0
179.12589	-1.0
179.13684	-1.0
179.14632	-1.0
179.17392	-1.0
179.1816	-1.0
179.19089	1.0
179.23833	-1.0
179.25185	1.0
179.26788	-1.0
179.2778	-1.0
179.28244	-1.0
179.31557	-1.0
179.3194	-1.0
179.385	-1.0
179.4018	-1.0
179.42656	-1.0
179.50464	-1.0
179.52844	-1.0
179.56836	-1.0
179.63972	-1.0
179.659	-1.0
179.693	-1.0
179.70872	-1.0
179.79791	-1.0
179.83884	-1.0
179.87177	-1.0
179.92752	-1.0
180.04404	-1.0
180.07687	-1.0
180.08945	-1.0
180.10944	-1.0
180.12776	-1.0
180.18436	-1.0
180.19652	-1.0
180.36964	-1.0
180.41908	-1.0
180.67496	-1.0
184.83476	-1.0
184.84464	-1.0
184.85664	-1.0
184.86028	-1.0
184.86816	-1.0
184.87576	-1.0
184.89005	1.0
184.8974	-1.0
184.90633	-1.0
184.9148	-1.0
184.92508	-1.0
184.9344	-1.0
184.95488	1.0
184.97256	-1.0
184.9926	-1.0
184.99716	-1.0
185.01244	-1.0
185.05872	-1.0
185.09644	-1.0
185.12212	-1.0
185.13193	-1.0
185.17229	-1.0
185.20752	-1.0
185.24492	-1.0
185.28456	-1.0
185.3148	-1.0
185.34328	-1.0
185.34816	-1.0
185.39935	-1.0
185.48293	-1.0
185.5214	-1.0
185.5478	-1.0
185.56972	-1.0
185.58144	1.0
185.61069	-1.0
185.645	-1.0
185.67328	-1.0
185.72163	-1.0
185.74667	1.0
185.76273	-1.0
185.85487	-1.0
185.8664	-1.0
185.87788	-1.0
185.90865	-1.0
185.91144	-1.0
185.95209	-1.0
185.99844	-1.0
186.09409	-1.0
186.12932	-1.0
186.24435	-1.0
190.20164	1.0
190.20737	1.0
190.21228	-1.0
190.21812	-1.0
190.22928	-1.0
190.2422	-1.0
190.24544	-1.0
190.25249	-1.0
190.27844	-1.0
190.2928	-1.0
190.30785	-1.0
190.31508	-1.0
190.32655	-1.0
190.33272	-1.0
190.33844	-1.0
190.36116	-1.0
190.36543	-1.0
190.391	-1.0
190.4016	-1.0
190.41763	-1.0
190.54808	-1.0
190.5506	-1.0
190.574	-1.0
190.57832	-1.0
190.60336	-1.0
190.63364	-1.0
190.66911	-1.0
190.67567	-1.0
190.6852	-1.0
190.71211	-1.0
190.72395	-1.0
190.7684	1.0
190.81577	-1.0
190.84084	-1.0
190.84708	-1.0
190.87448	-1.0
190.8992	-1.0
190.90887	-1.0
190.9418	-1.0
190.96371	-1.0
190.97588	-1.0
191.00836	-1.0
191.03464	-1.0
191.07396	-1.0
191.12636	-1.0
191.14708	-1.0
191.19852	-1.0
191.2182	-1.0
191.295	-1.0
191.35023	1.0
191.40076	-1.0
191.53464	-1.0
191.5474	-1.0
191.55795	-1.0
191.5878	-1.0
196.055	-1.0
196.06644	-1.0
196.07233	-1.0
196.07944	-1.0
196.08476	1.0
196.09552	-1.0
196.11343	-1.0
196.11948	-1.0
196.12685	-1.0
196.15572	-1.0
196.1594	-1.0
196.17355	-1.0
196.18456	-1.0
196.20496	1.0
196.22816	-1.0
196.2756	-1.0
196.30072	-1.0
196.32228	1.0
196.36488	-1.0
196.37029	-1.0
196.37508	-1.0
196.42429	-1.0
196.52844	-1.0
196.61768	-1.0
196.6832	-1.0
196.70876	-1.0
196.7564	-1.0
196.81976	-1.0
196.91	-1.0
196.96124	-1.0
196.99788	1.0
197.0194	-1.0
197.02472	-1.0
197.03207	-1.0
197.1792	-1.0
197.2032	-1.0
197.45345	-1.0
201.95976	-1.0
201.96877	-1.0
201.97375	-1.0
201.97765	-1.0
201.98676	-1.0
201.99356	-1.0
202.01633	-1.0
202.02396	-1.0
202.0288	-1.0
202.03304	-1.0
202.0466	-1.0
202.0718	-1.0
202.07684	-1.0
202.0988	-1.0
202.11792	-1.0
202.13783	-1.0
202.16393	-1.0
202.17969	-1.0
202.2126	-1.0
202.22432	-1.0
202.33792	-1.0
202.42572	-1.0
202.44292	-1.0
202.46815	-1.0
202.49748	-1.0
202.51532	-1.0
202.54813	-1.0
202.57864	-1.0
202.65784	-1.0
202.79488	-1.0
202.84895	-1.0
202.85728	-1.0
202.91647	-1.0
202.93677	-1.0
202.94952	-1.0
202.9918	-1.0
203.1236	-1.0
203.13768	-1.0
203.2074	-1.0
203.28992	-1.0
203.42636	-1.0
207.85776	-1.0
207.87048	-1.0
207.87473	-1.0
207.88924	-1.0
207.89375	-1.0
207.9182	-1.0
207.92113	-1.0
207.933	-1.0
207.9438	-1.0
207.9552	-1.0
207.96368	1.0
207.97188	-1.0
207.9874	-1.0
208.01125	-1.0
208.01791	-1.0
208.02844	-1.0
208.04012	-1.0
208.06216	-1.0
208.10455	-1.0
208.11856	-1.0
208.1286	-1.0
208.16708	-1.0
208.17377	-1.0
208.17952	-1.0
208.19595	-1.0
208.2374	-1.0
208.31604	-1.0
208.3254	-1.0
208.39012	-1.0
208.57224	-1.0
208.62872	-1.0
208.81757	-1.0
208.85312	-1.0
208.90776	-1.0
208.97168	-1.0
208.975	-1.0
209.01588	-1.0
209.03397	-1.0
209.09784	-1.0
209.12956	-1.0
209.23796	-1.0
213.7104	-1.0
213.7134	-1.0
213.72032	-1.0
213.72511	-1.0
213.73796	-1.0
213.74065	-1.0
213.75249	-1.0
213.75508	-1.0
213.75992	-1.0
213.77072	-1.0
213.77373	-1.0
213.7836	1.0
213.78932	-1.0
213.79956	-1.0
213.8162	-1.0
213.81908	-1.0
213.85468	-1.0
213.88608	-1.0
213.8886	-1.0
213.89111	-1.0
213.902	-1.0
213.92352	-1.0
213.95164	-1.0
213.96988	-1.0
213.979	-1.0
213.98636	-1.0
214.02936	-1.0
214.05563	-1.0
214.06364	-1.0
214.08536	-1.0
214.10172	-1.0
214.1192	-1.0
214.1226	-1.0
214.14568	-1.0
214.21828	-1.0
214.24884	-1.0
214.3176	-1.0
214.33131	-1.0
214.36392	-1.0
214.40436	-1.0
214.41768	-1.0
214.43596	-1.0
214.50407	-1.0
214.548	-1.0
214.60008	-1.0
214.61104	-1.0
214.6252	-1.0
214.74413	-1.0
214.76064	-1.0
214.79813	-1.0
214.89412	-1.0
215.06972	-1.0
219.3116	-1.0
219.32036	-1.0
219.326	-1.0
219.33156	-1.0
219.34209	-1.0
219.36069	-1.0
219.37616	-1.0
219.40048	-1.0
219.40971	-1.0
219.418	-1.0
219.4214	-1.0
219.43864	1.0
219.44543	-1.0
219.4644	-1.0
219.48029	-1.0
219.50676	-1.0
219.52032	-1.0
219.54897	-1.0
219.5516	-1.0
219.57652	-1.0
219.58131	-1.0
219.6076	-1.0
219.6268	-1.0
219.6382	-1.0
219.7018	-1.0
219.71768	-1.0
219.74892	-1.0
219.75829	-1.0
219.76768	-1.0
219.7802	-1.0
219.88065	-1.0
219.88857	1.0
219.89809	-1.0
219.95256	-1.0
219.98216	-1.0
220.01932	-1.0
220.0398	-1.0
220.05447	-1.0
220.13667	-1.0
220.18756	-1.0
220.24728	-1.0
220.26932	-1.0
220.29956	-1.0
220.32104	-1.0
220.3266	-1.0
220.39545	-1.0
220.45335	-1.0
220.46724	-1.0
220.53868	1.0
220.58304	-1.0
220.64568	-1.0
220.808	-1.0
225.27408	-1.0
225.27864	-1.0
225.2954	-1.0
225.29904	-1.0
225.30585	-1.0
225.3174	-1.0
225.32188	-1.0
225.34344	-1.0
225.3486	-1.0
225.36713	-1.0
225.39436	-1.0
225.41992	-1.0
225.43507	-1.0
225.45848	-1.0
225.4632	1.0
225.4684	-1.0
225.52008	-1.0
225.5272	-1.0
225.54936	-1.0
225.55457	-1.0
225.56944	-1.0
225.6092	-1.0
225.65048	-1.0
225.67076	-1.0
225.69884	-1.0
225.70648	-1.0
225.75752	-1.0
225.84904	-1.0
225.86012	-1.0
225.86636	-1.0
225.89471	-1.0
226.06133	-1.0
226.0726	-1.0
226.12663	-1.0
226.33	-1.0
226.40092	-1.0
229.7546	-1.0
230.78503	-1.0
230.79712	-1.0
230.80595	-1.0
230.81007	-1.0
230.83089	-1.0
230.83797	-1.0
230.86143	-1.0
230.86632	-1.0
230.87209	-1.0
230.89027	-1.0
230.8938	-1.0
230.91225	-1.0
230.92888	-1.0
230.93929	-1.0
230.97427	-1.0
231.00444	-1.0
231.04904	-1.0
231.05656	-1.0
231.0826	-1.0
231.21053	-1.0
231.21364	1.0
231.21712	-1.0
231.24245	-1.0
231.28152	-1.0
231.3468	-1.0
231.3504	-1.0
231.38351	-1.0
231.43877	-1.0
231.46332	-1.0
231.50436	-1.0
231.51115	-1.0
231.51376	-1.0
231.5416	-1.0
231.5558	-1.0
231.5686	-1.0
231.57233	-1.0
231.60349	-1.0
231.72264	-1.0
231.7268	-1.0
231.7294	-1.0
231.7322	-1.0
231.79253	-1.0
231.81096	-1.0
231.96603	-1.0
232.02164	-1.0
232.0278	-1.0
232.06436	-1.0
236.63152	-1.0
236.643	-1.0
236.64587	-1.0
236.66235	-1.0
236.67	-1.0
236.6758	-1.0
236.68648	-1.0
236.68988	-1.0
236.71564	-1.0
236.73843	-1.0
236.76424	-1.0
236.7836	-1.0
236.78712	-1.0
236.79517	-1.0
236.81276	-1.0
236.83331	-1.0
236.85033	-1.0
236.85435	-1.0
236.87096	-1.0
236.92804	-1.0
236.97844	-1.0
236.98712	-1.0
237.01147	-1.0
237.1038	-1.0
237.11392	-1.0
237.13504	-1.0
237.22008	-1.0
237.24088	-1.0
237.2474	-1.0
237.2668	-1.0
237.34668	-1.0
237.36629	-1.0
237.38065	-1.0
237.43867	-1.0
237.48949	-1.0
237.50153	-1.0
237.53848	-1.0
237.67673	-1.0
237.72104	-1.0
237.79189	-1.0
237.86768	-1.0
237.91711	-1.0
237.95392	-1.0
238.02847	-1.0
242.16492	-1.0
242.17056	-1.0
242.17316	1.0
242.17868	-1.0
242.19489	-1.0
242.19807	-1.0
242.2096	-1.0
242.21428	-1.0
242.23453	-1.0
242.2456	-1.0
242.25533	-1.0
242.2616	-1.0
242.29665	-1.0
242.29956	-1.0
242.3228	-1.0
242.37544	-1.0
242.39397	-1.0
242.44344	-1.0
242.45108	-1.0
242.485	-1.0
242.4894	1.0
242.5242	-1.0
242.54517	-1.0
242.55376	-1.0
242.6382	-1.0
242.661	-1.0
242.7166	-1.0
242.72543	-1.0
242.77296	-1.0
242.79132	-1.0
242.80908	-1.0
242.86668	-1.0
242.8868	-1.0
242.90048	-1.0
242.95863	-1.0
242.962	-1.0
242.96497	-1.0
243.00208	-1.0
243.08733	-1.0
243.19432	-1.0
243.48988	-1.0
243.53824	-1.0
243.54716	-1.0
243.66235	-1.0
248.64227	-1.0
248.6562	-1.0
248.66972	-1.0
248.6862	-1.0
248.7006	-1.0
248.7084	-1.0
248.72787	-1.0
248.75427	-1.0
248.78296	-1.0
248.81876	-1.0
248.82712	-1.0
248.85692	-1.0
248.8736	-1.0
248.89552	-1.0
248.90315	-1.0
248.92368	-1.0
248.93372	-1.0
248.94585	-1.0
249.0026	-1.0
249.05605	-1.0
249.07712	-1.0
249.0868	-1.0
249.09976	-1.0
249.11028	-1.0
249.11292	-1.0
249.13376	-1.0
249.14217	-1.0
249.14468	-1.0
249.16628	-1.0
249.24615	-1.0
249.26907	-1.0
249.29204	-1.0
249.29916	-1.0
249.31133	-1.0
249.33984	-1.0
249.3518	-1.0
249.3638	-1.0
249.41664	-1.0
249.45128	-1.0
249.46255	-1.0
249.467	-1.0
249.49596	-1.0
249.54796	-1.0
249.55392	1.0
249.5744	-1.0
249.63588	-1.0
249.73396	-1.0
249.95016	-1.0
249.9628	-1.0
250.0192	-1.0
250.03271	-1.0
250.0662	-1.0
250.19691	-1.0
255.01712	-1.0
255.02287	-1.0
255.02795	-1.0
255.03064	-1.0
255.04456	-1.0
255.04756	-1.0
255.05911	-1.0
255.06664	-1.0
255.08096	-1.0
255.08824	-1.0
255.09604	-1.0
255.11523	-1.0
255.14017	-1.0
255.14957	-1.0
255.18813	-1.0
255.19644	-1.0
255.212	-1.0
255.22871	-1.0
255.23216	-1.0
255.23537	-1.0
255.25528	-1.0
255.28777	-1.0
255.29068	-1.0
255.31947	-1.0
255.33711	-1.0
255.4366	-1.0
255.4496	-1.0
255.47752	-1.0
255.53064	-1.0
255.5542	-1.0
255.57564	-1.0
255.58353	-1.0
255.65929	-1.0
255.66615	-1.0
255.71033	-1.0
255.75333	-1.0
255.86472	-1.0
255.88292	-1.0
255.899	-1.0
255.9186	-1.0
255.94164	-1.0
255.94656	-1.0
255.95177	-1.0
255.96983	-1.0
256.01068	-1.0
256.03207	-1.0
256.04068	1.0
260.22595	-1.0
260.24133	1.0
260.24615	-1.0
260.25113	-1.0
260.26108	-1.0
260.2653	-1.0
260.27612	-1.0
260.2814	-1.0
260.30225	1.0
260.32587	-1.0
260.33664	1.0
260.3618	-1.0
260.38107	-1.0
260.4052	-1.0
260.4101	-1.0
260.50305	-1.0
260.5358	-1.0
260.55344	-1.0
260.58286	-1.0
260.6269	-1.0
260.65793	-1.0
260.69797	-1.0
260.70532	-1.0
260.7244	-1.0
260.73132	-1.0
260.7867	-1.0
260.844	-1.0
260.89023	-1.0
260.91748	-1.0
260.95648	-1.0
260.99057	-1.0
261.1236	-1.0
261.13348	-1.0
261.1585	-1.0
261.234	-1.0
261.35513	-1.0
261.41455	-1.0
261.42917	-1.0
261.49136	-1.0
265.6458	-1.0
265.68524	1.0
265.69983	-1.0
265.70663	-1.0
265.72293	-1.0
265.7545	-1.0
265.764	-1.0
265.7706	1.0
265.79227	-1.0
265.82693	-1.0
265.83047	-1.0
265.8535	-1.0
265.85733	-1.0
265.8693	-1.0
265.875	-1.0
265.88577	-1.0
265.9062	-1.0
265.94168	-1.0
265.958	-1.0
265.9649	-1.0
265.96875	-1.0
265.99728	-1.0
266.03223	-1.0
266.05087	-1.0
266.07217	-1.0
266.09155	-1.0
266.11127	-1.0
266.11893	-1.0
266.16803	-1.0
266.18176	-1.0
266.19348	-1.0
266.25977	-1.0
266.30096	-1.0
266.30673	-1.0
266.3608	-1.0
266.3705	-1.0
266.41885	-1.0
266.45728	-1.0
266.55197	-1.0
266.55536	-1.0
266.59747	-1.0
266.6488	-1.0
266.70917	-1.0
266.7154	-1.0
266.7833	-1.0
266.78708	-1.0
266.85263	-1.0
266.86957	-1.0
266.9006	-1.0
266.91205	-1.0
267.0008	-1.0
267.06937	-1.0
267.12128	-1.0
271.25052	-1.0
271.26224	-1.0
271.2693	-1.0
271.2831	-1.0
271.2892	-1.0
271.29663	-1.0
271.31503	-1.0
271.3412	-1.0
271.3732	1.0
271.38403	-1.0
271.39767	-1.0
271.40637	-1.0
271.41547	1.0
271.438	1.0
271.4437	-1.0
271.4858	1.0
271.4961	1.0
271.51343	-1.0
271.5414	-1.0
271.5443	-1.0
271.5597	-1.0
271.59265	-1.0
271.617	-1.0
271.62927	-1.0
271.66272	-1.0
271.69504	-1.0
271.71524	-1.0
271.74945	-1.0
271.75357	-1.0
271.7693	-1.0
271.8014	1.0
271.80933	-1.0
271.85153	-1.0
271.85992	-1.0
271.9001	-1.0
271.9081	-1.0
271.93448	-1.0
272.145	-1.0
272.1638	-1.0
272.1948	-1.0
272.20633	-1.0
272.2357	-1.0
272.2768	-1.0
274.81277	-1.0
274.83456	-1.0
274.8691	-1.0
274.8742	-1.0
274.8813	-1.0
274.9063	-1.0
274.93457	-1.0
274.94424	1.0
274.9764	-1.0
274.98047	-1.0
275.0012	-1.0
275.00552	-1.0
275.0291	-1.0
275.0374	-1.0
275.0742	-1.0
275.0942	-1.0
275.13	-1.0
275.15076	-1.0
275.16132	-1.0
275.17245	-1.0
275.20767	-1.0
275.21185	-1.0
275.2187	-1.0
275.23984	-1.0
275.24637	-1.0
275.25543	-1.0
275.30923	-1.0
275.31604	-1.0
275.356	-1.0
275.36267	-1.0
275.44592	-1.0
275.44925	-1.0
275.4956	-1.0
275.5984	-1.0
275.7427	-1.0
275.79184	-1.0
275.7951	-1.0
275.81616	-1.0
275.85443	-1.0
276.0045	-1.0
276.01956	-1.0
276.0297	-1.0
281.3798	-1.0
281.3915	-1.0
281.3971	-1.0
281.41077	-1.0
281.4332	-1.0
281.46277	-1.0
281.4758	-1.0
281.49643	-1.0
281.5103	-1.0
281.51303	-1.0
281.52905	-1.0
281.53473	-1.0
281.5718	-1.0
281.59985	-1.0
281.62457	-1.0
281.6326	-1.0
281.63513	-1.0
281.65015	-1.0
281.66055	-1.0
281.67725	-1.0
281.68488	-1.0
281.7125	-1.0
281.7494	-1.0
281.7711	1.0
281.85916	-1.0
281.94916	-1.0
281.9604	-1.0
282.018	-1.0
282.05875	-1.0
282.16467	-1.0
282.2532	-1.0
282.30847	-1.0
282.41916	-1.0
282.4907	-1.0
282.53815	-1.0
282.57785	-1.0
286.41983	-1.0
286.42535	1.0
286.4388	-1.0
286.45956	-1.0
286.46216	-1.0
286.49847	-1.0
286.50543	-1.0
286.53128	-1.0
286.5364	-1.0
286.5654	-1.0
286.59247	-1.0
286.5991	-1.0
286.6196	-1.0
286.62488	-1.0
286.66376	-1.0
286.6829	-1.0
286.6873	1.0
286.7173	-1.0
286.7404	-1.0
286.74875	-1.0
286.7714	-1.0
286.77917	-1.0
286.7874	-1.0
286.80792	-1.0
286.89975	-1.0
286.99124	-1.0
287.0017	-1.0
287.1005	-1.0
287.1891	-1.0
287.22705	-1.0
287.34848	-1.0
287.36407	-1.0
287.4775	-1.0
287.4936	-1.0
287.50912	-1.0
287.5552	-1.0
287.60388	-1.0
289.9803	-1.0
289.99396	-1.0
290.01624	-1.0
290.03568	-1.0
290.04117	-1.0
290.06323	-1.0
290.0696	1.0
290.07803	-1.0
290.1151	-1.0
290.13992	1.0
290.14716	-1.0
290.16495	-1.0
290.18445	-1.0
290.18845	-1.0
290.22537	-1.0
290.25308	-1.0
290.2624	-1.0
290.3054	-1.0
290.31247	-1.0
290.35056	-1.0
290.37033	-1.0
290.42447	-1.0
290.45615	-1.0
290.4601	-1.0
290.51047	-1.0
290.55936	-1.0
290.68817	-1.0
290.69177	-1.0
290.7513	-1.0
290.76257	-1.0
290.78668	-1.0
290.8357	-1.0
290.87808	-1.0
290.97372	-1.0
291.0494	-1.0
295.44824	-1.0
295.4811	-1.0
295.48972	-1.0
295.49484	-1.0
295.50024	-1.0
295.51404	-1.0
295.55655	-1.0
295.56467	1.0
295.5821	-1.0
295.60452	-1.0
295.61185	-1.0
295.6348	-1.0
295.65347	1.0
295.66333	-1.0
295.6967	-1.0
295.7021	-1.0
295.70715	-1.0
295.75925	-1.0
295.77496	-1.0
295.8694	-1.0
295.89288	-1.0
295.92627	-1.0
295.9309	-1.0
295.93503	-1.0
295.9909	-1.0
296.02823	-1.0
296.14767	-1.0
296.1534	-1.0
296.21695	-1.0
296.2339	-1.0
296.31735	-1.0
296.3332	-1.0
296.3709	-1.0
296.5113	-1.0
300.39432	-1.0
300.409	1.0
300.41248	-1.0
300.42267	-1.0
300.42868	-1.0
300.4348	-1.0
300.4502	-1.0
300.465	-1.0
300.48007	-1.0
300.4918	-1.0
300.50833	-1.0
300.52252	-1.0
300.54276	-1.0
300.56967	-1.0
300.57825	-1.0
300.6016	-1.0
300.6093	-1.0
300.6241	-1.0
300.6493	-1.0
300.66705	-1.0
300.68207	-1.0
300.69	-1.0
300.70483	-1.0
300.7302	-1.0
300.78253	-1.0
300.80637	-1.0
300.8149	-1.0
300.8298	-1.0
300.8552	-1.0
300.90292	-1.0
300.93433	-1.0
301.0526	-1.0
301.0764	-1.0
301.08276	-1.0
301.23352	-1.0
301.39667	-1.0
305.4467	1.0
305.44952	-1.0
305.45224	-1.0
305.45508	-1.0
305.48752	-1.0
305.49475	-1.0
305.505	-1.0
305.54333	-1.0
305.5624	-1.0
305.57855	-1.0
305.58777	-1.0
305.59665	-1.0
305.61945	-1.0
305.63724	-1.0
305.68256	-1.0
305.6851	-1.0
305.69708	-1.0
305.7209	-1.0
305.73053	-1.0
305.76276	1.0
305.8278	-1.0
305.83572	-1.0
305.8521	-1.0
305.85812	-1.0
305.8748	-1.0
305.91187	-1.0
305.91492	-1.0
305.9294	-1.0
305.95764	-1.0
305.97137	-1.0
306.0048	-1.0
306.01163	-1.0
306.0193	-1.0
306.12387	-1.0
306.16296	-1.0
306.1874	-1.0
306.1988	-1.0
306.20697	-1.0
306.2181	-1.0
306.23132	-1.0
306.27628	-1.0
306.28036	-1.0
306.29	-1.0
306.34027	-1.0
306.38873	-1.0
306.41208	-1.0
306.59113	-1.0
306.59692	-1.0
310.21365	-1.0
310.2524	-1.0
310.28296	1.0
310.29092	-1.0
310.3082	-1.0
310.31665	-1.0
310.3621	-1.0
310.3652	-1.0
310.37723	-1.0
310.38916	-1.0
310.39355	-1.0
310.39728	-1.0
310.42188	-1.0
310.4484	-1.0
310.45325	-1.0
310.46448	-1.0
310.5304	-1.0
310.5457	-1.0
310.56952	-1.0
310.57895	-1.0
310.5932	-1.0
310.60492	-1.0
310.65393	-1.0
310.68463	-1.0
310.70685	-1.0
310.7218	-1.0
310.76343	-1.0
310.7701	-1.0
310.79752	-1.0
310.82715	-1.0
310.8918	-1.0
310.92673	-1.0
310.95645	-1.0
311.00195	-1.0
311.03668	-1.0
311.11295	-1.0
311.1274	-1.0
311.14297	-1.0
315.8943	-1.0
315.93173	-1.0
315.9388	-1.0
315.95523	-1.0
315.9666	-1.0
315.97507	-1.0
316.00232	-1.0
316.00543	-1.0
316.01907	-1.0
316.0417	-1.0
316.04785	-1.0
316.05695	-1.0
316.08408	-1.0
316.09396	-1.0
316.10068	-1.0
316.12527	-1.0
316.12924	1.0
316.14444	-1.0
316.20108	-1.0
316.22516	-1.0
316.27173	-1.0
316.29587	-1.0
316.304	-1.0
316.31232	-1.0
316.31613	-1.0
316.34497	-1.0
316.394	-1.0
316.42984	-1.0
316.51385	-1.0
316.53976	-1.0
316.54547	-1.0
316.55124	-1.0
316.67685	-1.0
316.70364	-1.0
316.70905	-1.0
316.82028	-1.0
316.8697	-1.0
321.00897	-1.0
321.02765	-1.0
321.0428	-1.0
321.04587	-1.0
321.05777	-1.0
321.06876	-1.0
321.07736	-1.0
321.08237	-1.0
321.12332	-1.0
321.1645	-1.0
321.1738	-1.0
321.1935	-1.0
321.19928	-1.0
321.21387	-1.0
321.23087	-1.0
321.29987	-1.0
321.3062	-1.0
321.3558	-1.0
321.39673	-1.0
321.4282	-1.0
321.43503	1.0
321.46652	-1.0
321.47748	-1.0
321.5018	-1.0
321.51562	-1.0
321.54553	-1.0
321.6021	-1.0
321.6084	-1.0
321.6317	1.0
321.6466	-1.0
321.65488	-1.0
321.72357	-1.0
321.74847	-1.0
321.79813	1.0
321.81323	-1.0
321.85587	-1.0
321.93228	-1.0
321.94516	-1.0
322.0341	-1.0
325.93832	-1.0
325.94308	-1.0
325.97864	-1.0
325.9914	-1.0
325.99905	-1.0
326.00284	-1.0
326.05432	-1.0
326.0787	1.0
326.08344	-1.0
326.1028	-1.0
326.1204	-1.0
326.16428	-1.0
326.25635	-1.0
326.28085	-1.0
326.2943	1.0
326.31104	-1.0
326.38837	-1.0
326.43195	-1.0
326.43768	-1.0
326.4521	-1.0
326.4923	-1.0
326.53955	-1.0
326.58704	-1.0
326.6017	-1.0
326.61597	-1.0
326.6536	-1.0
326.67416	-1.0
326.7524	-1.0
326.75815	-1.0
326.82895	-1.0
326.96643	-1.0
326.98883	-1.0
326.99597	-1.0
327.00055	-1.0
327.06073	-1.0
327.13837	-1.0
331.85175	-1.0
331.8695	-1.0
331.8738	-1.0
331.89377	1.0
331.89886	-1.0
331.907	-1.0
331.9215	-1.0
331.93143	-1.0
331.96408	-1.0
331.96732	-1.0
331.97745	-1.0
331.98816	-1.0
331.9938	-1.0
332.0214	-1.0
332.057	-1.0
332.08807	-1.0
332.10748	-1.0
332.12775	-1.0
332.13184	-1.0
332.1574	-1.0
332.1753	-1.0
332.2191	-1.0
332.253	-1.0
332.2671	-1.0
332.27664	-1.0
332.3294	-1.0
332.34747	-1.0
332.368	-1.0
332.50125	-1.0
332.53015	-1.0
332.54	-1.0
332.5662	-1.0
332.57788	-1.0
332.5915	-1.0
332.68073	-1.0
332.75424	-1.0
332.93497	-1.0
333.04883	-1.0
338.19485	-1.0
338.20877	-1.0
338.21167	-1.0
338.23056	-1.0
338.24072	-1.0
338.25455	-1.0
338.26443	-1.0
338.26697	-1.0
338.2814	-1.0
338.294	1.0
338.29843	-1.0
338.3131	-1.0
338.32495	-1.0
338.36948	-1.0
338.3753	-1.0
338.38113	1.0
338.41977	-1.0
338.45108	-1.0
338.50427	-1.0
338.5521	-1.0
338.59604	-1.0
338.6475	-1.0
338.68307	-1.0
338.87024	-1.0
338.8802	-1.0
338.91592	-1.0
338.93027	-1.0
338.97232	-1.0
339.02115	-1.0
339.026	-1.0
339.05988	-1.0
339.0763	-1.0
339.14737	-1.0
343.2584	1.0
343.28125	-1.0
343.29077	-1.0
343.3123	-1.0
343.3156	-1.0
343.33273	-1.0
343.354	-1.0
343.36923	-1.0
343.38028	-1.0
343.39343	-1.0
343.39856	-1.0
343.4225	-1.0
343.49915	-1.0
343.52365	-1.0
343.5444	-1.0
343.5744	-1.0
343.59024	-1.0
343.6446	-1.0
343.67532	-1.0
343.6916	-1.0
343.69553	-1.0
343.72043	-1.0
343.73477	-1.0
343.7804	-1.0
343.80627	-1.0
343.88757	-1.0
343.9031	-1.0
343.9544	1.0
343.98157	-1.0
348.61032	-1.0
348.6154	-1.0
348.62973	-1.0
348.6538	-1.0
348.68515	-1.0
348.70837	-1.0
348.72504	-1.0
348.7519	-1.0
348.76453	-1.0
348.7799	-1.0
348.79813	-1.0
348.80563	-1.0
348.83328	-1.0
348.8358	-1.0
348.8507	-1.0
348.89487	-1.0
348.94403	-1.0
348.96857	-1.0
348.98627	-1.0
348.98947	-1.0
349.02017	-1.0
349.03705	-1.0
349.04187	-1.0
349.1139	-1.0
349.1494	-1.0
349.16885	-1.0
349.172	-1.0
349.2962	-1.0
349.31833	-1.0
349.32617	-1.0
349.3998	-1.0
349.4254	-1.0
349.50217	-1.0
349.5354	-1.0
353.62183	-1.0
353.64133	-1.0
353.64685	-1.0
353.66663	1.0
353.67303	-1.0
353.73953	-1.0
353.76337	-1.0
353.7882	-1.0
353.81393	-1.0
353.82095	-1.0
353.84067	-1.0
353.84393	-1.0
353.88107	-1.0
353.915	-1.0
353.93417	-1.0
353.99588	-1.0
354.04333	-1.0
354.07117	-1.0
354.0882	-1.0
354.1187	-1.0
354.16733	-1.0
354.1789	-1.0
354.22928	-1.0
354.25467	-1.0
354.37527	-1.0
354.37875	-1.0
354.40363	-1.0
354.43808	-1.0
354.447	-1.0
354.48587	-1.0
354.66904	-1.0
358.4554	-1.0
358.48077	-1.0
358.51376	1.0
358.519	-1.0
358.5375	-1.0
358.55737	-1.0
358.57004	-1.0
358.58115	-1.0
358.5847	-1.0
358.61084	-1.0
358.6304	-1.0
358.6698	-1.0
358.68445	-1.0
358.83612	-1.0
358.8436	-1.0
358.87863	-1.0
358.90927	-1.0
359.0322	-1.0
359.07297	-1.0
359.091	-1.0
359.24313	-1.0
359.2718	-1.0
363.4458	-1.0
363.49457	-1.0
363.5012	-1.0
363.50848	-1.0
363.53284	-1.0
363.54095	1.0
363.5602	-1.0
363.63797	-1.0
363.68045	-1.0
363.68707	-1.0
363.71	-1.0
363.7447	-1.0
363.7545	-1.0
363.77023	-1.0
363.79352	-1.0
363.81268	-1.0
363.90875	-1.0
363.91147	-1.0
363.9251	-1.0
363.94025	-1.0
363.9462	-1.0
363.97284	-1.0
364.09644	-1.0
364.15173	-1.0
364.1551	-1.0
364.17035	1.0
364.19647	-1.0
364.21432	-1.0
364.23883	-1.0
364.28632	-1.0
364.39847	-1.0
364.49872	-1.0
364.53668	-1.0
364.5782	-1.0
368.3955	-1.0
368.41837	-1.0
368.4218	-1.0
368.45355	1.0
368.48553	-1.0
368.48975	-1.0
368.497	-1.0
368.50552	-1.0
368.5645	-1.0
368.67767	-1.0
368.7173	-1.0
368.75476	-1.0
368.7614	-1.0
368.79495	-1.0
368.81	-1.0
368.92316	-1.0
369.0188	-1.0
369.1608	-1.0
373.1536	-1.0
373.18008	-1.0
373.18823	-1.0
373.21616	-1.0
373.22607	-1.0
373.23026	-1.0
373.23328	1.0
373.2564	-1.0
373.28363	-1.0
373.29327	-1.0
373.29984	-1.0
373.32883	-1.0
373.34195	-1.0
373.36383	-1.0
373.3906	-1.0
373.41248	-1.0
373.4538	-1.0
373.47	-1.0
373.47787	-1.0
373.72803	-1.0
373.79773	-1.0
373.8033	-1.0
373.88605	-1.0
374.0161	-1.0
378.0586	-1.0
378.0891	-1.0
378.1092	-1.0
378.13843	-1.0
378.14944	-1.0
378.16495	1.0
378.16913	-1.0
378.17865	-1.0
378.19296	-1.0
378.1994	-1.0
378.23767	-1.0
378.26523	-1.0
378.35925	-1.0
378.425	-1.0
378.4499	-1.0
378.46524	-1.0
378.5641	-1.0
378.6103	-1.0
383.06223	-1.0
383.08215	-1.0
383.0847	-1.0
383.08905	-1.0
383.09225	-1.0
383.10773	-1.0
383.11508	-1.0
383.12952	-1.0
383.14157	-1.0
383.15927	-1.0
383.27548	-1.0
383.30585	-1.0
383.3091	-1.0
383.3529	-1.0
383.36945	-1.0
383.38208	-1.0
383.3921	-1.0
383.41516	-1.0
383.45236	-1.0
383.4964	-1.0
383.50745	-1.0
383.56967	-1.0
383.64456	-1.0
388.10025	-1.0
388.1108	-1.0
388.15594	-1.0
388.15848	-1.0
388.16357	-1.0
388.17105	-1.0
388.1739	-1.0
388.19153	-1.0
388.2035	-1.0
388.296	-1.0
388.40567	-1.0
388.4198	-1.0
388.42325	-1.0
388.4963	-1.0
388.8413	-1.0
388.90527	-1.0
388.9373	-1.0
388.9552	-1.0
388.96976	-1.0
392.83624	-1.0
392.84048	1.0
392.87463	-1.0
392.8784	-1.0
392.90277	-1.0
392.918	-1.0
392.9319	-1.0
392.9466	-1.0
392.95908	-1.0
393.00757	-1.0
393.02145	-1.0
393.07657	-1.0
393.15573	-1.0
393.18225	-1.0
393.2608	-1.0
393.36676	-1.0
397.25253	-1.0
397.27365	-1.0
397.2814	-1.0
397.28397	1.0
397.28925	-1.0
397.2951	-1.0
397.30597	-1.0
397.32025	-1.0
397.33255	-1.0
397.37204	-1.0
397.52032	-1.0
397.6251	-1.0
397.6809	-1.0
397.71317	-1.0
397.7622	-1.0
397.95535	-1.0
402.13284	-1.0
402.15433	-1.0
402.15875	-1.0
402.18045	-1.0
402.19284	-1.0
402.20496	-1.0
402.21973	-1.0
402.26083	-1.0
402.29636	-1.0
402.36752	-1.0
402.39053	-1.0
402.44235	-1.0
402.45724	-1.0
402.49716	-1.0
402.5858	-1.0
402.6093	-1.0
402.67493	-1.0
402.69748	-1.0
402.82	-1.0
407.48804	-1.0
407.49063	-1.0
407.4962	-1.0
407.5071	-1.0
407.53592	-1.0
407.55743	-1.0
407.62384	-1.0
407.6323	-1.0
407.715	-1.0
407.72906	-1.0
407.75735	-1.0
407.81195	-1.0
407.8256	-1.0
407.876	-1.0
407.9522	1.0
408.20856	-1.0
411.7954	-1.0
411.8283	-1.0
411.83203	-1.0
411.83496	-1.0
411.84363	-1.0
411.85217	-1.0
411.85568	-1.0
411.87234	-1.0
411.91504	-1.0
411.98413	1.0
412.00516	-1.0
412.0615	-1.0
412.07452	-1.0
412.10544	-1.0
412.1313	-1.0
412.3434	-1.0
416.62097	-1.0
416.62927	-1.0
416.63235	-1.0
416.63992	-1.0
416.6567	-1.0
416.69128	-1.0
416.7298	-1.0
416.7452	-1.0
416.80264	-1.0
416.82928	-1.0
416.84357	-1.0
416.85413	-1.0
416.9054	-1.0
416.9538	-1.0
417.001	-1.0
417.03415	-1.0
417.22772	-1.0
417.24423	-1.0
417.2662	-1.0
417.50864	-1.0
421.27432	-1.0
421.31177	-1.0
421.3248	-1.0
421.33673	1.0
421.36844	-1.0
421.39304	-1.0
421.41348	-1.0
421.45328	-1.0
421.46017	-1.0
421.492	-1.0
421.54877	-1.0
421.60037	-1.0
421.67715	-1.0
421.69293	-1.0
421.77856	-1.0
421.88837	-1.0
421.96988	-1.0
422.02863	-1.0
425.73026	-1.0
425.7376	-1.0
425.74588	-1.0
425.75485	-1.0
425.7696	-1.0
425.78052	-1.0
425.7965	-1.0
425.8021	-1.0
425.81827	1.0
425.8442	-1.0
425.8478	-1.0
425.89124	-1.0
426.1389	-1.0
426.17612	-1.0
426.22455	-1.0
429.6748	-1.0
429.6867	-1.0
429.6993	-1.0
429.71967	-1.0
429.76852	-1.0
429.8032	-1.0
429.93796	-1.0
429.95804	-1.0
429.96924	-1.0
429.9723	-1.0
430.01105	-1.0
430.1052	-1.0
430.1787	-1.0
430.7831	-1.0
433.6608	-1.0
433.6899	-1.0
433.6997	-1.0
433.72177	-1.0
433.72437	-1.0
433.74448	-1.0
433.8083	-1.0
433.81775	-1.0
433.8805	-1.0
433.9311	-1.0
433.93445	-1.0
433.98947	-1.0
434.0376	-1.0
434.04013	1.0
434.1334	-1.0
434.17755	-1.0
437.51117	-1.0
437.51825	-1.0
437.52197	-1.0
437.53455	-1.0
437.5389	-1.0
437.55588	-1.0
437.57065	-1.0
437.59497	-1.0
437.61185	-1.0
437.66397	-1.0
437.66873	-1.0
437.75955	-1.0
437.7917	-1.0
437.79733	-1.0
437.803	-1.0
437.89813	-1.0
437.90137	-1.0
437.945	-1.0
437.94913	-1.0
438.13397	-1.0
442.47635	-1.0
442.5027	1.0
442.50543	-1.0
442.51404	-1.0
442.5317	-1.0
442.5431	1.0
442.55087	-1.0
442.56396	-1.0
442.5792	-1.0
442.62595	-1.0
442.6426	-1.0
442.68185	-1.0
442.77072	-1.0
442.79065	-1.0
442.95963	-1.0
442.96347	-1.0
446.35608	-1.0
446.3864	-1.0
446.39764	-1.0
446.40936	-1.0
446.41907	-1.0
446.449	-1.0
446.48883	-1.0
446.50717	-1.0
446.54352	-1.0
446.78317	-1.0
446.80103	-1.0
450.35504	-1.0
450.41956	-1.0
450.42755	-1.0
450.43155	-1.0
450.43832	-1.0
450.44492	-1.0
450.45505	-1.0
450.5041	-1.0
450.508	-1.0
450.51395	-1.0
450.53244	-1.0
450.58203	-1.0
450.58685	-1.0
450.6036	-1.0
450.6698	-1.0
450.74164	-1.0
450.8456	-1.0
450.9856	-1.0
453.95297	1.0
453.9652	-1.0
453.9766	-1.0
453.9902	-1.0
453.99408	-1.0
454.0004	-1.0
454.04105	-1.0
454.0876	-1.0
454.09485	-1.0
454.19284	-1.0
454.2357	-1.0
457.49124	-1.0
457.4998	-1.0
457.5026	-1.0
457.52386	-1.0
457.55124	-1.0
457.5694	1.0
457.5756	-1.0
457.59232	-1.0
457.6308	-1.0
457.6891	-1.0
457.72845	-1.0
457.79077	-1.0
457.79337	-1.0
457.84467	-1.0
457.87732	1.0
457.99713	-1.0
458.12332	-1.0
460.74744	-1.0
460.75064	-1.0
460.767	-1.0
460.77344	-1.0
460.78305	-1.0
460.7978	-1.0
460.832	-1.0
460.84396	-1.0
460.93173	-1.0
461.0568	-1.0
461.09937	-1.0
461.1118	-1.0
464.17136	-1.0
464.20407	-1.0
464.2182	-1.0
464.2284	-1.0
464.23804	1.0
464.24652	-1.0
464.2704	-1.0
464.3113	-1.0
464.31992	-1.0
464.37607	-1.0
464.547	-1.0
467.70352	-1.0
467.71368	-1.0
467.71768	-1.0
467.73193	-1.0
467.7385	-1.0
467.75317	-1.0
467.81653	-1.0
467.8534	-1.0
467.8876	-1.0
467.95932	-1.0
468.0359	-1.0
470.99557	-1.0
471.00613	-1.0
471.0242	1.0
471.03973	-1.0
471.04523	-1.0
471.06927	-1.0
471.08673	-1.0
471.1339	-1.0
471.2513	-1.0
471.2826	-1.0
471.42603	-1.0
471.44888	-1.0
473.95364	-1.0
473.96027	-1.0
473.97067	-1.0
473.99088	-1.0
473.99353	-1.0
474.0562	-1.0
474.10107	-1.0
474.10364	-1.0
474.157	-1.0
474.20425	-1.0
474.20908	-1.0
474.2294	-1.0
474.28772	-1.0
476.94687	-1.0
476.9497	-1.0
476.95248	1.0
476.95917	-1.0
476.9713	-1.0
476.99695	-1.0
477.00748	-1.0
477.0488	-1.0
477.11368	-1.0
477.13245	-1.0
479.79575	-1.0
479.8318	-1.0
479.84372	-1.0
479.8488	-1.0
479.85397	-1.0
479.86716	-1.0
479.8922	-1.0
479.9178	-1.0
479.9412	-1.0
479.9649	-1.0
480.0277	-1.0
480.03308	-1.0
482.54587	-1.0
482.56116	-1.0
482.57263	-1.0
482.59827	-1.0
482.6009	1.0
482.7049	-1.0
482.7764	-1.0
485.7615	-1.0
485.7704	-1.0
485.77292	-1.0
485.7914	-1.0
485.81573	-1.0
485.84903	-1.0
485.89844	-1.0
485.99603	-1.0
486.07327	-1.0
486.17123	-1.0
489.09363	-1.0
489.11063	-1.0
489.1213	-1.0
489.12408	-1.0
489.14435	-1.0
489.19177	-1.0
489.2263	-1.0
489.2576	-1.0
489.2676	-1.0
492.71927	-1.0
492.72855	-1.0
492.74557	-1.0
492.76627	-1.0
492.77832	-1.0
492.78677	-1.0
492.81116	-1.0
492.88928	-1.0
492.9034	-1.0
493.04236	-1.0
493.2068	-1.0
495.48825	-1.0
495.49832	-1.0
495.5237	1.0
495.5436	-1.0
495.5615	-1.0
495.58755	-1.0
495.59152	-1.0
495.65073	-1.0
495.65427	-1.0
498.5288	-1.0
498.55817	-1.0
498.57013	-1.0
498.57578	-1.0
498.62823	-1.0
498.6708	-1.0
498.75684	-1.0
498.7868	-1.0
503.9466	-1.0
503.9536	-1.0
503.96204	-1.0
503.98373	-1.0
503.98984	-1.0
504.0077	-1.0
504.08917	-1.0
504.11044	-1.0
504.1472	-1.0
504.20856	-1.0
504.28015	-1.0
504.28357	-1.0
504.42493	-1.0
504.44717	-1.0
504.46976	-1.0
506.9264	-1.0
506.94656	-1.0
506.97345	-1.0
506.97733	-1.0
507.0318	-1.0
509.43124	-1.0
509.43387	-1.0
509.44656	-1.0
509.46216	-1.0
509.465	-1.0
509.46753	-1.0
509.4822	-1.0
509.56757	-1.0
509.62143	-1.0
512.6449	-1.0
512.68066	-1.0
512.7309	-1.0
512.7369	-1.0
512.78394	-1.0
515.3596	-1.0
515.36273	-1.0
515.3703	-1.0
515.38367	-1.0
515.38666	-1.0
515.39685	-1.0
515.4115	-1.0
515.4165	-1.0
515.5234	-1.0
518.29614	-1.0
518.3079	-1.0
518.31323	-1.0
518.3249	-1.0
518.3506	-1.0
518.3533	-1.0
518.38544	-1.0
518.5168	-1.0
521.4221	-1.0
521.4326	-1.0
521.45355	-1.0
521.468	-1.0
521.4826	-1.0
521.4884	-1.0
521.5348	-1.0
524.22754	-1.0
524.23956	-1.0
524.2458	1.0
524.2685	-1.0
524.30115	-1.0
524.3297	-1.0
526.75616	-1.0
526.81226	-1.0
526.83844	-1.0
526.86194	-1.0
530.1172	-1.0
530.1292	-1.0
530.1452	-1.0
530.17773	-1.0
530.2084	-1.0
530.2586	-1.0
533.57526	-1.0
533.5956	-1.0
533.61206	-1.0
533.64325	-1.0
533.64594	1.0
533.69086	-1.0
533.71405	-1.0
533.76276	-1.0
535.92694	-1.0
536.212	-1.0
536.277	-1.0
536.33246	1.0
536.338	-1.0
536.3713	-1.0
536.37384	-1.0
536.40375	-1.0
538.4506	-1.0
538.4881	-1.0
538.498	-1.0
538.501	-1.0
538.5248	-1.0
538.546	-1.0
538.56793	-1.0
541.9585	-1.0
541.98615	-1.0
542.0137	-1.0
542.03845	-1.0
544.5949	-1.0
544.5979	-1.0
547.053	-1.0
547.05554	-1.0
547.0704	-1.0
547.13165	-1.0
547.1342	-1.0
547.17865	-1.0
547.18164	-1.0
547.2413	-1.0
551.8273	-1.0
551.8396	-1.0
551.8426	-1.0
551.8644	-1.0
551.8792	-1.0
551.8851	-1.0
551.959	-1.0
551.96454	-1.0
551.9853	-1.0
556.0142	-1.0
556.0308	-1.0
556.08	-1.0
556.09265	-1.0
556.1124	-1.0
556.1406	-1.0
559.78436	-1.0
559.84766	-1.0
559.8863	-1.0
559.9093	-1.0
559.9317	-1.0
562.95294	-1.0
562.9555	-1.0
562.98694	-1.0
563.0271	-1.0
563.03	-1.0
563.03253	-1.0
567.18427	-1.0
567.20685	-1.0
567.21875	-1.0
567.22144	-1.0
567.278	-1.0
567.28094	-1.0
567.31146	-1.0
574.8782	-1.0
574.8813	-1.0
574.89355	-1.0
574.93066	-1.0
574.9588	-1.0
574.9699	-1.0
574.98126	-1.0
578.4411	-1.0
578.5004	-1.0
578.5601	-1.0
578.56287	-1.0
578.59607	-1.0
578.6064	-1.0
578.6183	-1.0
578.6516	-1.0
578.65784	1.0
578.7207	-1.0
581.9034	-1.0
581.9397	-1.0
581.94934	-1.0
581.95233	1.0
582.02	-1.0
582.0378	-1.0
582.05145	-1.0
586.7661	-1.0
586.81006	-1.0
586.822	-1.0
586.85	-1.0
586.8765	-1.0
586.9098	-1.0
586.95325	-1.0
586.97437	-1.0
587.4606	-1.0
593.1545	-1.0
593.2468	-1.0
593.2621	1.0
593.29034	-1.0
593.3409	1.0
593.3568	-1.0
597.1859	-1.0
597.1897	-1.0
597.22095	-1.0
597.2278	-1.0
597.2303	-1.0
597.2481	1.0
597.2602	-1.0
597.28314	-1.0
597.3563	-1.0
597.38446	-1.0
597.4022	-1.0
