0.01064	-1.0
0.03052	-1.0
0.06892	-1.0
0.0828	1.0
0.11388	-1.0
0.13756	-1.0
0.18704	-1.0
0.1908	-1.0
0.20308	-1.0
0.20768	-1.0
0.22932	-1.0
0.25384	-1.0
0.2928	-1.0
0.31224	1.0
0.33644	-1.0
0.34992	-1.0
0.3566	-1.0
0.38144	-1.0
0.38732	-1.0
0.4248	-1.0
0.42812	-1.0
0.44532	-1.0
0.46452	-1.0
0.488	-1.0
0.4906	-1.0
0.51096	-1.0
0.53464	-1.0
0.53788	-1.0
0.55988	-1.0
0.5728	1.0
0.591	-1.0
0.59564	-1.0
0.61708	-1.0
0.64508	-1.0
0.68536	-1.0
0.71268	-1.0
0.75856	-1.0
0.7824	-1.0
0.7868	-1.0
0.79792	-1.0
0.81892	-1.0
0.8456	-1.0
0.88632	-1.0
0.91652	-1.0
0.92052	-1.0
0.94588	-1.0
0.98924	-1.0
1.05308	-1.0
1.05904	-1.0
1.0888	-1.0
1.12388	-1.0
1.1506	1.0
1.15772	-1.0
1.16484	-1.0
1.19084	-1.0
1.26828	-1.0
1.2922	-1.0
1.31636	1.0
1.35748	-1.0
1.39808	-1.0
1.47056	-1.0
1.47308	-1.0
1.52764	-1.0
1.5302	-1.0
1.54128	-1.0
1.5452	1.0
1.59484	-1.0
5.3994	1.0
5.4066	-1.0
5.41948	-1.0
5.42896	1.0
5.43484	-1.0
5.443	-1.0
5.46752	-1.0
5.48296	-1.0
5.49896	-1.0
5.50892	1.0
5.51732	-1.0
5.52788	-1.0
5.53072	-1.0
5.5616	-1.0
5.5698	-1.0
5.58036	-1.0
5.61756	-1.0
5.62208	-1.0
5.636	-1.0
5.65948	1.0
5.679	-1.0
5.69792	-1.0
5.73144	-1.0
5.76188	-1.0
5.77996	-1.0
5.78532	-1.0
5.79264	-1.0
5.8128	-1.0
5.82892	1.0
5.83996	-1.0
5.84424	-1.0
5.86756	-1.0
5.87576	-1.0
5.89292	-1.0
5.91556	-1.0
5.91808	-1.0
5.95556	-1.0
5.98504	-1.0
6.01248	-1.0
6.04344	-1.0
6.04904	-1.0
6.08424	1.0
6.09344	-1.0
6.12228	-1.0
6.1338	-1.0
6.15936	-1.0
6.17432	1.0
6.19048	-1.0
6.2234	-1.0
6.25092	-1.0
6.26168	1.0
6.27272	-1.0
6.30308	-1.0
6.32912	-1.0
6.3396	-1.0
6.35644	1.0
6.39244	-1.0
6.41996	-1.0
6.45304	-1.0
6.4704	1.0
6.50516	-1.0
6.53236	-1.0
6.6008	-1.0
6.61944	-1.0
6.64536	1.0
6.6672	-1.0
6.70768	-1.0
6.7796	-1.0
6.83708	-1.0
6.8912	-1.0
6.9834	-1.0
7.01672	-1.0
8.96164	-1.0
8.976	-1.0
8.999	-1.0
9.00152	-1.0
9.02052	1.0
9.02644	-1.0
9.03572	-1.0
9.0476	-1.0
9.05644	-1.0
9.06172	-1.0
9.07492	1.0
9.07844	1.0
9.09408	-1.0
9.11064	-1.0
9.12076	-1.0
9.13012	-1.0
9.147	-1.0
9.19892	-1.0
9.21748	-1.0
9.2362	-1.0
9.24024	-1.0
9.25264	-1.0
9.26388	-1.0
9.2698	-1.0
9.28792	1.0
9.3106	-1.0
9.33036	1.0
9.33332	-1.0
9.35396	-1.0
9.37708	-1.0
9.3802	-1.0
9.43232	-1.0
9.45628	-1.0
9.46048	-1.0
9.46484	-1.0
9.50948	-1.0
9.52252	1.0
9.52668	-1.0
9.54796	-1.0
9.57324	-1.0
9.60556	-1.0
9.63992	-1.0
9.6648	-1.0
9.67688	-1.0
9.68936	-1.0
9.73696	-1.0
9.75928	1.0
9.77096	-1.0
9.81528	-1.0
9.83708	-1.0
9.83984	-1.0
9.8522	1.0
9.8668	-1.0
9.87936	-1.0
9.8892	-1.0
9.91976	-1.0
9.93748	-1.0
9.94004	-1.0
9.94768	-1.0
9.98012	1.0
10.01128	-1.0
10.03288	-1.0
10.0924	-1.0
10.12524	1.0
10.13832	-1.0
10.20036	-1.0
10.2992	1.0
10.41716	1.0
10.83028	1.0
10.87468	-1.0
10.90468	-1.0
10.9762	1.0
11.12656	-1.0
11.21816	1.0
11.2322	-1.0
11.70564	1.0
11.71308	-1.0
11.75516	1.0
11.766	-1.0
11.78936	-1.0
11.79572	-1.0
11.79912	-1.0
11.82864	-1.0
11.83724	-1.0
11.86068	-1.0
11.87464	-1.0
11.89904	-1.0
11.91432	-1.0
11.97388	-1.0
12.00464	-1.0
12.00928	-1.0
12.02648	-1.0
12.04788	-1.0
12.08476	-1.0
12.1206	-1.0
12.20028	-1.0
12.23884	-1.0
12.27428	-1.0
12.29388	1.0
12.32028	-1.0
12.3368	-1.0
12.36892	-1.0
12.38032	-1.0
12.40456	-1.0
12.43624	-1.0
12.46096	1.0
12.5	-1.0
12.51804	-1.0
12.53076	-1.0
12.55664	-1.0
12.63672	-1.0
12.66744	1.0
12.70184	-1.0
12.76512	-1.0
14.93804	1.0
14.95104	-1.0
14.96764	-1.0
14.97076	-1.0
14.97968	-1.0
14.9866	-1.0
14.99672	-1.0
15.00652	1.0
15.01564	-1.0
15.02344	-1.0
15.03416	-1.0
15.04448	-1.0
15.04784	-1.0
15.06316	-1.0
15.07508	-1.0
15.08792	-1.0
15.10252	-1.0
15.12192	-1.0
15.1264	-1.0
15.14228	-1.0
15.1554	-1.0
15.18156	1.0
15.22544	-1.0
15.27356	-1.0
15.29416	-1.0
15.29708	-1.0
15.30656	-1.0
15.32476	-1.0
15.33392	1.0
15.36112	-1.0
15.37608	-1.0
15.39944	1.0
15.42304	-1.0
15.44712	-1.0
15.46952	-1.0
15.48876	-1.0
15.49408	1.0
15.50292	-1.0
15.53476	-1.0
15.53868	-1.0
15.5582	-1.0
15.56284	-1.0
15.5718	-1.0
15.62404	-1.0
15.63268	-1.0
15.65836	-1.0
15.68128	1.0
15.70196	-1.0
15.73388	-1.0
15.74772	-1.0
15.82272	-1.0
15.842	1.0
15.85712	-1.0
15.86248	1.0
15.86764	-1.0
15.91624	-1.0
15.95472	-1.0
15.98812	-1.0
16.01704	1.0
16.03264	-1.0
16.06744	-1.0
16.09304	-1.0
16.13772	-1.0
16.14136	-1.0
16.25344	-1.0
16.3728	1.0
16.42928	1.0
16.44952	-1.0
16.63396	1.0
16.75504	1.0
19.38328	-1.0
19.3858	-1.0
19.39348	-1.0
19.41376	-1.0
19.41728	-1.0
19.4242	-1.0
19.42792	-1.0
19.43872	-1.0
19.44792	-1.0
19.45072	-1.0
19.47264	-1.0
19.48196	-1.0
19.48956	-1.0
19.49512	-1.0
19.51312	1.0
19.51892	1.0
19.52232	-1.0
19.54084	-1.0
19.55484	-1.0
19.58332	-1.0
19.5874	-1.0
19.6258	1.0
19.63044	-1.0
19.63484	-1.0
19.6602	-1.0
19.68312	-1.0
19.70836	-1.0
19.72472	1.0
19.73152	-1.0
19.735	-1.0
19.76344	-1.0
19.77932	-1.0
19.78224	1.0
19.79028	-1.0
19.7968	-1.0
19.82096	-1.0
19.84576	-1.0
19.8528	-1.0
19.87008	-1.0
19.91164	-1.0
19.94008	1.0
19.94736	-1.0
19.95788	-1.0
19.97816	-1.0
19.99584	-1.0
20.01628	-1.0
20.0292	-1.0
20.05352	-1.0
20.08676	-1.0
20.10308	-1.0
20.12644	-1.0
20.12948	-1.0
20.143	-1.0
20.16652	-1.0
20.18868	-1.0
20.20708	1.0
20.24076	-1.0
20.2444	-1.0
20.25712	-1.0
20.26352	-1.0
20.28312	-1.0
20.3182	-1.0
20.37792	-1.0
20.3848	-1.0
20.4312	1.0
20.44592	-1.0
20.4702	-1.0
20.54676	-1.0
20.5916	1.0
20.63484	-1.0
20.71356	1.0
20.71752	-1.0
20.8394	-1.0
20.88672	1.0
20.9636	1.0
24.8156	1.0
24.83212	1.0
24.85528	-1.0
24.85924	-1.0
24.87436	-1.0
24.89228	-1.0
24.90332	-1.0
24.91316	-1.0
24.92648	-1.0
24.92968	-1.0
24.94608	-1.0
24.94912	-1.0
24.95812	-1.0
24.98404	-1.0
24.98892	-1.0
25.00812	-1.0
25.02352	-1.0
25.0392	-1.0
25.04556	-1.0
25.05112	-1.0
25.06772	-1.0
25.07168	-1.0
25.1138	-1.0
25.11812	-1.0
25.14032	-1.0
25.15768	1.0
25.17252	-1.0
25.18328	-1.0
25.20244	-1.0
25.21004	-1.0
25.21672	-1.0
25.23196	-1.0
25.25752	-1.0
25.26356	-1.0
25.27184	-1.0
25.29756	-1.0
25.313	-1.0
25.31864	-1.0
25.3418	-1.0
25.3458	-1.0
25.3592	-1.0
25.37404	-1.0
25.39668	-1.0
25.4228	-1.0
25.442	-1.0
25.44888	-1.0
25.46972	-1.0
25.47244	-1.0
25.49024	-1.0
25.49604	-1.0
25.52564	-1.0
25.54716	1.0
25.55236	-1.0
25.5626	-1.0
25.582	-1.0
25.5944	-1.0
25.60792	1.0
25.6634	-1.0
25.67872	-1.0
25.73868	-1.0
25.75212	-1.0
25.78912	-1.0
25.79416	-1.0
25.82184	-1.0
25.85532	-1.0
25.89008	-1.0
25.9264	1.0
25.97024	-1.0
25.987	-1.0
26.00648	-1.0
26.02344	-1.0
26.02616	-1.0
26.02964	-1.0
26.07076	-1.0
26.1858	-1.0
26.2034	-1.0
26.40368	1.0
29.61524	-1.0
29.81396	-1.0
29.828	-1.0
29.8322	-1.0
29.83556	-1.0
29.8452	-1.0
29.85624	-1.0
29.86596	-1.0
29.8782	-1.0
29.89916	-1.0
29.91484	-1.0
29.91924	-1.0
29.92988	1.0
29.93928	-1.0
29.95536	-1.0
29.96252	-1.0
29.98424	-1.0
30.00944	-1.0
30.02968	-1.0
30.0422	-1.0
30.05776	-1.0
30.06044	-1.0
30.08436	-1.0
30.08744	-1.0
30.11668	-1.0
30.1202	-1.0
30.13336	-1.0
30.14104	-1.0
30.16116	-1.0
30.18136	-1.0
30.20928	-1.0
30.21544	-1.0
30.2322	-1.0
30.25312	1.0
30.26184	-1.0
30.26636	-1.0
30.28496	-1.0
30.3052	-1.0
30.32876	-1.0
30.35564	-1.0
30.381	-1.0
30.38524	-1.0
30.3994	1.0
30.41472	-1.0
30.44252	-1.0
30.46548	-1.0
30.473	-1.0
30.47552	-1.0
30.5008	-1.0
30.53088	-1.0
30.55304	1.0
30.5578	-1.0
30.58708	-1.0
30.60908	1.0
30.61544	-1.0
30.62028	1.0
30.64152	-1.0
30.68136	-1.0
30.7092	-1.0
30.74564	-1.0
30.77852	-1.0
30.81928	-1.0
30.8324	-1.0
30.86948	-1.0
30.92004	-1.0
30.93064	-1.0
30.98796	-1.0
30.9924	-1.0
31.02724	-1.0
31.06996	1.0
31.07252	-1.0
31.14316	-1.0
31.17956	-1.0
31.19232	1.0
31.23396	-1.0
31.2814	-1.0
31.28428	1.0
31.36376	-1.0
31.40596	1.0
35.6896	-1.0
35.69808	-1.0
35.70272	-1.0
35.72508	-1.0
35.73512	-1.0
35.75312	-1.0
35.76816	-1.0
35.77076	1.0
35.78868	-1.0
35.79436	-1.0
35.80392	-1.0
35.82428	-1.0
35.84228	-1.0
35.85588	-1.0
35.86056	-1.0
35.8816	-1.0
35.88964	-1.0
35.8986	-1.0
35.91488	1.0
35.9458	-1.0
35.9622	-1.0
35.9852	-1.0
35.99892	-1.0
36.00736	-1.0
36.01	-1.0
36.0452	-1.0
36.06296	-1.0
36.11016	1.0
36.11368	-1.0
36.13264	-1.0
36.13624	-1.0
36.1584	-1.0
36.17636	-1.0
36.19856	1.0
36.20912	-1.0
36.22576	-1.0
36.25728	-1.0
36.26216	-1.0
36.2832	-1.0
36.31252	-1.0
36.33608	-1.0
36.34448	-1.0
36.3654	-1.0
36.41152	-1.0
36.42136	-1.0
36.43296	-1.0
36.45824	-1.0
36.4794	-1.0
36.48684	-1.0
36.52084	-1.0
36.55348	-1.0
36.59424	-1.0
36.59684	-1.0
36.63672	-1.0
36.6692	-1.0
36.6996	-1.0
36.74676	-1.0
36.79576	-1.0
36.80892	-1.0
36.83776	1.0
36.84516	-1.0
36.86888	-1.0
36.88812	-1.0
36.93432	1.0
36.9526	-1.0
36.97432	-1.0
37.0016	-1.0
37.055	-1.0
37.1114	1.0
37.30596	-1.0
37.76232	1.0
37.8064	1.0
37.8206	-1.0
37.8378	-1.0
37.85496	1.0
37.86908	-1.0
37.92124	-1.0
37.93868	-1.0
37.97936	-1.0
40.44356	-1.0
40.4558	1.0
40.45844	-1.0
40.46096	-1.0
40.46976	1.0
40.48388	-1.0
40.48744	-1.0
40.50012	1.0
40.50376	-1.0
40.5216	-1.0
40.52572	-1.0
40.55944	-1.0
40.56272	-1.0
40.5836	-1.0
40.5868	-1.0
40.60124	1.0
40.63236	-1.0
40.64056	-1.0
40.65668	-1.0
40.66204	-1.0
40.69012	-1.0
40.72284	-1.0
40.74928	-1.0
40.76316	1.0
40.76728	-1.0
40.76992	-1.0
40.78288	-1.0
40.80204	1.0
40.81116	-1.0
40.8288	-1.0
40.85064	-1.0
40.88736	-1.0
40.91912	-1.0
40.94716	-1.0
40.9796	-1.0
40.99868	-1.0
41.02912	-1.0
41.03844	-1.0
41.05632	-1.0
41.06592	-1.0
41.08564	1.0
41.09032	-1.0
41.094	-1.0
41.12336	-1.0
41.20352	-1.0
41.21444	-1.0
41.23144	-1.0
41.2766	-1.0
41.33552	-1.0
41.36008	-1.0
41.39592	-1.0
41.41472	-1.0
41.4322	-1.0
41.4734	-1.0
41.501	-1.0
41.5066	-1.0
41.51204	-1.0
41.55284	-1.0
41.55704	-1.0
41.58648	-1.0
41.69372	1.0
41.83472	1.0
44.66792	1.0
44.67464	-1.0
44.68088	-1.0
44.69596	-1.0
44.703	-1.0
44.7094	-1.0
44.71552	-1.0
44.73724	-1.0
44.7432	-1.0
44.75528	-1.0
44.7584	-1.0
44.77312	-1.0
44.7872	-1.0
44.79352	-1.0
44.813	-1.0
44.83564	1.0
44.84048	-1.0
44.86324	-1.0
44.87772	1.0
44.8902	-1.0
44.90832	-1.0
44.94184	-1.0
44.97384	-1.0
44.99016	-1.0
44.99416	-1.0
45.01868	-1.0
45.0228	-1.0
45.05656	-1.0
45.07296	-1.0
45.08052	-1.0
45.09996	-1.0
45.1234	-1.0
45.15988	-1.0
45.1796	-1.0
45.2176	-1.0
45.25184	-1.0
45.2848	-1.0
45.29292	-1.0
45.31216	-1.0
45.33856	-1.0
45.34464	-1.0
45.35704	1.0
45.392	-1.0
45.41736	-1.0
45.4418	-1.0
45.4446	-1.0
45.47192	-1.0
45.51584	-1.0
45.54156	-1.0
45.56084	1.0
45.57684	-1.0
45.62132	-1.0
45.66392	-1.0
45.67544	1.0
45.69512	-1.0
45.70732	-1.0
45.74292	-1.0
45.78276	-1.0
45.84924	-1.0
45.89256	-1.0
45.89648	1.0
46.00612	-1.0
46.03336	1.0
46.08836	-1.0
49.2356	1.0
49.24612	-1.0
49.25156	-1.0
49.27468	-1.0
49.27764	1.0
49.29604	-1.0
49.30124	-1.0
49.30932	-1.0
49.3154	-1.0
49.3254	-1.0
49.34388	-1.0
49.367	-1.0
49.39416	-1.0
49.40736	-1.0
49.44704	-1.0
49.45716	1.0
49.46756	-1.0
49.49396	-1.0
49.52064	-1.0
49.53216	-1.0
49.54804	-1.0
49.57184	-1.0
49.61036	-1.0
49.6284	-1.0
49.63388	-1.0
49.65724	-1.0
49.68344	-1.0
49.7112	-1.0
49.74092	-1.0
49.75256	-1.0
49.7902	-1.0
49.817	-1.0
49.8464	-1.0
49.87944	-1.0
49.88252	-1.0
49.90596	-1.0
49.92728	-1.0
49.94068	-1.0
49.9746	-1.0
49.9888	-1.0
50.03312	-1.0
50.05496	-1.0
50.0892	-1.0
50.12192	-1.0
50.12484	-1.0
50.16044	1.0
50.19188	1.0
50.21308	-1.0
50.261	-1.0
50.29628	1.0
50.30172	1.0
50.32344	-1.0
50.36988	-1.0
50.38176	1.0
50.40592	-1.0
50.58624	1.0
50.6016	-1.0
50.69816	1.0
50.78172	1.0
50.88756	1.0
54.4644	1.0
54.48796	-1.0
54.51064	-1.0
54.52644	1.0
54.52896	-1.0
54.54356	-1.0
54.55168	-1.0
54.5704	-1.0
54.57296	-1.0
54.58336	-1.0
54.6084	-1.0
54.68208	-1.0
54.68544	-1.0
54.7046	-1.0
54.72396	-1.0
54.72892	-1.0
54.7516	-1.0
54.78392	-1.0
54.83264	-1.0
54.84912	-1.0
54.87152	1.0
54.90924	-1.0
54.91464	-1.0
54.93664	-1.0
54.94436	1.0
54.95492	-1.0
54.95988	-1.0
54.97756	-1.0
54.991	-1.0
55.02872	-1.0
55.03152	-1.0
55.06192	-1.0
55.11988	-1.0
55.16768	-1.0
55.17944	-1.0
55.18384	-1.0
55.20236	-1.0
55.2368	-1.0
55.28256	-1.0
55.28744	-1.0
55.32708	-1.0
55.36444	-1.0
55.38748	-1.0
55.424	-1.0
55.46644	-1.0
55.5172	-1.0
55.57236	-1.0
55.58504	1.0
55.7294	1.0
55.81368	1.0
59.58408	-1.0
59.59124	-1.0
59.6076	1.0
59.62284	-1.0
59.6318	-1.0
59.64296	-1.0
59.65288	-1.0
59.66284	-1.0
59.67732	-1.0
59.68224	-1.0
59.70068	-1.0
59.72124	-1.0
59.73944	-1.0
59.76528	-1.0
59.77808	-1.0
59.81144	-1.0
59.8478	1.0
59.85848	-1.0
59.88996	-1.0
59.91156	1.0
59.91448	-1.0
59.939	-1.0
59.95256	-1.0
59.97068	-1.0
59.98308	1.0
59.99236	-1.0
60.021	-1.0
60.03936	-1.0
60.0554	-1.0
60.08076	-1.0
60.09672	-1.0
60.11412	-1.0
60.14048	-1.0
60.185	-1.0
60.2016	1.0
60.20512	-1.0
60.23776	-1.0
60.2446	-1.0
60.26304	-1.0
60.27716	-1.0
60.28628	-1.0
60.30744	-1.0
60.34616	-1.0
60.42168	-1.0
60.453	-1.0
60.45744	-1.0
60.4854	-1.0
60.52888	-1.0
60.54632	1.0
60.58464	-1.0
60.64644	-1.0
60.65776	1.0
60.74508	-1.0
63.83964	1.0
63.84348	-1.0
63.85316	-1.0
63.8752	-1.0
63.89768	-1.0
63.9094	-1.0
63.91676	-1.0
63.92064	-1.0
63.9382	-1.0
63.94288	-1.0
63.96656	-1.0
63.98268	-1.0
64.00076	-1.0
64.0432	-1.0
64.04604	-1.0
64.06148	-1.0
64.078	-1.0
64.0836	-1.0
64.10336	1.0
64.11832	-1.0
64.12704	-1.0
64.13368	-1.0
64.17592	1.0
64.2052	-1.0
64.22552	-1.0
64.22868	-1.0
64.27	1.0
64.28232	-1.0
64.28584	-1.0
64.30444	-1.0
64.30868	-1.0
64.3234	-1.0
64.33188	-1.0
64.33544	-1.0
64.35916	-1.0
64.36384	-1.0
64.39204	-1.0
64.39776	-1.0
64.46476	-1.0
64.46732	-1.0
64.50456	-1.0
64.57256	-1.0
64.58688	-1.0
64.65068	1.0
64.714	-1.0
64.76296	-1.0
64.80916	-1.0
64.92084	1.0
65.21584	1.0
68.2572	-1.0
68.26008	-1.0
68.27692	-1.0
68.28352	-1.0
68.28968	1.0
68.29288	-1.0
68.3026	1.0
68.32404	-1.0
68.3432	-1.0
68.38936	-1.0
68.40332	-1.0
68.40584	-1.0
68.4114	-1.0
68.45236	-1.0
68.47176	-1.0
68.48516	-1.0
68.53016	-1.0
68.53484	-1.0
68.56132	-1.0
68.58268	1.0
68.59092	-1.0
68.61476	-1.0
68.6832	-1.0
68.71912	-1.0
68.75212	-1.0
68.80836	-1.0
68.81892	1.0
68.84172	-1.0
68.902	-1.0
68.91712	1.0
68.95428	-1.0
68.9742	-1.0
68.97812	-1.0
68.98928	-1.0
69.04284	1.0
69.05668	-1.0
69.06824	-1.0
69.09236	-1.0
69.1402	1.0
69.14476	-1.0
69.19188	-1.0
69.2172	-1.0
69.24708	-1.0
69.26432	-1.0
69.30984	-1.0
73.52952	-1.0
73.53352	-1.0
73.54088	-1.0
73.5434	1.0
73.5552	-1.0
73.55904	-1.0
73.5766	-1.0
73.58288	-1.0
73.60116	1.0
73.62212	-1.0
73.64076	-1.0
73.65864	-1.0
73.68604	-1.0
73.706	-1.0
73.72804	-1.0
73.76664	-1.0
73.8106	1.0
73.81656	-1.0
73.8406	-1.0
73.8738	-1.0
73.8912	-1.0
73.97196	-1.0
74.0018	-1.0
74.02448	-1.0
74.04068	-1.0
74.09368	-1.0
74.11968	1.0
74.1504	-1.0
74.1606	-1.0
74.21064	-1.0
74.23184	-1.0
74.24676	-1.0
74.25776	-1.0
74.28756	-1.0
74.34428	-1.0
74.43488	-1.0
74.48692	-1.0
74.53464	-1.0
74.69204	-1.0
74.77664	-1.0
78.4902	-1.0
78.49288	-1.0
78.50916	-1.0
78.51684	-1.0
78.52256	-1.0
78.52656	-1.0
78.54876	-1.0
78.56968	-1.0
78.59188	-1.0
78.59912	-1.0
78.61448	-1.0
78.6342	-1.0
78.66316	-1.0
78.67744	1.0
78.68324	-1.0
78.68616	-1.0
78.76748	1.0
78.77716	-1.0
78.80284	-1.0
78.836	-1.0
78.85832	-1.0
78.88632	-1.0
78.90372	-1.0
78.9134	-1.0
78.925	1.0
78.9756	-1.0
78.98388	-1.0
78.9978	-1.0
79.02348	-1.0
79.0528	-1.0
79.08612	-1.0
79.0998	1.0
79.21828	-1.0
79.25744	-1.0
79.30888	1.0
79.32528	-1.0
79.46144	1.0
79.47244	-1.0
79.4918	-1.0
79.54336	-1.0
79.77428	1.0
83.87448	-1.0
83.87784	-1.0
83.8856	-1.0
83.89964	-1.0
83.91572	-1.0
83.9426	-1.0
83.96636	1.0
83.98644	-1.0
83.99076	-1.0
84.02132	-1.0
84.02788	-1.0
84.05804	-1.0
84.07836	-1.0
84.13464	1.0
84.1764	-1.0
84.20464	-1.0
84.2344	-1.0
84.2688	-1.0
84.33544	-1.0
84.35372	1.0
84.39504	-1.0
84.40228	-1.0
84.40632	-1.0
84.45824	1.0
84.47076	-1.0
84.5344	-1.0
84.6202	-1.0
84.62436	-1.0
84.65904	-1.0
84.66156	-1.0
84.74372	-1.0
84.75928	-1.0
84.77592	-1.0
84.82696	-1.0
84.83592	-1.0
84.93464	-1.0
84.98372	-1.0
85.03152	-1.0
85.05976	-1.0
85.06824	-1.0
85.1214	1.0
85.2042	1.0
88.39116	1.0
88.40376	-1.0
88.41404	-1.0
88.42404	-1.0
88.43088	-1.0
88.4626	-1.0
88.48668	-1.0
88.49184	-1.0
88.51212	-1.0
88.52604	-1.0
88.54992	-1.0
88.6606	-1.0
88.69496	-1.0
88.74292	-1.0
88.81428	-1.0
88.8746	-1.0
88.88016	-1.0
88.9238	1.0
88.95328	-1.0
88.95604	-1.0
88.99384	-1.0
89.05296	-1.0
89.11824	-1.0
89.18356	-1.0
89.20448	-1.0
89.24188	-1.0
89.30012	-1.0
89.3832	-1.0
89.406	-1.0
89.51844	1.0
89.5306	-1.0
89.57524	-1.0
93.22228	1.0
93.24444	-1.0
93.25332	-1.0
93.2924	-1.0
93.30568	-1.0
93.31288	-1.0
93.31604	-1.0
93.36064	-1.0
93.38048	-1.0
93.3854	-1.0
93.39288	-1.0
93.40984	-1.0
93.44556	-1.0
93.47656	-1.0
93.5	-1.0
93.54308	-1.0
93.55844	-1.0
93.63936	-1.0
93.64452	-1.0
93.65232	-1.0
93.70468	-1.0
93.75584	1.0
93.79732	-1.0
93.86344	-1.0
93.892	1.0
93.91468	1.0
93.96068	-1.0
93.96684	-1.0
94.02232	-1.0
94.0278	-1.0
94.07292	-1.0
94.0836	-1.0
94.19884	-1.0
94.21884	-1.0
94.34256	-1.0
94.4146	-1.0
94.44164	1.0
94.4772	-1.0
99.31776	-1.0
99.32132	1.0
99.32384	-1.0
99.33248	-1.0
99.34308	-1.0
99.34692	-1.0
99.35832	-1.0
99.37224	-1.0
99.37804	-1.0
99.39148	-1.0
99.40548	-1.0
99.41884	-1.0
99.4664	-1.0
99.48808	-1.0
99.53188	-1.0
99.54676	-1.0
99.57048	-1.0
99.57752	1.0
99.60704	-1.0
99.63116	1.0
99.65976	-1.0
99.6974	-1.0
99.72628	-1.0
99.74008	1.0
99.74792	-1.0
99.80736	-1.0
99.83196	1.0
99.84824	-1.0
99.86064	-1.0
99.88508	-1.0
99.94628	-1.0
100.00208	-1.0
100.02536	-1.0
100.0564	-1.0
100.08076	-1.0
100.08492	1.0
100.09548	-1.0
100.129	-1.0
100.15404	-1.0
100.23796	-1.0
100.26432	-1.0
100.35564	-1.0
100.39296	1.0
100.43976	-1.0
100.576	-1.0
100.626	-1.0
100.81036	1.0
100.84724	-1.0
100.85288	-1.0
100.90196	-1.0
101.00576	-1.0
101.09888	1.0
101.1182	-1.0
101.23328	-1.0
104.60624	1.0
104.6088	-1.0
104.61524	1.0
104.62676	1.0
104.63032	-1.0
104.6356	-1.0
104.65116	-1.0
104.67092	-1.0
104.67408	-1.0
104.69512	-1.0
104.70512	-1.0
104.70936	-1.0
104.73148	-1.0
104.76812	-1.0
104.79064	-1.0
104.82592	-1.0
104.84412	-1.0
104.85044	-1.0
104.85724	-1.0
104.89688	-1.0
104.9234	-1.0
105.0038	1.0
105.02216	1.0
105.03676	-1.0
105.0704	-1.0
105.09508	-1.0
105.14836	1.0
105.16076	-1.0
105.2216	-1.0
105.22604	-1.0
105.25784	-1.0
105.26696	1.0
105.27104	-1.0
105.31712	-1.0
105.32968	-1.0
105.3524	-1.0
105.37632	1.0
105.39668	-1.0
105.45944	-1.0
105.48112	-1.0
105.48912	-1.0
105.54912	-1.0
105.57908	-1.0
105.59704	-1.0
105.60612	-1.0
105.62876	-1.0
105.69784	-1.0
105.7222	-1.0
105.91968	1.0
105.92788	-1.0
105.99116	1.0
106.00412	-1.0
106.07592	-1.0
109.70576	-1.0
109.71504	-1.0
109.74772	-1.0
109.75084	-1.0
109.77228	-1.0
109.7764	-1.0
109.7874	-1.0
109.80624	-1.0
109.8104	-1.0
109.81456	-1.0
109.84384	-1.0
109.87252	-1.0
109.8788	-1.0
109.88276	-1.0
109.90564	-1.0
109.97848	-1.0
110.01404	-1.0
110.06688	-1.0
110.09208	-1.0
110.12456	1.0
110.13136	-1.0
110.13544	-1.0
110.1492	-1.0
110.31004	-1.0
110.3418	-1.0
110.39	-1.0
110.51892	1.0
110.53128	-1.0
110.63392	-1.0
110.72712	1.0
110.76224	-1.0
110.77904	-1.0
110.78388	-1.0
110.83304	-1.0
110.83636	-1.0
110.86044	-1.0
110.9674	1.0
110.98596	-1.0
110.99104	-1.0
111.10592	-1.0
111.16228	-1.0
114.83288	-1.0
114.84448	-1.0
114.84772	-1.0
114.85408	-1.0
114.85912	1.0
114.86396	-1.0
114.87448	-1.0
114.88264	-1.0
114.88736	-1.0
114.94672	-1.0
114.9914	-1.0
115.0004	-1.0
115.00808	-1.0
115.06472	-1.0
115.06792	1.0
115.1318	-1.0
115.13604	-1.0
115.16784	-1.0
115.18872	1.0
115.20928	-1.0
115.32032	-1.0
115.35252	-1.0
115.44972	-1.0
115.45456	-1.0
115.48152	1.0
115.48816	-1.0
115.49648	-1.0
115.56612	-1.0
115.58096	-1.0
115.60332	-1.0
115.61504	-1.0
115.64844	1.0
115.68872	-1.0
115.69488	-1.0
115.79344	-1.0
115.87792	-1.0
115.9492	-1.0
115.97464	1.0
115.98376	1.0
116.00788	-1.0
116.0498	-1.0
116.10008	1.0
116.11048	-1.0
116.20612	-1.0
116.34328	-1.0
116.42756	-1.0
116.63864	1.0
119.75348	-1.0
119.7982	-1.0
119.80708	-1.0
119.8152	-1.0
119.82	-1.0
119.82436	-1.0
119.83896	-1.0
119.8526	-1.0
119.86528	-1.0
119.89928	-1.0
119.91764	-1.0
119.95304	-1.0
119.96744	-1.0
119.97204	-1.0
119.98544	-1.0
119.9894	-1.0
120.01104	-1.0
120.02272	-1.0
120.08548	-1.0
120.09976	-1.0
120.14144	-1.0
120.16856	-1.0
120.19868	-1.0
120.2528	1.0
120.31836	-1.0
120.32232	-1.0
120.32912	-1.0
120.35332	1.0
120.37492	-1.0
120.46124	-1.0
120.4898	-1.0
120.56668	-1.0
120.6032	-1.0
120.61024	-1.0
120.63008	-1.0
120.6692	1.0
120.68768	-1.0
120.72688	1.0
120.77564	-1.0
120.824	-1.0
120.9016	-1.0
121.03408	1.0
121.04656	-1.0
121.10008	-1.0
121.157	-1.0
121.23648	1.0
121.41872	1.0
121.43328	-1.0
124.87256	-1.0
124.87912	-1.0
124.88636	1.0
124.89172	-1.0
124.90656	-1.0
124.9256	-1.0
124.96428	-1.0
124.96852	-1.0
124.97584	-1.0
124.99284	-1.0
125.03356	-1.0
125.03828	-1.0
125.0896	-1.0
125.10844	1.0
125.11116	-1.0
125.13036	1.0
125.13488	-1.0
125.15384	1.0
125.27484	-1.0
125.324	-1.0
125.37696	-1.0
125.4014	-1.0
125.41296	-1.0
125.4308	-1.0
125.46448	-1.0
125.4902	1.0
125.49508	-1.0
125.613	-1.0
125.6912	-1.0
125.73744	-1.0
125.80052	-1.0
125.86292	-1.0
125.86636	-1.0
125.90504	1.0
125.94508	-1.0
125.97432	-1.0
126.05432	1.0
126.0602	-1.0
126.15092	1.0
126.157	-1.0
126.27012	1.0
126.2778	-1.0
126.35916	1.0
126.43568	1.0
126.44448	-1.0
130.60684	-1.0
130.6166	-1.0
130.63568	-1.0
130.6564	-1.0
130.65964	-1.0
130.66383	-1.0
130.68404	-1.0
130.6946	-1.0
130.71516	-1.0
130.71968	-1.0
130.73685	1.0
130.7622	-1.0
130.77272	-1.0
130.81544	-1.0
130.8386	-1.0
130.85612	-1.0
130.87856	1.0
130.92856	-1.0
130.94997	-1.0
130.96808	-1.0
131.01144	1.0
131.02568	-1.0
131.04616	-1.0
131.10748	-1.0
131.13684	-1.0
131.16168	-1.0
131.17828	-1.0
131.21297	1.0
131.27753	1.0
131.28076	-1.0
131.30003	-1.0
131.30637	-1.0
131.38304	-1.0
131.39713	1.0
131.40092	-1.0
131.40956	1.0
131.48448	-1.0
131.50851	-1.0
131.60492	1.0
131.614	-1.0
131.91817	1.0
131.94644	-1.0
131.98135	-1.0
132.0486	1.0
132.05984	-1.0
132.11504	1.0
132.23756	-1.0
132.24332	-1.0
132.31364	1.0
136.49596	-1.0
136.5062	-1.0
136.51843	-1.0
136.52176	-1.0
136.52963	-1.0
136.53336	-1.0
136.53876	-1.0
136.5586	1.0
136.58752	-1.0
136.622	-1.0
136.62508	-1.0
136.66548	-1.0
136.69136	-1.0
136.76231	-1.0
136.78392	-1.0
136.85716	-1.0
136.86644	-1.0
136.88277	1.0
136.88672	-1.0
136.91292	-1.0
136.91608	-1.0
136.94124	-1.0
136.96803	-1.0
136.972	-1.0
137.04688	-1.0
137.0524	-1.0
137.07396	1.0
137.10268	-1.0
137.14516	1.0
137.15208	-1.0
137.2092	-1.0
137.2494	-1.0
137.30067	1.0
137.30351	1.0
137.3366	-1.0
137.36575	-1.0
137.3826	1.0
137.43633	1.0
137.4534	-1.0
137.50752	-1.0
137.65656	-1.0
137.74216	-1.0
137.82352	1.0
137.87672	-1.0
138.09108	1.0
138.09428	-1.0
138.12189	-1.0
138.20436	1.0
138.32443	1.0
142.45488	-1.0
142.464	-1.0
142.46956	-1.0
142.4764	-1.0
142.48096	-1.0
142.4916	-1.0
142.49564	-1.0
142.53148	-1.0
142.53735	-1.0
142.5744	-1.0
142.578	-1.0
142.60312	-1.0
142.60924	1.0
142.62315	-1.0
142.64767	-1.0
142.66924	1.0
142.67409	-1.0
142.72237	-1.0
142.7268	1.0
142.77156	-1.0
142.7878	1.0
142.80812	-1.0
142.81197	-1.0
142.8286	-1.0
142.83151	1.0
142.87988	1.0
142.91632	-1.0
143.0048	-1.0
143.0892	-1.0
143.09567	-1.0
143.13075	-1.0
143.14124	1.0
143.23656	-1.0
143.35104	-1.0
143.3822	-1.0
143.40591	-1.0
143.4224	-1.0
143.52576	-1.0
143.60136	-1.0
143.62228	-1.0
143.67851	-1.0
143.72252	-1.0
143.73984	-1.0
143.78316	1.0
143.78632	-1.0
143.80748	-1.0
143.81352	-1.0
143.90189	-1.0
143.93729	-1.0
143.9758	1.0
144.14128	1.0
144.236	-1.0
144.26212	1.0
144.559	1.0
144.57973	-1.0
148.69444	-1.0
148.70505	-1.0
148.7118	-1.0
148.71524	-1.0
148.72308	-1.0
148.7264	-1.0
148.73843	-1.0
148.7446	-1.0
148.75856	-1.0
148.76176	-1.0
148.77708	-1.0
148.78027	1.0
148.79845	1.0
148.80472	-1.0
148.84836	1.0
148.89128	-1.0
148.9072	1.0
148.93716	-1.0
148.94356	-1.0
148.99657	-1.0
149.02524	-1.0
149.06464	-1.0
149.06947	-1.0
149.08984	1.0
149.1	-1.0
149.13008	-1.0
149.1826	-1.0
149.24416	-1.0
149.2488	1.0
149.25175	-1.0
149.28952	-1.0
149.30688	-1.0
149.31256	-1.0
149.35477	-1.0
149.3786	1.0
149.40495	-1.0
149.41817	1.0
149.43517	-1.0
149.44048	-1.0
149.55415	-1.0
149.57912	-1.0
149.59872	-1.0
149.61208	-1.0
149.62592	-1.0
149.6378	-1.0
149.72807	1.0
149.73895	1.0
149.76813	-1.0
149.81969	-1.0
149.969	1.0
150.0218	-1.0
150.04596	-1.0
150.15137	-1.0
150.18068	-1.0
150.39784	1.0
150.40912	-1.0
153.7074	-1.0
153.71368	-1.0
153.72752	-1.0
153.73335	1.0
153.7454	1.0
153.74825	1.0
153.7558	-1.0
153.78004	-1.0
153.7846	-1.0
153.80324	-1.0
153.81168	-1.0
153.816	-1.0
153.84612	1.0
153.85292	-1.0
153.8616	-1.0
153.92812	-1.0
153.98843	-1.0
154.00424	-1.0
154.0238	-1.0
154.06915	1.0
154.07956	-1.0
154.09412	-1.0
154.11716	-1.0
154.20769	-1.0
154.21284	1.0
154.23389	1.0
154.23747	-1.0
154.30672	-1.0
154.33308	1.0
154.37125	-1.0
154.44563	-1.0
154.45128	-1.0
154.56355	-1.0
154.58688	-1.0
154.5942	1.0
154.65073	-1.0
154.6716	1.0
154.7758	-1.0
154.81516	-1.0
154.82443	1.0
154.95572	1.0
154.95956	-1.0
155.11945	-1.0
155.1268	-1.0
155.13992	1.0
157.75076	-1.0
159.97311	-1.0
159.98576	1.0
159.99203	-1.0
159.99472	-1.0
160.00592	-1.0
160.02188	-1.0
160.03772	-1.0
160.05656	-1.0
160.07404	-1.0
160.09328	1.0
160.09828	-1.0
160.1128	-1.0
160.11604	-1.0
160.14832	-1.0
160.16045	1.0
160.16776	-1.0
160.20412	1.0
160.21635	1.0
160.25153	-1.0
160.269	1.0
160.27176	-1.0
160.31448	1.0
160.32256	-1.0
160.32864	-1.0
160.34804	-1.0
160.3864	-1.0
160.39745	-1.0
160.42268	1.0
160.4488	-1.0
160.46812	-1.0
160.53671	-1.0
160.55588	-1.0
160.57948	-1.0
160.59068	-1.0
160.67496	-1.0
160.6846	-1.0
160.69585	-1.0
160.7576	-1.0
160.7652	-1.0
160.77588	-1.0
160.8254	1.0
160.90211	-1.0
160.9584	-1.0
161.03572	1.0
161.03964	-1.0
161.17212	-1.0
161.47336	1.0
161.51643	-1.0
161.5354	-1.0
161.78185	1.0
161.91193	1.0
166.26448	-1.0
166.27972	-1.0
166.28291	1.0
166.28564	-1.0
166.2952	-1.0
166.29916	-1.0
166.32092	-1.0
166.328	-1.0
166.33952	1.0
166.34996	-1.0
166.37396	1.0
166.3796	-1.0
166.43924	-1.0
166.46768	1.0
166.48264	-1.0
166.52336	-1.0
166.52892	-1.0
166.57588	1.0
166.58116	-1.0
166.60176	-1.0
166.62073	-1.0
166.62428	-1.0
166.62976	-1.0
166.64735	-1.0
166.67313	-1.0
166.68823	-1.0
166.72343	-1.0
166.77548	1.0
166.78204	-1.0
166.86032	-1.0
166.88632	1.0
166.90907	-1.0
166.93112	1.0
166.94028	-1.0
167.0452	-1.0
167.07465	1.0
167.18468	-1.0
167.22688	-1.0
167.23116	-1.0
167.26372	1.0
167.38988	1.0
167.55057	-1.0
167.56207	1.0
167.64056	-1.0
167.70784	-1.0
167.7344	1.0
167.84944	1.0
167.96095	-1.0
167.9966	-1.0
172.91052	-1.0
172.91556	-1.0
172.92552	-1.0
172.9334	-1.0
172.9364	-1.0
172.949	-1.0
172.96043	-1.0
172.97153	-1.0
172.97516	-1.0
172.99504	-1.0
173.0076	-1.0
173.02872	1.0
173.06616	-1.0
173.06992	-1.0
173.08752	-1.0
173.10948	1.0
173.11464	-1.0
173.11748	-1.0
173.13783	1.0
173.14064	-1.0
173.146	-1.0
173.1718	-1.0
173.19836	1.0
173.2192	-1.0
173.28893	1.0
173.3332	-1.0
173.3386	1.0
173.36084	-1.0
173.36844	-1.0
173.39996	-1.0
173.43655	-1.0
173.46477	1.0
173.5158	-1.0
173.55396	1.0
173.58987	-1.0
173.59256	-1.0
173.60016	-1.0
173.62485	1.0
173.64728	-1.0
173.68263	-1.0
173.68784	-1.0
173.85793	1.0
174.18948	1.0
174.24788	-1.0
174.38232	1.0
174.42525	-1.0
174.60548	1.0
175.79665	1.0
179.05605	-1.0
179.06216	-1.0
179.08057	-1.0
179.10544	-1.0
179.11716	-1.0
179.12428	-1.0
179.14745	1.0
179.15273	-1.0
179.163	-1.0
179.18532	-1.0
179.2118	-1.0
179.25024	-1.0
179.27	-1.0
179.29688	-1.0
179.34172	-1.0
179.36052	1.0
179.36652	-1.0
179.38692	-1.0
179.41408	-1.0
179.421	-1.0
179.46732	1.0
179.53432	1.0
179.53732	-1.0
179.5966	-1.0
179.65887	1.0
179.67728	-1.0
179.69109	-1.0
179.69489	-1.0
179.7636	1.0
179.82028	-1.0
179.90675	1.0
179.9638	-1.0
179.99756	-1.0
180.02592	1.0
180.20863	1.0
180.26144	1.0
180.28152	-1.0
180.2926	-1.0
180.31532	-1.0
180.44324	1.0
180.72588	-1.0
184.82976	-1.0
184.84969	-1.0
184.86348	-1.0
184.86748	-1.0
184.89404	-1.0
184.90833	1.0
184.91435	-1.0
184.92313	-1.0
184.93327	-1.0
184.95932	-1.0
184.96288	-1.0
184.9736	1.0
184.97844	-1.0
184.98376	-1.0
185.00227	-1.0
185.029	1.0
185.0524	-1.0
185.09885	-1.0
185.11464	-1.0
185.15372	-1.0
185.20132	-1.0
185.27092	1.0
185.27344	1.0
185.2766	-1.0
185.28856	-1.0
185.31512	-1.0
185.33496	1.0
185.39708	1.0
185.41612	-1.0
185.42308	-1.0
185.4382	1.0
185.50592	-1.0
185.51848	1.0
185.5242	-1.0
185.60191	-1.0
185.61464	1.0
185.61732	-1.0
185.63188	-1.0
185.64047	-1.0
185.828	1.0
185.91612	-1.0
185.99088	-1.0
185.994	-1.0
186.0754	-1.0
186.34769	1.0
186.43164	1.0
190.21808	-1.0
190.22644	-1.0
190.23624	-1.0
190.24924	-1.0
190.25284	-1.0
190.27277	-1.0
190.2926	-1.0
190.30215	-1.0
190.32088	-1.0
190.32591	-1.0
190.3576	-1.0
190.37944	1.0
190.39429	-1.0
190.41785	1.0
190.4276	-1.0
190.45584	1.0
190.487	-1.0
190.5356	-1.0
190.5548	-1.0
190.55852	-1.0
190.58888	1.0
190.60376	-1.0
190.65347	1.0
190.66035	-1.0
190.663	-1.0
190.70589	-1.0
190.71208	-1.0
190.747	1.0
190.84125	-1.0
190.85652	1.0
190.93484	-1.0
190.95557	1.0
191.01897	-1.0
191.03548	-1.0
191.12263	-1.0
191.26616	1.0
191.33656	1.0
191.35088	-1.0
191.39796	1.0
191.47256	-1.0
191.52924	-1.0
191.53188	-1.0
191.60912	1.0
191.71408	-1.0
196.05836	-1.0
196.06715	-1.0
196.06996	-1.0
196.08824	-1.0
196.09508	-1.0
196.115	1.0
196.11977	-1.0
196.14449	-1.0
196.17212	-1.0
196.17912	-1.0
196.20155	-1.0
196.2252	-1.0
196.24924	-1.0
196.27393	-1.0
196.29147	-1.0
196.30016	1.0
196.34456	-1.0
196.34712	-1.0
196.37764	-1.0
196.44156	-1.0
196.4446	-1.0
196.4642	-1.0
196.50148	-1.0
196.51253	-1.0
196.55348	-1.0
196.5794	-1.0
196.62604	1.0
196.63509	-1.0
196.74152	-1.0
196.74628	1.0
196.80605	-1.0
196.82909	-1.0
196.92368	1.0
196.96317	1.0
196.97025	-1.0
197.01012	-1.0
197.04803	-1.0
197.08405	-1.0
197.10292	1.0
197.10645	-1.0
197.21692	1.0
197.26749	1.0
197.3084	-1.0
197.3618	-1.0
201.9474	-1.0
201.96588	-1.0
201.96848	-1.0
201.99	-1.0
202.016	-1.0
202.04848	-1.0
202.051	-1.0
202.05452	-1.0
202.07285	-1.0
202.09344	1.0
202.13889	-1.0
202.1828	-1.0
202.2428	1.0
202.32724	1.0
202.41245	-1.0
202.42096	-1.0
202.454	-1.0
202.46564	-1.0
202.5136	-1.0
202.54684	-1.0
202.57948	1.0
202.60847	-1.0
202.6648	-1.0
202.73332	1.0
202.77943	-1.0
202.81145	-1.0
202.83109	1.0
202.89984	1.0
202.93512	-1.0
203.02116	1.0
203.09348	-1.0
203.16573	-1.0
203.24689	1.0
203.27795	-1.0
203.30516	1.0
207.84108	-1.0
207.84505	-1.0
207.85677	-1.0
207.86108	-1.0
207.86588	-1.0
207.87515	-1.0
207.87828	-1.0
207.88467	-1.0
207.9036	-1.0
207.90675	-1.0
207.92249	-1.0
207.93924	1.0
207.9452	-1.0
207.956	-1.0
207.97227	-1.0
207.99596	-1.0
207.99864	-1.0
208.02028	-1.0
208.03616	-1.0
208.05528	-1.0
208.06168	-1.0
208.11185	1.0
208.14708	-1.0
208.15472	-1.0
208.19472	-1.0
208.221	-1.0
208.22784	1.0
208.246	-1.0
208.273	-1.0
208.29604	-1.0
208.35588	1.0
208.4348	-1.0
208.44536	-1.0
208.4812	-1.0
208.49985	-1.0
208.5612	1.0
208.61288	-1.0
208.66148	-1.0
208.70648	-1.0
208.74512	-1.0
208.77731	-1.0
208.81624	-1.0
208.85324	-1.0
208.8932	1.0
208.96024	-1.0
208.96275	1.0
209.02208	1.0
209.08708	1.0
209.12971	-1.0
209.22427	-1.0
209.241	1.0
209.27087	-1.0
209.29305	1.0
209.40456	1.0
213.71751	-1.0
213.72784	-1.0
213.73187	-1.0
213.74129	-1.0
213.7506	1.0
213.75987	-1.0
213.7852	-1.0
213.79456	-1.0
213.81017	-1.0
213.8128	-1.0
213.82756	-1.0
213.83772	1.0
213.84036	1.0
213.84444	-1.0
213.87389	-1.0
213.87823	-1.0
213.89948	1.0
213.90517	-1.0
213.92032	-1.0
213.9396	-1.0
213.98431	-1.0
213.99088	-1.0
214.00945	-1.0
214.0372	-1.0
214.09708	-1.0
214.11588	-1.0
214.14545	-1.0
214.17809	-1.0
214.1872	1.0
214.19173	-1.0
214.23196	-1.0
214.2436	-1.0
214.29292	-1.0
214.3396	-1.0
214.47173	-1.0
214.50584	1.0
214.55595	-1.0
214.59448	-1.0
214.62157	1.0
214.67044	-1.0
214.69548	-1.0
214.70612	-1.0
214.7632	1.0
214.80444	-1.0
214.82117	-1.0
214.90952	1.0
215.03308	1.0
219.30676	-1.0
219.31165	-1.0
219.32909	-1.0
219.3398	-1.0
219.35085	-1.0
219.37956	-1.0
219.39632	1.0
219.39896	-1.0
219.41196	-1.0
219.47856	1.0
219.55035	1.0
219.55304	-1.0
219.56888	-1.0
219.59628	-1.0
219.61624	-1.0
219.63435	-1.0
219.6666	-1.0
219.69824	1.0
219.73564	1.0
219.77652	1.0
219.80795	-1.0
219.81883	-1.0
219.86977	-1.0
219.88684	1.0
219.9604	-1.0
220.03284	1.0
220.05592	-1.0
220.07008	-1.0
220.10928	-1.0
220.1158	-1.0
220.16013	-1.0
220.1878	-1.0
220.19336	-1.0
220.24644	-1.0
220.3022	-1.0
220.30489	1.0
220.406	1.0
220.54756	-1.0
220.5616	-1.0
220.58553	-1.0
225.27536	1.0
225.27812	-1.0
225.28392	-1.0
225.30045	-1.0
225.306	-1.0
225.33424	-1.0
225.34532	-1.0
225.37347	-1.0
225.38013	-1.0
225.38716	-1.0
225.40376	1.0
225.41045	-1.0
225.47649	1.0
225.50656	-1.0
225.5588	-1.0
225.5968	1.0
225.663	1.0
225.66724	-1.0
225.69632	-1.0
225.71255	-1.0
225.73964	-1.0
225.7646	-1.0
225.8228	1.0
225.86304	-1.0
225.93616	1.0
226.00713	-1.0
226.05531	1.0
226.1332	-1.0
226.1596	1.0
226.26216	1.0
226.28636	-1.0
226.30807	1.0
226.32588	-1.0
226.37692	-1.0
226.45128	1.0
226.54504	1.0
226.88815	1.0
230.79031	-1.0
230.80676	-1.0
230.8116	1.0
230.81557	-1.0
230.82391	-1.0
230.8432	-1.0
230.86516	-1.0
230.92789	1.0
230.95885	1.0
231.0048	1.0
231.03168	-1.0
231.04268	-1.0
231.05408	-1.0
231.15063	1.0
231.18729	-1.0
231.26056	1.0
231.28671	-1.0
231.3412	-1.0
231.4036	1.0
231.44104	1.0
231.47612	1.0
231.48537	-1.0
231.59256	1.0
231.60228	-1.0
231.73328	-1.0
231.74568	-1.0
232.00952	1.0
232.19748	-1.0
236.62196	-1.0
236.62917	-1.0
236.64752	-1.0
236.6624	-1.0
236.6682	-1.0
236.69109	-1.0
236.70505	-1.0
236.73308	-1.0
236.74748	-1.0
236.75008	1.0
236.77504	1.0
236.77936	-1.0
236.79248	-1.0
236.8156	1.0
236.8674	-1.0
236.90295	-1.0
236.93993	-1.0
236.97992	-1.0
236.98576	-1.0
237.02672	1.0
237.07233	1.0
237.10516	-1.0
237.11555	1.0
237.39915	1.0
237.46344	1.0
237.46724	-1.0
237.56044	-1.0
237.73473	-1.0
237.78864	-1.0
237.84917	1.0
237.88287	-1.0
237.923	1.0
237.9478	-1.0
238.029	-1.0
242.17528	-1.0
242.17836	-1.0
242.18456	-1.0
242.21324	-1.0
242.22656	-1.0
242.25888	1.0
242.26268	-1.0
242.27332	-1.0
242.30772	1.0
242.3932	-1.0
242.42387	-1.0
242.43172	-1.0
242.44427	-1.0
242.45616	-1.0
242.48172	1.0
242.48453	-1.0
242.50249	-1.0
242.554	1.0
242.60297	-1.0
242.668	-1.0
242.72124	-1.0
242.75244	-1.0
242.87927	-1.0
242.90697	1.0
243.058	1.0
243.08215	-1.0
243.16248	1.0
243.21864	-1.0
243.26172	1.0
243.2674	-1.0
243.35265	-1.0
243.4094	-1.0
243.48135	-1.0
243.66312	-1.0
248.64249	-1.0
248.65352	-1.0
248.66116	-1.0
248.66904	-1.0
248.69772	-1.0
248.70296	-1.0
248.7368	-1.0
248.7504	-1.0
248.80916	-1.0
248.87	-1.0
248.88724	-1.0
248.92352	-1.0
248.95296	-1.0
248.9638	1.0
248.99435	-1.0
248.9994	-1.0
249.04288	1.0
249.09515	1.0
249.20956	1.0
249.2628	-1.0
249.2734	-1.0
249.30203	-1.0
249.31508	1.0
249.36536	-1.0
249.42165	-1.0
249.43576	1.0
249.4522	-1.0
249.50676	1.0
249.59196	1.0
249.62833	1.0
249.6874	-1.0
249.7238	-1.0
249.7332	-1.0
249.88344	1.0
249.919	-1.0
249.98544	1.0
250.03496	-1.0
250.0672	1.0
255.01544	-1.0
255.02292	-1.0
255.05003	1.0
255.065	-1.0
255.07588	-1.0
255.08553	-1.0
255.11568	-1.0
255.15044	-1.0
255.15707	-1.0
255.21104	-1.0
255.21423	-1.0
255.23135	-1.0
255.24336	1.0
255.25896	-1.0
255.26707	-1.0
255.308	1.0
255.37811	-1.0
255.3904	1.0
255.43132	-1.0
255.44395	-1.0
255.44948	1.0
255.5198	-1.0
255.53444	1.0
255.59056	-1.0
255.6754	-1.0
255.69524	-1.0
255.78893	-1.0
255.79184	-1.0
255.8916	1.0
255.89508	-1.0
256.00812	1.0
256.09488	-1.0
256.12695	1.0
256.38477	1.0
256.42715	-1.0
260.26093	-1.0
260.32312	-1.0
260.33975	-1.0
260.3849	-1.0
260.39145	-1.0
260.40863	-1.0
260.4144	-1.0
260.4308	1.0
260.4358	-1.0
260.46805	-1.0
260.49112	-1.0
260.51672	-1.0
260.53897	-1.0
260.57404	-1.0
260.5902	1.0
260.67972	-1.0
260.72537	1.0
260.7313	-1.0
260.80185	-1.0
260.85056	1.0
260.88992	-1.0
260.9022	-1.0
260.91107	-1.0
260.9507	-1.0
261.00513	-1.0
261.03525	-1.0
261.16687	-1.0
261.45078	1.0
261.48575	-1.0
261.7299	1.0
265.72565	1.0
265.73233	-1.0
265.76224	-1.0
265.79803	-1.0
265.82132	1.0
265.83435	-1.0
265.87653	-1.0
265.94	-1.0
265.9683	-1.0
265.9775	-1.0
266.03964	1.0
266.09412	-1.0
266.12085	1.0
266.1748	-1.0
266.17816	-1.0
266.20657	-1.0
266.25397	1.0
266.26053	1.0
266.29733	-1.0
266.3184	-1.0
266.37656	-1.0
266.43155	-1.0
266.50723	-1.0
266.71933	-1.0
266.7794	1.0
266.8975	-1.0
267.08765	1.0
271.26437	-1.0
271.2921	-1.0
271.32776	-1.0
271.33316	-1.0
271.34793	-1.0
271.36887	-1.0
271.374	-1.0
271.3952	-1.0
271.44876	-1.0
271.5072	-1.0
271.5284	1.0
271.5648	-1.0
271.58167	-1.0
271.63177	-1.0
271.6766	1.0
271.74536	-1.0
271.83304	-1.0
271.8625	1.0
271.91537	-1.0
271.9568	-1.0
272.014	-1.0
272.0498	-1.0
272.161	-1.0
272.25232	-1.0
272.309	1.0
272.32608	-1.0
274.88245	-1.0
274.9349	-1.0
274.93915	-1.0
274.97543	-1.0
275.0129	1.0
275.0169	-1.0
275.0363	-1.0
275.06757	-1.0
275.09512	-1.0
275.11108	1.0
275.1898	1.0
275.19232	-1.0
275.2112	-1.0
275.227	-1.0
275.25513	1.0
275.2589	-1.0
275.4586	-1.0
275.46625	-1.0
275.51572	-1.0
275.59515	-1.0
275.6336	-1.0
275.69812	-1.0
275.85056	-1.0
276.08032	1.0
281.39755	-1.0
281.419	-1.0
281.428	-1.0
281.43127	-1.0
281.45743	-1.0
281.48975	-1.0
281.51367	-1.0
281.56903	1.0
281.6306	-1.0
281.6552	-1.0
281.68967	1.0
281.77307	-1.0
281.80487	-1.0
281.8563	1.0
281.91724	1.0
282.0323	-1.0
282.04993	1.0
282.10385	1.0
282.17773	-1.0
282.20715	-1.0
282.30804	-1.0
282.34033	-1.0
282.3547	-1.0
282.43268	-1.0
282.45404	-1.0
282.47293	1.0
286.445	-1.0
286.4504	-1.0
286.46564	1.0
286.4878	-1.0
286.53168	-1.0
286.5482	-1.0
286.56372	-1.0
286.58673	-1.0
286.6694	1.0
286.68164	1.0
286.68835	-1.0
286.75076	-1.0
286.81137	1.0
286.85135	-1.0
286.9094	1.0
286.97916	-1.0
286.9902	1.0
287.05157	-1.0
287.19992	-1.0
287.23145	1.0
287.26257	-1.0
287.449	-1.0
287.51083	-1.0
287.54153	-1.0
287.57156	1.0
290.04352	-1.0
290.07132	-1.0
290.07553	-1.0
290.1067	-1.0
290.11252	-1.0
290.16364	-1.0
290.2234	-1.0
290.25873	1.0
290.27817	-1.0
290.28824	-1.0
290.345	-1.0
290.4164	1.0
290.42297	-1.0
290.4325	-1.0
290.48608	-1.0
290.54648	-1.0
290.6307	1.0
290.63892	-1.0
290.77588	-1.0
290.82285	1.0
290.94913	1.0
290.96027	-1.0
290.96283	-1.0
290.96716	-1.0
291.0066	1.0
295.48724	-1.0
295.5233	-1.0
295.53012	1.0
295.66107	-1.0
295.714	-1.0
295.77475	1.0
295.8492	-1.0
295.85797	1.0
295.8937	-1.0
295.91876	1.0
295.92752	-1.0
296.02853	1.0
296.09647	-1.0
296.1364	1.0
296.15576	-1.0
296.1643	-1.0
296.36172	-1.0
296.48505	1.0
300.43875	1.0
300.4421	-1.0
300.47296	-1.0
300.50024	-1.0
300.5031	1.0
300.52985	-1.0
300.74048	-1.0
300.77185	1.0
300.8068	1.0
300.8594	-1.0
300.89676	1.0
300.90207	-1.0
300.91068	-1.0
300.96405	1.0
300.96655	1.0
300.9712	-1.0
301.0296	-1.0
301.03345	1.0
301.06873	-1.0
301.12515	-1.0
301.16888	-1.0
301.1995	-1.0
301.2308	1.0
301.36383	1.0
301.39047	-1.0
305.4992	-1.0
305.51276	-1.0
305.52652	-1.0
305.5372	-1.0
305.5758	-1.0
305.58228	-1.0
305.64996	-1.0
305.6938	-1.0
305.6964	-1.0
305.75815	-1.0
305.81796	1.0
305.8886	-1.0
305.91687	-1.0
305.94965	-1.0
306.0017	-1.0
306.0318	-1.0
306.08987	1.0
306.101	-1.0
306.20657	1.0
306.2321	-1.0
306.26773	-1.0
306.3378	-1.0
306.35455	-1.0
306.3665	-1.0
306.61356	-1.0
310.2855	-1.0
310.31204	-1.0
310.3406	-1.0
310.34747	-1.0
310.3712	-1.0
310.38873	-1.0
310.4032	-1.0
310.42865	-1.0
310.4628	-1.0
310.4817	-1.0
310.5106	1.0
310.5502	-1.0
310.57117	1.0
310.60703	-1.0
310.67133	-1.0
310.76468	-1.0
310.76816	-1.0
310.78928	-1.0
310.82385	-1.0
310.99237	-1.0
311.01785	1.0
311.0501	-1.0
311.0575	-1.0
311.207	-1.0
315.91293	-1.0
315.94165	-1.0
315.98825	-1.0
316.00092	-1.0
316.0363	-1.0
316.07907	1.0
316.08905	-1.0
316.1112	-1.0
316.13037	1.0
316.13525	-1.0
316.1978	-1.0
316.2149	-1.0
316.30667	-1.0
316.33755	-1.0
316.35516	-1.0
316.43195	-1.0
316.4538	-1.0
316.51505	-1.0
316.61108	-1.0
316.67697	1.0
316.70764	-1.0
316.77695	-1.0
321.00223	-1.0
321.012	-1.0
321.02313	-1.0
321.0416	-1.0
321.05365	-1.0
321.0898	-1.0
321.18463	-1.0
321.1988	-1.0
321.23184	1.0
321.26587	-1.0
321.27423	-1.0
321.36356	-1.0
321.36664	-1.0
321.5014	-1.0
321.56177	1.0
321.68097	-1.0
321.7049	-1.0
321.79153	-1.0
321.87628	1.0
322.02975	-1.0
322.08255	1.0
325.97992	-1.0
325.98245	-1.0
326.0185	-1.0
326.10693	-1.0
326.1254	-1.0
326.17084	-1.0
326.21152	-1.0
326.22455	1.0
326.2574	-1.0
326.32913	1.0
326.44315	-1.0
326.45865	-1.0
326.55447	-1.0
326.6845	-1.0
326.78833	-1.0
326.84775	-1.0
327.04797	-1.0
327.07468	1.0
331.82596	-1.0
331.85236	-1.0
331.87885	-1.0
331.8904	-1.0
331.93143	1.0
331.9667	-1.0
331.98837	-1.0
332.0578	-1.0
332.09167	1.0
332.09488	-1.0
332.0981	-1.0
332.1732	1.0
332.24792	-1.0
332.2831	1.0
332.35236	1.0
332.39563	-1.0
332.4329	-1.0
332.45673	-1.0
332.4763	-1.0
332.55255	1.0
332.57776	-1.0
332.6606	1.0
332.81396	-1.0
338.20053	-1.0
338.20776	-1.0
338.243	-1.0
338.29214	-1.0
338.3012	-1.0
338.31445	1.0
338.35483	-1.0
338.38647	-1.0
338.38937	-1.0
338.4992	-1.0
338.55127	-1.0
338.59805	-1.0
338.6766	1.0
338.6974	-1.0
338.72	-1.0
338.76157	-1.0
338.77567	-1.0
338.82327	-1.0
338.8578	1.0
338.87057	-1.0
338.9703	-1.0
339.00696	-1.0
339.11603	-1.0
343.2689	-1.0
343.28116	-1.0
343.29324	-1.0
343.33832	-1.0
343.38205	-1.0
343.38535	-1.0
343.41373	1.0
343.46332	-1.0
343.49744	-1.0
343.51868	1.0
343.524	-1.0
343.67004	1.0
343.699	-1.0
343.7874	-1.0
343.80377	-1.0
343.82675	-1.0
343.89508	-1.0
343.93192	-1.0
343.93445	-1.0
343.97888	1.0
343.99927	-1.0
344.04507	-1.0
348.62448	-1.0
348.63245	-1.0
348.64444	-1.0
348.647	-1.0
348.6755	-1.0
348.7236	-1.0
348.79657	-1.0
348.83484	-1.0
348.87363	1.0
348.97223	-1.0
349.03552	-1.0
349.039	-1.0
349.0914	-1.0
349.20932	1.0
349.3357	-1.0
349.3462	-1.0
349.44193	-1.0
353.62207	-1.0
353.6249	-1.0
353.6488	-1.0
353.6576	-1.0
353.66547	-1.0
353.686	-1.0
353.7056	-1.0
353.74768	-1.0
353.7552	-1.0
353.7848	-1.0
353.84613	-1.0
353.8688	-1.0
353.87592	-1.0
353.92123	-1.0
354.04565	-1.0
354.06757	-1.0
354.07797	-1.0
354.08533	-1.0
354.11435	-1.0
354.14603	-1.0
354.28976	-1.0
354.35873	1.0
354.39688	-1.0
354.42307	-1.0
354.6342	-1.0
358.42404	-1.0
358.47827	-1.0
358.48135	-1.0
358.49216	-1.0
358.5154	-1.0
358.52094	-1.0
358.53253	-1.0
358.54608	1.0
358.57947	1.0
358.5922	-1.0
358.61444	-1.0
358.66815	-1.0
358.72736	1.0
358.86325	-1.0
358.8789	1.0
358.9686	-1.0
359.02032	1.0
359.05933	-1.0
363.48703	-1.0
363.54388	-1.0
363.57648	-1.0
363.587	-1.0
363.62543	-1.0
363.66077	-1.0
363.72873	-1.0
363.7752	-1.0
363.79935	-1.0
363.82428	-1.0
363.84348	-1.0
363.85345	-1.0
363.8978	-1.0
363.9117	-1.0
363.92447	1.0
363.92767	-1.0
363.9341	-1.0
363.9477	-1.0
363.96	-1.0
363.96365	-1.0
363.97723	-1.0
364.036	1.0
364.12195	1.0
364.26404	-1.0
364.27383	-1.0
364.3246	-1.0
364.5084	-1.0
364.7147	1.0
368.45477	-1.0
368.47925	-1.0
368.50146	-1.0
368.6039	-1.0
368.61957	-1.0
368.6963	-1.0
368.90616	-1.0
368.91043	-1.0
369.0081	-1.0
369.0435	1.0
369.15964	-1.0
369.23984	1.0
369.28403	-1.0
373.18008	-1.0
373.1966	-1.0
373.2452	-1.0
373.2665	-1.0
373.28848	-1.0
373.3066	-1.0
373.31268	-1.0
373.32596	-1.0
373.33145	-1.0
373.35745	1.0
373.37234	-1.0
373.40845	-1.0
373.4308	-1.0
373.4456	-1.0
373.46136	-1.0
373.4826	-1.0
373.49185	-1.0
373.525	-1.0
373.53387	-1.0
373.65497	-1.0
373.66193	-1.0
373.6867	-1.0
373.80872	-1.0
373.82162	-1.0
373.88104	-1.0
373.9753	-1.0
374.08896	-1.0
378.02417	-1.0
378.03802	-1.0
378.0848	-1.0
378.0968	-1.0
378.14667	-1.0
378.1493	-1.0
378.15848	1.0
378.17416	-1.0
378.18143	1.0
378.23413	1.0
378.27008	-1.0
378.27515	-1.0
378.34277	1.0
378.43948	-1.0
378.46967	-1.0
378.51416	-1.0
378.536	-1.0
378.58484	-1.0
378.60168	-1.0
378.61264	-1.0
378.64276	-1.0
378.65436	-1.0
378.7173	1.0
378.80365	1.0
383.05692	-1.0
383.07468	-1.0
383.087	1.0
383.09244	-1.0
383.12195	-1.0
383.12616	-1.0
383.13495	-1.0
383.1417	-1.0
383.14835	-1.0
383.1701	-1.0
383.20404	-1.0
383.24057	1.0
383.2438	-1.0
383.29715	-1.0
383.3151	-1.0
383.3274	-1.0
383.34943	-1.0
383.36697	-1.0
383.3758	1.0
383.38733	-1.0
383.40323	-1.0
383.4261	1.0
383.442	-1.0
383.4504	-1.0
383.46777	-1.0
383.47668	-1.0
383.50027	-1.0
383.5762	-1.0
383.6072	-1.0
383.6099	-1.0
383.65457	-1.0
383.65912	-1.0
383.69028	1.0
383.69437	-1.0
383.74255	1.0
383.74683	-1.0
383.78088	-1.0
383.83267	1.0
383.95264	-1.0
384.0702	1.0
388.0793	-1.0
388.09396	-1.0
388.1035	-1.0
388.17508	1.0
388.1812	-1.0
388.1932	1.0
388.22577	-1.0
388.2724	-1.0
388.2806	-1.0
388.2917	1.0
388.30597	-1.0
388.32935	1.0
388.3677	-1.0
388.3938	-1.0
388.41223	-1.0
388.42868	-1.0
388.45197	-1.0
388.4572	-1.0
388.48413	1.0
388.524	1.0
388.55872	-1.0
388.5884	-1.0
388.60965	-1.0
388.66592	-1.0
388.6958	-1.0
388.7694	-1.0
388.79175	-1.0
388.87613	1.0
388.95932	-1.0
388.96667	-1.0
392.80124	-1.0
392.82568	-1.0
392.8406	-1.0
392.86212	-1.0
392.87625	-1.0
392.89865	-1.0
392.914	1.0
392.92236	-1.0
392.9292	-1.0
392.94437	-1.0
392.95633	-1.0
392.96567	-1.0
392.98895	-1.0
392.99368	1.0
392.99976	-1.0
393.0214	-1.0
393.03607	-1.0
393.06085	1.0
393.08807	1.0
393.0954	-1.0
393.1437	-1.0
393.2144	1.0
393.22015	-1.0
393.2238	-1.0
393.25317	-1.0
393.2929	-1.0
393.3011	1.0
393.39084	-1.0
393.44983	-1.0
393.50937	1.0
393.51364	-1.0
393.64453	-1.0
393.7513	-1.0
393.8004	-1.0
397.24268	-1.0
397.2484	-1.0
397.28165	-1.0
397.2892	-1.0
397.32925	1.0
397.3442	-1.0
397.39532	1.0
397.40305	-1.0
397.41644	-1.0
397.4404	-1.0
397.4474	-1.0
397.48657	1.0
397.51904	-1.0
397.53214	1.0
397.53876	-1.0
397.55893	-1.0
397.57172	-1.0
397.58237	-1.0
397.64523	1.0
397.6552	-1.0
397.7115	-1.0
397.7235	-1.0
397.74136	-1.0
397.76248	1.0
397.77704	-1.0
397.8162	-1.0
397.87097	-1.0
397.96295	1.0
398.04877	1.0
402.13705	1.0
402.15787	-1.0
402.17404	-1.0
402.1819	-1.0
402.1885	-1.0
402.19104	-1.0
402.19843	-1.0
402.20917	-1.0
402.2149	-1.0
402.2249	-1.0
402.2369	-1.0
402.26605	-1.0
402.3459	-1.0
402.38715	-1.0
402.39993	-1.0
402.42493	-1.0
402.4417	1.0
402.46384	-1.0
402.4836	-1.0
402.4906	1.0
402.50027	-1.0
402.55627	-1.0
402.5822	-1.0
402.59824	-1.0
402.62512	-1.0
402.64203	1.0
402.6913	-1.0
402.7325	-1.0
402.7486	-1.0
402.77933	-1.0
402.82404	1.0
402.85797	-1.0
402.86148	-1.0
402.90585	-1.0
402.91095	-1.0
403.05615	-1.0
403.10263	1.0
407.48343	-1.0
407.49072	-1.0
407.50635	-1.0
407.5144	-1.0
407.52197	1.0
407.53635	-1.0
407.54083	-1.0
407.55597	-1.0
407.5675	-1.0
407.60107	1.0
407.64133	-1.0
407.6762	1.0
407.72803	-1.0
407.74063	-1.0
407.77307	1.0
407.80545	-1.0
407.84204	-1.0
407.8604	1.0
407.9036	-1.0
407.91177	-1.0
407.91428	-1.0
407.92892	-1.0
407.97543	-1.0
408.01645	-1.0
408.04688	1.0
408.051	-1.0
408.07816	-1.0
408.1101	-1.0
408.1238	1.0
408.14124	-1.0
408.16656	-1.0
408.1976	-1.0
408.20053	-1.0
408.24316	-1.0
408.28525	-1.0
408.30783	1.0
411.79855	-1.0
411.82727	-1.0
411.83383	1.0
411.85437	1.0
411.85715	-1.0
411.86853	1.0
411.90295	-1.0
411.9312	-1.0
411.94223	-1.0
411.9665	-1.0
412.00412	-1.0
412.02045	1.0
412.04013	-1.0
412.04996	1.0
412.07504	-1.0
412.10217	1.0
412.11676	-1.0
412.1258	-1.0
412.13333	-1.0
412.14062	1.0
412.2128	-1.0
412.2318	-1.0
412.31317	-1.0
412.33685	-1.0
412.38327	1.0
412.4288	-1.0
412.55215	1.0
412.6312	1.0
416.6332	-1.0
416.6358	-1.0
416.6389	-1.0
416.6444	1.0
416.64777	1.0
416.65115	-1.0
416.65387	-1.0
416.66992	-1.0
416.6776	-1.0
416.70245	1.0
416.7443	-1.0
416.79544	1.0
416.81567	-1.0
416.82724	-1.0
416.83673	-1.0
416.8574	1.0
416.89175	-1.0
416.89853	-1.0
416.92535	-1.0
416.93625	-1.0
417.0167	1.0
417.02277	-1.0
417.05368	-1.0
417.0856	-1.0
417.12805	1.0
417.13583	-1.0
417.17844	-1.0
417.18408	-1.0
417.21643	-1.0
417.22272	-1.0
417.22733	-1.0
417.26172	1.0
417.3318	-1.0
417.35587	-1.0
417.38177	1.0
417.44293	-1.0
421.30743	-1.0
421.3189	-1.0
421.32593	-1.0
421.33972	1.0
421.34445	-1.0
421.34885	-1.0
421.3517	-1.0
421.35632	1.0
421.38284	1.0
421.38663	-1.0
421.40756	-1.0
421.41476	1.0
421.4426	-1.0
421.45395	-1.0
421.47473	-1.0
421.54312	1.0
421.548	-1.0
421.58316	1.0
421.58865	-1.0
421.6263	-1.0
421.63617	-1.0
421.6488	1.0
421.6515	1.0
421.67847	-1.0
421.69568	1.0
421.7128	-1.0
421.74832	-1.0
421.78107	1.0
421.79703	-1.0
421.8302	-1.0
421.88763	-1.0
421.9235	-1.0
421.9727	-1.0
421.98828	1.0
422.0166	-1.0
422.06015	1.0
422.09045	-1.0
425.6898	1.0
425.70337	-1.0
425.7151	-1.0
425.7298	-1.0
425.73273	-1.0
425.74277	-1.0
425.75583	1.0
425.76624	-1.0
425.77567	-1.0
425.796	-1.0
425.8202	-1.0
425.83307	-1.0
425.9378	-1.0
425.9466	-1.0
425.95975	-1.0
425.96405	-1.0
425.97583	-1.0
425.99692	-1.0
426.01776	-1.0
426.04367	-1.0
426.05127	-1.0
426.05493	-1.0
426.08737	-1.0
426.1267	-1.0
426.15244	-1.0
426.20715	-1.0
426.21198	-1.0
426.23373	-1.0
426.30957	1.0
426.35547	-1.0
426.39188	1.0
426.413	-1.0
426.42227	-1.0
426.4664	-1.0
426.47653	-1.0
429.65125	-1.0
429.66443	-1.0
429.67517	-1.0
429.6827	-1.0
429.6881	-1.0
429.70184	-1.0
429.71533	-1.0
429.7222	-1.0
429.7531	-1.0
429.7696	-1.0
429.789	-1.0
429.80847	-1.0
429.81696	-1.0
429.84677	-1.0
429.8643	-1.0
429.90268	-1.0
429.93423	1.0
429.9373	-1.0
429.96387	-1.0
429.99792	-1.0
430.0059	-1.0
430.0442	-1.0
430.09485	1.0
430.09735	-1.0
430.11536	-1.0
430.1363	-1.0
430.15085	1.0
430.17264	-1.0
430.2068	-1.0
430.25854	-1.0
430.27567	-1.0
430.27875	1.0
430.32593	1.0
430.4745	1.0
433.66367	-1.0
433.6674	-1.0
433.68613	-1.0
433.6899	-1.0
433.69565	-1.0
433.70148	-1.0
433.704	-1.0
433.7075	-1.0
433.71292	-1.0
433.7282	-1.0
433.73337	-1.0
433.74988	1.0
433.77856	-1.0
433.81216	1.0
433.8225	-1.0
433.84604	-1.0
433.86523	-1.0
433.8859	-1.0
433.88867	-1.0
433.91168	-1.0
433.94263	1.0
433.99857	-1.0
434.03015	1.0
434.06113	-1.0
434.0758	-1.0
434.07877	-1.0
434.1	-1.0
434.1246	-1.0
434.13876	-1.0
434.16333	-1.0
434.16888	-1.0
434.1782	1.0
434.20575	-1.0
434.23267	-1.0
434.26364	-1.0
434.29633	-1.0
434.31473	1.0
434.36588	1.0
434.37283	-1.0
434.41885	-1.0
434.4681	-1.0
434.47955	-1.0
437.46255	1.0
437.4695	-1.0
437.51868	-1.0
437.5294	-1.0
437.5368	-1.0
437.54532	-1.0
437.5511	-1.0
437.55853	-1.0
437.57047	1.0
437.58423	1.0
437.6412	-1.0
437.65048	1.0
437.6724	-1.0
437.68805	1.0
437.70813	1.0
437.7159	-1.0
437.72125	-1.0
437.74487	-1.0
437.76376	-1.0
437.84137	-1.0
437.89148	-1.0
437.90704	-1.0
437.94955	-1.0
437.95297	-1.0
438.05637	-1.0
438.07855	1.0
438.09503	-1.0
438.1323	1.0
438.13724	-1.0
438.14795	-1.0
438.2461	1.0
442.46548	1.0
442.4803	-1.0
442.50137	-1.0
442.5091	-1.0
442.51428	-1.0
442.51825	1.0
442.5225	-1.0
442.53348	1.0
442.5709	1.0
442.58163	-1.0
442.5869	-1.0
442.60504	-1.0
442.6137	1.0
442.62796	-1.0
442.6389	1.0
442.6458	-1.0
442.66928	-1.0
442.67712	-1.0
442.724	-1.0
442.74036	-1.0
442.7545	-1.0
442.77716	-1.0
442.7931	-1.0
442.8032	-1.0
442.8236	-1.0
442.87003	-1.0
442.8821	-1.0
442.9028	-1.0
442.93903	-1.0
442.94513	-1.0
442.97885	-1.0
442.99872	1.0
443.00687	-1.0
443.01648	-1.0
443.03125	-1.0
443.07547	-1.0
443.0911	1.0
443.0977	-1.0
443.11084	-1.0
443.13156	1.0
443.1366	-1.0
443.21313	-1.0
443.218	1.0
443.24496	-1.0
443.27676	-1.0
443.28537	1.0
443.33353	-1.0
443.3514	1.0
446.33484	1.0
446.35403	-1.0
446.37183	-1.0
446.37808	-1.0
446.3843	-1.0
446.3888	-1.0
446.39197	-1.0
446.39505	-1.0
446.40323	-1.0
446.41037	-1.0
446.44165	-1.0
446.4557	-1.0
446.47055	-1.0
446.4808	1.0
446.50427	-1.0
446.50964	-1.0
446.54208	-1.0
446.55823	1.0
446.5712	-1.0
446.5754	-1.0
446.58853	-1.0
446.62347	-1.0
446.62805	-1.0
446.65665	-1.0
446.67337	-1.0
446.70352	-1.0
446.71628	-1.0
446.7534	-1.0
446.78232	-1.0
446.7856	-1.0
446.80463	-1.0
446.83347	-1.0
446.84213	-1.0
446.8871	-1.0
446.89337	-1.0
446.95184	-1.0
446.97565	-1.0
450.38373	1.0
450.40756	-1.0
450.4103	-1.0
450.41983	-1.0
450.42728	1.0
450.42984	1.0
450.435	-1.0
450.45923	-1.0
450.46317	-1.0
450.46588	-1.0
450.47064	-1.0
450.47437	1.0
450.54617	-1.0
450.55545	1.0
450.5859	-1.0
450.5945	-1.0
450.6312	-1.0
450.64957	1.0
450.65512	-1.0
450.67996	-1.0
450.74847	-1.0
450.75183	-1.0
450.78268	-1.0
450.7989	-1.0
450.82288	1.0
450.8254	-1.0
450.8386	-1.0
450.87128	-1.0
450.88443	1.0
450.8878	-1.0
450.91284	-1.0
450.93936	-1.0
450.95837	1.0
450.98212	-1.0
450.99985	-1.0
451.0064	1.0
451.00995	-1.0
451.04504	1.0
451.07687	-1.0
451.1362	1.0
451.1474	-1.0
453.90427	1.0
453.91104	-1.0
453.92575	-1.0
453.95337	-1.0
453.95743	-1.0
453.9695	-1.0
453.97473	-1.0
453.97916	-1.0
453.98193	-1.0
453.99368	-1.0
454.0398	-1.0
454.05896	-1.0
454.07892	-1.0
454.148	-1.0
454.19925	-1.0
454.2206	1.0
454.22943	-1.0
454.25195	-1.0
454.2853	-1.0
454.3004	1.0
454.3109	1.0
454.321	-1.0
454.33957	1.0
454.35123	-1.0
454.35928	-1.0
454.3827	-1.0
454.41095	-1.0
454.4294	1.0
454.44592	-1.0
454.47516	-1.0
454.48135	1.0
454.5122	-1.0
454.549	-1.0
454.58652	1.0
454.5948	-1.0
454.64215	-1.0
457.44495	-1.0
457.45963	-1.0
457.46884	-1.0
457.48132	1.0
457.48953	-1.0
457.49448	-1.0
457.5063	-1.0
457.5138	-1.0
457.52356	-1.0
457.53137	1.0
457.535	-1.0
457.53864	-1.0
457.56744	-1.0
457.606	-1.0
457.62073	1.0
457.6321	-1.0
457.64047	1.0
457.66003	-1.0
457.676	1.0
457.69116	-1.0
457.70377	-1.0
457.7661	-1.0
457.8074	-1.0
457.81815	-1.0
457.84167	-1.0
457.8585	-1.0
457.87527	-1.0
457.90137	-1.0
457.905	-1.0
457.90768	-1.0
457.96405	-1.0
458.0436	-1.0
458.0742	1.0
458.1375	1.0
458.15112	-1.0
460.70032	-1.0
460.7084	-1.0
460.73508	-1.0
460.7429	-1.0
460.7549	-1.0
460.76144	-1.0
460.7689	-1.0
460.77844	-1.0
460.7822	-1.0
460.7942	-1.0
460.80313	1.0
460.81323	1.0
460.82684	-1.0
460.84137	-1.0
460.85852	-1.0
460.901	-1.0
460.9506	1.0
460.95752	-1.0
460.9944	1.0
461.00107	-1.0
461.01303	-1.0
461.04767	1.0
461.06488	-1.0
461.088	-1.0
461.1028	-1.0
461.116	-1.0
461.1205	-1.0
461.14124	-1.0
461.14508	-1.0
461.1479	-1.0
461.18613	-1.0
461.19287	-1.0
461.19873	1.0
461.2069	-1.0
461.24365	-1.0
461.27744	-1.0
461.3437	-1.0
464.16187	-1.0
464.18103	-1.0
464.20184	-1.0
464.2046	-1.0
464.2088	-1.0
464.22293	-1.0
464.23352	-1.0
464.2774	-1.0
464.28763	1.0
464.30115	-1.0
464.3092	-1.0
464.3308	-1.0
464.3684	1.0
464.3755	-1.0
464.39667	-1.0
464.4153	-1.0
464.42737	1.0
464.4384	-1.0
464.45065	-1.0
464.49197	-1.0
464.5227	-1.0
464.52704	-1.0
464.557	-1.0
464.57578	-1.0
464.59296	-1.0
464.6009	1.0
464.62396	-1.0
464.64804	-1.0
464.664	1.0
464.67517	-1.0
464.71545	-1.0
464.7877	1.0
467.665	1.0
467.67545	-1.0
467.69547	-1.0
467.69824	-1.0
467.70493	1.0
467.7177	1.0
467.7322	-1.0
467.7462	-1.0
467.7773	-1.0
467.7806	-1.0
467.7851	-1.0
467.8115	-1.0
467.82892	1.0
467.83716	-1.0
467.8514	1.0
467.85406	-1.0
467.8774	-1.0
467.89648	-1.0
467.91037	-1.0
467.9302	-1.0
467.959	-1.0
467.97983	-1.0
468.01816	-1.0
468.04443	-1.0
468.06192	-1.0
468.08328	-1.0
468.0897	1.0
468.1098	-1.0
468.14355	-1.0
468.17007	-1.0
468.20093	-1.0
468.2192	-1.0
468.25833	1.0
468.28864	-1.0
470.9449	-1.0
470.95703	-1.0
470.98203	-1.0
470.98544	-1.0
471.0044	-1.0
471.00717	-1.0
471.0146	-1.0
471.01807	1.0
471.03113	-1.0
471.0548	1.0
471.06595	-1.0
471.0996	-1.0
471.1161	-1.0
471.12115	-1.0
471.14716	1.0
471.15213	-1.0
471.16956	-1.0
471.17337	-1.0
471.19476	-1.0
471.2295	-1.0
471.23508	-1.0
471.24615	-1.0
471.27087	-1.0
471.27853	-1.0
471.28967	-1.0
471.31796	-1.0
471.32153	-1.0
471.363	-1.0
471.3763	-1.0
471.40997	-1.0
471.43	-1.0
471.44495	-1.0
471.46252	-1.0
471.49313	-1.0
471.52707	-1.0
471.5832	-1.0
471.6058	1.0
473.9067	-1.0
473.90945	-1.0
473.9351	-1.0
473.9462	-1.0
473.95688	-1.0
473.96677	-1.0
473.97284	1.0
473.9864	-1.0
473.9908	-1.0
474.02432	-1.0
474.04605	-1.0
474.06784	-1.0
474.07455	-1.0
474.0772	-1.0
474.1288	-1.0
474.1653	-1.0
474.1761	1.0
474.20364	-1.0
474.22513	-1.0
474.28156	-1.0
474.29697	1.0
474.32196	-1.0
474.35577	-1.0
474.38257	-1.0
474.41348	1.0
474.4431	-1.0
474.5004	-1.0
474.5204	1.0
476.9036	1.0
476.9156	-1.0
476.95065	1.0
476.95615	-1.0
476.96536	-1.0
476.97916	-1.0
477.02737	-1.0
477.04196	-1.0
477.07104	-1.0
477.08188	-1.0
477.08487	1.0
477.09985	-1.0
477.1154	1.0
477.13864	-1.0
477.1564	1.0
477.164	-1.0
477.17087	1.0
477.194	-1.0
477.2094	-1.0
477.23724	-1.0
477.24124	-1.0
477.27072	-1.0
477.2866	1.0
477.3119	1.0
477.362	-1.0
477.4113	-1.0
477.4579	1.0
479.80527	-1.0
479.81796	-1.0
479.84406	1.0
479.8719	-1.0
479.88156	-1.0
479.8875	-1.0
479.8924	-1.0
479.90097	-1.0
479.9105	-1.0
479.92868	-1.0
479.93744	-1.0
479.96103	-1.0
479.96927	1.0
479.97223	-1.0
480.02225	1.0
480.0254	1.0
480.0288	-1.0
480.0655	-1.0
480.0772	1.0
480.09024	-1.0
480.11115	-1.0
480.12567	-1.0
480.13776	1.0
480.15323	-1.0
480.2239	-1.0
480.25555	-1.0
480.26025	1.0
480.3016	-1.0
480.33047	-1.0
480.338	-1.0
480.3472	1.0
482.48236	-1.0
482.4916	-1.0
482.5214	-1.0
482.5313	-1.0
482.53604	-1.0
482.55325	-1.0
482.58212	-1.0
482.60016	-1.0
482.607	-1.0
482.61172	-1.0
482.6302	-1.0
482.64023	-1.0
482.65756	-1.0
482.67627	-1.0
482.70013	-1.0
482.71396	-1.0
482.7176	1.0
482.72467	-1.0
482.75192	-1.0
482.78952	-1.0
482.81735	1.0
482.8298	-1.0
482.84973	1.0
482.87552	-1.0
482.8888	1.0
482.8944	-1.0
483.04715	1.0
485.7235	1.0
485.75125	-1.0
485.77484	-1.0
485.78427	-1.0
485.79333	1.0
485.79623	-1.0
485.8058	-1.0
485.8098	-1.0
485.8218	-1.0
485.8382	-1.0
485.85864	-1.0
485.86493	-1.0
485.86945	1.0
485.88992	-1.0
485.90723	-1.0
485.9289	-1.0
485.9418	-1.0
485.9673	-1.0
485.9802	-1.0
485.99728	-1.0
486.03433	-1.0
486.05264	-1.0
486.06897	-1.0
486.08936	-1.0
486.1147	1.0
486.12024	-1.0
486.23468	-1.0
486.3008	-1.0
486.3319	1.0
489.0291	-1.0
489.0627	-1.0
489.077	-1.0
489.08884	1.0
489.09985	1.0
489.1044	-1.0
489.116	-1.0
489.12732	-1.0
489.15292	-1.0
489.16107	-1.0
489.17432	-1.0
489.18665	-1.0
489.20712	-1.0
489.22144	-1.0
489.23303	-1.0
489.26773	-1.0
489.30304	-1.0
489.32837	-1.0
489.33975	-1.0
489.35175	1.0
489.37643	-1.0
489.43704	-1.0
489.4826	-1.0
489.50955	-1.0
489.5395	-1.0
489.57303	1.0
489.62808	-1.0
489.69275	-1.0
492.6588	1.0
492.66833	-1.0
492.6936	-1.0
492.69815	-1.0
492.70663	-1.0
492.7101	-1.0
492.72235	-1.0
492.73172	-1.0
492.7546	1.0
492.77032	1.0
492.77924	-1.0
492.78943	-1.0
492.83765	-1.0
492.84555	-1.0
492.8633	-1.0
492.87732	-1.0
492.8804	-1.0
492.9027	-1.0
492.95975	-1.0
492.99857	-1.0
493.0093	-1.0
493.0295	-1.0
493.03705	1.0
493.0496	-1.0
493.05753	-1.0
493.0788	-1.0
493.08405	-1.0
493.1216	-1.0
493.1497	-1.0
493.18283	-1.0
493.20996	-1.0
493.2349	-1.0
493.2445	-1.0
495.43207	1.0
495.4445	-1.0
495.48373	-1.0
495.5045	-1.0
495.50897	-1.0
495.51468	1.0
495.5371	-1.0
495.55923	-1.0
495.57715	-1.0
495.5807	-1.0
495.59152	-1.0
495.62473	-1.0
495.66113	-1.0
495.68124	1.0
495.68967	-1.0
495.71252	1.0
495.78857	-1.0
495.86133	-1.0
498.47528	1.0
498.48315	-1.0
498.5054	1.0
498.51135	-1.0
498.53513	1.0
498.53787	-1.0
498.5446	-1.0
498.5482	-1.0
498.56088	-1.0
498.56985	-1.0
498.57288	-1.0
498.583	-1.0
498.5994	1.0
498.609	-1.0
498.62653	-1.0
498.6845	-1.0
498.70975	-1.0
498.7295	-1.0
498.74023	-1.0
498.7563	-1.0
498.7904	-1.0
498.80664	-1.0
498.8798	-1.0
498.957	-1.0
498.9771	-1.0
499.03455	1.0
503.9181	-1.0
503.9342	-1.0
503.94247	-1.0
503.9462	-1.0
503.96823	-1.0
503.97855	1.0
503.9813	-1.0
503.99356	-1.0
503.99844	-1.0
504.00305	-1.0
504.03217	-1.0
504.0445	-1.0
504.05316	-1.0
504.06033	-1.0
504.06577	1.0
504.10617	-1.0
504.118	1.0
504.14832	-1.0
504.15872	-1.0
504.18335	-1.0
504.18988	1.0
504.20865	-1.0
504.21832	-1.0
504.24173	-1.0
504.25952	1.0
504.27097	-1.0
504.27765	-1.0
504.31708	-1.0
504.3235	-1.0
504.3324	-1.0
504.34644	-1.0
504.35257	-1.0
504.37524	-1.0
504.38116	1.0
504.4032	-1.0
504.43015	-1.0
504.4656	-1.0
504.47644	-1.0
504.51993	-1.0
504.54837	-1.0
504.58444	-1.0
504.7213	-1.0
506.8975	-1.0
506.90277	-1.0
506.9212	-1.0
506.9345	-1.0
506.94583	-1.0
506.94952	-1.0
506.95856	-1.0
506.96445	-1.0
506.9757	-1.0
507.01157	-1.0
507.01505	1.0
507.0399	-1.0
507.07495	-1.0
507.10245	-1.0
507.12717	-1.0
507.13083	-1.0
507.1421	-1.0
507.162	1.0
507.24832	-1.0
509.37827	-1.0
509.39035	-1.0
509.41156	-1.0
509.4318	-1.0
509.435	-1.0
509.44308	-1.0
509.45633	1.0
509.45892	-1.0
509.46216	-1.0
509.4721	1.0
509.51556	-1.0
509.54004	1.0
509.54773	1.0
509.56757	-1.0
509.58017	1.0
509.67908	-1.0
509.70703	-1.0
509.7292	1.0
512.55945	-1.0
512.5632	1.0
512.59375	-1.0
512.6005	-1.0
512.60876	-1.0
512.614	-1.0
512.61926	-1.0
512.62726	-1.0
512.63635	-1.0
512.65234	-1.0
512.6605	-1.0
512.6697	-1.0
512.6879	-1.0
512.6917	-1.0
512.7184	-1.0
512.7432	-1.0
512.758	1.0
512.8067	-1.0
512.8272	-1.0
512.8508	-1.0
512.91064	-1.0
513.0003	1.0
515.33685	-1.0
515.3414	-1.0
515.3497	1.0
515.35693	-1.0
515.3604	-1.0
515.3764	-1.0
515.3836	-1.0
515.3906	1.0
515.39435	-1.0
515.40106	-1.0
515.42	-1.0
515.4374	-1.0
515.4744	-1.0
515.48755	1.0
515.4922	1.0
515.50214	-1.0
515.52313	-1.0
515.5306	-1.0
515.5576	-1.0
515.5782	-1.0
515.6193	1.0
515.63086	-1.0
515.7917	1.0
518.21106	-1.0
518.22266	1.0
518.2776	-1.0
518.29175	-1.0
518.3257	-1.0
518.32965	-1.0
518.333	-1.0
518.35187	-1.0
518.3573	-1.0
518.38025	-1.0
518.3877	-1.0
518.39136	-1.0
518.4013	-1.0
518.4319	-1.0
518.4527	-1.0
518.4591	-1.0
518.4723	-1.0
518.48206	-1.0
518.514	-1.0
518.5202	-1.0
518.5321	-1.0
518.574	-1.0
518.5918	-1.0
518.6304	-1.0
521.3529	1.0
521.36127	-1.0
521.4049	-1.0
521.4156	-1.0
521.43085	-1.0
521.4438	-1.0
521.45245	-1.0
521.4653	-1.0
521.4822	-1.0
521.49945	-1.0
521.5137	-1.0
521.5284	-1.0
521.53174	-1.0
521.5553	1.0
521.56165	-1.0
521.5649	-1.0
521.6036	-1.0
521.6512	-1.0
521.6573	-1.0
521.67206	1.0
521.761	1.0
524.1733	-1.0
524.1975	-1.0
524.2083	-1.0
524.21857	-1.0
524.22314	-1.0
524.2341	-1.0
524.2631	-1.0
524.2753	-1.0
524.2883	-1.0
524.297	-1.0
524.30347	-1.0
524.3331	-1.0
524.36523	-1.0
524.37726	-1.0
524.3958	-1.0
524.4603	-1.0
524.50195	-1.0
524.525	-1.0
526.7055	-1.0
526.7166	1.0
526.7343	-1.0
526.7517	-1.0
526.76965	-1.0
526.78644	-1.0
526.80347	-1.0
526.8213	-1.0
526.8521	-1.0
526.8738	-1.0
526.891	-1.0
526.91974	-1.0
526.93823	-1.0
526.9857	-1.0
530.0822	-1.0
530.09735	-1.0
530.104	-1.0
530.1114	-1.0
530.1209	-1.0
530.1348	-1.0
530.14374	-1.0
530.156	-1.0
530.16	-1.0
530.17004	-1.0
530.17786	1.0
530.19495	-1.0
530.2032	-1.0
530.2143	-1.0
530.2174	1.0
530.2276	-1.0
530.2466	-1.0
530.269	-1.0
530.30396	-1.0
530.3266	-1.0
530.33887	-1.0
530.36835	-1.0
530.40625	-1.0
530.48773	1.0
532.7964	1.0
532.822	-1.0
533.5297	-1.0
533.55	-1.0
533.56805	-1.0
533.5795	-1.0
533.5953	-1.0
533.6099	-1.0
533.6158	-1.0
533.63525	-1.0
533.6488	-1.0
533.6679	-1.0
533.6827	1.0
533.6884	-1.0
533.6942	1.0
533.7176	-1.0
533.7871	-1.0
533.8025	1.0
533.9435	1.0
535.85016	-1.0
535.9521	-1.0
535.95557	-1.0
536.02094	-1.0
536.0765	1.0
536.2106	-1.0
536.283	-1.0
536.31146	-1.0
536.3252	1.0
536.3292	-1.0
536.3479	-1.0
536.35175	-1.0
536.3632	-1.0
536.3755	-1.0
536.4087	-1.0
536.4887	-1.0
536.54987	1.0
538.392	-1.0
538.4561	-1.0
538.4677	-1.0
538.4968	-1.0
538.5021	-1.0
538.51697	-1.0
538.52435	-1.0
538.55005	-1.0
538.597	-1.0
538.6299	-1.0
538.6435	-1.0
541.9116	-1.0
541.94434	-1.0
541.9644	-1.0
541.97986	-1.0
541.98883	-1.0
542.024	-1.0
542.03894	-1.0
542.0588	-1.0
542.0653	-1.0
542.0749	-1.0
542.0785	1.0
542.1383	-1.0
542.1798	-1.0
542.2386	1.0
544.52954	-1.0
544.5805	-1.0
544.66016	-1.0
547.0477	-1.0
547.05096	-1.0
547.0617	-1.0
547.0678	-1.0
547.0706	-1.0
547.08954	-1.0
547.10547	1.0
547.12683	-1.0
547.1324	-1.0
547.1516	-1.0
547.20807	-1.0
547.2439	-1.0
547.29297	-1.0
547.36743	-1.0
547.43146	1.0
551.80426	-1.0
551.81146	-1.0
551.8393	-1.0
551.8481	-1.0
551.8747	-1.0
551.8964	-1.0
551.9194	-1.0
551.9296	-1.0
552.0251	-1.0
552.0742	-1.0
552.1273	1.0
556.0049	-1.0
556.0409	-1.0
556.0552	-1.0
556.0734	-1.0
556.0806	-1.0
556.095	1.0
556.10614	-1.0
556.11444	-1.0
556.1757	-1.0
556.1975	1.0
556.2186	-1.0
556.2799	-1.0
559.7726	-1.0
559.7817	-1.0
559.79816	1.0
559.811	1.0
559.8154	-1.0
559.8443	-1.0
559.85834	-1.0
559.8765	-1.0
559.8832	-1.0
559.8863	-1.0
559.91144	-1.0
559.91626	-1.0
559.92	-1.0
559.9806	-1.0
562.8169	-1.0
562.83966	-1.0
562.8646	-1.0
562.8886	-1.0
562.9054	-1.0
562.9131	-1.0
562.9276	-1.0
562.93976	-1.0
562.9578	-1.0
563.02124	-1.0
563.0279	-1.0
563.0758	-1.0
563.13806	1.0
567.15045	-1.0
567.16907	1.0
567.1862	1.0
567.1932	1.0
567.2105	-1.0
567.213	-1.0
567.2188	1.0
567.25085	-1.0
567.29877	-1.0
567.3118	-1.0
567.35126	-1.0
567.3542	-1.0
574.8584	-1.0
574.88153	-1.0
574.88806	-1.0
574.89465	-1.0
574.9008	-1.0
574.92224	1.0
574.934	-1.0
574.9407	-1.0
574.96844	-1.0
574.97345	-1.0
575.0078	-1.0
575.0236	-1.0
575.042	-1.0
575.085	-1.0
575.10046	-1.0
575.1559	-1.0
575.25256	1.0
578.53546	-1.0
578.55145	-1.0
578.5547	-1.0
578.564	-1.0
578.5909	-1.0
578.61554	1.0
578.6543	-1.0
578.6932	-1.0
578.7036	1.0
578.7141	-1.0
578.80664	1.0
581.81024	-1.0
581.89685	-1.0
581.91675	-1.0
581.92865	-1.0
581.9468	-1.0
581.9603	-1.0
582.0724	-1.0
582.1094	1.0
582.1458	-1.0
586.77515	-1.0
586.798	-1.0
586.8152	-1.0
586.8522	-1.0
586.85504	-1.0
586.8658	1.0
586.87805	-1.0
586.8913	-1.0
586.9209	1.0
586.9244	-1.0
586.92975	-1.0
586.962	-1.0
587.0056	1.0
587.1934	1.0
587.3907	-1.0
587.46313	-1.0
587.52325	-1.0
593.22125	-1.0
593.2317	1.0
593.24005	-1.0
593.25775	-1.0
593.28534	-1.0
593.31085	-1.0
593.37946	-1.0
593.4317	1.0
597.1249	-1.0
597.1736	-1.0
597.18243	-1.0
597.194	-1.0
597.2161	-1.0
597.2364	-1.0
597.3159	-1.0
597.4662	1.0
