0.1568	1.0
0.20268	-1.0
0.42648	-1.0
0.54176	-1.0
0.72856	-1.0
0.7898	-1.0
0.81876	-1.0
0.91924	-1.0
0.94864	-1.0
1.19556	-1.0
1.34428	-1.0
1.38284	-1.0
1.44612	-1.0
5.40204	-1.0
5.41496	-1.0
5.41892	-1.0
5.48868	-1.0
5.493	-1.0
5.51904	-1.0
5.54188	-1.0
5.66132	-1.0
5.67732	1.0
5.68068	-1.0
5.72804	-1.0
5.7602	-1.0
5.89052	-1.0
5.91976	1.0
6.03944	-1.0
6.15676	-1.0
6.16004	-1.0
6.18112	-1.0
6.24916	-1.0
6.26332	-1.0
6.5086	1.0
6.6878	-1.0
6.69652	-1.0
6.787	-1.0
6.8192	-1.0
7.00596	-1.0
7.07816	-1.0
7.13224	-1.0
8.98324	-1.0
9.00624	-1.0
9.01256	-1.0
9.0932	-1.0
9.14584	-1.0
9.26388	-1.0
9.29252	-1.0
9.33572	-1.0
9.37152	-1.0
9.39712	-1.0
9.42648	-1.0
9.522	1.0
9.53352	1.0
9.75776	-1.0
9.81184	-1.0
9.93784	-1.0
9.99224	-1.0
10.1948	-1.0
10.32976	-1.0
10.38088	-1.0
11.23552	-1.0
11.837	-1.0
12.02708	-1.0
12.07828	-1.0
12.12532	-1.0
12.16524	-1.0
12.34012	-1.0
12.39108	-1.0
12.48232	-1.0
12.51336	-1.0
12.53456	-1.0
12.53716	-1.0
12.86268	-1.0
14.93216	-1.0
14.95412	-1.0
14.97648	-1.0
15.08484	-1.0
15.11104	-1.0
15.17912	-1.0
15.18948	-1.0
15.27608	1.0
15.29252	-1.0
15.31448	-1.0
15.34952	-1.0
15.38004	-1.0
15.41552	-1.0
15.4182	-1.0
15.52388	-1.0
15.5584	-1.0
15.63688	-1.0
15.6946	1.0
15.81604	-1.0
15.8464	-1.0
15.8874	-1.0
15.95072	-1.0
15.95668	-1.0
16.01112	-1.0
16.03412	-1.0
16.19656	1.0
16.21216	1.0
16.33856	-1.0
16.70208	-1.0
19.37508	-1.0
19.38088	-1.0
19.39108	-1.0
19.43536	1.0
19.4382	1.0
19.47456	-1.0
19.52188	-1.0
19.59336	-1.0
19.62244	-1.0
19.62724	1.0
19.63388	1.0
19.65972	-1.0
19.7312	-1.0
19.739	-1.0
19.77088	-1.0
19.77556	1.0
19.87016	-1.0
19.89784	-1.0
19.9048	1.0
19.91536	-1.0
19.92452	-1.0
19.951	-1.0
19.98596	-1.0
20.0636	-1.0
20.067	-1.0
20.19088	-1.0
20.2288	-1.0
20.30736	-1.0
20.34828	-1.0
20.368	-1.0
20.41248	-1.0
20.44192	-1.0
20.46068	-1.0
20.627	-1.0
20.63752	-1.0
20.88908	-1.0
20.9042	-1.0
24.79112	-1.0
24.82956	-1.0
24.83244	-1.0
24.8352	-1.0
24.87456	-1.0
24.88844	-1.0
24.89512	-1.0
24.93248	-1.0
24.9684	-1.0
24.98148	-1.0
25.04572	-1.0
25.16352	-1.0
25.20976	-1.0
25.3022	-1.0
25.32476	-1.0
25.32876	1.0
25.34984	-1.0
25.37816	-1.0
25.43052	-1.0
25.45084	-1.0
25.48024	-1.0
25.582	-1.0
25.61552	-1.0
25.63612	-1.0
25.76268	-1.0
25.83152	-1.0
25.9218	1.0
25.93572	-1.0
26.05268	-1.0
26.18296	-1.0
26.31856	-1.0
26.32132	-1.0
29.81312	-1.0
29.82004	-1.0
29.8296	-1.0
29.84572	1.0
29.86004	-1.0
29.8804	-1.0
29.88428	-1.0
29.89956	-1.0
29.91808	-1.0
29.93468	-1.0
29.95552	-1.0
29.97784	-1.0
29.9898	-1.0
30.00804	-1.0
30.12804	-1.0
30.13612	1.0
30.154	-1.0
30.18844	1.0
30.21232	1.0
30.21544	-1.0
30.24084	-1.0
30.24504	1.0
30.28764	-1.0
30.3022	-1.0
30.36608	1.0
30.388	-1.0
30.4726	-1.0
30.5238	-1.0
30.56488	1.0
30.58316	-1.0
30.58616	-1.0
30.65032	-1.0
30.67304	-1.0
30.67716	1.0
30.80564	-1.0
30.85244	1.0
30.93244	-1.0
30.95916	-1.0
30.98032	-1.0
30.9966	-1.0
31.02208	-1.0
31.03368	-1.0
31.04268	-1.0
31.1154	-1.0
31.11808	-1.0
31.13372	-1.0
31.23696	1.0
31.36932	-1.0
35.69304	-1.0
35.71908	-1.0
35.7254	-1.0
35.745	-1.0
35.7626	-1.0
35.78896	-1.0
35.80504	-1.0
35.88804	-1.0
35.8968	1.0
35.94436	-1.0
35.96324	-1.0
35.98976	-1.0
36.027	-1.0
36.15568	-1.0
36.16612	-1.0
36.18188	-1.0
36.20372	-1.0
36.229	-1.0
36.2352	-1.0
36.27732	-1.0
36.34404	1.0
36.36468	-1.0
36.49004	1.0
36.52668	-1.0
36.54088	-1.0
36.5634	-1.0
36.5972	-1.0
36.67576	-1.0
36.77872	-1.0
36.84024	-1.0
36.91012	1.0
36.92396	-1.0
36.92672	-1.0
37.1184	-1.0
37.23304	-1.0
37.23852	-1.0
37.30092	-1.0
37.80648	-1.0
37.81988	-1.0
37.8604	-1.0
37.95572	-1.0
37.96864	-1.0
40.44708	-1.0
40.45956	-1.0
40.48892	-1.0
40.50764	1.0
40.53784	-1.0
40.55052	-1.0
40.56232	-1.0
40.58644	-1.0
40.6024	-1.0
40.62612	-1.0
40.6566	-1.0
40.68188	-1.0
40.78488	-1.0
40.78912	1.0
40.83072	-1.0
40.84252	-1.0
40.89064	-1.0
40.89628	1.0
40.91512	-1.0
41.0072	-1.0
41.06328	-1.0
41.08308	-1.0
41.14104	-1.0
41.20004	-1.0
41.21328	-1.0
41.23612	-1.0
41.25844	-1.0
41.26116	-1.0
41.31872	-1.0
41.3214	-1.0
41.37008	-1.0
41.50632	-1.0
41.51248	1.0
41.6728	-1.0
41.67552	-1.0
41.68776	1.0
41.70736	-1.0
41.79904	-1.0
41.86516	-1.0
41.95528	-1.0
42.01064	-1.0
42.02028	-1.0
42.0344	-1.0
44.6538	-1.0
44.65852	1.0
44.6834	-1.0
44.70572	1.0
44.70832	1.0
44.71976	-1.0
44.7272	-1.0
44.73632	1.0
44.75084	-1.0
44.79676	-1.0
44.81096	-1.0
44.91396	-1.0
44.9562	-1.0
44.9588	-1.0
44.97048	-1.0
44.98424	-1.0
45.01408	-1.0
45.04044	-1.0
45.05028	-1.0
45.07164	-1.0
45.0804	-1.0
45.103	-1.0
45.15508	-1.0
45.21152	-1.0
45.2568	-1.0
45.29908	1.0
45.31552	-1.0
45.37064	-1.0
45.44688	-1.0
45.44956	-1.0
45.47756	-1.0
45.50904	-1.0
45.6184	-1.0
45.65432	-1.0
45.68084	-1.0
45.75536	-1.0
45.76392	-1.0
45.77456	-1.0
45.94072	-1.0
46.0008	-1.0
46.01572	-1.0
49.20492	-1.0
49.21984	-1.0
49.22892	-1.0
49.253	-1.0
49.25616	-1.0
49.2734	-1.0
49.292	-1.0
49.33392	-1.0
49.35616	-1.0
49.37284	1.0
49.39356	-1.0
49.41412	-1.0
49.41796	1.0
49.48432	-1.0
49.51772	-1.0
49.54388	-1.0
49.56104	-1.0
49.56932	-1.0
49.61912	-1.0
49.67712	-1.0
49.69916	-1.0
49.71176	1.0
49.74272	-1.0
49.84248	-1.0
49.845	-1.0
49.87244	-1.0
49.90456	-1.0
49.94668	-1.0
49.98412	-1.0
50.02296	-1.0
50.04788	-1.0
50.07792	-1.0
50.10896	-1.0
50.21884	-1.0
50.25524	-1.0
50.29708	-1.0
50.32232	-1.0
50.3254	-1.0
50.34264	-1.0
50.35232	1.0
50.46288	-1.0
50.6816	1.0
50.69636	1.0
50.83576	-1.0
50.8714	-1.0
50.93904	-1.0
54.4334	-1.0
54.44244	-1.0
54.48364	-1.0
54.52632	1.0
54.5412	-1.0
54.59372	-1.0
54.65576	-1.0
54.68396	-1.0
54.71172	-1.0
54.72764	-1.0
54.75284	-1.0
54.75924	1.0
54.80488	-1.0
54.87104	-1.0
54.91332	-1.0
54.94472	-1.0
54.95212	-1.0
54.96532	-1.0
54.99384	-1.0
54.99728	-1.0
55.00752	-1.0
55.09364	-1.0
55.12868	-1.0
55.15892	-1.0
55.18756	-1.0
55.23564	-1.0
55.25272	-1.0
55.2736	-1.0
55.32796	-1.0
55.33068	-1.0
55.34076	-1.0
55.35648	-1.0
55.42412	1.0
55.4662	-1.0
55.49204	-1.0
55.49464	-1.0
55.571	-1.0
55.65896	-1.0
55.71024	-1.0
55.75448	-1.0
59.55336	-1.0
59.5764	1.0
59.60816	-1.0
59.62496	1.0
59.62856	-1.0
59.64528	-1.0
59.65132	-1.0
59.66404	-1.0
59.70216	-1.0
59.70592	-1.0
59.7584	-1.0
59.78444	-1.0
59.80356	-1.0
59.827	-1.0
59.857	-1.0
59.91636	-1.0
59.92056	-1.0
59.94592	1.0
59.97264	-1.0
59.99068	-1.0
59.9984	-1.0
60.01852	-1.0
60.0216	1.0
60.0456	-1.0
60.13648	-1.0
60.1716	-1.0
60.17816	1.0
60.27616	-1.0
60.30788	-1.0
60.41692	-1.0
60.52356	-1.0
60.54848	-1.0
60.5882	-1.0
60.61276	-1.0
60.6748	-1.0
60.67964	-1.0
60.68868	1.0
60.72908	-1.0
60.77392	-1.0
63.80568	-1.0
63.82884	-1.0
63.868	-1.0
63.88252	1.0
63.88504	1.0
63.89884	-1.0
63.91244	-1.0
63.93376	-1.0
63.93644	-1.0
63.96288	-1.0
64.00412	-1.0
64.02828	-1.0
64.10316	-1.0
64.14904	-1.0
64.17736	-1.0
64.198	1.0
64.20352	1.0
64.20892	-1.0
64.22856	-1.0
64.23116	-1.0
64.23456	-1.0
64.2786	-1.0
64.28808	-1.0
64.305	-1.0
64.3936	-1.0
64.39776	-1.0
64.4258	-1.0
64.48988	-1.0
64.5276	-1.0
64.55732	-1.0
64.57368	-1.0
64.63644	-1.0
64.66476	-1.0
64.68268	-1.0
64.72152	-1.0
64.79632	-1.0
64.7992	-1.0
64.85148	-1.0
64.85564	-1.0
64.92892	-1.0
65.14768	-1.0
65.15108	-1.0
65.22848	-1.0
68.2434	1.0
68.26724	-1.0
68.289	1.0
68.29172	1.0
68.30992	-1.0
68.33128	-1.0
68.382	-1.0
68.38984	-1.0
68.40184	-1.0
68.41552	-1.0
68.42692	-1.0
68.43032	-1.0
68.48324	1.0
68.50204	-1.0
68.53312	-1.0
68.5584	-1.0
68.57752	-1.0
68.63008	-1.0
68.63264	-1.0
68.63636	1.0
68.71508	-1.0
68.72796	-1.0
68.73956	-1.0
68.76768	-1.0
68.77036	-1.0
68.80032	1.0
68.83524	-1.0
68.89504	-1.0
68.92676	-1.0
68.94384	1.0
68.98104	-1.0
68.984	-1.0
69.0108	-1.0
69.0192	-1.0
69.02224	-1.0
69.031	-1.0
69.07908	-1.0
69.08832	-1.0
69.09416	1.0
69.11148	-1.0
69.22364	-1.0
69.26348	-1.0
69.29432	-1.0
69.30752	1.0
69.3288	-1.0
69.43496	-1.0
73.48956	-1.0
73.50628	-1.0
73.51536	-1.0
73.55676	-1.0
73.56068	-1.0
73.60984	-1.0
73.62828	-1.0
73.64288	-1.0
73.6808	-1.0
73.6864	-1.0
73.7052	-1.0
73.7428	1.0
73.75548	-1.0
73.76244	-1.0
73.81092	-1.0
73.90924	-1.0
73.93652	-1.0
73.95924	-1.0
73.99148	-1.0
74.01096	-1.0
74.0244	-1.0
74.06536	-1.0
74.11904	-1.0
74.17756	1.0
74.21304	-1.0
74.2168	-1.0
74.26648	-1.0
74.27728	-1.0
74.28052	-1.0
74.30716	-1.0
74.3166	-1.0
74.34564	-1.0
74.44028	-1.0
74.50604	-1.0
74.50896	-1.0
74.53756	-1.0
74.59176	-1.0
74.59592	1.0
74.65064	-1.0
74.6568	1.0
74.68424	-1.0
74.68804	-1.0
78.45752	-1.0
78.468	1.0
78.47116	-1.0
78.48876	-1.0
78.51152	-1.0
78.51444	-1.0
78.51944	-1.0
78.53492	-1.0
78.53944	-1.0
78.5472	-1.0
78.56008	-1.0
78.57008	-1.0
78.58104	-1.0
78.61684	-1.0
78.67044	-1.0
78.70564	-1.0
78.71008	-1.0
78.73292	-1.0
78.77904	-1.0
78.79948	-1.0
78.8338	1.0
78.85172	-1.0
78.86724	-1.0
78.88056	-1.0
78.90596	-1.0
78.93836	-1.0
78.9812	1.0
79.0202	-1.0
79.03104	-1.0
79.03448	-1.0
79.11728	-1.0
79.11992	-1.0
79.14448	-1.0
79.17296	-1.0
79.17932	-1.0
79.1914	1.0
79.2104	-1.0
79.21496	-1.0
79.257	-1.0
79.28756	-1.0
79.29236	-1.0
79.37072	-1.0
79.40176	-1.0
79.41768	-1.0
79.43304	-1.0
79.47656	-1.0
79.48828	1.0
79.49324	-1.0
79.60388	-1.0
79.66896	-1.0
79.67156	-1.0
79.7478	1.0
79.77464	-1.0
83.8794	-1.0
83.89028	-1.0
83.9172	-1.0
83.9502	-1.0
84.00612	-1.0
84.0516	-1.0
84.05804	-1.0
84.07828	-1.0
84.08536	-1.0
84.13752	-1.0
84.14428	-1.0
84.14696	-1.0
84.1518	1.0
84.1552	-1.0
84.16304	-1.0
84.19044	-1.0
84.2004	-1.0
84.2228	-1.0
84.25672	-1.0
84.27572	-1.0
84.30168	-1.0
84.43244	-1.0
84.48516	-1.0
84.502	-1.0
84.5224	1.0
84.55924	-1.0
84.65252	-1.0
84.69108	-1.0
84.70164	-1.0
84.71428	1.0
84.72632	-1.0
84.72896	-1.0
84.79528	-1.0
84.81856	-1.0
84.84076	-1.0
84.9042	-1.0
84.95832	-1.0
84.96088	-1.0
85.01248	-1.0
85.101	-1.0
85.10452	-1.0
88.36236	-1.0
88.37332	-1.0
88.38412	1.0
88.40148	-1.0
88.40572	-1.0
88.40824	-1.0
88.42524	-1.0
88.4306	-1.0
88.458	-1.0
88.46244	-1.0
88.4832	1.0
88.50104	-1.0
88.5232	-1.0
88.56404	-1.0
88.68072	-1.0
88.68324	-1.0
88.71528	-1.0
88.75156	1.0
88.77648	-1.0
88.8316	-1.0
88.84112	-1.0
88.864	-1.0
88.92064	-1.0
88.9236	-1.0
88.93104	-1.0
89.03208	-1.0
89.04876	-1.0
89.07572	-1.0
89.08672	1.0
89.11	-1.0
89.14448	-1.0
89.17312	-1.0
89.19528	-1.0
89.22068	1.0
89.29524	-1.0
89.29884	-1.0
89.4132	-1.0
89.4164	-1.0
89.4628	-1.0
89.4654	-1.0
89.54948	-1.0
89.56208	-1.0
93.18536	-1.0
93.20756	-1.0
93.22568	-1.0
93.24592	-1.0
93.24932	-1.0
93.30124	-1.0
93.31248	-1.0
93.3216	-1.0
93.33164	-1.0
93.38752	1.0
93.40868	-1.0
93.4146	-1.0
93.45916	-1.0
93.47144	1.0
93.54088	-1.0
93.54408	-1.0
93.58016	-1.0
93.58268	-1.0
93.59632	-1.0
93.6218	-1.0
93.63912	-1.0
93.67068	-1.0
93.69152	-1.0
93.7058	-1.0
93.72992	-1.0
93.7846	-1.0
93.82584	1.0
93.843	-1.0
93.85396	-1.0
93.89224	-1.0
93.90732	-1.0
93.93564	-1.0
94.0402	-1.0
94.06488	-1.0
94.06788	-1.0
94.12636	1.0
94.13816	-1.0
94.14104	-1.0
94.16696	-1.0
94.20236	-1.0
94.22184	-1.0
94.22472	-1.0
94.24004	-1.0
94.33376	-1.0
94.34116	-1.0
94.39852	-1.0
99.32444	-1.0
99.328	-1.0
99.33888	1.0
99.34624	-1.0
99.35432	-1.0
99.35692	-1.0
99.3738	-1.0
99.44504	-1.0
99.4488	-1.0
99.47912	-1.0
99.50872	-1.0
99.5324	-1.0
99.5422	-1.0
99.54584	-1.0
99.56072	-1.0
99.57512	-1.0
99.59224	-1.0
99.66304	1.0
99.69028	-1.0
99.75516	1.0
99.7716	-1.0
99.79236	1.0
99.85404	-1.0
99.87412	-1.0
99.88872	-1.0
99.90144	-1.0
99.95672	-1.0
99.98464	-1.0
100.04112	-1.0
100.08188	-1.0
100.15784	-1.0
100.16072	-1.0
100.18412	-1.0
100.25472	-1.0
100.25784	1.0
100.2888	-1.0
100.30636	-1.0
100.315	1.0
100.34092	-1.0
100.37732	-1.0
100.39796	-1.0
100.40624	-1.0
100.5216	-1.0
100.59672	-1.0
100.59924	-1.0
100.71176	-1.0
100.75772	-1.0
100.78172	-1.0
100.85532	-1.0
100.91504	-1.0
100.9528	-1.0
101.04076	-1.0
104.5956	-1.0
104.59864	1.0
104.60424	-1.0
104.60936	-1.0
104.6276	-1.0
104.63736	-1.0
104.64412	1.0
104.65836	1.0
104.69612	-1.0
104.76416	-1.0
104.76724	-1.0
104.78796	1.0
104.79216	-1.0
104.79468	-1.0
104.82272	-1.0
104.86816	-1.0
104.87164	-1.0
104.88344	-1.0
104.89924	-1.0
104.9196	-1.0
104.99908	-1.0
105.0028	-1.0
105.02476	-1.0
105.06224	-1.0
105.09212	-1.0
105.11364	-1.0
105.15128	-1.0
105.18468	-1.0
105.22148	1.0
105.24884	-1.0
105.25136	-1.0
105.28436	-1.0
105.33848	-1.0
105.35448	-1.0
105.36088	-1.0
105.38116	-1.0
105.38936	1.0
105.4898	-1.0
105.49316	1.0
105.54852	-1.0
105.55716	-1.0
105.635	-1.0
105.7044	-1.0
105.79084	-1.0
105.82264	-1.0
105.82592	-1.0
105.92688	-1.0
105.96628	-1.0
106.01744	-1.0
106.02496	-1.0
106.06096	-1.0
106.06364	-1.0
106.06764	1.0
109.6926	1.0
109.70708	-1.0
109.72432	-1.0
109.74948	-1.0
109.7656	-1.0
109.77944	-1.0
109.82872	-1.0
109.8876	1.0
109.89804	-1.0
109.90772	1.0
109.91116	-1.0
109.9222	-1.0
109.92708	-1.0
109.93404	-1.0
109.95212	-1.0
109.98496	-1.0
109.99784	-1.0
110.00408	-1.0
110.03308	-1.0
110.05904	1.0
110.06992	-1.0
110.07284	-1.0
110.07804	-1.0
110.09652	-1.0
110.12848	1.0
110.13256	-1.0
110.14988	-1.0
110.15852	-1.0
110.17448	-1.0
110.17708	-1.0
110.18956	-1.0
110.19636	-1.0
110.23428	-1.0
110.2624	-1.0
110.29824	-1.0
110.33696	-1.0
110.35132	-1.0
110.35388	-1.0
110.36448	1.0
110.43728	-1.0
110.48244	-1.0
110.55256	-1.0
110.58968	-1.0
110.6058	-1.0
110.62256	-1.0
110.64152	1.0
110.68284	-1.0
110.77564	-1.0
110.87596	-1.0
110.87868	-1.0
110.88824	1.0
110.9302	-1.0
110.98412	-1.0
110.9928	-1.0
110.9974	1.0
111.00776	-1.0
111.04368	-1.0
111.05756	1.0
111.07728	-1.0
111.13608	-1.0
111.13924	-1.0
114.83556	-1.0
114.84028	-1.0
114.84728	-1.0
114.86344	-1.0
114.86596	-1.0
114.86856	-1.0
114.8772	-1.0
114.88128	-1.0
114.8878	1.0
114.95132	-1.0
114.96692	-1.0
115.00212	-1.0
115.0124	-1.0
115.05828	-1.0
115.09456	-1.0
115.09728	-1.0
115.11048	-1.0
115.13596	1.0
115.14092	-1.0
115.168	-1.0
115.1718	-1.0
115.18836	-1.0
115.19588	-1.0
115.2452	-1.0
115.2954	-1.0
115.30952	-1.0
115.34612	-1.0
115.35452	1.0
115.36728	-1.0
115.3898	-1.0
115.40884	-1.0
115.42928	-1.0
115.45056	-1.0
115.46012	-1.0
115.47808	-1.0
115.52608	-1.0
115.54412	1.0
115.57	-1.0
115.586	-1.0
115.58852	-1.0
115.60088	1.0
115.65584	-1.0
115.7028	-1.0
115.7108	1.0
115.72368	-1.0
115.74376	-1.0
115.74632	-1.0
115.76184	1.0
115.85268	-1.0
115.85572	-1.0
115.87756	1.0
116.05004	-1.0
116.07484	-1.0
116.20764	-1.0
116.21552	-1.0
116.49376	-1.0
116.5202	-1.0
119.7054	-1.0
119.7348	-1.0
119.74504	-1.0
119.75376	-1.0
119.757	-1.0
119.76224	-1.0
119.78396	-1.0
119.78688	-1.0
119.8306	-1.0
119.8382	-1.0
119.85008	-1.0
119.87696	1.0
119.91116	-1.0
119.9138	-1.0
119.92924	-1.0
119.94772	-1.0
119.96432	-1.0
120.00164	1.0
120.01068	-1.0
120.0136	1.0
120.10036	-1.0
120.1482	-1.0
120.22932	-1.0
120.24768	-1.0
120.31896	-1.0
120.35124	-1.0
120.3922	-1.0
120.47348	1.0
120.48652	-1.0
120.51592	-1.0
120.5654	1.0
120.62508	-1.0
120.62792	-1.0
120.67748	-1.0
120.70776	1.0
120.74856	-1.0
120.76764	-1.0
120.80092	-1.0
120.8344	-1.0
120.89428	-1.0
120.89712	-1.0
120.90352	-1.0
120.91512	1.0
120.98856	1.0
121.06184	-1.0
121.21408	-1.0
121.24716	-1.0
121.27328	-1.0
121.27608	-1.0
121.30748	1.0
124.89652	-1.0
124.90716	-1.0
124.92584	-1.0
124.9284	-1.0
124.93144	-1.0
124.93692	1.0
124.94448	-1.0
124.97824	-1.0
124.99752	-1.0
125.00092	1.0
125.00908	-1.0
125.01972	-1.0
125.02776	-1.0
125.04084	-1.0
125.07832	-1.0
125.08956	-1.0
125.11316	-1.0
125.15184	-1.0
125.1632	-1.0
125.22152	-1.0
125.2698	-1.0
125.2892	-1.0
125.2934	-1.0
125.296	-1.0
125.30016	-1.0
125.32308	-1.0
125.32576	-1.0
125.36948	-1.0
125.37356	1.0
125.39576	-1.0
125.40176	-1.0
125.45532	-1.0
125.55792	-1.0
125.56204	-1.0
125.61032	-1.0
125.70744	-1.0
125.75044	-1.0
125.82704	-1.0
125.84972	-1.0
125.85344	-1.0
125.87796	-1.0
125.89488	-1.0
125.9246	-1.0
125.94156	-1.0
125.95052	-1.0
125.97076	-1.0
125.99596	-1.0
125.99852	-1.0
126.06212	-1.0
126.20144	-1.0
126.2284	-1.0
126.37092	-1.0
130.61272	-1.0
130.61992	-1.0
130.62828	-1.0
130.64204	-1.0
130.65137	-1.0
130.66768	-1.0
130.69864	-1.0
130.71124	-1.0
130.71576	-1.0
130.72548	1.0
130.73528	-1.0
130.74371	-1.0
130.76083	-1.0
130.77	-1.0
130.77832	-1.0
130.78384	-1.0
130.82684	-1.0
130.82976	-1.0
130.84076	-1.0
130.87708	-1.0
130.88812	-1.0
130.90352	-1.0
130.92372	-1.0
130.94792	-1.0
130.9836	-1.0
130.99088	-1.0
131.02087	1.0
131.03136	-1.0
131.05585	-1.0
131.07408	-1.0
131.11153	-1.0
131.15584	-1.0
131.1588	-1.0
131.24928	-1.0
131.28204	-1.0
131.31352	-1.0
131.32896	-1.0
131.37463	-1.0
131.39732	1.0
131.4026	-1.0
131.40527	-1.0
131.4428	-1.0
131.54568	-1.0
131.7264	-1.0
131.79184	-1.0
131.84695	-1.0
131.85677	-1.0
131.86089	-1.0
131.90897	-1.0
131.9334	-1.0
131.95123	-1.0
132.12292	-1.0
132.13724	-1.0
132.2124	-1.0
136.44652	-1.0
136.46576	-1.0
136.4762	-1.0
136.48772	-1.0
136.4918	-1.0
136.49808	-1.0
136.50311	1.0
136.51424	-1.0
136.53587	-1.0
136.54	-1.0
136.55267	-1.0
136.5798	-1.0
136.58424	1.0
136.60216	-1.0
136.60645	1.0
136.62424	-1.0
136.63776	-1.0
136.64027	-1.0
136.6614	-1.0
136.68068	-1.0
136.68376	-1.0
136.71024	-1.0
136.72104	-1.0
136.73152	-1.0
136.75684	1.0
136.78236	-1.0
136.79771	-1.0
136.82048	-1.0
136.82616	1.0
136.91176	-1.0
136.99136	-1.0
136.995	-1.0
137.04056	-1.0
137.08092	-1.0
137.10384	-1.0
137.14044	-1.0
137.14491	-1.0
137.16248	1.0
137.21036	-1.0
137.2946	-1.0
137.30824	-1.0
137.33768	-1.0
137.35847	-1.0
137.41916	-1.0
137.44728	-1.0
137.52092	-1.0
137.55916	-1.0
137.61185	-1.0
137.65916	-1.0
137.70132	-1.0
137.71909	-1.0
137.72247	-1.0
137.72952	1.0
137.77531	-1.0
137.8338	-1.0
137.89552	-1.0
137.90428	-1.0
138.0528	-1.0
142.45651	-1.0
142.46616	-1.0
142.469	-1.0
142.52304	-1.0
142.5262	-1.0
142.53407	1.0
142.552	1.0
142.56229	-1.0
142.5854	-1.0
142.58812	-1.0
142.59264	1.0
142.62604	-1.0
142.64824	-1.0
142.65569	-1.0
142.67096	-1.0
142.67664	-1.0
142.70624	-1.0
142.70927	-1.0
142.74931	-1.0
142.75684	-1.0
142.76253	-1.0
142.77592	-1.0
142.81915	-1.0
142.84283	-1.0
142.84616	-1.0
142.86407	-1.0
142.89133	-1.0
142.919	-1.0
142.95135	-1.0
142.9714	-1.0
143.00084	-1.0
143.07596	-1.0
143.12537	-1.0
143.13773	-1.0
143.16336	-1.0
143.20592	-1.0
143.209	-1.0
143.24464	-1.0
143.27583	-1.0
143.28212	-1.0
143.35568	-1.0
143.36064	-1.0
143.44536	-1.0
143.4956	-1.0
143.5188	-1.0
143.5218	-1.0
143.53352	1.0
143.55412	-1.0
143.57176	-1.0
143.5812	-1.0
143.66605	-1.0
143.66988	-1.0
143.71635	1.0
143.74307	-1.0
143.77785	-1.0
143.8362	-1.0
143.98589	-1.0
144.00703	-1.0
148.69792	-1.0
148.70673	-1.0
148.71033	-1.0
148.71307	-1.0
148.72836	-1.0
148.73515	1.0
148.75092	-1.0
148.75568	-1.0
148.77892	-1.0
148.80424	-1.0
148.8074	1.0
148.84636	-1.0
148.8552	-1.0
148.89185	-1.0
148.90164	-1.0
148.90668	-1.0
148.925	-1.0
148.95451	-1.0
148.96072	-1.0
148.96445	-1.0
148.99472	-1.0
149.02412	-1.0
149.02785	-1.0
149.06972	-1.0
149.07349	-1.0
149.0952	-1.0
149.14456	-1.0
149.14708	-1.0
149.2106	1.0
149.23093	-1.0
149.27637	1.0
149.32904	-1.0
149.34172	-1.0
149.3664	-1.0
149.3968	1.0
149.40855	-1.0
149.47324	-1.0
149.50748	-1.0
149.51668	-1.0
149.57988	-1.0
149.58536	-1.0
149.5948	-1.0
149.676	-1.0
149.67908	-1.0
149.71124	-1.0
149.71376	-1.0
149.76813	-1.0
149.77248	-1.0
149.79156	-1.0
149.82628	-1.0
149.86612	-1.0
149.87668	-1.0
149.97417	-1.0
150.05412	-1.0
150.0644	-1.0
150.15752	-1.0
150.36632	-1.0
150.3706	-1.0
150.37524	-1.0
153.64565	-1.0
153.65836	-1.0
153.67436	-1.0
153.69164	-1.0
153.6946	-1.0
153.69716	1.0
153.71687	-1.0
153.72728	-1.0
153.7678	-1.0
153.82188	-1.0
153.82603	-1.0
153.86488	1.0
153.86787	1.0
153.90524	-1.0
153.91891	-1.0
153.92249	-1.0
153.95992	-1.0
153.96349	-1.0
153.98273	-1.0
154.00565	-1.0
154.02348	-1.0
154.05368	-1.0
154.05724	-1.0
154.09444	-1.0
154.09924	1.0
154.11427	-1.0
154.12009	-1.0
154.12515	-1.0
154.15369	-1.0
154.17584	-1.0
154.18056	-1.0
154.226	-1.0
154.26591	-1.0
154.35233	-1.0
154.39716	-1.0
154.42249	-1.0
154.47136	-1.0
154.55785	-1.0
154.56096	-1.0
154.60176	-1.0
154.6566	-1.0
154.67996	-1.0
154.76276	-1.0
154.76616	-1.0
154.77792	-1.0
154.80132	-1.0
154.86668	-1.0
154.92851	-1.0
154.97168	-1.0
154.99712	-1.0
155.00185	-1.0
155.0094	-1.0
155.072	-1.0
155.13408	-1.0
159.98972	1.0
159.99364	-1.0
160.00037	-1.0
160.01172	-1.0
160.02156	-1.0
160.03088	-1.0
160.0494	1.0
160.05336	-1.0
160.0622	-1.0
160.0652	-1.0
160.06804	1.0
160.09312	-1.0
160.09564	-1.0
160.13548	-1.0
160.14452	-1.0
160.15608	-1.0
160.15875	1.0
160.16837	1.0
160.17313	-1.0
160.19913	-1.0
160.20496	-1.0
160.21793	-1.0
160.23204	1.0
160.25272	-1.0
160.26176	-1.0
160.27605	-1.0
160.2964	-1.0
160.3294	-1.0
160.34685	-1.0
160.3514	-1.0
160.35844	-1.0
160.39952	-1.0
160.40263	-1.0
160.40736	-1.0
160.42316	-1.0
160.43307	1.0
160.46828	-1.0
160.48727	-1.0
160.5262	-1.0
160.57884	1.0
160.5842	-1.0
160.61916	-1.0
160.69244	-1.0
160.70644	-1.0
160.74692	-1.0
160.7506	-1.0
160.78336	-1.0
160.80376	-1.0
160.85709	-1.0
160.86032	-1.0
160.92964	-1.0
160.9794	-1.0
160.9892	1.0
161.0162	-1.0
161.04596	-1.0
161.10028	-1.0
161.13144	-1.0
161.14713	-1.0
161.19556	-1.0
161.19891	-1.0
161.23848	-1.0
161.2826	-1.0
161.3114	-1.0
161.3864	-1.0
161.55972	-1.0
161.62976	-1.0
161.65433	-1.0
166.2706	-1.0
166.27953	-1.0
166.28204	1.0
166.28523	1.0
166.30592	-1.0
166.31076	1.0
166.3468	-1.0
166.34952	-1.0
166.35756	1.0
166.36728	-1.0
166.37251	1.0
166.37569	-1.0
166.3796	-1.0
166.38889	1.0
166.41869	-1.0
166.42288	-1.0
166.44296	-1.0
166.44612	-1.0
166.46388	-1.0
166.46992	-1.0
166.47908	1.0
166.48949	-1.0
166.49384	-1.0
166.53712	-1.0
166.55952	-1.0
166.56268	-1.0
166.57936	-1.0
166.59668	-1.0
166.61057	-1.0
166.63857	-1.0
166.64156	-1.0
166.67052	-1.0
166.67557	-1.0
166.70596	1.0
166.71588	-1.0
166.72212	-1.0
166.756	-1.0
166.7796	1.0
166.80351	-1.0
166.81908	-1.0
166.82944	-1.0
166.8532	-1.0
166.87616	-1.0
166.883	-1.0
166.9198	1.0
166.95076	-1.0
166.9634	-1.0
167.02988	1.0
167.0586	-1.0
167.06187	-1.0
167.0702	-1.0
167.10612	-1.0
167.12996	-1.0
167.16232	-1.0
167.17444	-1.0
167.20772	-1.0
167.2648	-1.0
167.27888	1.0
167.30588	-1.0
167.3304	-1.0
167.38931	-1.0
167.394	-1.0
167.40192	-1.0
167.43056	-1.0
167.43452	-1.0
167.5324	-1.0
167.61195	-1.0
167.62325	-1.0
167.70589	-1.0
167.82376	-1.0
167.83427	-1.0
167.83868	-1.0
167.91728	-1.0
167.96184	1.0
167.96803	-1.0
167.9776	-1.0
168.04248	-1.0
172.91812	-1.0
172.92409	-1.0
172.93236	-1.0
172.94124	-1.0
172.95348	-1.0
172.95956	1.0
172.97565	-1.0
172.97816	-1.0
172.9818	-1.0
172.99393	-1.0
173.00797	-1.0
173.02492	-1.0
173.02968	-1.0
173.04092	-1.0
173.04428	-1.0
173.063	-1.0
173.06715	1.0
173.08624	-1.0
173.10344	-1.0
173.1238	-1.0
173.13635	-1.0
173.16092	-1.0
173.18031	-1.0
173.19595	-1.0
173.19913	-1.0
173.2102	-1.0
173.23268	-1.0
173.24837	1.0
173.25343	-1.0
173.27193	-1.0
173.3318	-1.0
173.35912	-1.0
173.4176	-1.0
173.44196	-1.0
173.45651	-1.0
173.48376	-1.0
173.4952	-1.0
173.53476	-1.0
173.54936	-1.0
173.57368	-1.0
173.57668	-1.0
173.60297	-1.0
173.62495	-1.0
173.64156	-1.0
173.67316	-1.0
173.70024	-1.0
173.7414	-1.0
173.74393	-1.0
173.82916	-1.0
173.87843	-1.0
173.903	1.0
173.90643	-1.0
173.93349	-1.0
173.93835	-1.0
173.95148	-1.0
173.97128	1.0
173.98209	-1.0
174.02112	-1.0
174.02692	-1.0
174.06468	-1.0
174.08568	-1.0
174.14172	-1.0
174.19688	-1.0
174.22168	-1.0
174.27524	-1.0
174.32211	-1.0
174.35008	-1.0
174.40472	-1.0
174.53564	-1.0
179.05849	-1.0
179.06525	-1.0
179.0686	1.0
179.0738	-1.0
179.08148	1.0
179.09164	-1.0
179.09483	1.0
179.1072	1.0
179.11716	-1.0
179.13045	-1.0
179.14476	-1.0
179.1474	1.0
179.16824	-1.0
179.17584	-1.0
179.19136	-1.0
179.1946	-1.0
179.21127	-1.0
179.22412	-1.0
179.24452	-1.0
179.25636	-1.0
179.26872	-1.0
179.27452	-1.0
179.2784	1.0
179.29636	-1.0
179.29988	-1.0
179.30376	1.0
179.31952	-1.0
179.33916	-1.0
179.36708	-1.0
179.37056	1.0
179.387	-1.0
179.39207	1.0
179.4214	-1.0
179.44756	-1.0
179.4684	-1.0
179.47205	-1.0
179.47797	1.0
179.49416	-1.0
179.53091	-1.0
179.554	-1.0
179.572	-1.0
179.59389	1.0
179.6126	-1.0
179.6208	-1.0
179.62431	-1.0
179.64304	-1.0
179.68456	-1.0
179.7148	-1.0
179.73128	-1.0
179.75488	-1.0
179.791	-1.0
179.79465	1.0
179.86264	-1.0
179.8662	-1.0
179.89153	-1.0
179.89508	-1.0
179.92532	-1.0
179.92947	-1.0
179.9612	-1.0
179.96596	-1.0
180.01167	-1.0
180.01628	-1.0
180.05812	-1.0
180.06483	-1.0
180.11992	-1.0
180.18056	-1.0
180.22688	1.0
180.24573	-1.0
180.25175	-1.0
180.25903	1.0
180.33469	-1.0
180.38252	-1.0
180.41573	-1.0
180.43044	-1.0
180.45668	-1.0
180.565	-1.0
180.61096	-1.0
184.84177	-1.0
184.84831	-1.0
184.86224	-1.0
184.86496	-1.0
184.87009	1.0
184.88148	-1.0
184.88632	-1.0
184.91328	1.0
184.92972	-1.0
184.94228	-1.0
184.95572	1.0
184.97987	1.0
184.985	-1.0
185.00084	-1.0
185.00671	-1.0
185.00957	-1.0
185.02756	-1.0
185.0328	-1.0
185.0448	-1.0
185.05437	1.0
185.0632	-1.0
185.07184	1.0
185.09544	-1.0
185.09924	-1.0
185.1164	-1.0
185.12495	-1.0
185.12917	-1.0
185.17004	-1.0
185.17532	-1.0
185.20212	-1.0
185.21164	-1.0
185.2286	-1.0
185.23936	-1.0
185.25555	-1.0
185.27252	-1.0
185.31796	-1.0
185.32275	1.0
185.34776	1.0
185.35056	-1.0
185.36772	-1.0
185.4008	-1.0
185.4048	-1.0
185.41316	1.0
185.51283	-1.0
185.51537	-1.0
185.56276	-1.0
185.57845	-1.0
185.6162	-1.0
185.62076	-1.0
185.68085	-1.0
185.68336	-1.0
185.72372	-1.0
185.7372	-1.0
185.7522	-1.0
185.75908	-1.0
185.78728	-1.0
185.80568	1.0
185.84557	-1.0
185.8746	-1.0
185.90675	-1.0
185.9208	-1.0
185.969	-1.0
185.97252	-1.0
186.01308	-1.0
186.05624	-1.0
186.08385	-1.0
186.08656	-1.0
186.1192	-1.0
186.1876	-1.0
186.19096	-1.0
186.20293	-1.0
186.24783	-1.0
186.35416	-1.0
186.41772	-1.0
186.45715	-1.0
186.60149	-1.0
190.13467	-1.0
190.14893	-1.0
190.163	-1.0
190.19992	-1.0
190.2046	-1.0
190.2112	1.0
190.22057	-1.0
190.23071	-1.0
190.2344	1.0
190.23732	-1.0
190.26868	-1.0
190.2712	-1.0
190.28632	-1.0
190.30652	-1.0
190.3112	-1.0
190.31693	-1.0
190.3278	-1.0
190.34644	-1.0
190.36636	-1.0
190.38464	-1.0
190.39192	-1.0
190.3952	1.0
190.43813	-1.0
190.48328	-1.0
190.48727	-1.0
190.49028	1.0
190.51428	-1.0
190.5344	-1.0
190.5372	-1.0
190.5448	-1.0
190.55992	-1.0
190.58308	1.0
190.5958	-1.0
190.6278	-1.0
190.64989	-1.0
190.661	-1.0
190.687	-1.0
190.69948	-1.0
190.7272	-1.0
190.73076	-1.0
190.73416	-1.0
190.77588	-1.0
190.78528	-1.0
190.81032	-1.0
190.81429	-1.0
190.834	-1.0
190.8562	-1.0
190.8596	-1.0
190.8736	-1.0
190.9186	-1.0
190.92368	-1.0
190.95683	-1.0
190.97504	-1.0
191.01236	-1.0
191.03384	1.0
191.05904	-1.0
191.09132	-1.0
191.12776	-1.0
191.14587	-1.0
191.1734	-1.0
191.17596	-1.0
191.21191	-1.0
191.22112	-1.0
191.2268	-1.0
191.26283	-1.0
191.27344	1.0
191.34367	-1.0
191.34624	-1.0
191.42148	-1.0
191.50809	-1.0
191.51808	-1.0
191.58269	-1.0
191.61412	-1.0
191.62209	-1.0
191.628	-1.0
191.66704	-1.0
191.6838	-1.0
191.72797	-1.0
191.82948	-1.0
191.83331	-1.0
191.88528	-1.0
196.05173	-1.0
196.05884	-1.0
196.06424	-1.0
196.06732	-1.0
196.07465	-1.0
196.07724	1.0
196.0912	-1.0
196.09525	-1.0
196.12236	-1.0
196.12589	1.0
196.13264	-1.0
196.13728	-1.0
196.16245	-1.0
196.17596	-1.0
196.17863	-1.0
196.18877	-1.0
196.20895	-1.0
196.21236	1.0
196.22568	-1.0
196.2494	-1.0
196.25237	1.0
196.2676	-1.0
196.27563	-1.0
196.29988	-1.0
196.3198	-1.0
196.32292	-1.0
196.35956	-1.0
196.36732	-1.0
196.37476	1.0
196.39616	-1.0
196.41637	-1.0
196.4198	-1.0
196.4228	-1.0
196.47856	-1.0
196.4944	-1.0
196.498	1.0
196.50092	1.0
196.50533	-1.0
196.51675	-1.0
196.5258	-1.0
196.56	-1.0
196.58028	-1.0
196.61572	-1.0
196.63176	-1.0
196.6578	-1.0
196.67715	-1.0
196.70335	-1.0
196.72916	-1.0
196.7386	-1.0
196.76468	1.0
196.78296	-1.0
196.79152	-1.0
196.81651	-1.0
196.81972	1.0
196.85948	-1.0
196.90068	-1.0
196.90492	-1.0
196.91676	-1.0
196.93604	-1.0
196.98184	-1.0
197.02156	-1.0
197.05647	-1.0
197.07216	-1.0
197.09764	-1.0
197.1038	-1.0
197.16248	-1.0
197.18336	-1.0
197.18712	-1.0
197.22832	-1.0
197.28592	-1.0
197.30183	-1.0
197.38136	-1.0
197.40924	-1.0
197.42108	-1.0
197.4426	-1.0
197.47168	-1.0
197.55965	-1.0
197.62473	-1.0
197.71477	-1.0
201.96288	-1.0
201.97148	-1.0
201.976	-1.0
201.992	-1.0
201.99615	1.0
202.00745	-1.0
202.0152	-1.0
202.01892	1.0
202.0302	-1.0
202.03336	-1.0
202.04744	-1.0
202.06868	-1.0
202.0722	-1.0
202.09076	-1.0
202.09552	-1.0
202.11723	-1.0
202.13805	-1.0
202.15732	-1.0
202.16245	-1.0
202.17996	-1.0
202.2	-1.0
202.21092	-1.0
202.23616	-1.0
202.24176	-1.0
202.2598	-1.0
202.27684	-1.0
202.30664	-1.0
202.30952	1.0
202.31552	-1.0
202.33316	-1.0
202.33568	-1.0
202.3566	-1.0
202.42664	-1.0
202.43088	1.0
202.4506	-1.0
202.47556	-1.0
202.48705	-1.0
202.50676	-1.0
202.51172	-1.0
202.55904	-1.0
202.58876	-1.0
202.6026	-1.0
202.6082	-1.0
202.62784	-1.0
202.63068	-1.0
202.63496	1.0
202.6862	-1.0
202.69048	-1.0
202.72028	-1.0
202.74184	-1.0
202.74776	-1.0
202.8032	-1.0
202.81187	-1.0
202.84772	-1.0
202.86153	-1.0
202.88788	-1.0
202.9018	-1.0
202.9166	-1.0
202.93823	-1.0
202.94084	-1.0
202.96645	-1.0
203.05504	-1.0
203.05788	-1.0
203.08035	-1.0
203.11232	-1.0
203.14928	-1.0
203.2024	-1.0
203.22849	1.0
203.2726	-1.0
203.34012	-1.0
203.37772	-1.0
203.40433	-1.0
203.462	-1.0
203.50764	-1.0
203.51791	1.0
203.62088	-1.0
207.85944	-1.0
207.86208	1.0
207.86732	-1.0
207.87177	1.0
207.87468	1.0
207.87752	-1.0
207.88712	-1.0
207.9002	-1.0
207.9034	-1.0
207.92328	-1.0
207.93243	-1.0
207.93832	-1.0
207.96571	-1.0
207.97128	1.0
207.9804	-1.0
207.98352	-1.0
207.98804	1.0
207.991	-1.0
208.007	-1.0
208.01088	-1.0
208.024	-1.0
208.029	-1.0
208.04356	-1.0
208.05112	-1.0
208.0678	-1.0
208.07236	-1.0
208.09308	-1.0
208.11543	-1.0
208.14876	1.0
208.16573	-1.0
208.1796	-1.0
208.20792	1.0
208.22067	-1.0
208.26744	-1.0
208.29613	-1.0
208.30688	-1.0
208.33388	-1.0
208.3594	-1.0
208.37875	-1.0
208.3928	-1.0
208.39792	-1.0
208.44469	-1.0
208.448	-1.0
208.45152	-1.0
208.47025	-1.0
208.49731	-1.0
208.54132	-1.0
208.5686	-1.0
208.58395	-1.0
208.5882	1.0
208.6036	-1.0
208.6168	-1.0
208.6556	-1.0
208.66023	-1.0
208.66692	-1.0
208.68564	-1.0
208.70688	-1.0
208.7148	-1.0
208.75217	-1.0
208.76897	1.0
208.81604	-1.0
208.826	-1.0
208.83269	-1.0
208.89417	-1.0
208.94237	-1.0
208.94884	-1.0
208.9644	-1.0
208.99072	-1.0
209.01016	-1.0
209.01389	-1.0
209.1118	-1.0
209.11548	-1.0
209.16457	-1.0
209.20744	-1.0
209.22752	-1.0
209.24228	-1.0
209.3092	-1.0
209.31288	1.0
209.3404	1.0
209.38605	-1.0
209.4322	-1.0
209.51665	-1.0
209.72708	-1.0
213.72668	-1.0
213.7308	-1.0
213.73836	-1.0
213.74171	-1.0
213.7554	-1.0
213.7682	-1.0
213.7754	-1.0
213.78592	-1.0
213.79736	-1.0
213.81145	1.0
213.81468	-1.0
213.81776	1.0
213.82036	1.0
213.82324	-1.0
213.8376	-1.0
213.84032	1.0
213.85435	-1.0
213.86496	-1.0
213.87749	-1.0
213.88136	-1.0
213.8916	-1.0
213.903	-1.0
213.9082	-1.0
213.92136	-1.0
213.94164	-1.0
213.94612	-1.0
213.96793	1.0
213.97412	-1.0
213.98187	-1.0
214.002	-1.0
214.00513	1.0
214.0254	-1.0
214.03084	-1.0
214.06244	-1.0
214.08215	-1.0
214.10828	-1.0
214.1122	-1.0
214.14429	-1.0
214.16112	-1.0
214.16364	-1.0
214.1994	-1.0
214.21645	-1.0
214.22923	-1.0
214.25163	-1.0
214.28229	-1.0
214.30351	-1.0
214.30849	1.0
214.36832	-1.0
214.38467	-1.0
214.40707	-1.0
214.41953	1.0
214.4318	-1.0
214.43475	-1.0
214.48576	-1.0
214.50797	-1.0
214.54115	-1.0
214.55264	1.0
214.5708	-1.0
214.57504	-1.0
214.59216	-1.0
214.61028	-1.0
214.62633	-1.0
214.6294	1.0
214.67256	1.0
214.68652	-1.0
214.7048	-1.0
214.72108	-1.0
214.73885	-1.0
214.82948	-1.0
214.88628	-1.0
214.88948	-1.0
214.9186	-1.0
214.9504	-1.0
214.98816	-1.0
215.03476	-1.0
215.06352	-1.0
215.0698	-1.0
215.1214	-1.0
215.12988	-1.0
215.14836	-1.0
215.15088	-1.0
215.17377	-1.0
215.2322	-1.0
215.24908	-1.0
215.36057	-1.0
219.32297	-1.0
219.32912	-1.0
219.33244	1.0
219.33595	-1.0
219.36008	-1.0
219.37852	-1.0
219.39735	-1.0
219.40176	1.0
219.41324	-1.0
219.42572	-1.0
219.45216	-1.0
219.46075	-1.0
219.48964	-1.0
219.50015	-1.0
219.50592	-1.0
219.52225	-1.0
219.52676	-1.0
219.5456	-1.0
219.55257	-1.0
219.5674	-1.0
219.57191	-1.0
219.59668	-1.0
219.60107	-1.0
219.62784	-1.0
219.64597	-1.0
219.65352	-1.0
219.65707	-1.0
219.66016	-1.0
219.6798	-1.0
219.68456	-1.0
219.7294	-1.0
219.75908	-1.0
219.78096	-1.0
219.79211	-1.0
219.8006	-1.0
219.81624	-1.0
219.85033	-1.0
219.88773	-1.0
219.91148	-1.0
219.93968	-1.0
219.94316	-1.0
219.96416	-1.0
220.0174	-1.0
220.02408	-1.0
220.04884	-1.0
220.05336	-1.0
220.07384	-1.0
220.07736	1.0
220.08269	-1.0
220.13448	-1.0
220.13857	-1.0
220.15988	-1.0
220.18292	-1.0
220.21368	-1.0
220.23584	-1.0
220.23875	-1.0
220.31133	-1.0
220.38588	-1.0
220.4196	-1.0
220.44868	-1.0
220.45232	-1.0
220.52013	-1.0
220.52531	-1.0
220.55292	-1.0
220.58308	-1.0
220.60696	-1.0
220.63904	-1.0
220.6492	-1.0
220.65204	-1.0
220.73236	-1.0
220.746	-1.0
220.86284	-1.0
225.28456	-1.0
225.28767	1.0
225.29332	-1.0
225.2978	-1.0
225.31496	-1.0
225.31984	-1.0
225.34148	-1.0
225.3448	1.0
225.36624	-1.0
225.3726	-1.0
225.37971	-1.0
225.39044	-1.0
225.40952	-1.0
225.41344	-1.0
225.41624	-1.0
225.43436	-1.0
225.43867	-1.0
225.44124	-1.0
225.46307	-1.0
225.46613	1.0
225.48431	-1.0
225.48732	-1.0
225.49055	-1.0
225.5098	-1.0
225.52625	-1.0
225.53935	1.0
225.54236	-1.0
225.55711	-1.0
225.57204	-1.0
225.59576	-1.0
225.61916	-1.0
225.64128	-1.0
225.678	-1.0
225.68307	-1.0
225.70732	-1.0
225.7314	-1.0
225.73392	-1.0
225.76016	-1.0
225.78636	-1.0
225.82487	-1.0
225.84715	-1.0
225.86172	1.0
225.86464	1.0
225.88472	-1.0
225.90125	-1.0
225.92752	-1.0
225.94548	-1.0
225.984	-1.0
225.98653	-1.0
226.01808	-1.0
226.02415	-1.0
226.05	-1.0
226.08076	-1.0
226.11565	-1.0
226.14432	-1.0
226.15729	-1.0
226.20332	-1.0
226.21124	-1.0
226.22945	1.0
226.28008	-1.0
226.3182	-1.0
226.379	-1.0
226.39664	-1.0
226.40024	-1.0
226.41464	-1.0
226.4544	1.0
226.45984	-1.0
226.4964	-1.0
226.51256	-1.0
226.65508	-1.0
226.68855	-1.0
226.73216	-1.0
226.80208	-1.0
226.80563	-1.0
226.80817	-1.0
226.9196	-1.0
230.79796	-1.0
230.80052	1.0
230.81052	1.0
230.816	-1.0
230.8352	-1.0
230.83864	-1.0
230.85616	-1.0
230.86568	-1.0
230.86903	-1.0
230.88844	-1.0
230.89296	-1.0
230.90808	-1.0
230.91512	-1.0
230.93172	-1.0
230.95505	-1.0
230.95876	-1.0
230.97343	-1.0
230.97676	-1.0
230.998	-1.0
231.02284	-1.0
231.05032	-1.0
231.05568	-1.0
231.07056	-1.0
231.07487	-1.0
231.08232	-1.0
231.09804	-1.0
231.10056	-1.0
231.15784	-1.0
231.16428	1.0
231.18364	-1.0
231.18616	-1.0
231.19232	-1.0
231.22052	-1.0
231.24464	-1.0
231.2604	-1.0
231.29692	-1.0
231.29964	-1.0
231.31384	-1.0
231.33304	-1.0
231.36212	-1.0
231.37996	-1.0
231.38252	-1.0
231.40268	-1.0
231.40665	-1.0
231.4306	-1.0
231.43929	-1.0
231.46964	-1.0
231.51884	-1.0
231.5258	-1.0
231.53735	-1.0
231.59372	-1.0
231.6208	-1.0
231.64748	-1.0
231.6674	-1.0
231.6742	-1.0
231.73956	-1.0
231.7776	-1.0
231.82016	-1.0
231.87389	-1.0
231.89032	-1.0
231.90993	-1.0
231.94373	-1.0
231.94637	-1.0
231.98912	-1.0
231.99164	-1.0
232.012	-1.0
232.05923	-1.0
232.0632	-1.0
232.08456	1.0
232.08736	-1.0
232.14348	-1.0
232.24852	-1.0
232.3364	-1.0
232.4284	-1.0
236.63203	-1.0
236.6348	-1.0
236.63857	-1.0
236.64204	-1.0
236.6468	-1.0
236.64935	1.0
236.65485	-1.0
236.66704	-1.0
236.6868	-1.0
236.71184	1.0
236.72015	-1.0
236.73248	-1.0
236.74048	-1.0
236.74847	-1.0
236.7632	-1.0
236.78345	-1.0
236.80508	-1.0
236.81204	-1.0
236.8196	-1.0
236.83308	-1.0
236.84853	-1.0
236.87589	-1.0
236.89143	-1.0
236.89668	1.0
236.90504	-1.0
236.91669	-1.0
236.91928	-1.0
236.967	-1.0
236.98251	-1.0
237.0054	-1.0
237.01305	-1.0
237.032	-1.0
237.035	1.0
237.07909	-1.0
237.11084	-1.0
237.1142	-1.0
237.14249	-1.0
237.16605	-1.0
237.16953	-1.0
237.18784	-1.0
237.19644	-1.0
237.2002	1.0
237.21632	1.0
237.2422	-1.0
237.24615	-1.0
237.26411	-1.0
237.3032	-1.0
237.3118	-1.0
237.35272	1.0
237.39471	-1.0
237.39824	1.0
237.42767	-1.0
237.4324	-1.0
237.46284	-1.0
237.46751	-1.0
237.47676	1.0
237.4982	-1.0
237.5248	-1.0
237.55312	-1.0
237.61908	-1.0
237.63252	-1.0
237.65392	-1.0
237.71764	-1.0
237.83977	-1.0
237.97476	-1.0
237.993	1.0
238.05156	-1.0
238.05688	-1.0
238.20229	-1.0
238.28355	-1.0
242.17656	-1.0
242.1794	-1.0
242.18916	-1.0
242.19183	-1.0
242.2068	-1.0
242.21024	1.0
242.233	-1.0
242.24472	-1.0
242.24924	-1.0
242.27087	-1.0
242.27516	1.0
242.2814	-1.0
242.29909	-1.0
242.3032	1.0
242.32149	-1.0
242.3242	-1.0
242.32687	1.0
242.34128	-1.0
242.34648	1.0
242.36464	-1.0
242.3684	-1.0
242.408	-1.0
242.41116	-1.0
242.4374	-1.0
242.46204	-1.0
242.48367	-1.0
242.51216	-1.0
242.53207	-1.0
242.55084	-1.0
242.56503	-1.0
242.5684	-1.0
242.57928	-1.0
242.58775	-1.0
242.60344	-1.0
242.6308	-1.0
242.67409	-1.0
242.67924	-1.0
242.70224	-1.0
242.70712	-1.0
242.7296	1.0
242.76132	-1.0
242.78148	-1.0
242.78896	-1.0
242.81577	-1.0
242.84244	-1.0
242.84648	1.0
242.863	-1.0
242.89496	-1.0
242.94025	-1.0
242.99144	-1.0
242.997	-1.0
243.01268	-1.0
243.04572	-1.0
243.07448	-1.0
243.07764	-1.0
243.10764	-1.0
243.11272	-1.0
243.1578	-1.0
243.20032	-1.0
243.20284	-1.0
243.22504	-1.0
243.30424	-1.0
243.32292	-1.0
243.32793	1.0
243.36752	-1.0
243.42668	-1.0
243.4776	-1.0
243.5432	-1.0
243.65729	-1.0
243.66	-1.0
243.6914	-1.0
243.76804	-1.0
243.80612	-1.0
248.65172	-1.0
248.65688	-1.0
248.6598	-1.0
248.66772	-1.0
248.67143	-1.0
248.67397	-1.0
248.68712	-1.0
248.69228	-1.0
248.70052	-1.0
248.70811	-1.0
248.72488	-1.0
248.72928	-1.0
248.75012	1.0
248.75824	-1.0
248.77188	-1.0
248.7862	-1.0
248.79092	1.0
248.8042	-1.0
248.8078	-1.0
248.82784	1.0
248.8454	-1.0
248.85255	-1.0
248.8672	-1.0
248.871	-1.0
248.8958	-1.0
248.91615	-1.0
248.91891	-1.0
248.92252	-1.0
248.94469	-1.0
248.969	-1.0
248.97244	-1.0
248.9944	-1.0
249.00476	-1.0
249.01828	-1.0
249.03012	-1.0
249.04596	-1.0
249.05296	-1.0
249.07983	-1.0
249.08508	1.0
249.08836	1.0
249.109	-1.0
249.13284	-1.0
249.13696	-1.0
249.17757	-1.0
249.19704	-1.0
249.21744	-1.0
249.249	-1.0
249.26823	-1.0
249.33035	-1.0
249.34389	-1.0
249.44025	-1.0
249.5076	-1.0
249.55048	-1.0
249.66196	-1.0
249.70456	-1.0
249.75024	1.0
249.76772	-1.0
249.78217	-1.0
249.86008	-1.0
249.86276	-1.0
249.89188	1.0
249.9098	-1.0
249.92036	-1.0
249.9578	-1.0
250.01744	-1.0
250.0472	-1.0
250.05176	-1.0
250.07408	-1.0
250.077	-1.0
250.12848	-1.0
250.19489	-1.0
250.27003	-1.0
250.35828	-1.0
255.02068	-1.0
255.02444	-1.0
255.02704	-1.0
255.03604	-1.0
255.0412	-1.0
255.05795	-1.0
255.06177	-1.0
255.07228	-1.0
255.0796	-1.0
255.08356	-1.0
255.11096	-1.0
255.11548	-1.0
255.12444	-1.0
255.13583	-1.0
255.16891	-1.0
255.1884	-1.0
255.19331	-1.0
255.1972	-1.0
255.21352	-1.0
255.21628	1.0
255.2348	-1.0
255.23769	-1.0
255.25491	-1.0
255.25755	-1.0
255.26952	-1.0
255.2798	-1.0
255.305	-1.0
255.3076	-1.0
255.3104	-1.0
255.34663	-1.0
255.35497	-1.0
255.38837	-1.0
255.40948	-1.0
255.41736	-1.0
255.43063	-1.0
255.4506	-1.0
255.455	1.0
255.4822	-1.0
255.48792	-1.0
255.4914	1.0
255.50328	-1.0
255.53291	-1.0
255.56328	-1.0
255.587	-1.0
255.62004	-1.0
255.62315	-1.0
255.63963	-1.0
255.66072	-1.0
255.66644	-1.0
255.68884	-1.0
255.73009	1.0
255.75732	-1.0
255.78175	-1.0
255.7968	-1.0
255.81584	-1.0
255.81876	-1.0
255.85307	-1.0
255.87888	-1.0
255.89336	-1.0
255.91788	-1.0
255.93132	-1.0
255.99904	-1.0
256.01627	1.0
256.03516	-1.0
256.04977	-1.0
256.0864	-1.0
256.08972	-1.0
256.1366	-1.0
256.2195	-1.0
256.2239	-1.0
256.29517	-1.0
256.2987	-1.0
256.30255	-1.0
256.35156	-1.0
256.40405	1.0
256.43307	-1.0
256.43893	-1.0
256.5128	-1.0
256.59348	-1.0
260.15515	-1.0
260.2149	-1.0
260.22824	1.0
260.23193	-1.0
260.24817	-1.0
260.25208	-1.0
260.25784	-1.0
260.26355	-1.0
260.26672	-1.0
260.276	-1.0
260.2796	-1.0
260.3028	-1.0
260.30823	-1.0
260.32596	-1.0
260.3296	-1.0
260.3452	-1.0
260.403	-1.0
260.43753	-1.0
260.4431	-1.0
260.46228	-1.0
260.48297	-1.0
260.50647	-1.0
260.51093	-1.0
260.52725	-1.0
260.54565	-1.0
260.56583	-1.0
260.57224	-1.0
260.57593	-1.0
260.6009	-1.0
260.6565	-1.0
260.66107	-1.0
260.6642	-1.0
260.68933	-1.0
260.72668	-1.0
260.76132	-1.0
260.76593	-1.0
260.85397	-1.0
260.88995	-1.0
260.9222	-1.0
260.92664	-1.0
260.95273	-1.0
260.96603	-1.0
261.03848	-1.0
261.08237	-1.0
261.0882	-1.0
261.10788	1.0
261.1198	-1.0
261.13257	-1.0
261.1483	-1.0
261.20023	-1.0
261.20447	-1.0
261.2535	-1.0
261.34457	-1.0
261.35123	-1.0
261.35632	-1.0
261.39825	-1.0
261.5058	-1.0
261.5922	-1.0
261.76175	-1.0
261.85117	-1.0
265.63467	-1.0
265.65292	-1.0
265.69193	-1.0
265.7032	-1.0
265.70663	-1.0
265.70935	-1.0
265.72308	-1.0
265.72903	-1.0
265.7317	-1.0
265.74765	-1.0
265.75116	-1.0
265.75735	1.0
265.7708	-1.0
265.77377	-1.0
265.79645	-1.0
265.8024	1.0
265.80493	-1.0
265.82443	-1.0
265.82733	1.0
265.83017	-1.0
265.8471	-1.0
265.85587	-1.0
265.88123	-1.0
265.8857	-1.0
265.90308	-1.0
265.90628	-1.0
265.93164	-1.0
265.9551	-1.0
265.9723	1.0
265.99832	-1.0
266.00217	-1.0
266.00513	-1.0
266.0439	-1.0
266.05063	-1.0
266.05325	-1.0
266.09064	-1.0
266.09406	-1.0
266.11447	-1.0
266.1253	-1.0
266.1621	-1.0
266.16693	-1.0
266.1992	-1.0
266.2306	-1.0
266.27103	-1.0
266.27612	-1.0
266.30145	-1.0
266.305	-1.0
266.34387	-1.0
266.3467	-1.0
266.37552	-1.0
266.39905	-1.0
266.4023	-1.0
266.4072	1.0
266.44003	1.0
266.46155	-1.0
266.4656	-1.0
266.50476	1.0
266.54977	-1.0
266.55237	-1.0
266.574	-1.0
266.6487	-1.0
266.67093	-1.0
266.67493	1.0
266.71564	-1.0
266.73264	-1.0
266.74417	-1.0
266.7886	-1.0
266.83365	-1.0
266.8642	1.0
266.90753	-1.0
266.91544	-1.0
266.91827	-1.0
266.9607	-1.0
266.98856	-1.0
267.02512	-1.0
267.06516	-1.0
267.14444	1.0
267.21985	-1.0
271.2382	-1.0
271.25888	-1.0
271.26144	-1.0
271.27893	-1.0
271.28665	-1.0
271.2998	-1.0
271.30307	-1.0
271.31888	-1.0
271.3245	-1.0
271.34167	-1.0
271.34448	-1.0
271.35352	-1.0
271.37003	-1.0
271.37787	-1.0
271.39148	-1.0
271.3947	-1.0
271.41043	-1.0
271.42447	-1.0
271.43448	-1.0
271.4533	-1.0
271.46625	-1.0
271.48145	-1.0
271.48395	-1.0
271.50732	-1.0
271.50983	-1.0
271.53836	-1.0
271.54645	-1.0
271.5653	1.0
271.5688	-1.0
271.6012	1.0
271.61652	-1.0
271.64032	-1.0
271.64352	-1.0
271.64624	-1.0
271.66605	1.0
271.6702	-1.0
271.71625	-1.0
271.72556	-1.0
271.77017	-1.0
271.77432	-1.0
271.7776	1.0
271.80264	-1.0
271.80685	1.0
271.88916	-1.0
271.92953	-1.0
271.94223	-1.0
271.95355	-1.0
271.98975	-1.0
272.0078	-1.0
272.037	-1.0
272.06964	-1.0
272.0726	-1.0
272.1023	-1.0
272.15915	-1.0
272.18417	1.0
272.20648	-1.0
272.241	-1.0
272.25543	-1.0
272.293	-1.0
272.3116	-1.0
272.37744	-1.0
272.38065	-1.0
272.404	-1.0
272.50687	-1.0
272.59476	-1.0
274.82928	-1.0
274.84393	-1.0
274.84708	-1.0
274.84988	-1.0
274.86008	1.0
274.86508	-1.0
274.87332	1.0
274.89963	-1.0
274.9161	-1.0
274.9206	1.0
274.9298	-1.0
274.9485	-1.0
274.96713	-1.0
274.9744	-1.0
275.00372	-1.0
275.0121	-1.0
275.0355	-1.0
275.06003	-1.0
275.07056	1.0
275.07324	-1.0
275.11633	-1.0
275.12265	-1.0
275.14032	-1.0
275.14944	-1.0
275.16525	-1.0
275.16824	-1.0
275.21768	-1.0
275.24887	1.0
275.2538	-1.0
275.25888	-1.0
275.2702	-1.0
275.28784	-1.0
275.3006	-1.0
275.3041	-1.0
275.373	-1.0
275.38333	-1.0
275.40555	-1.0
275.42795	-1.0
275.44833	-1.0
275.45953	-1.0
275.4749	-1.0
275.50784	-1.0
275.54315	-1.0
275.59344	-1.0
275.6254	-1.0
275.62845	-1.0
275.66907	1.0
275.69012	-1.0
275.7033	-1.0
275.74026	-1.0
275.76108	-1.0
275.78708	-1.0
275.84445	-1.0
275.88196	-1.0
275.8971	-1.0
275.9294	-1.0
275.9625	-1.0
275.9654	-1.0
276.01804	-1.0
276.02435	-1.0
281.39804	-1.0
281.40137	-1.0
281.4082	-1.0
281.414	-1.0
281.427	-1.0
281.4329	-1.0
281.43625	-1.0
281.4564	-1.0
281.46	1.0
281.486	-1.0
281.49228	-1.0
281.50653	-1.0
281.52567	1.0
281.54248	-1.0
281.5472	-1.0
281.5608	-1.0
281.5676	-1.0
281.60938	-1.0
281.6533	1.0
281.6558	1.0
281.6598	1.0
281.68533	-1.0
281.68793	-1.0
281.7129	-1.0
281.7321	-1.0
281.73477	-1.0
281.766	-1.0
281.78143	-1.0
281.79523	-1.0
281.80112	1.0
281.80856	-1.0
281.8271	-1.0
281.85532	-1.0
281.88065	-1.0
281.88327	-1.0
281.88705	-1.0
281.8915	-1.0
281.89633	-1.0
281.94904	-1.0
281.9763	-1.0
281.9981	-1.0
282.00388	-1.0
282.0265	-1.0
282.0323	-1.0
282.06543	-1.0
282.1072	-1.0
282.13123	-1.0
282.14633	-1.0
282.18088	-1.0
282.18985	-1.0
282.21457	1.0
282.2273	-1.0
282.25476	-1.0
282.25845	-1.0
282.26437	-1.0
282.28812	-1.0
282.31616	-1.0
282.359	-1.0
282.39215	-1.0
282.42395	-1.0
282.47043	-1.0
282.48453	-1.0
282.5164	-1.0
282.52612	-1.0
282.5636	-1.0
282.56836	-1.0
282.60596	-1.0
282.6706	-1.0
282.6888	-1.0
286.41095	-1.0
286.41617	-1.0
286.41916	-1.0
286.42853	-1.0
286.4319	-1.0
286.43912	-1.0
286.45047	-1.0
286.46704	-1.0
286.4701	-1.0
286.4749	1.0
286.486	-1.0
286.48907	-1.0
286.49463	-1.0
286.52087	-1.0
286.52353	-1.0
286.5389	-1.0
286.54532	-1.0
286.56512	-1.0
286.57217	-1.0
286.5987	-1.0
286.6021	-1.0
286.6177	-1.0
286.62103	-1.0
286.62555	1.0
286.6538	-1.0
286.6752	-1.0
286.67972	-1.0
286.69647	-1.0
286.71704	-1.0
286.7196	-1.0
286.7331	-1.0
286.74597	-1.0
286.74857	-1.0
286.75165	-1.0
286.77097	-1.0
286.79617	-1.0
286.80087	-1.0
286.8369	-1.0
286.84372	1.0
286.91455	-1.0
286.918	-1.0
286.9409	-1.0
286.94928	1.0
286.956	-1.0
286.97787	-1.0
286.9972	-1.0
287.04285	-1.0
287.0568	-1.0
287.11993	-1.0
287.1541	-1.0
287.17935	-1.0
287.18863	-1.0
287.24368	-1.0
287.2492	-1.0
287.2961	-1.0
287.30212	1.0
287.33356	-1.0
287.35745	-1.0
287.44083	-1.0
287.47153	-1.0
287.4776	-1.0
287.5566	-1.0
287.56104	-1.0
287.60968	-1.0
289.99152	-1.0
290.01193	-1.0
290.01453	-1.0
290.0185	-1.0
290.04312	-1.0
290.0523	-1.0
290.0714	-1.0
290.07803	-1.0
290.10593	-1.0
290.11627	-1.0
290.12033	-1.0
290.14285	-1.0
290.14536	-1.0
290.1632	-1.0
290.16943	-1.0
290.195	-1.0
290.19943	1.0
290.21692	-1.0
290.26083	-1.0
290.29944	-1.0
290.3066	-1.0
290.3091	-1.0
290.3406	-1.0
290.34387	-1.0
290.3471	-1.0
290.39832	-1.0
290.40372	-1.0
290.42044	-1.0
290.42935	-1.0
290.4506	-1.0
290.50735	-1.0
290.52567	-1.0
290.53217	-1.0
290.5485	-1.0
290.57184	-1.0
290.61984	1.0
290.64432	-1.0
290.6967	-1.0
290.72195	-1.0
290.7325	1.0
290.76416	-1.0
290.77057	-1.0
290.81973	-1.0
290.8239	-1.0
290.83777	-1.0
290.94153	-1.0
290.9892	-1.0
290.9924	-1.0
291.09323	-1.0
291.15768	-1.0
295.44077	-1.0
295.45108	-1.0
295.45624	1.0
295.4789	-1.0
295.4976	-1.0
295.50247	-1.0
295.50552	1.0
295.51328	-1.0
295.52667	-1.0
295.53125	-1.0
295.53625	-1.0
295.5543	-1.0
295.5725	-1.0
295.5757	-1.0
295.57993	-1.0
295.6008	1.0
295.60715	-1.0
295.6357	-1.0
295.6386	-1.0
295.66977	-1.0
295.68176	-1.0
295.6883	-1.0
295.7144	-1.0
295.72067	-1.0
295.7393	1.0
295.75235	-1.0
295.76416	-1.0
295.78305	-1.0
295.78848	1.0
295.81656	1.0
295.8508	-1.0
295.85544	-1.0
295.88513	-1.0
295.91675	-1.0
295.93048	-1.0
295.9456	-1.0
295.9741	-1.0
295.99292	-1.0
296.00708	1.0
296.0287	-1.0
296.05725	-1.0
296.07843	-1.0
296.08203	-1.0
296.09973	-1.0
296.17337	-1.0
296.17697	-1.0
296.18335	-1.0
296.22897	-1.0
296.28705	-1.0
296.29077	-1.0
296.33203	-1.0
296.41052	-1.0
296.4134	-1.0
296.42456	-1.0
296.48657	-1.0
296.4965	-1.0
296.55353	-1.0
296.6323	-1.0
300.3988	-1.0
300.40588	-1.0
300.41592	-1.0
300.41904	1.0
300.43872	-1.0
300.4424	1.0
300.4644	-1.0
300.48767	-1.0
300.5184	-1.0
300.5241	-1.0
300.54608	-1.0
300.55103	-1.0
300.55743	1.0
300.5732	-1.0
300.57745	1.0
300.59604	-1.0
300.61288	-1.0
300.62576	1.0
300.64008	-1.0
300.6432	-1.0
300.64673	-1.0
300.67252	-1.0
300.68787	-1.0
300.6913	-1.0
300.71283	-1.0
300.72723	-1.0
300.7473	1.0
300.76096	-1.0
300.82684	-1.0
300.85477	-1.0
300.90268	-1.0
300.90707	-1.0
301.02765	1.0
301.04977	-1.0
301.05817	-1.0
301.06577	-1.0
301.11075	-1.0
301.16168	-1.0
301.1957	-1.0
301.2111	-1.0
301.21448	-1.0
301.3343	-1.0
301.40396	-1.0
301.40735	-1.0
301.40988	-1.0
301.49863	-1.0
301.5106	1.0
301.5461	-1.0
301.54895	-1.0
305.43744	-1.0
305.4402	-1.0
305.4471	-1.0
305.4632	-1.0
305.47372	-1.0
305.4999	-1.0
305.5027	-1.0
305.50537	-1.0
305.52316	-1.0
305.54532	1.0
305.55148	-1.0
305.55472	-1.0
305.5788	-1.0
305.5816	-1.0
305.5899	-1.0
305.59552	-1.0
305.60303	-1.0
305.6058	-1.0
305.6323	-1.0
305.6603	-1.0
305.66284	-1.0
305.66595	-1.0
305.6891	1.0
305.69995	-1.0
305.70297	1.0
305.76004	-1.0
305.76428	-1.0
305.7683	1.0
305.80655	-1.0
305.8302	-1.0
305.8545	-1.0
305.86725	-1.0
305.9085	-1.0
305.91132	-1.0
305.95572	1.0
305.99356	-1.0
306.0243	-1.0
306.0308	-1.0
306.076	-1.0
306.12033	-1.0
306.13757	-1.0
306.144	-1.0
306.1712	-1.0
306.17517	-1.0
306.17767	-1.0
306.21048	-1.0
306.24734	-1.0
306.25092	1.0
306.2698	-1.0
306.29123	1.0
306.32108	-1.0
306.3409	-1.0
306.39084	-1.0
306.42072	-1.0
306.4807	-1.0
306.4835	-1.0
310.24377	-1.0
310.2469	-1.0
310.25095	-1.0
310.25412	-1.0
310.2626	-1.0
310.27985	1.0
310.28268	-1.0
310.28928	-1.0
310.29193	1.0
310.29443	1.0
310.32855	-1.0
310.33148	-1.0
310.334	-1.0
310.3704	-1.0
310.37537	-1.0
310.39655	-1.0
310.45712	-1.0
310.46448	-1.0
310.46835	1.0
310.49146	-1.0
310.4958	-1.0
310.5171	-1.0
310.58163	-1.0
310.5848	-1.0
310.59286	-1.0
310.6541	1.0
310.6918	1.0
310.71207	-1.0
310.71664	-1.0
310.72888	-1.0
310.74863	-1.0
310.7914	-1.0
310.79468	-1.0
310.83716	-1.0
310.84036	-1.0
310.88657	-1.0
310.88925	-1.0
310.91403	-1.0
310.92316	-1.0
310.92856	-1.0
310.9311	-1.0
310.98453	-1.0
310.98816	-1.0
311.03592	-1.0
311.12384	-1.0
311.19693	-1.0
311.1996	-1.0
315.8821	-1.0
315.89136	-1.0
315.89883	-1.0
315.9217	-1.0
315.93668	1.0
315.94247	-1.0
315.95593	-1.0
315.959	-1.0
315.97177	-1.0
315.9846	-1.0
316.00253	-1.0
316.00757	-1.0
316.02094	-1.0
316.02808	1.0
316.06067	-1.0
316.08737	-1.0
316.0904	-1.0
316.12817	-1.0
316.13123	-1.0
316.14285	-1.0
316.15564	1.0
316.18765	-1.0
316.20004	-1.0
316.20908	-1.0
316.23392	-1.0
316.25113	-1.0
316.27124	-1.0
316.2835	-1.0
316.2998	-1.0
316.34668	-1.0
316.38577	-1.0
316.3975	-1.0
316.4055	-1.0
316.43863	-1.0
316.47632	1.0
316.5223	-1.0
316.5518	-1.0
316.55548	-1.0
316.623	-1.0
316.62616	-1.0
316.66367	-1.0
316.6721	-1.0
316.72113	-1.0
316.8224	-1.0
316.86127	-1.0
316.88632	-1.0
321.00916	1.0
321.02017	-1.0
321.0269	-1.0
321.03323	1.0
321.04724	-1.0
321.05072	-1.0
321.0566	-1.0
321.0756	-1.0
321.0785	-1.0
321.10303	-1.0
321.12317	-1.0
321.12836	-1.0
321.16415	-1.0
321.177	1.0
321.20044	-1.0
321.22424	-1.0
321.24133	-1.0
321.27872	-1.0
321.28357	-1.0
321.307	-1.0
321.35684	-1.0
321.3615	-1.0
321.37512	-1.0
321.3886	-1.0
321.43463	-1.0
321.4614	-1.0
321.4687	1.0
321.49933	-1.0
321.5161	-1.0
321.53445	-1.0
321.54477	-1.0
321.56528	-1.0
321.60165	-1.0
321.62207	-1.0
321.66803	1.0
321.68445	-1.0
321.71667	-1.0
321.7884	-1.0
321.83905	-1.0
321.85843	-1.0
321.8648	-1.0
321.9394	-1.0
322.0584	-1.0
322.06104	-1.0
325.959	-1.0
325.97537	-1.0
325.9798	1.0
325.99615	-1.0
326.01245	-1.0
326.02905	-1.0
326.05063	-1.0
326.07065	-1.0
326.07736	-1.0
326.09387	-1.0
326.0999	-1.0
326.11453	1.0
326.13657	-1.0
326.14197	-1.0
326.2123	-1.0
326.2151	-1.0
326.2425	-1.0
326.2537	1.0
326.28104	-1.0
326.31976	-1.0
326.36432	-1.0
326.37616	-1.0
326.3875	-1.0
326.41785	-1.0
326.44705	-1.0
326.4584	-1.0
326.4889	-1.0
326.499	-1.0
326.50153	-1.0
326.5128	1.0
326.55032	-1.0
326.5538	-1.0
326.617	1.0
326.6701	-1.0
326.67316	-1.0
326.6936	-1.0
326.70767	-1.0
326.71033	-1.0
326.7885	-1.0
326.7912	-1.0
326.8593	-1.0
326.88345	-1.0
326.97693	-1.0
327.03336	-1.0
327.17368	-1.0
331.8307	-1.0
331.85245	-1.0
331.85495	-1.0
331.85803	-1.0
331.86105	-1.0
331.86612	-1.0
331.87683	-1.0
331.87936	-1.0
331.88272	1.0
331.89493	-1.0
331.9066	-1.0
331.91867	-1.0
331.9446	-1.0
331.97156	-1.0
331.99036	-1.0
332.02744	-1.0
332.04053	-1.0
332.06827	-1.0
332.09683	-1.0
332.11844	-1.0
332.13373	-1.0
332.17252	-1.0
332.1971	-1.0
332.2147	-1.0
332.2963	-1.0
332.30893	-1.0
332.3449	-1.0
332.3487	-1.0
332.409	-1.0
332.4126	-1.0
332.45297	-1.0
332.5447	-1.0
332.5978	-1.0
332.71243	-1.0
336.7578	-1.0
338.20987	-1.0
338.22397	1.0
338.22675	-1.0
338.239	-1.0
338.24417	-1.0
338.26312	-1.0
338.27713	-1.0
338.28568	-1.0
338.29007	1.0
338.29657	-1.0
338.3168	-1.0
338.33072	-1.0
338.35165	-1.0
338.35416	1.0
338.35864	1.0
338.42072	-1.0
338.4238	-1.0
338.47528	-1.0
338.491	-1.0
338.51224	-1.0
338.5537	-1.0
338.5824	-1.0
338.67416	-1.0
338.69757	-1.0
338.77124	-1.0
338.8048	-1.0
338.81693	-1.0
338.82037	-1.0
338.83032	-1.0
338.834	-1.0
338.86777	-1.0
338.93057	-1.0
338.94247	-1.0
338.98764	-1.0
339.08505	-1.0
339.19727	-1.0
343.2479	-1.0
343.27386	-1.0
343.28925	-1.0
343.2922	-1.0
343.29895	1.0
343.31952	1.0
343.32556	-1.0
343.3293	-1.0
343.34235	-1.0
343.35385	-1.0
343.38263	-1.0
343.38605	-1.0
343.39584	-1.0
343.4225	1.0
343.44244	-1.0
343.45193	-1.0
343.48804	-1.0
343.50912	-1.0
343.56345	-1.0
343.5666	-1.0
343.57135	-1.0
343.61707	-1.0
343.62344	-1.0
343.64044	-1.0
343.7483	-1.0
343.7518	-1.0
343.8916	-1.0
343.89603	-1.0
343.92908	-1.0
348.6341	-1.0
348.64273	-1.0
348.65027	-1.0
348.65396	-1.0
348.66052	1.0
348.6812	-1.0
348.71097	-1.0
348.7136	1.0
348.71988	-1.0
348.7609	-1.0
348.7634	1.0
348.76645	1.0
348.85803	-1.0
348.98788	-1.0
349.03735	-1.0
349.06195	-1.0
349.1656	-1.0
349.20868	-1.0
349.28033	-1.0
349.33463	-1.0
349.3756	-1.0
349.38965	-1.0
349.43964	-1.0
349.51535	-1.0
349.519	-1.0
349.56796	-1.0
353.66	-1.0
353.67743	-1.0
353.71472	-1.0
353.7204	1.0
353.72403	-1.0
353.81616	-1.0
353.88455	-1.0
353.985	-1.0
354.01456	-1.0
354.02756	-1.0
354.0534	-1.0
354.0672	-1.0
354.09875	-1.0
354.1016	-1.0
354.24283	-1.0
354.24588	-1.0
354.3246	-1.0
354.34644	-1.0
354.38785	-1.0
354.44073	-1.0
354.45563	-1.0
354.46933	-1.0
354.4894	-1.0
354.5288	-1.0
354.6585	-1.0
354.66153	-1.0
358.41565	-1.0
358.4236	1.0
358.42767	-1.0
358.43375	-1.0
358.44644	-1.0
358.44928	-1.0
358.45575	-1.0
358.4781	-1.0
358.5362	-1.0
358.57312	-1.0
358.60815	-1.0
358.68872	-1.0
358.7162	-1.0
358.76804	1.0
358.81567	-1.0
358.85275	-1.0
358.94223	-1.0
358.94525	-1.0
359.1098	1.0
359.11948	-1.0
359.27957	-1.0
363.49173	-1.0
363.5111	-1.0
363.56757	-1.0
363.61743	-1.0
363.64505	-1.0
363.6477	-1.0
363.6516	-1.0
363.67715	-1.0
363.74432	-1.0
363.76743	-1.0
363.82608	-1.0
363.92267	-1.0
364.1074	1.0
364.207	1.0
364.2486	-1.0
364.2514	-1.0
364.33987	-1.0
364.38864	1.0
364.4124	-1.0
364.46347	-1.0
364.49387	-1.0
364.51892	-1.0
364.537	1.0
364.56335	-1.0
364.58295	-1.0
368.40015	-1.0
368.46625	-1.0
368.50327	-1.0
368.58633	-1.0
368.65497	1.0
368.717	-1.0
368.80872	-1.0
368.812	-1.0
368.8184	1.0
368.84723	-1.0
368.8547	-1.0
368.932	-1.0
368.93555	-1.0
368.98715	-1.0
369.03003	-1.0
373.22363	-1.0
373.2333	-1.0
373.24133	1.0
373.28003	-1.0
373.30212	-1.0
373.36917	-1.0
373.4504	-1.0
373.4685	-1.0
373.4767	1.0
373.5633	-1.0
373.75	1.0
373.7947	-1.0
373.80585	-1.0
373.85275	-1.0
373.87885	-1.0
373.94275	1.0
374.07404	1.0
374.10333	-1.0
378.10135	-1.0
378.15213	-1.0
378.1753	-1.0
378.1806	-1.0
378.3875	-1.0
378.42422	1.0
378.50577	-1.0
378.53668	-1.0
378.55475	-1.0
378.62045	-1.0
378.9478	-1.0
383.06332	-1.0
383.1065	-1.0
383.11832	1.0
383.12207	-1.0
383.12775	1.0
383.14252	-1.0
383.17407	-1.0
383.1801	-1.0
383.30048	-1.0
383.34033	-1.0
383.3476	-1.0
383.37234	1.0
383.6304	1.0
383.94965	-1.0
383.97064	1.0
384.11444	1.0
388.13135	1.0
388.1862	-1.0
388.2073	-1.0
388.21033	-1.0
388.21405	-1.0
388.2498	-1.0
388.33572	-1.0
388.37555	-1.0
388.38528	1.0
388.43683	-1.0
388.52875	-1.0
388.84177	-1.0
388.9332	-1.0
392.85876	-1.0
392.8821	-1.0
392.9268	-1.0
392.9468	-1.0
392.9569	-1.0
392.96405	-1.0
392.97443	-1.0
393.01376	-1.0
393.04956	-1.0
393.05463	1.0
393.12433	-1.0
393.1757	-1.0
393.23727	-1.0
393.24155	-1.0
393.32605	-1.0
393.49255	-1.0
397.2461	-1.0
397.2929	-1.0
397.3196	-1.0
397.3373	-1.0
397.3504	-1.0
397.40808	-1.0
397.4306	1.0
397.4606	-1.0
397.47452	-1.0
397.48056	1.0
397.50772	-1.0
397.59247	-1.0
402.1786	1.0
402.19125	-1.0
402.20828	-1.0
402.24368	-1.0
402.24704	-1.0
402.2806	-1.0
402.28363	1.0
402.328	-1.0
402.38208	-1.0
402.482	-1.0
402.54376	-1.0
402.91324	-1.0
407.50616	-1.0
407.5167	-1.0
407.52203	-1.0
407.54068	-1.0
407.54437	1.0
407.5803	-1.0
407.62393	-1.0
407.63156	1.0
407.66455	-1.0
407.67035	-1.0
407.7664	-1.0
407.8408	-1.0
408.02673	-1.0
411.80588	-1.0
411.83456	-1.0
411.857	-1.0
411.8749	-1.0
411.8968	-1.0
411.92792	-1.0
411.948	1.0
411.96823	-1.0
412.04797	-1.0
412.1093	-1.0
412.13245	1.0
412.2184	-1.0
412.5504	-1.0
412.64752	-1.0
412.71237	-1.0
416.6108	-1.0
416.6233	-1.0
416.62756	-1.0
416.6406	-1.0
416.64325	-1.0
416.65564	-1.0
416.68008	-1.0
416.69595	1.0
416.71384	-1.0
416.7405	-1.0
416.80212	-1.0
416.80463	-1.0
416.84833	-1.0
417.02112	-1.0
417.16687	-1.0
417.19235	-1.0
417.36215	-1.0
421.28265	-1.0
421.3256	-1.0
421.33987	-1.0
421.35696	-1.0
421.3746	1.0
421.40317	-1.0
421.428	-1.0
421.4512	-1.0
421.51483	1.0
421.54095	-1.0
421.62476	-1.0
421.67767	-1.0
421.68045	-1.0
421.702	-1.0
421.73303	-1.0
421.78516	-1.0
421.78976	-1.0
422.0501	-1.0
425.69928	-1.0
425.7018	1.0
425.73672	-1.0
425.75	-1.0
425.7575	-1.0
425.76495	-1.0
425.80423	-1.0
425.82172	-1.0
425.86887	-1.0
425.87357	1.0
425.8961	-1.0
425.92703	-1.0
425.96448	-1.0
425.9875	-1.0
425.99545	-1.0
426.01852	-1.0
426.04437	-1.0
426.24988	-1.0
426.31708	-1.0
426.42212	-1.0
426.6016	-1.0
429.6588	1.0
429.67868	-1.0
429.6814	-1.0
429.69727	-1.0
429.71198	-1.0
429.72467	-1.0
429.74747	1.0
429.75748	-1.0
429.7634	-1.0
429.78705	-1.0
429.8204	-1.0
429.85193	-1.0
429.90372	-1.0
430.13483	-1.0
430.31256	-1.0
433.6735	1.0
433.6949	-1.0
433.7034	-1.0
433.71765	-1.0
433.7242	1.0
433.72943	-1.0
433.73853	-1.0
433.7707	-1.0
433.8098	-1.0
433.84497	-1.0
433.84937	-1.0
433.88788	-1.0
433.9426	-1.0
434.02805	-1.0
434.13757	-1.0
434.14465	-1.0
434.49484	-1.0
434.5301	-1.0
437.49817	-1.0
437.52753	-1.0
437.54395	-1.0
437.56064	-1.0
437.61688	-1.0
437.63083	-1.0
437.65125	-1.0
437.68787	-1.0
437.7163	1.0
437.73865	-1.0
437.79	-1.0
437.79416	-1.0
438.12607	-1.0
442.50745	-1.0
442.52493	-1.0
442.53305	-1.0
442.54922	-1.0
442.5667	1.0
442.57333	-1.0
442.59528	-1.0
442.60248	1.0
442.63263	-1.0
442.6765	-1.0
442.7272	1.0
442.7537	-1.0
442.77347	-1.0
442.78693	-1.0
442.81155	-1.0
442.83484	-1.0
442.83743	-1.0
442.86105	-1.0
442.8831	-1.0
446.39062	-1.0
446.4159	-1.0
446.42908	-1.0
446.43195	-1.0
446.4553	-1.0
446.49213	-1.0
446.50693	-1.0
446.53088	-1.0
446.58148	-1.0
446.8074	-1.0
446.88052	-1.0
450.4094	-1.0
450.4174	1.0
450.42325	-1.0
450.43393	-1.0
450.45053	-1.0
450.45404	-1.0
450.47705	-1.0
450.49777	1.0
450.5096	-1.0
450.5396	-1.0
450.5746	-1.0
450.6111	1.0
450.67197	-1.0
450.6977	-1.0
450.82495	-1.0
450.84808	-1.0
450.9113	-1.0
453.93243	-1.0
453.95255	1.0
453.96677	-1.0
453.9846	-1.0
454.00323	-1.0
454.0246	-1.0
454.14117	-1.0
454.16064	-1.0
454.20868	-1.0
454.27048	-1.0
454.33276	-1.0
454.35147	-1.0
457.48236	-1.0
457.49445	-1.0
457.5013	-1.0
457.5122	-1.0
457.52765	1.0
457.53653	-1.0
457.54556	-1.0
457.56985	-1.0
457.6092	-1.0
457.6255	-1.0
457.6288	-1.0
457.63644	-1.0
457.64655	1.0
457.652	-1.0
457.7214	-1.0
457.74387	-1.0
457.76743	-1.0
457.83136	-1.0
457.86807	-1.0
457.8862	-1.0
457.98013	-1.0
458.0728	-1.0
460.738	1.0
460.75146	-1.0
460.754	-1.0
460.77292	-1.0
460.77612	-1.0
460.79672	-1.0
460.8216	1.0
460.8249	-1.0
460.8321	-1.0
460.84296	-1.0
460.85803	-1.0
460.8756	-1.0
460.94168	-1.0
461.0322	-1.0
461.0525	-1.0
461.07193	-1.0
461.1036	-1.0
461.2754	-1.0
461.34152	-1.0
464.20416	1.0
464.21228	-1.0
464.216	-1.0
464.2213	-1.0
464.22772	-1.0
464.23395	-1.0
464.238	-1.0
464.24277	-1.0
464.25076	-1.0
464.2732	-1.0
464.31616	-1.0
464.35355	-1.0
464.3594	-1.0
464.3652	1.0
464.3846	-1.0
464.42737	-1.0
464.44272	-1.0
467.69464	-1.0
467.71152	-1.0
467.73343	-1.0
467.74753	1.0
467.75488	-1.0
467.77588	-1.0
467.80692	-1.0
467.82767	-1.0
467.85104	-1.0
467.85477	1.0
467.87527	-1.0
467.92328	1.0
468.07037	-1.0
468.3697	-1.0
470.99103	-1.0
470.9954	-1.0
471.00244	-1.0
471.0208	-1.0
471.0302	-1.0
471.03928	1.0
471.06512	-1.0
471.06824	-1.0
471.0712	1.0
471.1062	-1.0
471.1303	-1.0
471.17136	-1.0
471.23163	-1.0
471.23807	-1.0
471.38275	-1.0
471.46588	-1.0
471.48697	-1.0
471.60205	-1.0
473.9284	-1.0
473.95587	-1.0
473.9587	-1.0
473.9826	-1.0
473.9852	-1.0
474.0049	-1.0
474.03207	-1.0
474.05	-1.0
474.08847	-1.0
474.16125	-1.0
474.44464	-1.0
474.4956	-1.0
476.93423	1.0
476.94205	-1.0
476.95276	-1.0
476.9698	-1.0
476.98788	-1.0
476.99356	-1.0
477.0273	-1.0
477.0651	-1.0
477.08435	-1.0
477.16183	-1.0
477.20786	-1.0
477.21347	-1.0
477.4218	-1.0
479.82776	1.0
479.84564	-1.0
479.8504	-1.0
479.86752	-1.0
479.87244	-1.0
479.8942	-1.0
479.91705	-1.0
479.9489	-1.0
479.97928	-1.0
480.0207	-1.0
480.025	-1.0
480.08264	-1.0
480.1165	-1.0
480.23355	-1.0
482.52356	-1.0
482.53745	-1.0
482.5541	-1.0
482.57736	-1.0
482.62173	-1.0
482.62704	1.0
482.65805	-1.0
482.7245	-1.0
482.79404	-1.0
482.8231	-1.0
483.0108	-1.0
485.73865	-1.0
485.74857	1.0
485.76788	-1.0
485.7838	-1.0
485.81192	-1.0
485.81555	-1.0
485.83676	-1.0
485.8611	-1.0
485.8804	-1.0
485.8834	1.0
485.8884	-1.0
485.9149	-1.0
485.91855	-1.0
485.9652	-1.0
486.0711	-1.0
486.38843	-1.0
489.09885	-1.0
489.11533	-1.0
489.12848	-1.0
489.13797	-1.0
489.1789	-1.0
489.1815	-1.0
489.209	1.0
489.24228	-1.0
489.2729	-1.0
489.36392	-1.0
489.38596	-1.0
489.46713	-1.0
489.51672	-1.0
489.6169	-1.0
489.71417	-1.0
489.74887	-1.0
492.70984	-1.0
492.71472	-1.0
492.7347	-1.0
492.7374	-1.0
492.74448	-1.0
492.75684	-1.0
492.77832	1.0
492.78937	-1.0
492.79333	-1.0
492.81528	-1.0
492.81836	-1.0
492.84137	-1.0
492.91583	-1.0
493.0168	-1.0
493.04495	1.0
493.11444	-1.0
493.14877	-1.0
493.342	-1.0
495.46408	-1.0
495.49033	-1.0
495.49847	-1.0
495.5156	-1.0
495.5272	-1.0
495.5332	-1.0
495.5462	-1.0
495.5644	-1.0
495.59583	-1.0
495.64227	-1.0
495.66415	-1.0
495.73337	-1.0
495.76135	1.0
495.876	-1.0
498.51544	-1.0
498.53107	1.0
498.5336	-1.0
498.54712	-1.0
498.55737	-1.0
498.561	-1.0
498.57132	-1.0
498.5756	1.0
498.5878	-1.0
498.5988	-1.0
498.6234	-1.0
498.627	-1.0
498.64316	-1.0
498.68253	-1.0
498.71024	-1.0
498.76083	-1.0
498.81805	-1.0
498.8648	-1.0
498.8673	-1.0
499.05365	-1.0
503.90207	-1.0
503.9149	-1.0
503.93185	-1.0
503.94595	-1.0
503.9485	-1.0
503.96008	-1.0
503.97485	-1.0
504.00464	-1.0
504.02423	-1.0
504.0439	-1.0
504.0763	1.0
504.18115	-1.0
504.19272	1.0
504.24652	-1.0
504.41977	-1.0
504.53967	-1.0
506.86188	-1.0
506.8709	-1.0
506.89648	-1.0
506.91324	-1.0
506.91653	-1.0
506.93665	-1.0
506.94083	-1.0
506.97675	-1.0
507.0056	-1.0
507.0241	-1.0
507.07156	-1.0
509.43958	-1.0
509.45367	-1.0
509.4566	-1.0
509.48636	-1.0
509.49167	-1.0
509.50476	-1.0
509.54932	-1.0
509.58707	1.0
509.65533	-1.0
509.80884	-1.0
509.8596	-1.0
512.6252	-1.0
512.6495	-1.0
512.67096	-1.0
512.69684	-1.0
512.7182	-1.0
512.7749	-1.0
512.79346	1.0
512.876	-1.0
512.93555	-1.0
512.98926	-1.0
515.3412	-1.0
515.3618	-1.0
515.36804	-1.0
515.38086	-1.0
515.40295	-1.0
515.4268	-1.0
515.522	-1.0
515.66235	-1.0
518.25494	-1.0
518.2818	1.0
518.29144	-1.0
518.31085	-1.0
518.34033	-1.0
518.3609	-1.0
518.3834	-1.0
518.4136	-1.0
518.46185	-1.0
518.48035	1.0
518.5157	-1.0
518.6086	-1.0
521.42426	-1.0
521.43506	-1.0
521.44354	-1.0
521.452	-1.0
521.4617	1.0
521.478	-1.0
521.4815	-1.0
521.51526	-1.0
521.5257	1.0
521.54095	-1.0
521.58386	-1.0
521.6486	-1.0
521.68353	-1.0
521.72394	-1.0
524.22815	1.0
524.24005	-1.0
524.25916	-1.0
524.28815	-1.0
524.3236	-1.0
524.37085	-1.0
524.4119	-1.0
526.6561	-1.0
526.68713	-1.0
526.7063	-1.0
526.7165	-1.0
526.74817	-1.0
526.7577	-1.0
526.8138	-1.0
526.8596	-1.0
526.9716	1.0
530.1041	-1.0
530.1228	-1.0
530.1503	-1.0
530.15326	1.0
530.17255	-1.0
530.17957	-1.0
530.2166	-1.0
530.2257	-1.0
530.2682	-1.0
530.3514	-1.0
530.3556	-1.0
530.3999	-1.0
533.50073	-1.0
533.5304	-1.0
533.55145	-1.0
533.585	-1.0
533.592	-1.0
533.64246	-1.0
533.71674	-1.0
533.7691	-1.0
535.8581	-1.0
536.08295	1.0
536.3611	-1.0
536.4046	-1.0
536.4542	-1.0
536.457	-1.0
536.48425	-1.0
538.3909	-1.0
538.3976	-1.0
538.42816	-1.0
538.4311	-1.0
538.46265	-1.0
538.4938	-1.0
538.5105	-1.0
538.53766	-1.0
538.5422	-1.0
541.9529	1.0
541.9614	-1.0
541.9833	-1.0
541.98615	-1.0
542.0156	-1.0
542.045	-1.0
542.058	-1.0
542.07104	-1.0
542.13806	-1.0
544.46014	1.0
547.0714	-1.0
547.0966	-1.0
547.1247	-1.0
547.15674	-1.0
547.2122	-1.0
547.2982	-1.0
551.7851	-1.0
551.79877	1.0
551.8089	-1.0
551.8382	-1.0
551.8862	-1.0
551.94147	-1.0
555.99207	-1.0
556.0176	-1.0
556.03455	-1.0
556.05865	-1.0
556.06934	-1.0
556.1087	-1.0
556.11554	-1.0
559.69525	-1.0
559.7263	-1.0
559.75226	-1.0
559.7836	-1.0
559.82355	-1.0
559.85754	-1.0
559.9038	-1.0
559.9533	-1.0
562.9093	1.0
562.95044	-1.0
562.9585	-1.0
562.97095	-1.0
562.9741	-1.0
563.0191	-1.0
566.425	-1.0
566.4537	-1.0
567.19507	1.0
567.2216	-1.0
567.24866	-1.0
567.30853	-1.0
567.3813	1.0
567.4501	-1.0
570.99316	-1.0
571.0575	1.0
571.3532	-1.0
574.87146	1.0
574.88715	-1.0
574.892	1.0
574.91956	-1.0
574.9557	-1.0
575.023	-1.0
578.57385	1.0
578.599	1.0
578.60986	-1.0
578.61346	-1.0
578.6269	-1.0
578.64325	-1.0
578.67474	-1.0
578.7493	-1.0
581.9088	-1.0
581.9218	1.0
581.9367	-1.0
581.94666	-1.0
581.96967	-1.0
582.04645	-1.0
582.0582	1.0
582.1	-1.0
582.167	-1.0
586.67554	-1.0
586.815	-1.0
586.8183	-1.0
586.84064	-1.0
586.9008	-1.0
586.98804	-1.0
593.2046	1.0
593.2458	-1.0
593.2549	-1.0
593.27606	-1.0
597.18787	-1.0
597.23035	-1.0
597.24225	-1.0
597.2481	-1.0
597.26105	-1.0
597.2797	-1.0
597.33246	-1.0
597.4667	-1.0
597.5502	-1.0
