0.01324	-1.0
0.04552	1.0
0.05128	-1.0
0.10288	-1.0
0.12444	-1.0
0.14888	-1.0
0.20388	-1.0
0.25452	-1.0
0.3122	-1.0
0.34168	-1.0
0.36508	-1.0
0.41052	-1.0
0.52072	-1.0
0.65056	-1.0
0.68496	-1.0
0.79064	-1.0
0.82504	-1.0
0.85356	-1.0
1.16312	-1.0
1.29952	-1.0
1.54164	-1.0
5.4306	-1.0
5.44652	-1.0
5.46616	-1.0
5.47372	-1.0
5.48496	-1.0
5.5078	-1.0
5.51588	-1.0
5.52668	-1.0
5.58224	-1.0
5.61864	-1.0
5.6316	-1.0
5.66464	-1.0
5.67668	-1.0
5.69864	-1.0
5.73184	-1.0
5.74512	-1.0
5.7842	1.0
5.78916	-1.0
5.82632	-1.0
5.87536	-1.0
5.89512	-1.0
5.92796	-1.0
5.95984	-1.0
6.07536	-1.0
6.11096	-1.0
6.22224	-1.0
6.3294	-1.0
6.4386	1.0
6.54112	-1.0
6.65316	-1.0
6.78796	-1.0
6.81668	-1.0
6.8906	-1.0
6.91044	-1.0
8.98812	-1.0
9.0074	-1.0
9.02068	1.0
9.04804	-1.0
9.05864	-1.0
9.09324	-1.0
9.13572	-1.0
9.18276	-1.0
9.2218	-1.0
9.23784	-1.0
9.2954	-1.0
9.3212	-1.0
9.3446	-1.0
9.37484	-1.0
9.45252	-1.0
9.49136	-1.0
9.5944	-1.0
9.71976	-1.0
9.78036	-1.0
9.83712	-1.0
9.87032	-1.0
9.87948	-1.0
9.938	-1.0
9.99412	-1.0
10.20484	-1.0
10.30912	-1.0
11.75888	-1.0
11.78276	-1.0
11.82976	-1.0
11.8526	-1.0
11.85984	-1.0
11.87644	-1.0
11.89184	-1.0
11.91616	-1.0
11.95196	-1.0
12.0012	-1.0
12.13924	-1.0
12.23916	-1.0
12.30384	-1.0
12.328	-1.0
12.40032	-1.0
12.43164	-1.0
12.46596	-1.0
12.51964	-1.0
14.94092	-1.0
14.96888	-1.0
14.9968	-1.0
15.06044	-1.0
15.0766	-1.0
15.09016	-1.0
15.121	-1.0
15.13508	-1.0
15.16844	-1.0
15.18476	-1.0
15.20776	-1.0
15.23312	-1.0
15.25244	-1.0
15.29092	-1.0
15.31404	-1.0
15.34948	-1.0
15.4458	-1.0
15.52672	-1.0
15.57264	-1.0
15.61444	-1.0
15.63636	-1.0
15.68448	-1.0
15.7236	-1.0
15.82316	-1.0
15.85688	-1.0
15.88212	-1.0
15.95676	-1.0
15.99088	-1.0
16.08084	-1.0
16.17636	-1.0
16.3904	-1.0
19.42488	-1.0
19.43992	-1.0
19.44816	-1.0
19.45188	-1.0
19.46152	-1.0
19.474	-1.0
19.48456	-1.0
19.4952	-1.0
19.51444	-1.0
19.53988	-1.0
19.58372	-1.0
19.6028	-1.0
19.62868	-1.0
19.63496	-1.0
19.66204	-1.0
19.6864	-1.0
19.75436	-1.0
19.80036	-1.0
19.81068	-1.0
19.81896	-1.0
19.83904	-1.0
19.8748	-1.0
19.89496	-1.0
19.9594	-1.0
20.02972	-1.0
20.08808	-1.0
20.10208	-1.0
20.14836	-1.0
20.1838	-1.0
20.3042	-1.0
20.36956	-1.0
20.46336	-1.0
20.52424	-1.0
20.5688	-1.0
20.62516	-1.0
20.66012	-1.0
20.69364	-1.0
20.71524	-1.0
20.92812	-1.0
20.99324	-1.0
24.84848	-1.0
24.85784	-1.0
24.86172	-1.0
24.86932	-1.0
24.88016	-1.0
24.89492	-1.0
24.9044	-1.0
24.9342	-1.0
24.95112	-1.0
24.95676	-1.0
24.95928	-1.0
24.97988	-1.0
24.99684	-1.0
25.00884	-1.0
25.11316	-1.0
25.1418	-1.0
25.21516	-1.0
25.2432	-1.0
25.26376	-1.0
25.2952	-1.0
25.35004	-1.0
25.39992	-1.0
25.50952	-1.0
25.5894	-1.0
25.635	-1.0
25.7528	-1.0
25.90056	-1.0
25.981	-1.0
26.22588	-1.0
26.28104	-1.0
29.83156	-1.0
29.83736	-1.0
29.84052	-1.0
29.8456	-1.0
29.85232	-1.0
29.85744	-1.0
29.86548	-1.0
29.87596	-1.0
29.87848	-1.0
29.884	-1.0
29.89356	-1.0
29.91796	1.0
29.93308	-1.0
29.9946	-1.0
30.03052	-1.0
30.05864	-1.0
30.07632	-1.0
30.10868	-1.0
30.13988	-1.0
30.1624	-1.0
30.18604	-1.0
30.2004	-1.0
30.22728	-1.0
30.25776	-1.0
30.28328	-1.0
30.31	-1.0
30.34572	1.0
30.35852	-1.0
30.44516	-1.0
30.49444	-1.0
30.55764	-1.0
30.57652	-1.0
30.68032	-1.0
30.7328	-1.0
30.77048	-1.0
30.80656	-1.0
31.027	-1.0
31.09904	-1.0
31.29984	-1.0
31.31012	-1.0
35.71076	-1.0
35.72196	-1.0
35.72592	1.0
35.73052	-1.0
35.73784	-1.0
35.74936	-1.0
35.76588	-1.0
35.77012	-1.0
35.78804	-1.0
35.79848	-1.0
35.80164	1.0
35.81092	-1.0
35.82392	-1.0
35.84208	-1.0
35.89656	-1.0
36.00456	-1.0
36.11048	-1.0
36.14104	-1.0
36.20408	-1.0
36.20752	-1.0
36.23436	-1.0
36.30404	-1.0
36.42344	-1.0
36.42876	-1.0
36.4604	1.0
36.47376	-1.0
36.52272	-1.0
36.60576	-1.0
36.71188	-1.0
36.72536	-1.0
36.843	-1.0
36.87272	-1.0
36.90884	-1.0
36.95276	-1.0
36.9936	-1.0
37.07312	-1.0
37.891	1.0
37.92268	-1.0
38.0336	-1.0
40.44932	-1.0
40.45608	-1.0
40.47132	-1.0
40.47396	-1.0
40.48288	-1.0
40.49192	-1.0
40.50464	-1.0
40.51288	-1.0
40.54004	-1.0
40.56372	-1.0
40.57592	-1.0
40.58768	-1.0
40.61844	-1.0
40.64808	-1.0
40.67052	-1.0
40.68572	-1.0
40.70444	-1.0
40.8118	-1.0
40.84224	-1.0
40.84548	-1.0
40.85932	-1.0
40.88764	-1.0
40.92168	-1.0
40.92528	-1.0
40.95664	-1.0
40.98896	-1.0
41.00436	-1.0
41.05296	-1.0
41.0896	-1.0
41.20052	-1.0
41.2708	-1.0
41.29852	-1.0
41.41296	-1.0
41.50708	-1.0
41.5244	-1.0
41.60856	-1.0
41.75204	-1.0
41.79016	-1.0
41.813	-1.0
44.68752	-1.0
44.70344	-1.0
44.71452	-1.0
44.72044	1.0
44.7284	-1.0
44.73376	-1.0
44.73844	-1.0
44.74768	-1.0
44.75836	-1.0
44.78164	-1.0
44.78996	-1.0
44.81556	-1.0
44.85564	-1.0
44.90844	-1.0
44.9436	-1.0
44.96624	-1.0
44.96924	-1.0
45.02232	-1.0
45.06132	-1.0
45.06972	-1.0
45.10196	-1.0
45.12824	-1.0
45.18008	-1.0
45.27724	-1.0
45.30948	-1.0
45.34244	-1.0
45.3746	-1.0
45.4562	-1.0
45.49156	-1.0
45.53252	-1.0
45.64448	-1.0
45.70848	-1.0
45.77552	-1.0
45.81048	-1.0
45.84168	-1.0
45.87856	-1.0
45.90328	-1.0
45.95528	-1.0
46.05988	-1.0
49.25832	-1.0
49.26084	-1.0
49.27676	-1.0
49.29116	-1.0
49.30264	-1.0
49.30868	-1.0
49.316	-1.0
49.3274	-1.0
49.34476	-1.0
49.36532	-1.0
49.41004	-1.0
49.4724	-1.0
49.48636	-1.0
49.50424	-1.0
49.52236	-1.0
49.53544	-1.0
49.57092	-1.0
49.58872	-1.0
49.63388	-1.0
49.65468	-1.0
49.68336	1.0
49.73372	-1.0
49.76068	-1.0
49.81492	-1.0
49.82368	-1.0
49.84516	-1.0
49.88056	-1.0
49.9068	-1.0
49.95776	-1.0
50.03484	-1.0
50.0498	-1.0
50.08788	-1.0
50.1798	-1.0
50.2184	-1.0
50.31036	-1.0
50.38216	-1.0
50.42584	-1.0
50.43404	-1.0
54.4742	-1.0
54.48312	-1.0
54.48996	-1.0
54.50468	-1.0
54.5078	-1.0
54.51556	-1.0
54.52452	-1.0
54.55588	-1.0
54.5584	-1.0
54.57264	-1.0
54.58988	-1.0
54.603	-1.0
54.63396	-1.0
54.64352	-1.0
54.6626	-1.0
54.74708	-1.0
54.7848	-1.0
54.80052	-1.0
54.80592	-1.0
54.8598	-1.0
54.93452	-1.0
55.04808	-1.0
55.10336	-1.0
55.1194	-1.0
55.123	-1.0
55.20572	-1.0
55.23848	-1.0
55.35136	-1.0
55.37688	-1.0
55.4234	-1.0
55.56156	1.0
55.60104	-1.0
55.6456	-1.0
55.66464	-1.0
55.69984	-1.0
55.71872	-1.0
55.75108	-1.0
59.59676	-1.0
59.59928	-1.0
59.60352	-1.0
59.61524	-1.0
59.6196	-1.0
59.63216	-1.0
59.64752	-1.0
59.65648	-1.0
59.66524	-1.0
59.67356	-1.0
59.687	-1.0
59.70108	-1.0
59.75412	-1.0
59.76496	-1.0
59.8026	-1.0
59.8526	-1.0
59.89484	-1.0
59.92372	-1.0
60.01664	-1.0
60.05984	-1.0
60.08552	-1.0
60.10664	-1.0
60.1396	-1.0
60.14592	-1.0
60.20668	-1.0
60.23056	-1.0
60.2598	-1.0
60.27056	-1.0
60.27924	-1.0
60.33296	-1.0
60.39284	-1.0
60.4456	-1.0
60.505	-1.0
60.51756	-1.0
60.55244	-1.0
60.57528	-1.0
60.91388	-1.0
63.48272	-1.0
63.8652	-1.0
63.87832	-1.0
63.8902	-1.0
63.8938	-1.0
63.91108	-1.0
63.93944	-1.0
63.95724	-1.0
63.98296	-1.0
63.99528	-1.0
64.02524	-1.0
64.07812	-1.0
64.10668	-1.0
64.13192	-1.0
64.147	-1.0
64.1522	-1.0
64.2	-1.0
64.21288	-1.0
64.22928	-1.0
64.2336	-1.0
64.3086	-1.0
64.33844	-1.0
64.35332	-1.0
64.36096	1.0
64.41144	-1.0
64.46536	-1.0
64.51868	-1.0
64.71104	-1.0
64.73652	-1.0
64.74708	-1.0
64.78964	-1.0
64.83044	-1.0
64.94064	-1.0
64.95404	-1.0
65.18384	-1.0
68.27796	-1.0
68.29144	-1.0
68.3014	-1.0
68.30744	-1.0
68.31888	-1.0
68.32616	-1.0
68.32876	-1.0
68.35132	-1.0
68.36588	-1.0
68.37316	-1.0
68.38628	-1.0
68.40792	-1.0
68.43832	-1.0
68.45152	-1.0
68.47968	-1.0
68.51156	-1.0
68.60304	-1.0
68.63036	-1.0
68.63524	1.0
68.6562	-1.0
68.83416	-1.0
68.86536	-1.0
68.926	-1.0
68.95224	-1.0
68.97468	-1.0
68.98584	-1.0
69.01464	-1.0
69.01832	-1.0
69.0916	-1.0
69.14228	-1.0
69.21808	-1.0
69.23668	-1.0
69.45252	-1.0
69.47084	-1.0
73.5424	-1.0
73.5458	-1.0
73.54868	-1.0
73.55548	-1.0
73.5586	-1.0
73.56976	-1.0
73.57228	-1.0
73.58108	-1.0
73.58368	1.0
73.58636	1.0
73.59556	-1.0
73.60144	-1.0
73.6078	-1.0
73.62328	-1.0
73.64508	-1.0
73.65984	-1.0
73.6632	-1.0
73.70792	-1.0
73.73544	-1.0
73.74364	-1.0
73.7666	-1.0
73.81256	-1.0
73.83452	-1.0
73.86848	-1.0
73.90512	-1.0
73.9424	-1.0
74.02404	-1.0
74.03724	-1.0
74.0632	-1.0
74.09416	-1.0
74.1254	-1.0
74.15112	-1.0
74.17672	-1.0
74.2316	-1.0
74.30424	-1.0
74.342	-1.0
74.34968	-1.0
74.43388	-1.0
74.62256	-1.0
74.65484	-1.0
74.7266	-1.0
78.50984	-1.0
78.5206	-1.0
78.53052	-1.0
78.53396	-1.0
78.55236	-1.0
78.56516	-1.0
78.56956	-1.0
78.59008	-1.0
78.60296	-1.0
78.60636	-1.0
78.61528	-1.0
78.65724	-1.0
78.6622	-1.0
78.69284	-1.0
78.702	-1.0
78.7118	-1.0
78.75384	-1.0
78.77424	-1.0
78.80104	1.0
78.80436	1.0
78.82428	-1.0
78.85524	-1.0
78.88668	-1.0
78.90908	-1.0
78.931	-1.0
78.96956	-1.0
78.9748	-1.0
79.0188	-1.0
79.05264	-1.0
79.11944	-1.0
79.1484	-1.0
79.2106	-1.0
79.23784	-1.0
79.40464	-1.0
79.44984	-1.0
79.48712	-1.0
79.5438	-1.0
79.60108	-1.0
80.95216	1.0
83.87648	-1.0
83.87988	1.0
83.88516	-1.0
83.89296	-1.0
83.89936	-1.0
83.91316	-1.0
83.9174	-1.0
83.92052	-1.0
83.92796	-1.0
83.94272	1.0
83.95576	-1.0
83.95916	-1.0
83.96768	-1.0
83.98836	-1.0
84.0088	-1.0
84.02412	-1.0
84.02812	-1.0
84.05372	-1.0
84.05624	-1.0
84.07936	-1.0
84.10524	1.0
84.11808	-1.0
84.14808	-1.0
84.17348	-1.0
84.19316	-1.0
84.19824	-1.0
84.22612	-1.0
84.26216	-1.0
84.30648	-1.0
84.33604	-1.0
84.39364	-1.0
84.39936	-1.0
84.40372	-1.0
84.43724	-1.0
84.47108	-1.0
84.49988	-1.0
84.51324	-1.0
84.55736	-1.0
84.56224	-1.0
84.60532	-1.0
84.79932	-1.0
84.85128	-1.0
84.94556	-1.0
84.95212	-1.0
84.99176	-1.0
85.06628	-1.0
85.14908	-1.0
86.54364	-1.0
88.40956	-1.0
88.42592	-1.0
88.44872	-1.0
88.45512	-1.0
88.47816	1.0
88.48204	-1.0
88.49124	-1.0
88.50252	-1.0
88.50572	-1.0
88.51124	-1.0
88.51388	-1.0
88.5448	-1.0
88.55876	-1.0
88.57588	-1.0
88.58536	-1.0
88.59152	-1.0
88.71588	-1.0
88.72972	-1.0
88.73556	-1.0
88.76164	-1.0
88.78356	-1.0
88.80276	-1.0
88.82836	-1.0
88.84884	-1.0
88.86024	-1.0
88.87852	-1.0
88.9134	-1.0
88.92488	-1.0
88.95716	-1.0
88.9766	-1.0
89.0162	-1.0
89.04264	-1.0
89.05328	-1.0
89.07524	-1.0
89.11116	-1.0
89.13376	-1.0
89.18868	-1.0
89.206	-1.0
89.39004	-1.0
89.39876	-1.0
89.46188	-1.0
89.4648	-1.0
89.51016	-1.0
89.55072	-1.0
89.57568	-1.0
89.5832	-1.0
93.2378	-1.0
93.26584	-1.0
93.27504	-1.0
93.286	-1.0
93.30068	-1.0
93.3066	-1.0
93.30972	-1.0
93.33456	-1.0
93.3438	-1.0
93.35132	-1.0
93.3642	-1.0
93.38252	-1.0
93.41004	-1.0
93.45812	-1.0
93.50152	-1.0
93.51012	-1.0
93.52124	-1.0
93.58812	-1.0
93.62076	-1.0
93.64596	-1.0
93.6938	-1.0
93.69744	-1.0
93.70436	-1.0
93.72688	-1.0
93.75876	-1.0
93.76372	-1.0
93.79888	-1.0
93.82188	-1.0
93.82552	-1.0
93.89296	-1.0
93.9578	-1.0
93.96856	-1.0
93.998	-1.0
94.10028	-1.0
94.13172	-1.0
94.26368	-1.0
94.49236	-1.0
99.32572	-1.0
99.33164	-1.0
99.33764	-1.0
99.34264	-1.0
99.35024	-1.0
99.3582	-1.0
99.361	-1.0
99.37396	-1.0
99.392	-1.0
99.39484	-1.0
99.39964	-1.0
99.41492	-1.0
99.44348	-1.0
99.44908	-1.0
99.46672	-1.0
99.48792	-1.0
99.50912	-1.0
99.5194	-1.0
99.5306	-1.0
99.54532	-1.0
99.56932	-1.0
99.57972	-1.0
99.58616	-1.0
99.59856	-1.0
99.6132	-1.0
99.63	-1.0
99.65192	-1.0
99.67404	-1.0
99.68448	-1.0
99.6912	-1.0
99.699	-1.0
99.70316	-1.0
99.72784	-1.0
99.74088	-1.0
99.77664	-1.0
99.80632	-1.0
99.83488	-1.0
99.90796	-1.0
99.92348	-1.0
99.94264	-1.0
99.96032	-1.0
100.02116	-1.0
100.0494	-1.0
100.07908	-1.0
100.09408	-1.0
100.10344	-1.0
100.17472	-1.0
100.22244	-1.0
100.31124	-1.0
100.31584	-1.0
100.32316	-1.0
100.35296	-1.0
100.35892	-1.0
100.40696	-1.0
100.46036	-1.0
100.53632	-1.0
100.61472	-1.0
100.63868	-1.0
100.6812	-1.0
100.76	-1.0
100.84684	-1.0
100.84936	-1.0
100.90168	-1.0
100.92956	-1.0
101.1698	-1.0
104.60656	-1.0
104.61044	-1.0
104.61988	-1.0
104.6258	-1.0
104.63076	-1.0
104.64752	-1.0
104.65124	1.0
104.6718	-1.0
104.69408	-1.0
104.73024	-1.0
104.764	-1.0
104.78888	-1.0
104.79256	-1.0
104.7956	-1.0
104.79932	-1.0
104.82428	-1.0
104.8274	-1.0
104.84036	-1.0
104.86388	-1.0
104.87528	-1.0
104.90668	-1.0
104.92152	-1.0
104.93316	-1.0
104.95584	-1.0
104.9784	-1.0
104.9928	-1.0
105.002	-1.0
105.02608	-1.0
105.03868	-1.0
105.07008	-1.0
105.09684	-1.0
105.1146	1.0
105.15216	-1.0
105.17312	-1.0
105.21712	-1.0
105.266	-1.0
105.27664	-1.0
105.2836	-1.0
105.41992	-1.0
105.476	-1.0
105.55084	-1.0
105.55492	-1.0
105.60392	-1.0
105.6078	-1.0
105.68064	-1.0
105.79852	-1.0
105.9334	-1.0
105.9926	-1.0
106.01296	-1.0
106.07308	-1.0
109.7192	-1.0
109.72952	-1.0
109.73356	-1.0
109.73792	-1.0
109.74532	-1.0
109.74852	-1.0
109.755	-1.0
109.76424	-1.0
109.78504	-1.0
109.79056	-1.0
109.81056	-1.0
109.83604	-1.0
109.863	-1.0
109.876	-1.0
109.89096	-1.0
109.91624	-1.0
109.92384	-1.0
109.95212	-1.0
109.98212	-1.0
110.0108	-1.0
110.03916	-1.0
110.0632	-1.0
110.06728	-1.0
110.10092	-1.0
110.10368	-1.0
110.13012	-1.0
110.13264	-1.0
110.15808	-1.0
110.21672	-1.0
110.29988	-1.0
110.3104	-1.0
110.35832	-1.0
110.36664	-1.0
110.39584	-1.0
110.42944	-1.0
110.4464	-1.0
110.4746	-1.0
110.55256	-1.0
110.55884	-1.0
110.57768	-1.0
110.61956	-1.0
110.65536	-1.0
110.67468	-1.0
110.72248	-1.0
110.77288	-1.0
110.7756	-1.0
110.8282	-1.0
110.979	-1.0
111.01008	-1.0
111.02864	-1.0
111.04484	-1.0
111.06712	-1.0
114.83252	-1.0
114.83552	-1.0
114.84152	-1.0
114.84592	-1.0
114.84892	1.0
114.8592	-1.0
114.8634	-1.0
114.8688	-1.0
114.87132	-1.0
114.88348	1.0
114.88768	-1.0
114.89756	-1.0
114.90512	-1.0
114.909	-1.0
114.94788	-1.0
114.96264	-1.0
114.98828	-1.0
114.99088	-1.0
115.00852	-1.0
115.06624	-1.0
115.08428	-1.0
115.10584	-1.0
115.14072	-1.0
115.16732	-1.0
115.18564	-1.0
115.20632	-1.0
115.2472	-1.0
115.27032	-1.0
115.28032	-1.0
115.28636	-1.0
115.31952	-1.0
115.3438	-1.0
115.34788	-1.0
115.3618	-1.0
115.41832	-1.0
115.44744	-1.0
115.451	-1.0
115.46848	-1.0
115.50424	-1.0
115.52736	-1.0
115.5344	-1.0
115.5626	-1.0
115.583	-1.0
115.59472	-1.0
115.60364	-1.0
115.65532	-1.0
115.66364	-1.0
115.78408	-1.0
115.83808	-1.0
115.9316	-1.0
115.98572	-1.0
116.048	-1.0
116.21928	-1.0
116.3396	-1.0
116.46752	-1.0
116.539	-1.0
119.77816	-1.0
119.78544	-1.0
119.79252	-1.0
119.7956	-1.0
119.79852	-1.0
119.80436	-1.0
119.81696	-1.0
119.82284	-1.0
119.83544	-1.0
119.84236	1.0
119.86652	1.0
119.87404	-1.0
119.88876	-1.0
119.8988	-1.0
119.91452	-1.0
119.919	-1.0
119.92536	-1.0
119.96776	-1.0
119.97296	-1.0
120.01348	-1.0
120.03628	-1.0
120.06244	-1.0
120.0824	-1.0
120.10364	-1.0
120.1156	-1.0
120.1448	-1.0
120.16952	-1.0
120.19312	-1.0
120.23304	-1.0
120.25872	-1.0
120.32708	-1.0
120.35144	-1.0
120.37312	-1.0
120.40696	-1.0
120.42536	-1.0
120.43672	-1.0
120.52156	-1.0
120.52548	-1.0
120.54612	-1.0
120.557	-1.0
120.5698	-1.0
120.59196	-1.0
120.64816	-1.0
120.69344	-1.0
120.73128	-1.0
120.8162	-1.0
120.8576	-1.0
120.8722	-1.0
120.98672	-1.0
121.06148	-1.0
121.12284	-1.0
121.20616	-1.0
121.26672	-1.0
121.31796	-1.0
121.36428	-1.0
121.39868	-1.0
124.87192	-1.0
124.87608	-1.0
124.87928	-1.0
124.8834	-1.0
124.88652	-1.0
124.90072	-1.0
124.90356	-1.0
124.9066	-1.0
124.90968	-1.0
124.9122	-1.0
124.92224	-1.0
124.92496	-1.0
124.93384	-1.0
124.9382	-1.0
124.947	-1.0
124.97968	-1.0
124.99224	-1.0
125.00948	-1.0
125.03296	-1.0
125.05828	-1.0
125.06332	-1.0
125.07732	-1.0
125.11224	-1.0
125.13892	-1.0
125.1552	-1.0
125.16496	-1.0
125.17704	-1.0
125.19512	-1.0
125.22464	-1.0
125.241	-1.0
125.25796	-1.0
125.26092	-1.0
125.28824	-1.0
125.35064	-1.0
125.37808	-1.0
125.40592	-1.0
125.42772	-1.0
125.43428	-1.0
125.45396	-1.0
125.50032	-1.0
125.53748	-1.0
125.54784	-1.0
125.584	-1.0
125.587	-1.0
125.62292	-1.0
125.62592	-1.0
125.65144	-1.0
125.77244	-1.0
125.79376	-1.0
125.84712	-1.0
125.90704	-1.0
125.92396	-1.0
125.94468	-1.0
125.98352	-1.0
125.99936	-1.0
126.05108	-1.0
126.05612	-1.0
126.159	-1.0
126.2748	-1.0
126.33804	-1.0
130.60272	-1.0
130.61116	-1.0
130.61476	-1.0
130.62448	-1.0
130.63403	-1.0
130.63696	1.0
130.64111	-1.0
130.65868	-1.0
130.66531	-1.0
130.669	-1.0
130.69644	-1.0
130.71484	-1.0
130.73984	-1.0
130.75764	-1.0
130.77267	-1.0
130.781	-1.0
130.79623	-1.0
130.80984	-1.0
130.85204	-1.0
130.86829	-1.0
130.88008	-1.0
130.90083	-1.0
130.90512	-1.0
130.91656	-1.0
130.94257	-1.0
130.97104	-1.0
130.97404	-1.0
130.98544	-1.0
130.9964	-1.0
131.01076	-1.0
131.04137	-1.0
131.06848	-1.0
131.11948	-1.0
131.1242	-1.0
131.14488	-1.0
131.1566	-1.0
131.202	-1.0
131.21988	-1.0
131.23856	-1.0
131.24191	-1.0
131.25252	-1.0
131.30164	-1.0
131.3654	-1.0
131.37392	-1.0
131.40707	-1.0
131.47923	-1.0
131.50684	-1.0
131.54636	-1.0
131.65463	-1.0
131.72005	-1.0
131.74088	-1.0
131.86333	-1.0
131.91756	-1.0
131.98167	-1.0
132.00397	-1.0
132.08868	-1.0
136.50427	-1.0
136.51167	1.0
136.51476	1.0
136.52368	-1.0
136.53212	-1.0
136.55489	-1.0
136.55952	-1.0
136.5722	-1.0
136.5768	-1.0
136.586	-1.0
136.595	-1.0
136.59868	-1.0
136.60344	-1.0
136.62572	-1.0
136.64592	-1.0
136.6612	-1.0
136.6658	-1.0
136.67767	-1.0
136.71004	-1.0
136.7314	-1.0
136.73416	-1.0
136.73843	-1.0
136.75916	-1.0
136.7876	-1.0
136.84811	-1.0
136.8512	-1.0
136.87263	-1.0
136.8894	-1.0
136.91368	-1.0
136.96712	-1.0
136.98811	-1.0
137.01024	-1.0
137.03232	-1.0
137.05132	-1.0
137.08743	-1.0
137.1022	-1.0
137.10556	-1.0
137.1226	-1.0
137.15492	-1.0
137.24512	-1.0
137.28217	-1.0
137.36237	-1.0
137.36552	-1.0
137.50784	-1.0
137.52773	-1.0
137.57317	-1.0
137.58723	-1.0
137.70164	-1.0
137.71107	-1.0
137.7194	-1.0
137.86469	-1.0
137.88245	-1.0
137.92776	-1.0
138.0092	-1.0
138.11932	-1.0
142.45192	-1.0
142.46576	-1.0
142.48071	-1.0
142.48924	-1.0
142.493	-1.0
142.49704	-1.0
142.49956	-1.0
142.5272	-1.0
142.53185	-1.0
142.54327	-1.0
142.55956	-1.0
142.5768	-1.0
142.5804	-1.0
142.59956	-1.0
142.61015	-1.0
142.62796	-1.0
142.64812	-1.0
142.6776	-1.0
142.7056	-1.0
142.74384	-1.0
142.76971	-1.0
142.788	-1.0
142.8158	-1.0
142.83568	-1.0
142.84856	-1.0
142.91911	-1.0
142.94624	-1.0
142.94916	-1.0
142.9814	-1.0
143.07872	-1.0
143.08691	-1.0
143.09708	-1.0
143.13615	-1.0
143.16072	-1.0
143.211	-1.0
143.25148	-1.0
143.31776	-1.0
143.34705	-1.0
143.46756	-1.0
143.52328	-1.0
143.5262	-1.0
143.55	-1.0
143.60036	-1.0
143.60588	-1.0
143.62177	-1.0
143.68835	-1.0
143.69711	-1.0
143.72188	-1.0
143.72508	-1.0
143.77896	-1.0
143.78732	-1.0
143.87927	-1.0
143.9022	-1.0
148.693	-1.0
148.70113	-1.0
148.70557	-1.0
148.71423	-1.0
148.72224	1.0
148.72672	-1.0
148.734	-1.0
148.7378	1.0
148.743	-1.0
148.76184	-1.0
148.77908	-1.0
148.80148	-1.0
148.8042	-1.0
148.82648	-1.0
148.83672	-1.0
148.84004	-1.0
148.85033	-1.0
148.87009	-1.0
148.88716	-1.0
148.89207	-1.0
148.89471	-1.0
148.91336	-1.0
148.92412	-1.0
148.9408	-1.0
148.96808	-1.0
148.9886	-1.0
148.998	1.0
149.02528	-1.0
149.03764	-1.0
149.07455	-1.0
149.09125	-1.0
149.09572	-1.0
149.10667	-1.0
149.1494	-1.0
149.15712	-1.0
149.18776	-1.0
149.231	-1.0
149.27536	-1.0
149.31323	-1.0
149.33987	-1.0
149.36636	-1.0
149.3868	-1.0
149.444	-1.0
149.55183	-1.0
149.58092	-1.0
149.63783	-1.0
149.66888	-1.0
149.71584	-1.0
149.73927	-1.0
149.75636	-1.0
149.86276	-1.0
149.95616	-1.0
149.96576	-1.0
150.07024	-1.0
150.1174	-1.0
150.15324	-1.0
153.72412	-1.0
153.73456	-1.0
153.75928	-1.0
153.7798	1.0
153.78688	-1.0
153.79872	1.0
153.80124	1.0
153.80428	-1.0
153.8168	-1.0
153.82664	-1.0
153.8292	-1.0
153.8318	-1.0
153.86449	-1.0
153.87404	-1.0
153.90024	-1.0
153.9478	-1.0
153.95032	-1.0
153.96988	-1.0
154.0054	-1.0
154.02452	-1.0
154.0334	-1.0
154.0722	-1.0
154.09596	-1.0
154.11427	-1.0
154.13837	-1.0
154.1456	-1.0
154.16156	-1.0
154.17851	-1.0
154.20772	-1.0
154.21164	-1.0
154.2382	-1.0
154.259	-1.0
154.2948	-1.0
154.35316	-1.0
154.36768	-1.0
154.39133	-1.0
154.4656	-1.0
154.54643	-1.0
154.56308	-1.0
154.64352	-1.0
154.656	-1.0
154.8216	-1.0
154.84024	-1.0
154.86436	-1.0
154.91467	-1.0
154.92244	-1.0
154.93896	-1.0
155.032	-1.0
155.08444	-1.0
155.11925	-1.0
155.13028	-1.0
155.14404	1.0
155.1648	-1.0
155.34612	-1.0
159.9738	-1.0
159.98312	-1.0
159.9872	-1.0
159.99008	-1.0
159.99516	-1.0
159.99992	-1.0
160.00792	-1.0
160.01572	-1.0
160.05067	-1.0
160.05817	1.0
160.06604	-1.0
160.07803	-1.0
160.11324	-1.0
160.1176	-1.0
160.12964	-1.0
160.14375	-1.0
160.16637	-1.0
160.17831	-1.0
160.18492	-1.0
160.21928	-1.0
160.22644	-1.0
160.24832	-1.0
160.27388	-1.0
160.29791	-1.0
160.32416	-1.0
160.34972	-1.0
160.38684	-1.0
160.42288	-1.0
160.42564	-1.0
160.4474	-1.0
160.4562	-1.0
160.53404	-1.0
160.59116	-1.0
160.63524	-1.0
160.65532	-1.0
160.65784	-1.0
160.75432	-1.0
160.7572	-1.0
160.76443	-1.0
160.8534	-1.0
160.927	-1.0
160.9502	-1.0
161.02924	-1.0
161.1248	-1.0
161.17348	-1.0
161.31688	-1.0
161.38531	-1.0
161.4086	-1.0
166.26456	-1.0
166.27255	-1.0
166.28452	-1.0
166.2902	-1.0
166.2972	-1.0
166.30556	-1.0
166.3082	-1.0
166.3144	-1.0
166.32884	-1.0
166.35127	-1.0
166.3538	-1.0
166.37584	-1.0
166.41368	-1.0
166.43268	-1.0
166.43752	-1.0
166.46004	-1.0
166.47363	-1.0
166.48315	-1.0
166.51756	-1.0
166.52795	-1.0
166.54224	-1.0
166.55911	-1.0
166.5956	-1.0
166.61829	-1.0
166.64713	-1.0
166.67264	-1.0
166.68068	-1.0
166.70335	-1.0
166.74588	-1.0
166.77136	-1.0
166.77824	-1.0
166.80792	-1.0
166.81444	-1.0
166.84784	-1.0
166.8584	-1.0
166.92004	-1.0
166.95496	-1.0
167.00069	-1.0
167.01991	-1.0
167.05351	-1.0
167.0758	-1.0
167.11848	-1.0
167.13512	-1.0
167.14656	-1.0
167.22768	-1.0
167.23209	-1.0
167.2752	-1.0
167.411	-1.0
167.47296	-1.0
167.55948	-1.0
167.58708	-1.0
167.62453	-1.0
167.6896	-1.0
167.7116	-1.0
167.92836	-1.0
167.944	-1.0
167.97372	-1.0
168.05992	-1.0
172.91084	-1.0
172.91508	-1.0
172.92056	-1.0
172.92836	-1.0
172.93936	-1.0
172.95644	-1.0
172.95988	-1.0
172.97124	-1.0
172.97849	-1.0
172.98972	-1.0
173.00797	-1.0
173.0212	-1.0
173.04416	-1.0
173.07004	-1.0
173.08652	-1.0
173.10992	-1.0
173.13496	-1.0
173.14064	-1.0
173.14716	-1.0
173.1612	-1.0
173.17572	-1.0
173.19447	-1.0
173.21512	-1.0
173.242	-1.0
173.26776	-1.0
173.31017	-1.0
173.33353	-1.0
173.35992	-1.0
173.38753	-1.0
173.439	-1.0
173.443	-1.0
173.55876	-1.0
173.5864	-1.0
173.63132	-1.0
173.64992	-1.0
173.65936	-1.0
173.68188	-1.0
173.70016	-1.0
173.83228	-1.0
173.88376	-1.0
174.03271	-1.0
174.06288	-1.0
174.156	-1.0
174.19316	-1.0
174.29276	-1.0
174.41216	-1.0
177.20096	-1.0
179.05168	-1.0
179.05556	1.0
179.05968	-1.0
179.0812	-1.0
179.09384	-1.0
179.10127	-1.0
179.104	-1.0
179.1244	-1.0
179.12924	-1.0
179.14372	-1.0
179.15208	-1.0
179.18845	1.0
179.19188	-1.0
179.20616	-1.0
179.22916	-1.0
179.24445	-1.0
179.2714	-1.0
179.27647	-1.0
179.29823	-1.0
179.31636	-1.0
179.34784	-1.0
179.37756	-1.0
179.40009	-1.0
179.4226	-1.0
179.46973	-1.0
179.50592	-1.0
179.5348	-1.0
179.56592	-1.0
179.5908	-1.0
179.61908	-1.0
179.63628	-1.0
179.65356	-1.0
179.68356	-1.0
179.71736	-1.0
179.76416	-1.0
179.77065	-1.0
179.8056	-1.0
179.87872	-1.0
179.9332	-1.0
179.93623	-1.0
180.01431	-1.0
180.02592	-1.0
180.12103	-1.0
180.15668	-1.0
180.2154	-1.0
180.25056	-1.0
180.31493	-1.0
180.3942	-1.0
184.83392	-1.0
184.84528	-1.0
184.86153	-1.0
184.86472	-1.0
184.86777	-1.0
184.87068	1.0
184.88368	-1.0
184.8914	-1.0
184.9092	-1.0
184.91264	-1.0
184.93896	-1.0
184.97452	-1.0
184.99033	-1.0
185.00133	-1.0
185.00496	-1.0
185.03148	-1.0
185.04707	-1.0
185.0528	-1.0
185.07124	-1.0
185.07556	-1.0
185.10052	-1.0
185.123	-1.0
185.17764	-1.0
185.19696	-1.0
185.2302	-1.0
185.25296	-1.0
185.30827	-1.0
185.33716	-1.0
185.36472	-1.0
185.3904	-1.0
185.40056	-1.0
185.41576	-1.0
185.43872	-1.0
185.45064	-1.0
185.52351	-1.0
185.60583	-1.0
185.64392	-1.0
185.65495	-1.0
185.69464	-1.0
185.7556	-1.0
185.76312	-1.0
185.82632	-1.0
185.83688	-1.0
185.8872	-1.0
185.91812	-1.0
186.02284	-1.0
186.02896	-1.0
186.09528	-1.0
186.1236	-1.0
186.4426	-1.0
190.23476	-1.0
190.24536	-1.0
190.26788	-1.0
190.28397	-1.0
190.30428	-1.0
190.3086	-1.0
190.32076	-1.0
190.32564	-1.0
190.3374	-1.0
190.361	-1.0
190.38336	-1.0
190.39536	-1.0
190.42091	-1.0
190.45532	-1.0
190.46889	-1.0
190.47244	-1.0
190.48668	-1.0
190.51204	-1.0
190.53683	-1.0
190.53967	-1.0
190.54564	-1.0
190.55956	-1.0
190.5742	-1.0
190.61787	-1.0
190.64883	-1.0
190.65376	-1.0
190.68253	-1.0
190.71107	-1.0
190.73132	-1.0
190.76668	-1.0
190.77213	-1.0
190.82184	-1.0
190.85	-1.0
190.87752	-1.0
190.93529	-1.0
190.95612	-1.0
190.97787	-1.0
191.03017	-1.0
191.04448	-1.0
191.0562	-1.0
191.15564	-1.0
191.23367	-1.0
191.27312	-1.0
191.32053	-1.0
191.4018	-1.0
191.47304	-1.0
191.65475	-1.0
191.68253	-1.0
191.71445	-1.0
196.0632	-1.0
196.0678	-1.0
196.0708	-1.0
196.08195	-1.0
196.0962	-1.0
196.10413	-1.0
196.11765	-1.0
196.13672	-1.0
196.15211	-1.0
196.16023	-1.0
196.1874	-1.0
196.19891	-1.0
196.2718	-1.0
196.28804	-1.0
196.2982	-1.0
196.31493	-1.0
196.32117	-1.0
196.33664	-1.0
196.36533	-1.0
196.36868	-1.0
196.4044	-1.0
196.41869	-1.0
196.44205	-1.0
196.44804	-1.0
196.51283	-1.0
196.53072	-1.0
196.54008	-1.0
196.57332	-1.0
196.592	-1.0
196.62749	-1.0
196.63232	-1.0
196.66496	-1.0
196.67932	-1.0
196.71896	-1.0
196.72192	-1.0
196.77328	-1.0
196.83755	-1.0
196.85776	-1.0
196.965	-1.0
197.0522	-1.0
197.08511	-1.0
197.10292	-1.0
197.11276	-1.0
197.23824	-1.0
197.2804	-1.0
197.36116	-1.0
197.38889	-1.0
197.49191	-1.0
201.94704	-1.0
201.95236	-1.0
201.95776	-1.0
201.9638	-1.0
201.98352	-1.0
202.00427	-1.0
202.0086	-1.0
202.0218	-1.0
202.032	-1.0
202.05112	-1.0
202.06145	-1.0
202.07088	-1.0
202.09673	-1.0
202.09932	-1.0
202.11703	-1.0
202.14148	-1.0
202.15897	-1.0
202.16309	-1.0
202.18411	-1.0
202.19432	-1.0
202.20676	-1.0
202.22691	-1.0
202.26172	-1.0
202.30428	-1.0
202.30891	-1.0
202.32744	-1.0
202.38432	-1.0
202.38837	-1.0
202.42184	-1.0
202.46028	-1.0
202.51576	-1.0
202.54707	-1.0
202.5808	-1.0
202.58432	-1.0
202.664	-1.0
202.73589	-1.0
202.77888	-1.0
202.82028	-1.0
202.8924	-1.0
202.91605	-1.0
202.93808	-1.0
202.99144	-1.0
203.05092	-1.0
203.13763	-1.0
203.34125	-1.0
203.47812	-1.0
207.857	-1.0
207.86572	-1.0
207.88028	-1.0
207.89972	-1.0
207.90295	-1.0
207.92313	-1.0
207.93613	-1.0
207.94708	1.0
207.95293	-1.0
207.97736	-1.0
207.9974	-1.0
208.026	-1.0
208.03624	-1.0
208.04083	-1.0
208.06624	-1.0
208.09132	-1.0
208.13509	-1.0
208.1552	-1.0
208.17557	-1.0
208.24973	-1.0
208.25249	-1.0
208.27396	-1.0
208.29771	-1.0
208.32204	-1.0
208.38704	-1.0
208.40788	-1.0
208.4314	-1.0
208.4552	-1.0
208.47153	-1.0
208.53308	-1.0
208.56631	-1.0
208.58151	-1.0
208.63792	-1.0
208.66196	-1.0
208.70732	-1.0
208.74129	-1.0
208.835	-1.0
208.8764	-1.0
209.01231	-1.0
209.05415	-1.0
209.16312	-1.0
209.21376	-1.0
209.29272	-1.0
209.34863	-1.0
209.40784	-1.0
213.70248	-1.0
213.71356	-1.0
213.71992	-1.0
213.727	-1.0
213.73216	-1.0
213.7542	-1.0
213.7662	-1.0
213.78696	-1.0
213.80511	-1.0
213.84184	-1.0
213.85612	-1.0
213.87927	-1.0
213.90416	-1.0
213.9126	-1.0
213.9182	-1.0
213.9396	-1.0
213.96033	-1.0
213.98293	-1.0
214.01392	-1.0
214.0272	-1.0
214.05536	-1.0
214.08896	-1.0
214.11533	-1.0
214.14268	-1.0
214.14725	-1.0
214.17924	-1.0
214.185	-1.0
214.2118	-1.0
214.31535	-1.0
214.35484	-1.0
214.4088	-1.0
214.4576	-1.0
214.54391	-1.0
214.56992	-1.0
214.60825	-1.0
214.65073	-1.0
214.6614	-1.0
214.67152	-1.0
214.6742	-1.0
214.76936	-1.0
214.80112	-1.0
214.806	-1.0
214.84352	-1.0
214.94464	-1.0
215.03688	-1.0
219.31207	-1.0
219.32784	-1.0
219.3428	-1.0
219.3592	-1.0
219.36417	-1.0
219.37784	-1.0
219.39343	-1.0
219.41576	-1.0
219.42207	-1.0
219.43288	-1.0
219.4456	-1.0
219.46356	-1.0
219.48308	-1.0
219.48668	-1.0
219.49916	-1.0
219.52252	-1.0
219.55109	-1.0
219.5876	-1.0
219.59688	-1.0
219.61304	-1.0
219.63364	-1.0
219.6524	-1.0
219.6782	-1.0
219.6958	-1.0
219.70293	-1.0
219.76848	-1.0
219.84663	-1.0
219.89153	-1.0
219.91284	-1.0
219.94556	-1.0
219.95737	-1.0
219.96484	-1.0
220.00096	-1.0
220.03136	-1.0
220.04688	-1.0
220.10847	-1.0
220.14252	-1.0
220.18285	-1.0
220.22755	-1.0
220.3278	-1.0
220.37392	-1.0
220.38045	-1.0
220.46904	-1.0
220.66676	-1.0
220.75832	-1.0
225.26843	-1.0
225.27509	-1.0
225.28392	-1.0
225.29544	-1.0
225.30652	-1.0
225.34315	-1.0
225.35255	-1.0
225.36348	-1.0
225.38509	-1.0
225.3898	1.0
225.39903	-1.0
225.4206	-1.0
225.43813	-1.0
225.44432	-1.0
225.48964	-1.0
225.51024	-1.0
225.52556	-1.0
225.55923	-1.0
225.57623	-1.0
225.60112	-1.0
225.60403	-1.0
225.62468	-1.0
225.6604	-1.0
225.6698	-1.0
225.6992	-1.0
225.71	-1.0
225.71284	-1.0
225.75912	-1.0
225.76517	-1.0
225.80696	-1.0
225.82732	-1.0
225.86555	-1.0
225.8894	-1.0
225.89745	-1.0
225.9146	-1.0
225.94788	-1.0
225.97148	-1.0
226.00308	-1.0
226.0588	-1.0
226.1228	-1.0
226.181	-1.0
226.20332	-1.0
226.26244	-1.0
226.31216	-1.0
226.39925	-1.0
226.41516	-1.0
226.5206	-1.0
230.78456	-1.0
230.79124	-1.0
230.80048	-1.0
230.80544	-1.0
230.80836	-1.0
230.81252	-1.0
230.83028	-1.0
230.85329	-1.0
230.86713	-1.0
230.87263	-1.0
230.87672	-1.0
230.88976	-1.0
230.92432	-1.0
230.9304	-1.0
230.96028	-1.0
230.978	-1.0
230.99188	-1.0
231.02615	-1.0
231.0448	-1.0
231.05807	1.0
231.09663	-1.0
231.09924	-1.0
231.14468	-1.0
231.19328	-1.0
231.23404	-1.0
231.27711	-1.0
231.28207	-1.0
231.30348	-1.0
231.31416	1.0
231.33871	-1.0
231.37263	-1.0
231.41676	-1.0
231.4308	-1.0
231.45229	-1.0
231.51816	-1.0
231.62276	-1.0
231.71455	-1.0
231.75848	-1.0
231.82877	-1.0
231.93236	-1.0
232.1166	-1.0
232.11913	-1.0
236.61836	-1.0
236.63477	-1.0
236.64372	-1.0
236.64671	-1.0
236.66704	-1.0
236.67992	-1.0
236.68687	-1.0
236.69205	-1.0
236.73495	-1.0
236.74756	-1.0
236.7532	-1.0
236.75851	-1.0
236.81516	-1.0
236.82948	-1.0
236.84836	-1.0
236.85156	-1.0
236.87096	-1.0
236.895	-1.0
236.91869	-1.0
236.92328	-1.0
236.94684	-1.0
236.961	-1.0
236.98653	-1.0
237.03252	-1.0
237.0514	-1.0
237.1186	-1.0
237.15623	-1.0
237.19904	-1.0
237.22427	-1.0
237.32349	-1.0
237.32716	-1.0
237.38605	-1.0
237.4234	-1.0
237.50375	-1.0
237.55531	-1.0
237.5616	-1.0
237.67276	-1.0
237.70335	-1.0
237.8342	-1.0
238.01768	-1.0
238.04884	-1.0
242.17628	-1.0
242.18484	-1.0
242.1956	-1.0
242.20804	-1.0
242.2138	-1.0
242.2222	-1.0
242.2318	-1.0
242.24265	-1.0
242.2572	-1.0
242.27284	-1.0
242.29169	-1.0
242.29672	-1.0
242.31256	-1.0
242.32497	-1.0
242.33612	-1.0
242.35435	-1.0
242.38072	-1.0
242.39468	-1.0
242.42184	-1.0
242.43188	-1.0
242.4558	-1.0
242.5076	-1.0
242.55351	-1.0
242.58264	-1.0
242.66388	-1.0
242.67088	-1.0
242.67752	-1.0
242.72432	-1.0
242.75656	-1.0
242.83012	-1.0
242.83896	-1.0
242.88676	-1.0
242.93044	-1.0
242.99236	-1.0
243.01064	-1.0
243.0552	-1.0
243.12424	-1.0
243.37917	-1.0
243.49265	-1.0
243.51907	-1.0
248.64288	-1.0
248.66672	-1.0
248.6802	-1.0
248.6954	-1.0
248.69972	-1.0
248.71571	-1.0
248.74052	-1.0
248.74371	-1.0
248.75868	-1.0
248.7802	-1.0
248.7978	-1.0
248.81631	-1.0
248.82892	-1.0
248.84756	-1.0
248.88844	-1.0
248.90433	-1.0
248.9152	-1.0
248.94624	-1.0
248.96616	-1.0
248.99504	-1.0
249.02657	-1.0
249.04924	-1.0
249.0634	-1.0
249.08289	-1.0
249.09612	-1.0
249.10956	-1.0
249.17303	-1.0
249.20132	-1.0
249.24783	-1.0
249.29132	-1.0
249.36444	-1.0
249.37231	-1.0
249.40611	-1.0
249.51132	-1.0
249.5888	-1.0
249.6738	-1.0
249.69775	-1.0
249.72112	-1.0
249.95229	-1.0
250.04916	-1.0
255.01228	-1.0
255.0282	-1.0
255.04443	-1.0
255.0492	-1.0
255.05257	-1.0
255.06744	-1.0
255.09007	-1.0
255.10492	-1.0
255.13904	-1.0
255.17012	-1.0
255.1914	-1.0
255.23187	-1.0
255.25972	-1.0
255.29156	-1.0
255.3118	-1.0
255.33772	-1.0
255.37744	-1.0
255.3938	-1.0
255.42348	-1.0
255.5162	-1.0
255.55644	-1.0
255.5672	-1.0
255.57304	-1.0
255.61244	-1.0
255.63748	-1.0
255.66351	-1.0
255.6738	-1.0
255.78912	1.0
255.79707	-1.0
255.84769	-1.0
255.9214	-1.0
256.09695	-1.0
256.18964	-1.0
256.33835	-1.0
256.4019	-1.0
260.3041	-1.0
260.33243	-1.0
260.35608	-1.0
260.36096	-1.0
260.39056	-1.0
260.40796	-1.0
260.41992	-1.0
260.43808	-1.0
260.47296	-1.0
260.49664	-1.0
260.5294	-1.0
260.5563	-1.0
260.5721	-1.0
260.6267	-1.0
260.6394	-1.0
260.68008	-1.0
260.72617	-1.0
260.74063	-1.0
260.75864	-1.0
260.78537	-1.0
260.8298	-1.0
260.85324	-1.0
260.85577	-1.0
260.88113	-1.0
260.92667	-1.0
260.95016	-1.0
261.03464	-1.0
261.11603	-1.0
261.14996	-1.0
261.2161	-1.0
261.3547	-1.0
261.3943	-1.0
261.459	-1.0
261.48553	-1.0
261.58383	-1.0
265.75836	-1.0
265.7644	-1.0
265.77203	-1.0
265.79523	-1.0
265.84885	-1.0
265.8684	-1.0
265.87567	-1.0
265.87827	-1.0
265.88095	-1.0
265.905	-1.0
265.9203	-1.0
265.93335	-1.0
265.95105	-1.0
265.97845	-1.0
266.01077	-1.0
266.07425	-1.0
266.0923	-1.0
266.15067	-1.0
266.16837	-1.0
266.1775	-1.0
266.25412	-1.0
266.31412	-1.0
266.3193	-1.0
266.3399	-1.0
266.42316	-1.0
266.48056	-1.0
266.50693	-1.0
266.57928	-1.0
266.6605	-1.0
266.86234	-1.0
266.92828	-1.0
267.03683	-1.0
271.2987	-1.0
271.32288	-1.0
271.33603	-1.0
271.3722	-1.0
271.3935	-1.0
271.40564	-1.0
271.43237	-1.0
271.44913	-1.0
271.48483	-1.0
271.4875	-1.0
271.50723	-1.0
271.52457	-1.0
271.54333	-1.0
271.56717	-1.0
271.59335	-1.0
271.59924	-1.0
271.6138	-1.0
271.66763	-1.0
271.71536	-1.0
271.73752	-1.0
271.77588	-1.0
271.7975	-1.0
271.8355	-1.0
271.87347	-1.0
271.93295	-1.0
272.01547	-1.0
272.0994	-1.0
272.1295	-1.0
272.16025	-1.0
272.2079	-1.0
272.32333	-1.0
274.94095	-1.0
274.9566	-1.0
274.97296	-1.0
274.99268	-1.0
275.01965	-1.0
275.03827	-1.0
275.05212	-1.0
275.0642	-1.0
275.08743	-1.0
275.12628	-1.0
275.1658	-1.0
275.23697	-1.0
275.28937	-1.0
275.31992	-1.0
275.37173	-1.0
275.41592	-1.0
275.4798	-1.0
275.53745	-1.0
275.56863	-1.0
275.6372	-1.0
275.6589	-1.0
275.72067	-1.0
275.84613	-1.0
276.098	-1.0
281.3816	-1.0
281.40213	-1.0
281.42828	-1.0
281.43616	-1.0
281.4566	-1.0
281.4634	-1.0
281.50543	-1.0
281.52277	-1.0
281.54385	-1.0
281.54855	-1.0
281.56897	-1.0
281.6013	-1.0
281.60965	-1.0
281.62448	-1.0
281.63815	-1.0
281.65585	-1.0
281.707	-1.0
281.73212	-1.0
281.7692	-1.0
281.85297	-1.0
281.96915	-1.0
281.98663	-1.0
282.03415	-1.0
282.13553	-1.0
282.1721	-1.0
282.20193	-1.0
282.2089	-1.0
282.2696	-1.0
282.53436	-1.0
286.4714	-1.0
286.5004	-1.0
286.5148	-1.0
286.53104	-1.0
286.54922	-1.0
286.56235	-1.0
286.56708	-1.0
286.5702	-1.0
286.57944	-1.0
286.59927	-1.0
286.60556	-1.0
286.62915	-1.0
286.65332	-1.0
286.68344	-1.0
286.72623	-1.0
286.77304	-1.0
286.79745	-1.0
286.8164	-1.0
286.8365	-1.0
286.89548	-1.0
286.91888	-1.0
286.9802	-1.0
287.09103	-1.0
287.18045	-1.0
287.23544	-1.0
287.32324	-1.0
287.418	-1.0
287.57184	-1.0
290.0254	-1.0
290.05673	-1.0
290.07004	-1.0
290.07584	-1.0
290.08627	-1.0
290.1005	-1.0
290.1252	-1.0
290.14316	-1.0
290.18396	-1.0
290.22855	-1.0
290.27856	-1.0
290.3042	-1.0
290.33844	-1.0
290.37112	-1.0
290.3934	-1.0
290.43915	-1.0
290.46472	-1.0
290.48593	-1.0
290.517	-1.0
290.54776	-1.0
290.582	-1.0
290.63788	-1.0
290.65387	-1.0
290.7014	-1.0
290.79013	-1.0
290.8558	-1.0
290.90143	-1.0
290.93613	-1.0
291.048	-1.0
291.08728	-1.0
295.5024	-1.0
295.52148	-1.0
295.53415	-1.0
295.5434	-1.0
295.56595	-1.0
295.57913	-1.0
295.5916	-1.0
295.6104	-1.0
295.62088	-1.0
295.635	-1.0
295.6607	-1.0
295.68152	-1.0
295.7039	-1.0
295.75092	-1.0
295.77548	-1.0
295.80612	-1.0
295.82947	-1.0
295.8731	-1.0
295.94617	-1.0
296.00787	-1.0
296.03323	-1.0
296.0837	-1.0
296.20355	-1.0
296.2465	-1.0
296.29297	-1.0
296.44235	-1.0
296.50476	-1.0
300.44424	-1.0
300.4714	-1.0
300.47943	-1.0
300.498	-1.0
300.50052	-1.0
300.52576	-1.0
300.5299	-1.0
300.56293	-1.0
300.57187	-1.0
300.59045	-1.0
300.62097	-1.0
300.64267	-1.0
300.66653	-1.0
300.70505	-1.0
300.7208	-1.0
300.72583	-1.0
300.75443	-1.0
300.7872	-1.0
300.83173	-1.0
300.86377	-1.0
300.90152	-1.0
300.9448	-1.0
301.0038	-1.0
301.04883	-1.0
301.14105	-1.0
301.25577	-1.0
301.33084	-1.0
301.3538	-1.0
301.3686	-1.0
305.50067	-1.0
305.52927	-1.0
305.5548	-1.0
305.57684	-1.0
305.58707	-1.0
305.59833	-1.0
305.62668	-1.0
305.63556	-1.0
305.64075	-1.0
305.64563	-1.0
305.64832	-1.0
305.65927	-1.0
305.7136	-1.0
305.78915	-1.0
305.83084	-1.0
305.85468	-1.0
305.88477	-1.0
305.90295	-1.0
305.9526	-1.0
305.9889	-1.0
306.0186	-1.0
306.03113	-1.0
306.0928	-1.0
306.1245	-1.0
306.14474	-1.0
306.1668	-1.0
306.1989	-1.0
306.24283	-1.0
306.27292	-1.0
306.361	-1.0
306.4162	-1.0
306.47864	-1.0
306.67883	-1.0
310.2913	-1.0
310.31024	-1.0
310.3347	-1.0
310.33893	-1.0
310.35	-1.0
310.36316	-1.0
310.3686	-1.0
310.37967	-1.0
310.38867	-1.0
310.4029	-1.0
310.41272	-1.0
310.42667	-1.0
310.51273	-1.0
310.565	-1.0
310.5974	-1.0
310.6056	-1.0
310.6249	-1.0
310.67148	-1.0
310.69608	-1.0
310.72906	-1.0
310.7972	-1.0
310.8975	-1.0
310.9776	-1.0
311.05237	-1.0
311.06927	-1.0
311.1048	-1.0
315.96628	-1.0
315.98096	-1.0
316.03937	-1.0
316.046	-1.0
316.05753	-1.0
316.08047	-1.0
316.106	-1.0
316.1118	-1.0
316.13364	-1.0
316.16565	-1.0
316.1961	-1.0
316.31277	-1.0
316.34787	-1.0
316.40027	-1.0
316.43167	-1.0
316.54028	-1.0
316.62595	-1.0
316.6384	-1.0
316.80112	-1.0
316.9614	-1.0
321.0082	-1.0
321.0272	-1.0
321.0411	-1.0
321.06277	-1.0
321.0861	-1.0
321.12793	-1.0
321.1364	-1.0
321.16083	-1.0
321.18243	-1.0
321.22473	-1.0
321.24585	-1.0
321.2521	1.0
321.2572	-1.0
321.3333	-1.0
321.35843	-1.0
321.42148	-1.0
321.4978	-1.0
321.52896	-1.0
321.5893	-1.0
321.649	-1.0
321.67456	-1.0
321.79205	-1.0
321.82837	-1.0
321.91595	-1.0
322.08835	-1.0
325.9678	-1.0
325.98932	-1.0
326.0081	-1.0
326.0368	-1.0
326.0724	-1.0
326.09924	-1.0
326.12552	-1.0
326.1381	-1.0
326.1479	-1.0
326.17444	-1.0
326.21387	-1.0
326.24448	-1.0
326.25403	-1.0
326.30792	-1.0
326.34824	-1.0
326.3695	-1.0
326.39368	-1.0
326.45792	-1.0
326.5646	-1.0
326.5688	-1.0
326.60727	-1.0
326.62915	-1.0
326.71143	-1.0
326.8105	-1.0
326.88416	-1.0
326.93195	-1.0
327.00543	-1.0
331.85168	-1.0
331.89468	-1.0
331.94656	-1.0
331.99005	-1.0
332.03223	-1.0
332.10632	-1.0
332.12793	-1.0
332.1491	-1.0
332.24524	-1.0
332.29108	-1.0
332.32584	-1.0
332.35312	-1.0
332.49643	-1.0
332.69193	-1.0
332.73767	-1.0
338.22855	-1.0
338.25693	-1.0
338.28775	-1.0
338.33853	-1.0
338.35477	-1.0
338.41833	-1.0
338.48184	-1.0
338.51907	-1.0
338.56113	-1.0
338.60095	-1.0
338.7032	-1.0
338.71405	-1.0
338.78104	-1.0
338.8275	-1.0
338.85916	-1.0
338.87863	-1.0
338.957	-1.0
338.98743	-1.0
339.0464	-1.0
339.12708	-1.0
343.27948	-1.0
343.30725	-1.0
343.34033	-1.0
343.36545	-1.0
343.38333	-1.0
343.39948	-1.0
343.41565	-1.0
343.47217	-1.0
343.50583	-1.0
343.5485	-1.0
343.61737	-1.0
343.7091	-1.0
343.77692	-1.0
343.8952	-1.0
343.94995	-1.0
344.0192	-1.0
344.0427	-1.0
344.12952	-1.0
348.64865	-1.0
348.65912	-1.0
348.67557	1.0
348.70444	-1.0
348.7083	-1.0
348.72272	-1.0
348.7428	-1.0
348.75815	-1.0
348.77704	-1.0
348.8003	-1.0
348.82608	-1.0
348.8498	-1.0
348.90887	-1.0
348.9177	-1.0
348.9435	-1.0
348.97635	-1.0
349.00272	-1.0
349.12424	-1.0
349.18344	-1.0
349.42688	-1.0
349.48932	-1.0
353.60748	-1.0
353.62692	-1.0
353.64752	-1.0
353.6765	-1.0
353.7038	-1.0
353.71143	-1.0
353.72488	-1.0
353.74063	-1.0
353.79172	-1.0
353.85068	-1.0
353.86185	-1.0
353.9098	-1.0
353.9597	-1.0
354.0358	-1.0
354.06476	-1.0
354.07877	-1.0
354.09973	-1.0
354.11615	-1.0
354.215	-1.0
354.273	-1.0
354.3185	-1.0
354.35043	-1.0
354.37976	-1.0
354.48236	-1.0
354.65723	-1.0
354.72723	-1.0
358.46872	-1.0
358.49875	-1.0
358.52176	-1.0
358.53848	-1.0
358.57675	-1.0
358.58365	-1.0
358.5999	-1.0
358.60565	-1.0
358.6622	-1.0
358.68915	-1.0
358.7314	-1.0
358.79233	-1.0
358.8789	-1.0
358.9276	-1.0
358.97708	-1.0
358.99747	-1.0
359.04208	-1.0
359.2346	-1.0
363.5265	-1.0
363.56357	-1.0
363.58572	-1.0
363.61996	-1.0
363.63647	-1.0
363.6506	-1.0
363.6863	-1.0
363.715	-1.0
363.71887	-1.0
363.7367	-1.0
363.7851	-1.0
363.8039	-1.0
363.83987	-1.0
363.8917	-1.0
363.89804	-1.0
363.9152	-1.0
363.93344	-1.0
363.9496	-1.0
363.96796	-1.0
364.0555	-1.0
364.09128	-1.0
364.21048	-1.0
364.37097	-1.0
364.4905	-1.0
364.5785	-1.0
368.46088	-1.0
368.46356	-1.0
368.48605	-1.0
368.50763	-1.0
368.531	-1.0
368.5718	-1.0
368.5821	-1.0
368.6896	-1.0
368.78043	-1.0
368.82132	-1.0
368.86185	-1.0
368.91302	-1.0
368.9369	-1.0
368.95593	-1.0
369.0278	-1.0
369.29993	-1.0
373.1858	-1.0
373.19693	-1.0
373.20508	-1.0
373.21823	-1.0
373.22812	-1.0
373.28336	-1.0
373.29633	-1.0
373.31177	-1.0
373.3275	-1.0
373.3426	-1.0
373.35928	-1.0
373.45605	-1.0
373.48355	-1.0
373.51373	-1.0
373.57352	-1.0
373.68335	-1.0
373.74643	-1.0
373.78488	-1.0
373.79904	-1.0
373.88965	-1.0
373.9329	-1.0
374.13055	-1.0
377.05188	-1.0
377.99597	-1.0
378.03775	-1.0
378.0635	-1.0
378.08105	-1.0
378.09705	-1.0
378.12045	-1.0
378.13947	-1.0
378.1482	-1.0
378.16504	-1.0
378.17032	-1.0
378.1743	-1.0
378.22437	-1.0
378.27548	-1.0
378.33945	-1.0
378.37137	-1.0
378.46725	-1.0
378.5046	-1.0
378.568	-1.0
378.59073	-1.0
378.6178	-1.0
378.64993	-1.0
378.77548	-1.0
381.08905	-1.0
383.04788	-1.0
383.0572	-1.0
383.088	-1.0
383.10107	-1.0
383.11572	-1.0
383.1249	-1.0
383.13297	-1.0
383.13992	-1.0
383.22357	-1.0
383.25143	-1.0
383.30847	-1.0
383.33243	-1.0
383.35312	-1.0
383.38556	-1.0
383.4156	-1.0
383.4532	-1.0
383.5003	-1.0
383.55865	-1.0
383.60767	-1.0
383.65164	-1.0
383.688	-1.0
383.78647	-1.0
383.9297	-1.0
383.9782	-1.0
384.19553	-1.0
388.13843	-1.0
388.15616	-1.0
388.16843	-1.0
388.17557	-1.0
388.1793	1.0
388.19003	-1.0
388.19543	-1.0
388.1981	1.0
388.20068	-1.0
388.24377	1.0
388.3534	-1.0
388.40103	-1.0
388.42703	-1.0
388.4329	-1.0
388.4445	-1.0
388.49384	-1.0
388.52682	-1.0
388.57108	-1.0
388.61612	-1.0
388.73996	-1.0
388.82367	-1.0
388.95447	-1.0
389.01276	-1.0
392.79883	-1.0
392.8247	-1.0
392.8338	-1.0
392.86267	-1.0
392.87723	-1.0
392.8951	-1.0
392.90512	-1.0
392.91812	-1.0
392.92963	-1.0
392.97028	-1.0
392.9984	-1.0
393.01013	-1.0
393.0356	-1.0
393.11697	-1.0
393.14325	-1.0
393.18423	-1.0
393.22253	-1.0
393.25113	-1.0
393.28595	-1.0
393.37195	-1.0
393.43848	-1.0
393.47495	-1.0
393.5168	-1.0
393.61993	-1.0
393.75323	-1.0
397.27695	-1.0
397.29016	-1.0
397.29855	-1.0
397.30872	-1.0
397.31796	-1.0
397.34488	-1.0
397.36072	-1.0
397.3823	-1.0
397.39792	-1.0
397.4977	-1.0
397.5214	-1.0
397.536	-1.0
397.58887	-1.0
397.62204	-1.0
397.71637	-1.0
397.7387	1.0
397.81348	-1.0
397.86996	-1.0
397.8862	-1.0
397.90604	-1.0
402.14072	-1.0
402.16147	-1.0
402.1701	-1.0
402.17944	-1.0
402.1899	-1.0
402.19507	1.0
402.2054	-1.0
402.32703	-1.0
402.36005	-1.0
402.3831	-1.0
402.4308	-1.0
402.4481	-1.0
402.46997	-1.0
402.50412	-1.0
402.52045	-1.0
402.5269	-1.0
402.55463	-1.0
402.5836	-1.0
402.62268	-1.0
402.71176	-1.0
402.82132	-1.0
403.0485	-1.0
407.482	-1.0
407.4982	-1.0
407.5057	-1.0
407.5135	-1.0
407.52872	-1.0
407.53683	-1.0
407.5461	-1.0
407.57477	-1.0
407.64536	-1.0
407.65637	-1.0
407.67532	-1.0
407.70767	-1.0
407.75092	-1.0
407.75833	-1.0
407.77472	-1.0
407.7948	-1.0
407.87872	-1.0
407.90952	-1.0
407.9329	-1.0
408.1064	-1.0
408.2275	-1.0
411.8257	-1.0
411.83698	-1.0
411.8459	-1.0
411.8531	-1.0
411.89572	-1.0
411.93195	-1.0
411.96884	-1.0
411.98148	-1.0
412.07632	-1.0
412.1552	-1.0
412.202	-1.0
412.2176	-1.0
412.2632	-1.0
412.26572	-1.0
412.31924	-1.0
412.391	-1.0
412.45627	-1.0
416.63467	-1.0
416.6458	-1.0
416.65417	-1.0
416.67084	-1.0
416.73447	-1.0
416.74652	-1.0
416.7728	-1.0
416.8217	1.0
416.89264	-1.0
416.91077	-1.0
416.96292	-1.0
417.10843	-1.0
417.15137	-1.0
417.22116	-1.0
417.2276	-1.0
417.2302	-1.0
417.26108	-1.0
417.36896	-1.0
421.3138	-1.0
421.3214	-1.0
421.32892	-1.0
421.33795	-1.0
421.35785	-1.0
421.4256	-1.0
421.43872	-1.0
421.45795	-1.0
421.51505	-1.0
421.59955	-1.0
421.60617	-1.0
421.6536	-1.0
421.6792	-1.0
421.76147	-1.0
421.80304	-1.0
421.93356	-1.0
425.67465	-1.0
425.7173	-1.0
425.72812	-1.0
425.73364	1.0
425.73624	-1.0
425.74365	-1.0
425.75256	-1.0
425.78403	-1.0
425.89685	-1.0
425.9163	-1.0
425.9458	-1.0
425.9507	-1.0
425.99857	-1.0
426.01257	-1.0
426.01733	-1.0
426.06052	-1.0
426.10043	-1.0
426.1264	-1.0
426.14093	-1.0
426.1804	-1.0
426.20316	-1.0
426.21008	-1.0
429.67053	-1.0
429.67813	-1.0
429.68732	-1.0
429.69632	-1.0
429.70404	-1.0
429.72617	-1.0
429.73087	-1.0
429.80795	-1.0
429.8397	-1.0
429.86557	-1.0
429.88766	-1.0
429.9229	-1.0
429.9691	-1.0
430.00528	-1.0
430.0431	-1.0
430.06937	-1.0
430.09406	-1.0
430.0985	-1.0
433.6845	-1.0
433.69147	-1.0
433.70285	-1.0
433.71735	-1.0
433.72552	-1.0
433.77017	-1.0
433.7881	-1.0
433.79303	-1.0
433.79715	-1.0
433.83356	-1.0
433.85867	-1.0
433.9103	-1.0
433.92227	-1.0
433.97815	-1.0
434.00888	-1.0
434.07623	-1.0
437.51556	-1.0
437.5245	-1.0
437.5354	-1.0
437.54205	-1.0
437.5557	-1.0
437.57516	-1.0
437.58435	-1.0
437.62036	-1.0
437.62744	-1.0
437.67203	-1.0
437.72653	-1.0
437.78848	-1.0
437.81293	-1.0
437.84085	-1.0
437.86887	-1.0
437.9266	-1.0
437.94907	-1.0
438.03775	-1.0
442.49753	-1.0
442.506	-1.0
442.51352	-1.0
442.51767	1.0
442.52847	-1.0
442.55792	-1.0
442.62375	-1.0
442.63263	-1.0
442.64105	-1.0
442.66693	-1.0
442.68204	-1.0
442.69812	-1.0
442.70627	-1.0
442.8177	-1.0
442.87088	-1.0
442.9484	-1.0
442.9807	-1.0
446.37595	-1.0
446.38507	-1.0
446.39453	-1.0
446.4016	-1.0
446.40588	-1.0
446.45596	-1.0
446.48605	-1.0
446.50156	-1.0
446.57953	-1.0
446.67197	-1.0
446.7465	-1.0
446.77353	-1.0
446.84344	-1.0
446.94855	-1.0
450.4102	1.0
450.41348	-1.0
450.42313	-1.0
450.43857	-1.0
450.4538	-1.0
450.46344	-1.0
450.47855	-1.0
450.5027	-1.0
450.5457	-1.0
450.56277	-1.0
450.58475	-1.0
450.6046	-1.0
450.6208	-1.0
450.6737	-1.0
450.71768	-1.0
450.7908	-1.0
450.8582	-1.0
450.9834	-1.0
451.01755	-1.0
453.9605	-1.0
453.96948	-1.0
453.97836	-1.0
453.9818	-1.0
454.0021	-1.0
454.14355	-1.0
454.1563	-1.0
454.17175	-1.0
454.307	-1.0
454.3469	-1.0
454.47055	-1.0
457.48367	-1.0
457.4942	-1.0
457.50153	-1.0
457.50745	-1.0
457.52386	-1.0
457.5274	-1.0
457.54855	-1.0
457.55148	-1.0
457.561	-1.0
457.57245	-1.0
457.59213	-1.0
457.61707	-1.0
457.6815	-1.0
457.69644	-1.0
457.73752	-1.0
457.76523	1.0
457.78333	-1.0
457.84085	-1.0
457.85773	-1.0
457.86908	-1.0
457.90817	-1.0
458.01163	-1.0
460.73932	-1.0
460.74875	-1.0
460.75708	-1.0
460.7777	-1.0
460.78937	-1.0
460.84457	-1.0
460.85873	-1.0
460.88068	-1.0
460.9261	-1.0
461.03015	-1.0
461.03473	-1.0
461.07275	-1.0
464.20584	-1.0
464.2136	-1.0
464.22675	-1.0
464.2918	-1.0
464.2953	-1.0
464.42908	-1.0
464.44495	-1.0
464.46512	-1.0
464.5251	-1.0
464.622	-1.0
464.66937	-1.0
467.70004	-1.0
467.70923	-1.0
467.72043	-1.0
467.73392	-1.0
467.7389	-1.0
467.76468	-1.0
467.8297	-1.0
467.96124	-1.0
470.9777	-1.0
471.00632	-1.0
471.01553	-1.0
471.024	-1.0
471.02835	-1.0
471.04996	-1.0
471.0754	-1.0
471.22415	1.0
471.2781	-1.0
471.31937	-1.0
471.33847	-1.0
471.4394	-1.0
471.51947	-1.0
473.936	-1.0
473.95557	-1.0
473.96912	-1.0
473.97696	-1.0
474.00043	-1.0
474.02463	-1.0
474.03247	-1.0
474.04465	-1.0
474.11472	-1.0
474.15695	-1.0
474.1957	-1.0
474.21097	-1.0
474.3145	-1.0
474.3606	-1.0
474.4381	-1.0
476.94727	-1.0
476.95712	-1.0
476.96597	-1.0
476.9907	-1.0
477.0135	-1.0
477.02365	-1.0
477.03336	-1.0
477.1722	-1.0
477.19235	-1.0
477.38135	-1.0
479.84027	-1.0
479.8499	-1.0
479.8678	1.0
479.8908	-1.0
479.97336	-1.0
480.00223	-1.0
480.07843	-1.0
480.13852	-1.0
482.55435	-1.0
482.56503	-1.0
482.57855	-1.0
482.59433	-1.0
482.59955	-1.0
482.6748	-1.0
482.6977	-1.0
482.7142	-1.0
485.7629	-1.0
485.77307	-1.0
485.7844	-1.0
485.79227	-1.0
485.8635	-1.0
485.8726	-1.0
485.89255	-1.0
485.96405	-1.0
486.0718	-1.0
489.094	-1.0
489.1002	-1.0
489.11707	-1.0
489.1764	-1.0
489.18024	-1.0
489.19244	-1.0
489.20816	-1.0
489.28275	-1.0
489.3214	-1.0
489.5367	-1.0
492.69305	-1.0
492.7073	-1.0
492.71545	-1.0
492.7226	-1.0
492.74225	-1.0
492.7636	-1.0
492.84924	-1.0
492.85648	-1.0
492.86646	-1.0
493.0068	-1.0
493.0382	-1.0
493.1213	-1.0
495.46317	-1.0
495.4817	-1.0
495.49612	-1.0
495.5208	-1.0
495.5287	-1.0
495.53488	-1.0
495.66547	-1.0
495.71344	-1.0
498.51093	-1.0
498.52545	-1.0
498.5351	-1.0
498.54752	-1.0
498.55417	-1.0
498.56903	-1.0
498.5739	-1.0
498.60983	-1.0
498.62833	-1.0
498.76236	-1.0
498.76883	-1.0
503.9417	1.0
503.94644	-1.0
503.95215	-1.0
503.96848	-1.0
504.0044	-1.0
504.01456	-1.0
504.02316	-1.0
504.0642	-1.0
504.15045	-1.0
504.18143	-1.0
504.1936	-1.0
504.19836	-1.0
504.2311	-1.0
504.23483	-1.0
504.32162	-1.0
504.3549	-1.0
504.41104	-1.0
506.94873	-1.0
506.9597	-1.0
506.98804	-1.0
507.01755	-1.0
507.05685	-1.0
507.0725	-1.0
507.132	-1.0
509.4346	-1.0
509.45203	-1.0
509.4582	-1.0
509.46393	-1.0
509.48984	-1.0
509.62927	-1.0
512.5936	1.0
512.6186	-1.0
512.62787	-1.0
512.63605	-1.0
512.67004	-1.0
515.3644	-1.0
515.36993	1.0
515.3749	-1.0
515.3844	-1.0
515.3942	-1.0
515.4014	-1.0
515.4174	-1.0
515.4367	-1.0
515.45233	-1.0
515.46704	-1.0
515.4991	-1.0
515.56085	-1.0
515.593	-1.0
518.28546	1.0
518.29126	-1.0
518.31177	-1.0
518.32477	-1.0
518.3367	-1.0
518.36066	-1.0
518.4546	-1.0
518.46204	-1.0
518.5112	-1.0
521.4308	-1.0
521.44604	-1.0
521.4569	-1.0
521.4662	-1.0
521.47046	-1.0
521.47894	-1.0
521.49646	-1.0
521.56726	-1.0
521.5858	-1.0
521.60333	-1.0
524.20416	-1.0
524.22394	-1.0
524.22766	-1.0
524.24384	-1.0
524.25616	-1.0
524.26746	-1.0
524.2779	-1.0
524.32715	-1.0
524.3596	-1.0
524.39044	-1.0
526.7484	-1.0
526.7746	-1.0
526.78674	-1.0
526.807	-1.0
526.8378	-1.0
526.84564	-1.0
526.8568	-1.0
526.90985	-1.0
530.09827	-1.0
530.1175	-1.0
530.12036	-1.0
530.12555	-1.0
530.1302	-1.0
530.1732	-1.0
530.19635	-1.0
530.20886	-1.0
530.2417	-1.0
530.27795	-1.0
533.58105	1.0
533.5985	-1.0
533.6138	-1.0
533.64215	-1.0
533.74854	-1.0
533.82043	-1.0
535.95	-1.0
536.32355	-1.0
536.33453	-1.0
536.3494	-1.0
536.364	-1.0
536.3766	-1.0
536.43933	-1.0
538.4689	-1.0
538.48114	-1.0
538.4965	-1.0
538.50366	-1.0
538.5067	-1.0
538.5702	-1.0
538.62646	-1.0
541.9657	-1.0
541.9715	1.0
541.9773	-1.0
541.98846	-1.0
547.0539	-1.0
547.06775	-1.0
547.07556	-1.0
547.0899	-1.0
547.1086	-1.0
547.1208	-1.0
547.13184	-1.0
547.15234	-1.0
547.91943	-1.0
551.83105	-1.0
551.8507	-1.0
551.86066	-1.0
551.86957	-1.0
551.8744	-1.0
551.8771	-1.0
551.9049	-1.0
556.0766	-1.0
556.09015	-1.0
556.10016	-1.0
556.1436	-1.0
556.1577	-1.0
556.28815	-1.0
559.83923	-1.0
559.8507	-1.0
559.86664	-1.0
559.88086	-1.0
559.89014	-1.0
562.94324	-1.0
562.9539	-1.0
562.9869	-1.0
563.0113	-1.0
563.05365	-1.0
567.1753	-1.0
567.1958	-1.0
567.2093	-1.0
567.2188	-1.0
567.2852	-1.0
574.87695	-1.0
574.8861	-1.0
574.8948	-1.0
574.93494	-1.0
578.5713	-1.0
578.5872	-1.0
578.6046	-1.0
578.6146	-1.0
578.6366	-1.0
578.65247	-1.0
578.7028	-1.0
581.8563	-1.0
581.91034	-1.0
581.924	-1.0
581.93604	-1.0
581.94666	-1.0
581.9587	-1.0
582.0333	-1.0
582.05835	-1.0
582.0979	-1.0
586.85345	-1.0
586.86	-1.0
586.8815	-1.0
586.9245	-1.0
586.9651	-1.0
586.98663	-1.0
587.0057	-1.0
587.4692	-1.0
587.4922	-1.0
593.1926	-1.0
593.20514	-1.0
593.2223	-1.0
593.2317	-1.0
593.2433	-1.0
593.2516	-1.0
593.30273	-1.0
593.3166	-1.0
597.1122	-1.0
597.12524	-1.0
597.18695	-1.0
597.23254	-1.0
597.2451	-1.0
597.25793	-1.0
597.26953	-1.0
597.278	-1.0
597.2899	-1.0
597.3163	-1.0
597.3699	-1.0
597.4331	-1.0
