0.00412	-1.0
0.02984	-1.0
0.05356	-1.0
0.07704	-1.0
0.09748	-1.0
0.10136	-1.0
0.1578	-1.0
0.21096	1.0
0.24272	-1.0
0.26288	1.0
0.2832	-1.0
0.33392	-1.0
0.37676	1.0
0.38488	-1.0
0.41948	1.0
0.45776	-1.0
0.46452	-1.0
0.49476	-1.0
0.5148	-1.0
0.5368	1.0
0.58924	-1.0
0.68636	-1.0
0.73684	1.0
0.76704	-1.0
0.8202	-1.0
0.9552	-1.0
1.05992	-1.0
1.19336	-1.0
1.3264	-1.0
1.36008	1.0
1.4352	-1.0
1.47628	-1.0
5.38584	-1.0
5.38904	-1.0
5.4004	-1.0
5.4156	-1.0
5.4202	-1.0
5.43164	1.0
5.46724	-1.0
5.49668	-1.0
5.5516	-1.0
5.57484	-1.0
5.66296	-1.0
5.68012	-1.0
5.70836	-1.0
5.72536	-1.0
5.73408	-1.0
5.74156	1.0
5.76632	-1.0
5.78936	-1.0
5.81852	-1.0
5.83836	1.0
5.88916	-1.0
5.91912	1.0
5.96916	-1.0
6.01128	-1.0
6.10776	-1.0
6.11492	1.0
6.16112	-1.0
6.17116	1.0
6.2096	-1.0
6.32932	-1.0
6.34684	1.0
6.41664	-1.0
6.5038	1.0
6.5172	-1.0
6.62292	-1.0
6.6806	-1.0
6.75648	-1.0
8.98452	-1.0
8.9886	-1.0
9.00244	-1.0
9.00688	-1.0
9.02752	-1.0
9.03172	-1.0
9.03948	-1.0
9.05256	-1.0
9.05724	-1.0
9.06288	-1.0
9.0726	-1.0
9.14164	-1.0
9.19288	-1.0
9.19552	-1.0
9.25064	-1.0
9.25564	-1.0
9.3212	-1.0
9.38692	-1.0
9.42164	1.0
9.42756	-1.0
9.4522	-1.0
9.56232	-1.0
9.65432	-1.0
9.69008	1.0
9.86052	-1.0
9.86896	1.0
9.98384	-1.0
10.85372	-1.0
10.89388	-1.0
10.9312	-1.0
11.17404	-1.0
11.2122	-1.0
11.23384	-1.0
11.29184	1.0
11.65884	-1.0
11.69692	-1.0
11.71756	1.0
11.742	-1.0
11.75944	-1.0
11.78828	-1.0
11.85156	-1.0
11.8752	1.0
11.93116	-1.0
11.97324	-1.0
11.98664	-1.0
12.05752	1.0
12.1286	-1.0
12.2382	-1.0
12.39928	1.0
12.4042	-1.0
12.42464	1.0
12.46776	-1.0
12.66352	-1.0
14.88548	-1.0
14.91252	-1.0
14.91816	-1.0
14.92796	-1.0
14.94072	-1.0
14.94676	-1.0
14.96288	1.0
14.97956	1.0
15.00904	-1.0
15.03984	-1.0
15.05488	-1.0
15.06316	1.0
15.12608	-1.0
15.16948	-1.0
15.2056	-1.0
15.24996	1.0
15.28876	-1.0
15.33036	1.0
15.42008	-1.0
15.42532	-1.0
15.49076	1.0
15.49408	-1.0
15.55204	-1.0
15.63072	1.0
15.63516	-1.0
15.67216	-1.0
16.11992	1.0
16.15496	-1.0
16.15808	1.0
16.40412	-1.0
16.43404	1.0
16.4392	-1.0
16.46732	-1.0
16.47164	-1.0
16.64672	-1.0
16.76212	1.0
19.35248	1.0
19.36872	-1.0
19.37124	-1.0
19.37776	1.0
19.38372	1.0
19.38984	-1.0
19.40608	-1.0
19.4096	-1.0
19.41536	-1.0
19.44756	-1.0
19.46084	-1.0
19.46544	-1.0
19.51024	-1.0
19.51384	-1.0
19.51676	-1.0
19.56728	-1.0
19.61204	1.0
19.61468	-1.0
19.66908	-1.0
19.70964	-1.0
19.71792	1.0
19.72588	-1.0
19.7302	-1.0
19.775	-1.0
19.88596	-1.0
19.95672	-1.0
19.96568	-1.0
19.96904	1.0
20.00724	1.0
20.0792	-1.0
20.19556	-1.0
20.23956	1.0
20.45092	1.0
20.60064	-1.0
20.64932	-1.0
20.73692	1.0
20.905	1.0
24.82204	-1.0
24.8288	-1.0
24.83644	-1.0
24.8454	-1.0
24.85568	-1.0
24.86464	-1.0
24.86732	-1.0
24.87036	-1.0
24.88648	-1.0
24.89252	-1.0
24.91792	-1.0
24.9428	1.0
24.9462	-1.0
24.96004	-1.0
24.98764	-1.0
25.01308	1.0
25.02536	-1.0
25.0526	1.0
25.10368	-1.0
25.14396	-1.0
25.159	1.0
25.1656	-1.0
25.1944	-1.0
25.2194	1.0
25.2438	-1.0
25.26596	1.0
25.296	-1.0
25.34952	-1.0
25.41272	1.0
25.41852	-1.0
25.45264	-1.0
25.5466	-1.0
25.59524	-1.0
25.6388	1.0
25.67108	-1.0
25.7132	1.0
25.82704	1.0
25.88868	-1.0
26.0322	-1.0
26.18988	1.0
29.81056	1.0
29.81868	-1.0
29.82128	-1.0
29.82904	1.0
29.86108	-1.0
29.88376	-1.0
29.91948	-1.0
29.93988	-1.0
29.98224	-1.0
30.0154	-1.0
30.02992	-1.0
30.0656	1.0
30.07496	-1.0
30.12912	-1.0
30.21784	-1.0
30.2772	-1.0
30.33008	-1.0
30.38604	-1.0
30.39584	1.0
30.49696	1.0
30.5296	-1.0
30.5354	1.0
30.55004	1.0
30.61776	-1.0
30.67964	-1.0
30.80524	-1.0
30.85404	1.0
30.85984	-1.0
30.86848	-1.0
30.93068	-1.0
30.95996	1.0
31.246	-1.0
31.25176	-1.0
31.26244	1.0
31.3412	-1.0
35.6934	-1.0
35.69956	-1.0
35.70456	-1.0
35.71496	1.0
35.72068	-1.0
35.72436	-1.0
35.72756	-1.0
35.73456	-1.0
35.74132	-1.0
35.77452	-1.0
35.77824	-1.0
35.79556	1.0
35.79952	-1.0
35.81956	-1.0
35.85756	-1.0
35.8784	-1.0
35.89524	-1.0
35.89952	1.0
35.93872	-1.0
35.96376	-1.0
35.98384	-1.0
36.0266	-1.0
36.03476	-1.0
36.04864	-1.0
36.1202	-1.0
36.18736	1.0
36.22888	-1.0
36.28036	-1.0
36.28488	-1.0
36.3528	1.0
36.42488	-1.0
36.477	-1.0
36.52384	1.0
36.63856	1.0
36.64672	-1.0
36.70244	-1.0
36.73792	1.0
36.77484	-1.0
36.77932	-1.0
36.82176	-1.0
36.82532	-1.0
36.8968	-1.0
36.95296	1.0
37.23484	1.0
37.7892	1.0
37.7978	-1.0
37.83196	1.0
37.83992	-1.0
37.90448	-1.0
40.46124	-1.0
40.47076	-1.0
40.47376	1.0
40.48828	-1.0
40.5068	-1.0
40.5232	-1.0
40.5276	-1.0
40.54	1.0
40.5436	-1.0
40.57132	-1.0
40.57572	-1.0
40.57824	-1.0
40.6316	-1.0
40.64604	-1.0
40.67696	-1.0
40.72112	-1.0
40.76364	1.0
40.76644	-1.0
40.80688	-1.0
40.82936	1.0
40.86604	1.0
40.87708	-1.0
40.88848	-1.0
40.89404	-1.0
40.93328	-1.0
40.9888	-1.0
40.9926	-1.0
40.99816	-1.0
41.03164	1.0
41.07952	-1.0
41.1292	1.0
41.18476	-1.0
41.18912	-1.0
41.204	1.0
41.3156	-1.0
41.46072	1.0
41.48804	-1.0
41.51172	1.0
41.6326	-1.0
41.6352	-1.0
41.88544	1.0
44.65836	-1.0
44.6626	-1.0
44.67268	-1.0
44.68652	-1.0
44.71544	-1.0
44.72924	-1.0
44.7466	-1.0
44.75908	1.0
44.77896	1.0
44.78596	-1.0
44.82972	-1.0
44.83428	-1.0
44.86288	-1.0
44.90944	-1.0
44.92724	-1.0
44.96092	-1.0
45.00036	-1.0
45.00344	-1.0
45.117	-1.0
45.15076	1.0
45.15612	-1.0
45.16016	-1.0
45.20196	-1.0
45.2634	1.0
45.31708	1.0
45.35896	-1.0
45.3618	-1.0
45.39876	-1.0
45.42144	-1.0
45.74888	1.0
45.79608	-1.0
45.90248	-1.0
49.20164	1.0
49.22696	-1.0
49.243	-1.0
49.25184	-1.0
49.25904	-1.0
49.29468	-1.0
49.29824	-1.0
49.3146	-1.0
49.32588	-1.0
49.35904	1.0
49.38284	-1.0
49.39056	1.0
49.42524	-1.0
49.45176	1.0
49.45684	-1.0
49.46156	-1.0
49.47372	-1.0
49.51652	-1.0
49.54764	1.0
49.55112	-1.0
49.61336	-1.0
49.64736	1.0
49.70588	1.0
49.7276	-1.0
49.73108	-1.0
49.76176	-1.0
49.78048	1.0
49.78756	-1.0
49.87612	-1.0
49.93588	-1.0
49.95628	-1.0
49.98832	-1.0
50.3226	1.0
50.38152	-1.0
50.40884	1.0
50.41504	-1.0
50.72176	1.0
50.87176	-1.0
50.88084	-1.0
50.89044	1.0
54.43528	-1.0
54.43832	-1.0
54.44376	-1.0
54.45492	-1.0
54.4614	-1.0
54.4682	-1.0
54.4824	-1.0
54.48852	-1.0
54.49636	1.0
54.50424	-1.0
54.52196	-1.0
54.52896	-1.0
54.53668	-1.0
54.54652	-1.0
54.57104	-1.0
54.57412	-1.0
54.62836	-1.0
54.63412	1.0
54.65436	-1.0
54.6574	-1.0
54.6824	1.0
54.70088	-1.0
54.74668	-1.0
54.7636	-1.0
54.827	-1.0
54.83828	1.0
54.84732	-1.0
54.90432	-1.0
54.94428	1.0
54.97064	-1.0
55.0168	1.0
55.06936	1.0
55.14468	1.0
55.18	-1.0
55.18368	1.0
55.2658	1.0
55.41092	-1.0
55.43976	-1.0
55.52128	1.0
55.757	-1.0
59.56312	-1.0
59.5732	-1.0
59.5812	-1.0
59.588	-1.0
59.5974	-1.0
59.60268	-1.0
59.61236	1.0
59.63004	-1.0
59.645	-1.0
59.65244	1.0
59.67024	-1.0
59.68748	1.0
59.74076	-1.0
59.84076	-1.0
59.8778	-1.0
59.89224	-1.0
59.9312	1.0
59.96592	1.0
59.97392	-1.0
60.04008	-1.0
60.09004	1.0
60.10736	-1.0
60.13028	-1.0
60.147	1.0
60.1498	-1.0
60.19092	-1.0
60.22472	1.0
60.27812	-1.0
60.28728	-1.0
60.49664	1.0
60.52772	1.0
60.57896	-1.0
60.72104	-1.0
60.78608	1.0
63.82372	-1.0
63.82904	1.0
63.84076	1.0
63.87268	-1.0
63.87928	-1.0
63.88448	1.0
63.9124	-1.0
63.92552	-1.0
63.95396	-1.0
63.97228	-1.0
63.9842	-1.0
64.00564	1.0
64.00932	-1.0
64.02528	-1.0
64.06384	-1.0
64.07856	-1.0
64.13876	-1.0
64.15652	1.0
64.18676	-1.0
64.20528	-1.0
64.25572	-1.0
64.33944	-1.0
64.40244	-1.0
64.46884	1.0
64.54428	1.0
64.5852	-1.0
64.60728	-1.0
64.61208	-1.0
64.70428	1.0
64.77424	-1.0
64.77736	-1.0
64.82592	-1.0
64.95708	1.0
65.14	1.0
65.14948	-1.0
68.21308	-1.0
68.23348	-1.0
68.2406	-1.0
68.24828	-1.0
68.26828	-1.0
68.30544	-1.0
68.34508	1.0
68.34868	-1.0
68.35884	-1.0
68.3728	1.0
68.41008	-1.0
68.41368	-1.0
68.4392	-1.0
68.47944	-1.0
68.48336	-1.0
68.5068	1.0
68.55228	-1.0
68.60524	1.0
68.64316	-1.0
68.67948	1.0
68.70664	-1.0
68.71844	-1.0
68.75508	1.0
68.7978	-1.0
68.82508	-1.0
68.85168	-1.0
68.92196	-1.0
69.04528	-1.0
69.11772	-1.0
69.20936	-1.0
69.2188	-1.0
69.25876	1.0
69.26704	1.0
69.3344	-1.0
69.38916	-1.0
69.40752	-1.0
73.50768	-1.0
73.51124	-1.0
73.5282	-1.0
73.54048	-1.0
73.55676	-1.0
73.56616	-1.0
73.59252	-1.0
73.64412	-1.0
73.6698	-1.0
73.69256	1.0
73.74364	-1.0
73.77916	-1.0
73.8018	-1.0
73.80528	1.0
73.81216	-1.0
73.81544	-1.0
73.84668	-1.0
73.85212	-1.0
73.87796	-1.0
73.94696	1.0
74.02716	1.0
74.0298	-1.0
74.08784	-1.0
74.14368	-1.0
74.19232	1.0
74.26504	1.0
74.3138	-1.0
74.35784	1.0
74.46028	-1.0
74.65492	-1.0
78.47116	-1.0
78.49364	-1.0
78.50684	-1.0
78.53128	-1.0
78.53648	-1.0
78.55064	-1.0
78.55428	-1.0
78.565	-1.0
78.58928	-1.0
78.60168	-1.0
78.60976	-1.0
78.61284	-1.0
78.63772	-1.0
78.64968	-1.0
78.6522	-1.0
78.7062	-1.0
78.76676	-1.0
78.77756	-1.0
78.8326	1.0
78.85624	-1.0
78.86616	-1.0
78.87612	1.0
78.91392	-1.0
78.91756	-1.0
78.96076	-1.0
78.97552	1.0
79.1206	-1.0
79.1686	1.0
79.27144	-1.0
79.37252	-1.0
79.48344	-1.0
79.6894	-1.0
83.86944	-1.0
83.87556	-1.0
83.87956	-1.0
83.88792	-1.0
83.9042	1.0
83.91656	-1.0
83.92264	-1.0
83.96288	-1.0
83.992	-1.0
84.02724	1.0
84.05308	-1.0
84.08804	1.0
84.09076	1.0
84.1338	-1.0
84.17196	-1.0
84.21792	-1.0
84.25128	-1.0
84.25552	1.0
84.2722	-1.0
84.33612	-1.0
84.36924	-1.0
84.5056	-1.0
84.5098	-1.0
84.57312	-1.0
84.65972	-1.0
84.66432	-1.0
84.76516	1.0
84.824	-1.0
84.85616	-1.0
84.9722	1.0
88.39632	-1.0
88.40592	-1.0
88.4384	-1.0
88.45128	-1.0
88.4788	1.0
88.4894	-1.0
88.50016	-1.0
88.52596	1.0
88.56284	-1.0
88.65116	-1.0
88.69988	-1.0
88.77428	-1.0
88.77728	-1.0
88.84072	1.0
88.86428	-1.0
88.92016	1.0
88.93072	-1.0
89.00032	-1.0
89.01748	1.0
89.04596	1.0
89.05952	-1.0
89.06696	1.0
89.35944	-1.0
89.49836	1.0
89.61896	-1.0
93.20748	1.0
93.2294	-1.0
93.2896	-1.0
93.34288	1.0
93.35328	1.0
93.36136	-1.0
93.37664	1.0
93.38536	-1.0
93.41056	-1.0
93.41396	-1.0
93.4316	-1.0
93.46412	1.0
93.53628	-1.0
93.67144	-1.0
93.7606	-1.0
93.95348	-1.0
93.99748	-1.0
94.12184	1.0
94.2656	-1.0
94.30216	-1.0
94.30844	-1.0
99.32148	-1.0
99.32516	-1.0
99.3296	-1.0
99.34592	1.0
99.35204	-1.0
99.35652	-1.0
99.3638	1.0
99.36896	-1.0
99.40688	-1.0
99.4754	1.0
99.50768	-1.0
99.5564	-1.0
99.58464	-1.0
99.60092	-1.0
99.61964	-1.0
99.6304	-1.0
99.6934	1.0
99.7242	-1.0
99.77968	-1.0
99.878	-1.0
99.98824	1.0
100.01116	-1.0
100.16204	1.0
100.40928	1.0
100.42624	-1.0
100.60936	-1.0
100.78	-1.0
100.842	-1.0
100.85352	-1.0
100.9838	1.0
101.04532	-1.0
104.5854	-1.0
104.59584	-1.0
104.59944	-1.0
104.61032	-1.0
104.62648	1.0
104.63588	-1.0
104.64532	-1.0
104.66136	1.0
104.6842	-1.0
104.73028	-1.0
104.73756	-1.0
104.75968	1.0
104.81884	-1.0
104.8236	-1.0
104.87848	-1.0
104.88244	-1.0
104.9002	-1.0
105.08224	-1.0
105.08668	-1.0
105.11644	1.0
105.21112	-1.0
105.21912	-1.0
105.26556	1.0
105.27412	-1.0
105.32052	-1.0
105.3232	-1.0
105.34816	-1.0
105.42932	1.0
105.67356	1.0
105.788	-1.0
105.92964	1.0
105.93536	-1.0
105.9404	-1.0
109.68808	-1.0
109.70416	-1.0
109.71196	-1.0
109.715	1.0
109.72836	-1.0
109.7702	-1.0
109.77696	-1.0
109.81296	1.0
109.83928	-1.0
109.8548	-1.0
109.8946	-1.0
109.89792	-1.0
109.98308	-1.0
110.09964	-1.0
110.12508	-1.0
110.16356	1.0
110.18472	-1.0
110.21012	1.0
110.34752	-1.0
110.41296	-1.0
110.4482	-1.0
110.53804	-1.0
110.54484	-1.0
110.54912	-1.0
110.55508	-1.0
110.62232	-1.0
110.69364	1.0
110.70404	-1.0
110.70924	-1.0
110.7296	-1.0
110.779	-1.0
110.814	1.0
110.86552	1.0
110.998	-1.0
111.00948	-1.0
111.0128	-1.0
111.06768	-1.0
111.15208	1.0
114.82588	1.0
114.82964	-1.0
114.83268	1.0
114.83612	1.0
114.87532	-1.0
114.88024	-1.0
114.94612	-1.0
114.957	-1.0
115.00704	-1.0
115.0554	-1.0
115.07656	-1.0
115.11312	1.0
115.21736	-1.0
115.22488	-1.0
115.22928	-1.0
115.23224	-1.0
115.25764	1.0
115.29256	-1.0
115.3472	-1.0
115.37636	-1.0
115.37904	-1.0
115.4516	1.0
115.5652	1.0
115.71976	-1.0
115.78652	-1.0
115.81176	-1.0
115.81496	-1.0
115.97564	-1.0
116.0824	-1.0
116.12744	-1.0
116.3692	-1.0
116.38936	-1.0
116.39636	1.0
119.73308	-1.0
119.7618	-1.0
119.77748	-1.0
119.7852	1.0
119.82228	-1.0
119.83148	-1.0
119.85348	-1.0
119.86648	-1.0
119.92028	-1.0
119.99136	-1.0
120.01032	-1.0
120.12696	-1.0
120.15108	-1.0
120.16308	-1.0
120.2952	-1.0
120.3594	1.0
120.45292	1.0
120.63824	1.0
120.74436	-1.0
120.87356	-1.0
120.90596	1.0
120.92812	1.0
120.99	-1.0
121.08612	1.0
121.25376	1.0
121.439	1.0
124.88212	1.0
124.88652	-1.0
124.89132	-1.0
124.8954	-1.0
124.91736	-1.0
125.00444	-1.0
125.04244	-1.0
125.10904	-1.0
125.13704	1.0
125.14488	-1.0
125.19504	-1.0
125.22304	-1.0
125.30876	-1.0
125.35788	1.0
125.38652	1.0
125.39668	-1.0
125.40464	-1.0
125.43276	1.0
125.4552	-1.0
125.47848	-1.0
125.4964	1.0
125.54284	1.0
125.64696	1.0
125.6506	-1.0
125.74476	-1.0
125.87128	1.0
125.91476	1.0
125.942	-1.0
125.96696	-1.0
125.97024	-1.0
126.16884	-1.0
126.32916	1.0
126.33628	1.0
126.40476	-1.0
130.60307	-1.0
130.60808	1.0
130.61244	-1.0
130.63832	1.0
130.66553	-1.0
130.6946	-1.0
130.72089	-1.0
130.76228	-1.0
130.79475	-1.0
130.80524	-1.0
130.81348	-1.0
130.84525	-1.0
130.90433	-1.0
130.91884	1.0
130.9534	-1.0
130.9978	-1.0
131.10228	-1.0
131.15184	-1.0
131.1864	-1.0
131.20984	-1.0
131.21236	-1.0
131.2718	-1.0
131.32648	1.0
131.40724	-1.0
131.43144	-1.0
131.45172	-1.0
131.45508	1.0
131.47852	-1.0
131.60043	1.0
131.6464	1.0
131.71588	-1.0
131.90009	-1.0
131.9406	-1.0
132.0956	1.0
136.48811	-1.0
136.4992	-1.0
136.5346	-1.0
136.53716	-1.0
136.582	-1.0
136.76236	-1.0
136.79764	1.0
136.80235	-1.0
136.8472	-1.0
136.9098	-1.0
136.93376	-1.0
136.99815	-1.0
137.02605	1.0
137.06232	-1.0
137.20293	-1.0
137.25104	1.0
137.44736	1.0
137.51537	-1.0
137.58669	-1.0
137.65916	-1.0
137.68752	-1.0
137.74956	-1.0
137.755	-1.0
137.8152	-1.0
137.93697	-1.0
138.00693	-1.0
138.129	-1.0
138.17984	1.0
142.4516	-1.0
142.45636	-1.0
142.47289	-1.0
142.48071	-1.0
142.49329	-1.0
142.49976	-1.0
142.5074	-1.0
142.53	-1.0
142.54295	-1.0
142.54832	-1.0
142.5656	-1.0
142.57324	-1.0
142.6668	-1.0
142.77348	-1.0
142.80331	-1.0
142.80644	-1.0
142.81972	1.0
142.86575	-1.0
142.92828	1.0
142.99316	1.0
143.02168	-1.0
143.02795	-1.0
143.15	1.0
143.16267	-1.0
143.2108	-1.0
143.2588	1.0
143.35088	1.0
143.3752	-1.0
143.41696	-1.0
143.43408	1.0
143.5316	1.0
143.56693	-1.0
143.68784	-1.0
143.72116	-1.0
143.74107	-1.0
143.7606	1.0
143.88992	-1.0
143.9054	-1.0
148.69524	-1.0
148.70197	-1.0
148.70609	1.0
148.71484	-1.0
148.7362	-1.0
148.73892	1.0
148.756	-1.0
148.7738	1.0
148.78856	-1.0
148.92525	-1.0
148.9844	1.0
148.98705	-1.0
149.01468	-1.0
149.04324	-1.0
149.09296	-1.0
149.122	-1.0
149.22656	-1.0
149.22945	1.0
149.47688	1.0
149.58363	1.0
149.59283	-1.0
149.69156	-1.0
149.69933	1.0
149.70552	-1.0
149.73	-1.0
150.09476	1.0
150.10329	-1.0
153.69025	-1.0
153.69832	-1.0
153.70676	-1.0
153.7218	-1.0
153.72884	-1.0
153.73643	-1.0
153.79776	-1.0
153.94696	1.0
153.97072	-1.0
154.01352	-1.0
154.0424	-1.0
154.08237	-1.0
154.13371	1.0
154.2108	-1.0
154.26828	-1.0
154.2948	1.0
154.3226	-1.0
154.35728	1.0
154.3754	1.0
154.55975	1.0
154.59096	-1.0
154.62727	1.0
154.68872	-1.0
154.80669	1.0
154.94437	-1.0
159.97215	1.0
159.97491	-1.0
159.98672	1.0
159.98976	-1.0
160.00111	-1.0
160.00375	-1.0
160.01112	1.0
160.01505	-1.0
160.07376	-1.0
160.11884	1.0
160.144	-1.0
160.22612	1.0
160.25745	-1.0
160.27496	1.0
160.29704	-1.0
160.30736	1.0
160.3484	-1.0
160.35188	-1.0
160.5318	1.0
160.55412	-1.0
160.5862	-1.0
160.63277	-1.0
160.69151	-1.0
160.69511	-1.0
160.9242	-1.0
160.96793	-1.0
161.0518	1.0
161.26591	1.0
161.51176	-1.0
166.26704	-1.0
166.27496	1.0
166.2794	-1.0
166.28249	-1.0
166.31303	-1.0
166.34663	-1.0
166.392	-1.0
166.41612	-1.0
166.43816	-1.0
166.447	-1.0
166.4496	-1.0
166.53636	1.0
166.57616	-1.0
166.70088	-1.0
166.75372	-1.0
166.80489	-1.0
166.85628	1.0
166.86375	-1.0
166.88368	1.0
166.91289	-1.0
166.95288	1.0
167.02943	1.0
167.1334	-1.0
167.2084	-1.0
167.23012	-1.0
167.31784	-1.0
167.37804	-1.0
167.46356	-1.0
167.68988	-1.0
167.84412	-1.0
167.89388	-1.0
167.95715	-1.0
172.90408	-1.0
172.90956	-1.0
172.91208	-1.0
172.91772	1.0
172.93216	-1.0
172.98512	-1.0
173.02632	-1.0
173.04512	-1.0
173.05608	-1.0
173.089	-1.0
173.17284	1.0
173.17883	-1.0
173.1934	-1.0
173.22592	-1.0
173.25484	-1.0
173.30504	-1.0
173.3914	-1.0
173.4152	-1.0
173.45792	-1.0
173.49393	-1.0
173.52864	-1.0
173.5514	-1.0
173.58244	-1.0
173.78796	1.0
173.89767	-1.0
173.92792	-1.0
173.99896	-1.0
174.10127	1.0
174.28555	-1.0
174.29616	-1.0
179.04964	1.0
179.0552	-1.0
179.0584	1.0
179.06848	-1.0
179.07628	-1.0
179.09367	-1.0
179.10344	-1.0
179.12051	1.0
179.1242	-1.0
179.1362	-1.0
179.16484	-1.0
179.16827	-1.0
179.21004	-1.0
179.21352	-1.0
179.22728	-1.0
179.3468	-1.0
179.37784	-1.0
179.49292	1.0
179.49648	-1.0
179.54396	-1.0
179.56764	-1.0
179.62068	-1.0
179.68877	-1.0
179.78017	1.0
179.79324	1.0
179.93031	-1.0
179.98576	-1.0
180.0846	1.0
180.11676	-1.0
180.33704	-1.0
180.3474	1.0
180.42416	-1.0
184.82756	1.0
184.8322	1.0
184.83511	-1.0
184.84409	-1.0
184.85445	1.0
184.8706	1.0
184.88847	-1.0
184.90848	1.0
184.9476	-1.0
184.9536	-1.0
185.03577	-1.0
185.09271	-1.0
185.2684	1.0
185.32756	-1.0
185.41553	-1.0
185.4808	-1.0
185.49467	-1.0
185.5562	-1.0
185.62512	1.0
185.68623	-1.0
185.73495	-1.0
185.81964	1.0
186.36607	-1.0
190.2082	-1.0
190.22356	-1.0
190.25252	-1.0
190.26056	-1.0
190.2696	-1.0
190.2788	1.0
190.287	-1.0
190.30272	-1.0
190.31696	-1.0
190.33096	-1.0
190.44524	-1.0
190.47008	-1.0
190.546	-1.0
190.55148	-1.0
190.58264	-1.0
190.65324	-1.0
190.69531	1.0
190.70792	-1.0
190.74364	-1.0
190.9192	1.0
191.00116	-1.0
191.08089	-1.0
191.11124	1.0
191.263	-1.0
191.58276	1.0
191.6698	-1.0
191.80176	-1.0
196.04996	-1.0
196.06248	-1.0
196.079	-1.0
196.08984	-1.0
196.10104	-1.0
196.119	-1.0
196.12209	-1.0
196.15808	-1.0
196.22948	-1.0
196.23288	-1.0
196.34204	-1.0
196.35825	-1.0
196.49043	-1.0
196.49384	-1.0
196.64787	-1.0
196.66756	-1.0
196.68184	-1.0
196.73888	-1.0
196.87917	1.0
196.99644	-1.0
197.23569	-1.0
197.30428	-1.0
200.61195	1.0
201.94492	-1.0
201.96068	-1.0
201.9738	-1.0
201.98784	1.0
201.99368	-1.0
201.99844	1.0
202.0316	-1.0
202.075	-1.0
202.15852	-1.0
202.18216	-1.0
202.28957	-1.0
202.33784	-1.0
202.40273	-1.0
202.40652	1.0
202.53268	-1.0
202.53648	-1.0
202.65024	-1.0
202.74245	-1.0
202.7822	-1.0
202.7864	-1.0
202.92352	-1.0
202.9722	-1.0
203.07507	-1.0
207.8464	-1.0
207.859	1.0
207.86304	-1.0
207.86592	-1.0
207.88753	-1.0
207.90732	-1.0
207.92168	-1.0
207.94089	-1.0
207.9822	-1.0
207.9882	-1.0
207.9956	-1.0
208.06049	-1.0
208.07085	-1.0
208.07712	-1.0
208.22597	-1.0
208.40907	-1.0
208.53165	1.0
208.83572	1.0
208.89412	-1.0
208.94936	-1.0
209.02448	1.0
213.70088	-1.0
213.71568	-1.0
213.7206	1.0
213.73608	1.0
213.76164	1.0
213.79076	-1.0
213.88168	-1.0
213.89076	-1.0
214.03052	-1.0
214.14471	-1.0
214.18776	-1.0
214.3484	1.0
214.5432	-1.0
214.5532	-1.0
214.77216	-1.0
215.04268	-1.0
215.10864	-1.0
219.31496	-1.0
219.33572	-1.0
219.34389	-1.0
219.3496	-1.0
219.35677	-1.0
219.35948	-1.0
219.40376	-1.0
219.41467	-1.0
219.43904	-1.0
219.4562	-1.0
219.48463	1.0
219.52684	-1.0
219.57596	-1.0
219.58955	-1.0
219.72395	-1.0
219.91084	-1.0
219.94109	-1.0
219.95609	-1.0
220.0618	-1.0
220.12848	-1.0
220.15616	1.0
220.16628	-1.0
220.30257	-1.0
220.419	-1.0
220.46625	-1.0
220.57748	-1.0
220.63647	-1.0
225.2688	-1.0
225.2856	1.0
225.2998	-1.0
225.31844	-1.0
225.33304	-1.0
225.34451	-1.0
225.3644	-1.0
225.38107	-1.0
225.39784	-1.0
225.44208	-1.0
225.47392	-1.0
225.5126	-1.0
225.52985	-1.0
225.59187	-1.0
225.70895	-1.0
225.78464	-1.0
225.8156	-1.0
225.85632	-1.0
226.14848	-1.0
226.2102	-1.0
226.53967	-1.0
226.76088	-1.0
230.77477	-1.0
230.78323	1.0
230.80405	-1.0
230.82423	-1.0
230.8868	-1.0
230.8906	1.0
230.89372	-1.0
230.94728	1.0
230.9618	-1.0
231.00296	-1.0
231.01643	-1.0
231.02672	1.0
231.162	1.0
231.40224	-1.0
231.5356	-1.0
231.73016	-1.0
231.77832	1.0
231.99716	-1.0
236.63228	1.0
236.6494	-1.0
236.68364	1.0
236.74088	-1.0
236.83057	-1.0
237.1414	1.0
237.2688	-1.0
237.34685	-1.0
237.4282	-1.0
237.45656	1.0
237.6932	-1.0
237.78072	-1.0
237.79968	-1.0
237.8554	-1.0
242.16045	-1.0
242.1668	-1.0
242.18208	-1.0
242.18652	-1.0
242.19968	-1.0
242.20456	-1.0
242.21248	1.0
242.34012	-1.0
242.48508	-1.0
242.57652	-1.0
242.79591	-1.0
242.81824	1.0
242.88075	-1.0
243.02052	1.0
243.05008	-1.0
243.22025	-1.0
243.47348	1.0
243.62016	-1.0
248.64072	-1.0
248.66003	1.0
248.66615	-1.0
248.67	1.0
248.6976	-1.0
248.70412	-1.0
248.7274	1.0
248.75632	-1.0
248.806	-1.0
249.4058	-1.0
249.45244	1.0
249.54105	-1.0
249.67064	-1.0
249.6742	-1.0
249.74908	-1.0
249.95917	-1.0
249.98328	1.0
255.01253	-1.0
255.03851	-1.0
255.04572	-1.0
255.06384	-1.0
255.07951	-1.0
255.10628	-1.0
255.11316	-1.0
255.15204	-1.0
255.17804	-1.0
255.18852	-1.0
255.21216	-1.0
255.22884	-1.0
255.23384	-1.0
255.28873	1.0
255.39284	-1.0
255.44504	-1.0
255.74664	-1.0
255.78308	-1.0
255.78784	-1.0
255.92572	-1.0
255.9564	-1.0
256.24863	-1.0
260.24255	-1.0
260.2779	-1.0
260.3062	-1.0
260.3599	-1.0
260.38727	-1.0
260.43967	1.0
260.46497	-1.0
260.48785	-1.0
260.5034	1.0
260.6809	-1.0
260.81525	-1.0
260.85123	-1.0
260.97632	-1.0
261.04648	-1.0
261.25073	-1.0
261.46347	-1.0
265.75748	-1.0
265.77347	-1.0
265.7971	-1.0
265.7996	-1.0
265.896	-1.0
265.9107	-1.0
266.10715	-1.0
266.1711	-1.0
266.35684	-1.0
266.3746	-1.0
266.48657	1.0
266.57584	1.0
266.70163	-1.0
266.89847	-1.0
266.9924	-1.0
271.28885	-1.0
271.2928	-1.0
271.33447	-1.0
271.33813	-1.0
271.34787	-1.0
271.3774	1.0
271.40283	1.0
271.42532	-1.0
271.4382	-1.0
271.46176	-1.0
271.56915	-1.0
271.6588	-1.0
271.7747	1.0
271.8019	-1.0
271.90533	-1.0
272.18384	-1.0
272.31888	1.0
272.85587	-1.0
274.82593	-1.0
274.89548	1.0
274.95312	-1.0
275.09692	-1.0
275.1528	-1.0
275.2206	1.0
275.43967	-1.0
275.6121	-1.0
275.662	1.0
275.72012	1.0
275.83112	-1.0
275.84363	-1.0
276.0045	-1.0
281.3794	-1.0
281.39423	-1.0
281.43353	-1.0
281.46063	1.0
281.48703	-1.0
281.5175	-1.0
281.54233	1.0
281.7631	-1.0
281.76636	-1.0
281.77747	-1.0
281.91815	-1.0
281.9275	-1.0
282.03143	-1.0
282.07364	-1.0
282.08157	1.0
282.19736	-1.0
286.4195	-1.0
286.44684	1.0
286.55035	-1.0
286.5894	-1.0
286.63647	-1.0
286.68564	-1.0
286.83365	1.0
286.85336	1.0
286.8822	-1.0
287.00583	-1.0
287.20148	1.0
287.20648	-1.0
287.5534	1.0
288.3936	1.0
290.03644	-1.0
290.0604	-1.0
290.09305	-1.0
290.1049	-1.0
290.11908	-1.0
290.12784	-1.0
290.22324	-1.0
290.45227	-1.0
290.45624	-1.0
290.4834	1.0
290.57187	-1.0
290.64105	-1.0
290.84952	-1.0
290.96228	-1.0
291.03857	-1.0
291.1058	-1.0
295.52252	-1.0
295.569	-1.0
295.61725	1.0
295.66324	-1.0
295.71716	-1.0
295.7482	-1.0
295.76245	-1.0
295.76517	-1.0
295.8354	-1.0
296.16684	1.0
296.21228	-1.0
296.29767	-1.0
296.35327	1.0
296.55612	-1.0
300.41083	-1.0
300.42465	-1.0
300.43744	-1.0
300.48215	-1.0
300.4861	-1.0
300.50146	-1.0
300.5417	-1.0
300.5712	-1.0
300.61145	-1.0
300.62436	-1.0
300.6272	-1.0
300.7227	-1.0
300.8058	-1.0
301.08447	-1.0
305.52637	-1.0
305.5483	1.0
305.5558	-1.0
305.5758	-1.0
305.6271	-1.0
305.63373	-1.0
305.69016	1.0
305.71664	-1.0
305.83084	-1.0
305.8903	-1.0
306.0099	-1.0
306.13672	-1.0
306.2318	-1.0
306.64474	-1.0
310.25403	-1.0
310.28223	-1.0
310.29276	-1.0
310.30072	-1.0
310.37497	-1.0
310.4678	1.0
310.6789	-1.0
310.75497	-1.0
310.77347	-1.0
310.8926	-1.0
310.93497	-1.0
311.00256	-1.0
315.91367	-1.0
315.95325	-1.0
315.98712	-1.0
315.99072	-1.0
316.04037	-1.0
316.08344	-1.0
316.12656	-1.0
316.12976	-1.0
316.2048	-1.0
316.288	-1.0
316.3123	-1.0
316.3416	-1.0
316.40076	1.0
316.54773	-1.0
316.6999	1.0
316.81348	-1.0
320.99716	-1.0
321.03857	-1.0
321.04617	-1.0
321.08136	-1.0
321.09183	1.0
321.1885	-1.0
321.3589	1.0
321.46664	-1.0
321.55252	-1.0
321.6884	-1.0
321.77948	-1.0
321.82852	-1.0
322.00732	1.0
322.1771	-1.0
325.954	-1.0
325.97183	-1.0
325.9758	-1.0
325.9962	-1.0
325.99957	-1.0
326.02536	-1.0
326.07913	-1.0
326.11725	-1.0
326.12045	-1.0
326.17468	-1.0
326.2202	1.0
326.25433	1.0
326.3204	-1.0
326.36237	-1.0
326.38113	1.0
326.56403	-1.0
326.61395	1.0
326.90344	-1.0
327.1152	-1.0
331.8286	-1.0
331.84286	-1.0
331.8552	-1.0
331.88193	-1.0
331.90393	-1.0
331.9072	-1.0
331.91107	-1.0
332.01917	-1.0
332.03104	-1.0
332.054	-1.0
332.05707	-1.0
332.09793	-1.0
332.11057	-1.0
332.24533	-1.0
332.30475	-1.0
332.41556	1.0
332.55075	-1.0
332.56665	-1.0
332.59412	-1.0
332.74777	-1.0
332.92035	-1.0
332.97107	-1.0
338.19653	1.0
338.2412	-1.0
338.2535	-1.0
338.26407	1.0
338.2708	-1.0
338.32477	-1.0
338.32785	-1.0
338.3633	-1.0
338.42157	-1.0
338.43668	-1.0
338.48187	-1.0
338.52185	-1.0
338.55853	-1.0
338.56403	1.0
338.5692	-1.0
338.614	-1.0
338.70023	-1.0
338.84357	-1.0
338.8976	-1.0
338.95752	-1.0
343.29068	-1.0
343.2957	-1.0
343.31143	-1.0
343.37964	-1.0
343.42825	-1.0
343.47287	-1.0
343.4996	-1.0
343.52527	-1.0
343.57843	-1.0
343.7096	-1.0
343.71225	-1.0
343.7976	-1.0
343.8069	-1.0
343.85025	-1.0
343.9548	-1.0
343.9942	1.0
344.02448	-1.0
344.0541	-1.0
348.61884	-1.0
348.64865	-1.0
348.68036	-1.0
348.69464	-1.0
348.69897	1.0
348.7158	-1.0
348.72333	1.0
348.7357	1.0
348.73856	-1.0
348.80237	-1.0
348.80557	-1.0
348.8445	-1.0
348.88464	-1.0
348.89175	-1.0
348.91937	-1.0
349.02847	-1.0
349.04175	-1.0
349.08575	-1.0
349.10593	-1.0
349.11188	-1.0
349.13547	-1.0
349.1706	-1.0
349.24088	-1.0
349.3001	-1.0
349.3943	-1.0
349.42697	-1.0
349.5054	-1.0
349.5114	-1.0
353.62125	-1.0
353.65207	-1.0
353.6582	-1.0
353.67355	-1.0
353.69412	-1.0
353.73004	-1.0
353.73303	1.0
353.75357	1.0
353.77457	-1.0
353.7862	-1.0
353.81015	-1.0
353.83524	-1.0
353.85956	-1.0
353.8728	-1.0
353.94373	-1.0
353.9955	-1.0
354.05103	-1.0
354.05548	-1.0
354.068	-1.0
354.079	-1.0
354.084	-1.0
354.08777	-1.0
354.1146	-1.0
354.1812	-1.0
354.43607	-1.0
354.43936	1.0
354.55215	-1.0
354.55615	-1.0
354.62503	-1.0
358.38055	-1.0
358.41052	-1.0
358.4681	-1.0
358.47165	-1.0
358.48947	-1.0
358.54425	-1.0
358.5552	-1.0
358.57407	-1.0
358.58075	-1.0
358.66736	-1.0
358.6711	-1.0
358.73096	-1.0
358.8792	-1.0
358.90543	-1.0
358.92072	-1.0
358.94763	-1.0
358.96683	1.0
358.99167	-1.0
359.02597	-1.0
359.0872	-1.0
359.11777	-1.0
359.27832	-1.0
363.4518	-1.0
363.455	-1.0
363.469	-1.0
363.47495	-1.0
363.48575	-1.0
363.50864	-1.0
363.5222	-1.0
363.52682	-1.0
363.55887	-1.0
363.57776	-1.0
363.6348	-1.0
363.64047	-1.0
363.6819	-1.0
363.7158	-1.0
363.73004	-1.0
363.75812	-1.0
363.85025	-1.0
363.88028	-1.0
363.9117	-1.0
363.9181	-1.0
363.92627	-1.0
363.93887	1.0
363.95575	-1.0
364.1686	-1.0
364.2386	-1.0
364.31537	-1.0
364.44293	-1.0
364.5169	-1.0
364.51965	-1.0
368.40253	-1.0
368.40585	-1.0
368.422	-1.0
368.42523	1.0
368.4428	-1.0
368.45407	1.0
368.45773	-1.0
368.47076	1.0
368.47763	-1.0
368.50705	-1.0
368.55	-1.0
368.5725	-1.0
368.61716	-1.0
368.628	-1.0
368.74854	-1.0
368.8468	-1.0
368.91428	-1.0
368.94833	-1.0
369.02045	-1.0
369.05795	-1.0
369.0726	-1.0
369.0767	-1.0
369.14697	-1.0
373.1663	-1.0
373.1884	1.0
373.19388	-1.0
373.20236	1.0
373.23935	-1.0
373.2513	-1.0
373.25824	-1.0
373.26093	-1.0
373.28168	-1.0
373.29663	-1.0
373.30423	-1.0
373.34137	-1.0
373.3932	-1.0
373.4124	-1.0
373.45184	-1.0
373.49197	-1.0
373.54865	1.0
373.74252	-1.0
373.75043	1.0
373.83936	-1.0
373.883	-1.0
374.05197	-1.0
374.08176	-1.0
378.03275	-1.0
378.0538	-1.0
378.06277	-1.0
378.08823	-1.0
378.10403	-1.0
378.12228	-1.0
378.1267	-1.0
378.1384	-1.0
378.14105	-1.0
378.14584	-1.0
378.15356	-1.0
378.15976	-1.0
378.1916	-1.0
378.24173	-1.0
378.3254	-1.0
378.35812	-1.0
378.42587	-1.0
378.44687	-1.0
378.48608	-1.0
378.50287	-1.0
378.55176	-1.0
378.55548	-1.0
378.58157	-1.0
378.60327	-1.0
378.60632	-1.0
378.63513	-1.0
378.83496	-1.0
378.8386	-1.0
383.06805	-1.0
383.0873	-1.0
383.09027	-1.0
383.10184	-1.0
383.11996	-1.0
383.1248	-1.0
383.12823	-1.0
383.13245	-1.0
383.13593	1.0
383.14594	-1.0
383.163	-1.0
383.1737	-1.0
383.19415	-1.0
383.23767	-1.0
383.2967	-1.0
383.30063	-1.0
383.30356	-1.0
383.3274	-1.0
383.35907	-1.0
383.39886	1.0
383.40765	-1.0
383.46265	-1.0
383.4817	1.0
383.63953	-1.0
383.6956	-1.0
383.7288	-1.0
383.91364	-1.0
388.07745	-1.0
388.09988	-1.0
388.10297	-1.0
388.12912	-1.0
388.1327	-1.0
388.14886	-1.0
388.1664	1.0
388.16895	-1.0
388.1742	-1.0
388.18652	1.0
388.19205	-1.0
388.19608	-1.0
388.2203	-1.0
388.22873	-1.0
388.24155	-1.0
388.30664	-1.0
388.34048	-1.0
388.34436	-1.0
388.40683	-1.0
388.41025	-1.0
388.56525	-1.0
388.58292	1.0
388.59763	-1.0
388.64972	1.0
388.80887	-1.0
388.8548	-1.0
388.87396	-1.0
388.9272	-1.0
392.84073	-1.0
392.85995	-1.0
392.87332	-1.0
392.8825	1.0
392.88644	-1.0
392.89877	1.0
392.90237	-1.0
392.92615	-1.0
392.93256	-1.0
392.93524	1.0
392.9611	-1.0
392.9815	-1.0
393.02548	-1.0
393.0396	-1.0
393.06445	-1.0
393.16464	-1.0
393.16864	-1.0
393.2242	-1.0
393.28256	-1.0
393.28607	-1.0
393.31897	1.0
393.3495	-1.0
393.3603	-1.0
393.3929	-1.0
393.40567	-1.0
393.49026	-1.0
393.60583	-1.0
393.69528	-1.0
393.7682	1.0
397.21115	-1.0
397.22836	-1.0
397.23273	-1.0
397.24496	1.0
397.2528	-1.0
397.26904	-1.0
397.28125	1.0
397.28375	-1.0
397.2944	-1.0
397.29803	-1.0
397.31793	-1.0
397.32187	-1.0
397.3445	-1.0
397.43164	-1.0
397.4356	-1.0
397.48065	-1.0
397.4843	-1.0
397.49216	-1.0
397.49603	1.0
397.56223	-1.0
397.57343	-1.0
397.60593	1.0
397.61923	-1.0
397.65387	-1.0
397.70572	-1.0
397.71152	-1.0
397.76093	1.0
397.78265	-1.0
397.84683	-1.0
397.8521	-1.0
397.88223	-1.0
397.92047	-1.0
397.92523	-1.0
397.9694	-1.0
402.13815	-1.0
402.1625	-1.0
402.17624	-1.0
402.18756	-1.0
402.19113	-1.0
402.19476	-1.0
402.2115	-1.0
402.2368	-1.0
402.2664	-1.0
402.34796	1.0
402.35287	1.0
402.3628	-1.0
402.38724	-1.0
402.43063	1.0
402.45413	-1.0
402.49097	-1.0
402.5201	-1.0
402.5457	-1.0
402.57773	-1.0
402.6604	-1.0
402.66565	-1.0
402.70544	1.0
402.73734	-1.0
402.80945	-1.0
402.85092	-1.0
402.9836	-1.0
403.08286	-1.0
407.46405	-1.0
407.4673	-1.0
407.47833	-1.0
407.4816	-1.0
407.4892	-1.0
407.5005	-1.0
407.503	-1.0
407.5082	-1.0
407.51215	-1.0
407.51944	1.0
407.52457	-1.0
407.52896	-1.0
407.5319	-1.0
407.53983	-1.0
407.56967	-1.0
407.5764	-1.0
407.59012	-1.0
407.6322	-1.0
407.63684	1.0
407.64557	-1.0
407.6533	-1.0
407.6639	-1.0
407.67093	-1.0
407.71313	-1.0
407.75113	-1.0
407.7756	-1.0
407.82568	-1.0
407.82883	-1.0
407.8375	-1.0
407.8618	-1.0
407.87384	-1.0
407.91132	-1.0
407.93863	-1.0
408.03827	-1.0
408.1097	-1.0
408.19397	-1.0
408.3751	-1.0
411.79263	-1.0
411.79623	-1.0
411.81625	-1.0
411.82596	-1.0
411.83023	-1.0
411.84717	-1.0
411.85144	-1.0
411.85593	1.0
411.8604	-1.0
411.8683	-1.0
411.87704	-1.0
411.89273	-1.0
411.8977	-1.0
411.91373	-1.0
411.92953	-1.0
411.9466	-1.0
411.95078	-1.0
411.9677	-1.0
411.977	1.0
412.00497	-1.0
412.01743	-1.0
412.04877	-1.0
412.06003	-1.0
412.11804	-1.0
412.16293	-1.0
412.18768	-1.0
412.19888	-1.0
412.205	-1.0
412.24063	-1.0
412.26508	-1.0
412.32355	-1.0
412.32733	-1.0
412.39493	-1.0
412.71945	-1.0
413.95096	-1.0
416.61115	1.0
416.62064	-1.0
416.62952	-1.0
416.63287	-1.0
416.63556	1.0
416.63824	-1.0
416.6435	-1.0
416.6563	-1.0
416.7137	-1.0
416.71713	-1.0
416.72787	-1.0
416.74017	1.0
416.74268	-1.0
416.7497	-1.0
416.76852	-1.0
416.77383	-1.0
416.80295	-1.0
416.80844	-1.0
416.81543	-1.0
416.89288	-1.0
416.9213	-1.0
416.93445	-1.0
416.95703	-1.0
416.96744	-1.0
417.025	-1.0
417.05075	-1.0
417.06183	-1.0
417.09424	-1.0
417.11417	-1.0
417.13763	-1.0
417.14288	-1.0
417.22705	-1.0
417.34497	-1.0
417.39594	-1.0
421.2671	-1.0
421.29813	-1.0
421.3011	-1.0
421.30847	-1.0
421.31363	-1.0
421.3194	-1.0
421.32227	-1.0
421.3272	-1.0
421.33063	-1.0
421.3338	-1.0
421.33807	1.0
421.34235	-1.0
421.36908	-1.0
421.37256	-1.0
421.38367	-1.0
421.4022	-1.0
421.42212	-1.0
421.43137	-1.0
421.43445	-1.0
421.44104	-1.0
421.45483	1.0
421.4752	-1.0
421.49347	-1.0
421.50845	-1.0
421.51877	-1.0
421.5218	-1.0
421.56284	-1.0
421.58932	-1.0
421.59375	-1.0
421.66284	1.0
421.68317	-1.0
421.7078	-1.0
421.76456	-1.0
421.7686	-1.0
421.79367	-1.0
421.83243	-1.0
421.84848	-1.0
421.87772	-1.0
421.9377	-1.0
421.98495	-1.0
422.0378	-1.0
425.68433	-1.0
425.7108	-1.0
425.7227	-1.0
425.73077	-1.0
425.73953	-1.0
425.75232	-1.0
425.76907	-1.0
425.77408	-1.0
425.8177	1.0
425.8248	-1.0
425.84036	-1.0
425.84406	-1.0
425.8487	-1.0
425.86908	-1.0
425.8917	-1.0
425.90027	-1.0
425.90643	1.0
425.954	-1.0
425.9594	-1.0
425.9973	-1.0
426.0009	-1.0
426.05627	-1.0
426.08557	-1.0
426.135	-1.0
426.15805	-1.0
426.20044	-1.0
426.29123	-1.0
426.4168	-1.0
426.4212	-1.0
426.47668	-1.0
426.51932	-1.0
429.62637	-1.0
429.6512	-1.0
429.66135	-1.0
429.66653	1.0
429.67133	-1.0
429.67557	-1.0
429.69257	-1.0
429.6967	-1.0
429.69937	1.0
429.7092	-1.0
429.7216	-1.0
429.7389	-1.0
429.74377	-1.0
429.76868	-1.0
429.79575	-1.0
429.7996	-1.0
429.807	-1.0
429.81	-1.0
429.82568	-1.0
429.8305	-1.0
429.8728	-1.0
429.87656	1.0
429.9376	-1.0
429.97028	-1.0
430.0038	-1.0
430.0447	-1.0
430.0964	1.0
430.1049	-1.0
430.1136	-1.0
430.17477	-1.0
430.20596	-1.0
430.2718	-1.0
430.36588	-1.0
433.63892	-1.0
433.65988	-1.0
433.67072	1.0
433.67325	-1.0
433.683	-1.0
433.6869	-1.0
433.6894	1.0
433.6921	-1.0
433.69888	-1.0
433.7035	1.0
433.70612	1.0
433.72415	-1.0
433.73053	-1.0
433.73865	-1.0
433.7748	-1.0
433.78928	-1.0
433.79416	-1.0
433.80975	-1.0
433.8198	-1.0
433.86713	-1.0
433.87164	-1.0
433.92816	-1.0
433.94223	-1.0
433.96143	-1.0
433.99368	-1.0
434.02676	-1.0
434.0572	-1.0
434.0602	-1.0
434.1398	-1.0
434.14392	-1.0
434.19452	-1.0
434.22592	-1.0
434.23227	-1.0
434.29724	-1.0
434.4095	-1.0
434.47293	-1.0
437.47012	-1.0
437.47263	-1.0
437.47668	-1.0
437.4915	-1.0
437.4964	-1.0
437.50977	-1.0
437.51453	-1.0
437.5175	-1.0
437.52695	-1.0
437.53214	-1.0
437.53644	1.0
437.5614	-1.0
437.56693	1.0
437.58163	-1.0
437.60416	-1.0
437.6106	-1.0
437.6292	-1.0
437.64355	-1.0
437.651	-1.0
437.6937	-1.0
437.70297	-1.0
437.7164	-1.0
437.73984	-1.0
437.76492	-1.0
437.8011	-1.0
437.82343	-1.0
437.86832	-1.0
437.87177	-1.0
437.90173	-1.0
437.9399	1.0
437.95944	-1.0
437.96747	1.0
438.15384	-1.0
442.46936	-1.0
442.4734	-1.0
442.48572	-1.0
442.49316	-1.0
442.49832	1.0
442.5016	-1.0
442.50513	-1.0
442.51233	-1.0
442.51584	-1.0
442.52682	-1.0
442.53247	-1.0
442.55103	1.0
442.58408	-1.0
442.61432	-1.0
442.63016	-1.0
442.66592	-1.0
442.67795	-1.0
442.70337	-1.0
442.7064	-1.0
442.7447	-1.0
442.78253	-1.0
442.79492	-1.0
442.8156	-1.0
442.8339	-1.0
442.86255	-1.0
442.92053	-1.0
442.92484	1.0
442.94733	-1.0
443.09033	-1.0
443.132	-1.0
443.13556	-1.0
443.201	-1.0
443.22977	-1.0
443.36343	-1.0
446.35013	1.0
446.3615	-1.0
446.376	-1.0
446.3785	-1.0
446.38544	-1.0
446.3881	-1.0
446.3915	1.0
446.39905	-1.0
446.40536	-1.0
446.4088	-1.0
446.4272	-1.0
446.43073	-1.0
446.4643	-1.0
446.47852	-1.0
446.48795	-1.0
446.49365	-1.0
446.51276	-1.0
446.537	-1.0
446.55844	-1.0
446.56192	-1.0
446.5847	-1.0
446.61536	-1.0
446.64404	-1.0
446.70117	-1.0
446.7217	-1.0
446.74823	1.0
446.77548	-1.0
446.8008	-1.0
446.80383	-1.0
446.83875	-1.0
446.84372	-1.0
446.88153	-1.0
446.96497	-1.0
450.39673	-1.0
450.40952	-1.0
450.41232	1.0
450.41632	-1.0
450.41888	-1.0
450.4257	-1.0
450.4344	-1.0
450.43747	-1.0
450.44647	-1.0
450.45352	1.0
450.475	1.0
450.47833	1.0
450.5248	-1.0
450.56317	-1.0
450.5732	-1.0
450.57605	1.0
450.62665	-1.0
450.63733	-1.0
450.65488	-1.0
450.66165	-1.0
450.70197	-1.0
450.77304	-1.0
450.82544	-1.0
450.8507	-1.0
450.86136	-1.0
450.94537	-1.0
450.9869	-1.0
451.03632	1.0
451.04648	-1.0
451.09348	-1.0
453.9192	-1.0
453.93228	-1.0
453.9511	-1.0
453.9604	-1.0
453.96295	-1.0
453.97107	-1.0
453.9806	-1.0
453.98367	-1.0
454.00143	-1.0
454.01266	-1.0
454.0201	1.0
454.03253	-1.0
454.0458	1.0
454.05157	-1.0
454.0779	-1.0
454.08673	-1.0
454.11475	-1.0
454.1375	-1.0
454.14197	1.0
454.166	-1.0
454.21707	-1.0
454.22375	-1.0
454.25677	-1.0
454.28845	-1.0
454.3022	-1.0
454.34683	-1.0
454.38065	1.0
454.41452	-1.0
454.46603	-1.0
454.52008	-1.0
454.65024	-1.0
457.45828	-1.0
457.4739	-1.0
457.4768	-1.0
457.4831	1.0
457.48587	-1.0
457.49127	1.0
457.49896	-1.0
457.50925	1.0
457.51184	1.0
457.518	-1.0
457.54636	-1.0
457.56625	-1.0
457.56897	-1.0
457.59537	-1.0
457.60956	-1.0
457.6125	-1.0
457.63196	-1.0
457.64655	-1.0
457.673	-1.0
457.67615	-1.0
457.69052	-1.0
457.707	-1.0
457.7339	-1.0
457.73672	-1.0
457.74237	-1.0
457.77753	-1.0
457.7808	1.0
457.78775	-1.0
457.8075	-1.0
457.83316	-1.0
457.85367	-1.0
457.85684	-1.0
457.8835	-1.0
457.98575	-1.0
458.0385	-1.0
458.1135	-1.0
460.71384	-1.0
460.7276	-1.0
460.73935	1.0
460.74808	-1.0
460.75165	-1.0
460.75977	-1.0
460.7624	-1.0
460.76553	1.0
460.77386	-1.0
460.7815	-1.0
460.78543	1.0
460.80225	-1.0
460.80557	-1.0
460.81573	-1.0
460.82172	-1.0
460.8448	-1.0
460.8608	-1.0
460.87787	-1.0
460.8979	-1.0
460.9148	-1.0
460.9369	-1.0
460.9892	-1.0
461.0391	-1.0
461.05975	-1.0
461.07373	-1.0
461.11835	-1.0
461.12616	-1.0
461.1734	-1.0
461.2707	-1.0
461.33255	-1.0
464.17963	-1.0
464.19293	-1.0
464.19635	-1.0
464.19965	-1.0
464.20444	-1.0
464.20807	-1.0
464.21472	-1.0
464.21744	-1.0
464.22028	-1.0
464.22476	-1.0
464.23013	1.0
464.23288	1.0
464.24973	-1.0
464.2799	-1.0
464.29617	-1.0
464.31488	-1.0
464.32135	-1.0
464.3362	-1.0
464.34537	-1.0
464.358	-1.0
464.38547	-1.0
464.4045	-1.0
464.42685	-1.0
464.51193	-1.0
464.55032	-1.0
464.57248	-1.0
464.59375	-1.0
464.62503	-1.0
464.64127	-1.0
464.6743	-1.0
464.70703	-1.0
464.7548	-1.0
464.89487	-1.0
467.67764	-1.0
467.6868	-1.0
467.6993	1.0
467.70392	-1.0
467.71786	-1.0
467.73236	1.0
467.7354	-1.0
467.73972	1.0
467.743	-1.0
467.75928	-1.0
467.76633	-1.0
467.78336	-1.0
467.78928	-1.0
467.81284	-1.0
467.83228	-1.0
467.8388	-1.0
467.8553	-1.0
467.88336	-1.0
467.89816	-1.0
467.93753	-1.0
467.94128	-1.0
467.96664	-1.0
468.0521	-1.0
468.0836	-1.0
468.11176	-1.0
468.1586	-1.0
468.2141	-1.0
470.95087	-1.0
470.9746	-1.0
470.99008	-1.0
470.9926	-1.0
471.00064	-1.0
471.00467	-1.0
471.0091	1.0
471.01193	1.0
471.01968	-1.0
471.0328	-1.0
471.0636	-1.0
471.06827	1.0
471.0783	-1.0
471.08884	-1.0
471.09668	1.0
471.12872	-1.0
471.1538	-1.0
471.19836	-1.0
471.21823	-1.0
471.2564	-1.0
471.29932	-1.0
471.35825	-1.0
471.4065	-1.0
471.43668	-1.0
471.4978	-1.0
471.58493	-1.0
471.76233	-1.0
473.91605	-1.0
473.91953	-1.0
473.93088	-1.0
473.9334	-1.0
473.9378	-1.0
473.94443	-1.0
473.95123	-1.0
473.95685	-1.0
473.96753	-1.0
473.97293	-1.0
473.9774	-1.0
473.99268	-1.0
474.0081	-1.0
474.01144	-1.0
474.0176	-1.0
474.02164	-1.0
474.0418	-1.0
474.07312	-1.0
474.1111	-1.0
474.1332	-1.0
474.14188	-1.0
474.1936	-1.0
474.22873	-1.0
474.32184	-1.0
474.38217	-1.0
474.44196	-1.0
476.9212	-1.0
476.92996	-1.0
476.9345	-1.0
476.94528	-1.0
476.95108	-1.0
476.95752	-1.0
476.96497	1.0
476.96823	-1.0
476.97116	-1.0
476.9857	-1.0
477.00128	1.0
477.00607	-1.0
477.01605	-1.0
477.06265	-1.0
477.0801	1.0
477.0834	-1.0
477.10736	-1.0
477.11307	-1.0
477.1241	1.0
477.14697	-1.0
477.15952	-1.0
477.1938	-1.0
477.23917	-1.0
477.28973	-1.0
477.33817	-1.0
477.3881	-1.0
477.43677	-1.0
479.7962	1.0
479.80707	-1.0
479.8226	-1.0
479.83383	-1.0
479.83795	-1.0
479.8463	-1.0
479.84973	1.0
479.85696	-1.0
479.86508	-1.0
479.8708	-1.0
479.88513	-1.0
479.88812	-1.0
479.89072	-1.0
479.8944	-1.0
479.89737	1.0
479.91815	-1.0
479.92896	-1.0
479.94052	-1.0
479.9472	-1.0
479.95624	-1.0
480.0252	-1.0
480.08633	-1.0
480.13928	-1.0
480.17908	-1.0
480.20844	-1.0
480.26562	-1.0
480.3115	-1.0
480.3719	-1.0
482.4994	-1.0
482.51645	-1.0
482.52872	-1.0
482.5326	-1.0
482.551	-1.0
482.55685	1.0
482.57028	1.0
482.58383	-1.0
482.61545	-1.0
482.62744	-1.0
482.6505	-1.0
482.65744	-1.0
482.67487	-1.0
482.68808	-1.0
482.7517	-1.0
482.793	-1.0
482.82373	-1.0
482.88257	-1.0
485.72296	-1.0
485.73053	-1.0
485.74124	1.0
485.74423	-1.0
485.75336	-1.0
485.76584	-1.0
485.7698	-1.0
485.7727	-1.0
485.77533	-1.0
485.7857	-1.0
485.7891	1.0
485.7924	1.0
485.8054	-1.0
485.80865	-1.0
485.81735	-1.0
485.83844	1.0
485.86093	-1.0
485.86957	-1.0
485.91995	-1.0
485.94263	-1.0
485.96173	-1.0
485.96735	-1.0
485.9714	1.0
485.9868	-1.0
486.02347	-1.0
486.0691	-1.0
486.15244	-1.0
486.19983	-1.0
486.32812	-1.0
489.05917	-1.0
489.0748	-1.0
489.0832	1.0
489.0876	-1.0
489.09027	-1.0
489.09628	-1.0
489.1023	-1.0
489.11057	-1.0
489.11523	1.0
489.11777	-1.0
489.12555	-1.0
489.14053	-1.0
489.15927	-1.0
489.16245	-1.0
489.19788	-1.0
489.2074	-1.0
489.2284	-1.0
489.23553	-1.0
489.26297	-1.0
489.30975	-1.0
489.36783	-1.0
489.42255	-1.0
489.46796	-1.0
489.5247	-1.0
489.57016	-1.0
492.67053	-1.0
492.67633	-1.0
492.69147	-1.0
492.69824	-1.0
492.70163	-1.0
492.71472	-1.0
492.71964	1.0
492.72485	-1.0
492.7316	-1.0
492.7368	1.0
492.73993	-1.0
492.74243	-1.0
492.74854	-1.0
492.7744	-1.0
492.79276	-1.0
492.80536	-1.0
492.8169	-1.0
492.82043	-1.0
492.84555	-1.0
492.86276	-1.0
492.90424	-1.0
492.9445	-1.0
492.98187	-1.0
492.98785	-1.0
493.0116	-1.0
493.03635	-1.0
493.06897	-1.0
493.10693	-1.0
493.19376	-1.0
493.2369	-1.0
493.31265	-1.0
495.4575	-1.0
495.4687	-1.0
495.47488	-1.0
495.48657	-1.0
495.49304	-1.0
495.49603	-1.0
495.50195	-1.0
495.50784	-1.0
495.51053	1.0
495.52216	-1.0
495.5274	-1.0
495.53665	-1.0
495.5487	-1.0
495.56525	-1.0
495.58325	-1.0
495.60968	-1.0
495.64175	-1.0
495.68225	-1.0
495.6854	-1.0
495.74667	-1.0
495.75055	-1.0
495.81705	-1.0
498.4982	-1.0
498.5027	-1.0
498.5108	-1.0
498.52725	-1.0
498.53073	-1.0
498.5399	-1.0
498.5428	-1.0
498.5474	-1.0
498.55356	-1.0
498.5623	-1.0
498.56735	-1.0
498.573	-1.0
498.58563	1.0
498.59375	-1.0
498.59985	1.0
498.60852	-1.0
498.6161	-1.0
498.6249	-1.0
498.64285	-1.0
498.6508	-1.0
498.68008	-1.0
498.6836	-1.0
498.71268	-1.0
498.73767	-1.0
498.7852	-1.0
498.79117	-1.0
498.8451	-1.0
498.87793	-1.0
498.93365	-1.0
499.00372	-1.0
503.9062	-1.0
503.91156	-1.0
503.9143	-1.0
503.9175	-1.0
503.92767	-1.0
503.9331	1.0
503.93613	-1.0
503.93958	-1.0
503.94336	-1.0
503.9508	-1.0
503.959	-1.0
503.96677	-1.0
503.9739	-1.0
503.97937	-1.0
503.9828	-1.0
503.99203	-1.0
504.0507	-1.0
504.06808	-1.0
504.10532	-1.0
504.12308	-1.0
504.1832	-1.0
504.18573	-1.0
504.2013	-1.0
504.20413	-1.0
504.22653	-1.0
504.23145	-1.0
504.2689	-1.0
504.2969	-1.0
504.34628	-1.0
504.40295	-1.0
504.4275	-1.0
504.44916	-1.0
504.50256	-1.0
504.50647	-1.0
504.5811	-1.0
506.87973	-1.0
506.8825	-1.0
506.88675	-1.0
506.88992	-1.0
506.89444	-1.0
506.91068	-1.0
506.9237	-1.0
506.93707	-1.0
506.93964	-1.0
506.9437	-1.0
506.9611	-1.0
506.9807	-1.0
507.027	-1.0
507.0489	-1.0
507.13144	-1.0
507.1993	-1.0
507.28156	-1.0
509.38736	-1.0
509.39005	-1.0
509.39273	-1.0
509.40396	-1.0
509.42023	-1.0
509.42676	1.0
509.43057	-1.0
509.44223	-1.0
509.44675	-1.0
509.4502	-1.0
509.46164	-1.0
509.4699	-1.0
509.4759	-1.0
509.4998	-1.0
509.5435	-1.0
509.57895	-1.0
509.5825	-1.0
509.6114	-1.0
509.67648	-1.0
509.7129	-1.0
512.60065	-1.0
512.6042	-1.0
512.6128	-1.0
512.6154	-1.0
512.62756	1.0
512.6391	-1.0
512.64246	1.0
512.645	-1.0
512.6536	-1.0
512.6602	-1.0
512.66693	1.0
512.67505	-1.0
512.6824	-1.0
512.70276	-1.0
512.7122	-1.0
512.7372	-1.0
512.7709	-1.0
512.7987	-1.0
512.8057	-1.0
512.8214	-1.0
512.8383	-1.0
512.8671	-1.0
512.877	-1.0
513.025	-1.0
515.318	-1.0
515.3322	-1.0
515.3362	-1.0
515.34467	1.0
515.3643	-1.0
515.37036	-1.0
515.3863	1.0
515.38995	1.0
515.4032	-1.0
515.4062	-1.0
515.42224	-1.0
515.4283	-1.0
515.43097	-1.0
515.4577	-1.0
515.4773	1.0
515.50336	-1.0
515.55927	-1.0
515.58594	-1.0
515.60144	-1.0
515.68195	-1.0
518.2503	-1.0
518.2532	-1.0
518.2744	-1.0
518.2872	1.0
518.30304	-1.0
518.313	-1.0
518.31995	-1.0
518.33997	-1.0
518.3461	-1.0
518.3516	-1.0
518.35974	-1.0
518.37164	1.0
518.37573	-1.0
518.37933	-1.0
518.4006	-1.0
518.40643	-1.0
518.4188	-1.0
518.4237	1.0
518.45386	-1.0
518.4714	-1.0
518.4986	-1.0
518.5515	-1.0
518.5666	1.0
518.5961	-1.0
521.39935	-1.0
521.4101	-1.0
521.4211	-1.0
521.4293	-1.0
521.4355	-1.0
521.43915	-1.0
521.4563	1.0
521.45935	-1.0
521.48315	-1.0
521.488	-1.0
521.491	-1.0
521.52167	-1.0
521.53455	-1.0
521.5607	-1.0
521.56726	-1.0
521.6071	-1.0
521.6594	-1.0
521.7222	-1.0
521.7816	-1.0
523.81946	-1.0
524.17	-1.0
524.1786	-1.0
524.1869	-1.0
524.1959	-1.0
524.2108	-1.0
524.23444	1.0
524.2409	1.0
524.25104	-1.0
524.26196	-1.0
524.284	-1.0
524.29834	1.0
524.306	-1.0
524.3143	-1.0
524.3267	-1.0
524.33246	-1.0
524.3763	-1.0
524.38086	-1.0
524.4654	-1.0
524.5083	-1.0
524.5592	-1.0
526.6882	-1.0
526.69165	-1.0
526.70233	-1.0
526.7091	-1.0
526.71954	-1.0
526.74054	-1.0
526.756	-1.0
526.7691	-1.0
526.7743	-1.0
526.80585	-1.0
526.82385	-1.0
526.8347	-1.0
526.8441	-1.0
526.8558	1.0
526.86237	-1.0
526.8673	-1.0
526.88367	-1.0
526.9119	-1.0
530.087	-1.0
530.1	-1.0
530.1159	-1.0
530.12354	-1.0
530.1261	1.0
530.129	-1.0
530.1342	-1.0
530.1443	-1.0
530.15533	-1.0
530.1784	1.0
530.181	1.0
530.1978	-1.0
530.2227	-1.0
530.2435	-1.0
530.2606	-1.0
530.2688	-1.0
530.2718	-1.0
530.29443	-1.0
530.3332	-1.0
530.4096	-1.0
533.5039	-1.0
533.52155	-1.0
533.5348	-1.0
533.53864	1.0
533.5588	-1.0
533.5737	-1.0
533.5782	-1.0
533.5812	-1.0
533.59235	-1.0
533.60095	-1.0
533.60394	-1.0
533.6094	-1.0
533.6168	-1.0
533.661	-1.0
533.67554	-1.0
533.713	-1.0
533.7907	-1.0
535.821	-1.0
535.82355	-1.0
535.8415	-1.0
535.85803	-1.0
535.89734	-1.0
535.93243	-1.0
535.95233	-1.0
535.98706	-1.0
536.0525	-1.0
536.28625	-1.0
536.312	-1.0
536.3417	-1.0
536.363	-1.0
536.3658	-1.0
536.37836	-1.0
536.4006	-1.0
536.4041	-1.0
536.4896	-1.0
538.38116	-1.0
538.39685	-1.0
538.4153	-1.0
538.4271	-1.0
538.43097	-1.0
538.44366	-1.0
538.4518	-1.0
538.4545	-1.0
538.4663	1.0
538.46985	-1.0
538.4735	-1.0
538.4783	-1.0
538.4955	-1.0
538.5004	-1.0
538.51245	-1.0
538.523	-1.0
538.5259	-1.0
538.54083	-1.0
538.5863	-1.0
541.91394	-1.0
541.93317	-1.0
541.94867	-1.0
541.96027	-1.0
541.9636	-1.0
541.9731	-1.0
541.9795	-1.0
541.98334	-1.0
541.9902	-1.0
541.9947	-1.0
542.0052	-1.0
542.0134	-1.0
542.025	-1.0
542.04193	-1.0
542.0459	-1.0
542.0783	-1.0
542.0893	-1.0
542.11743	-1.0
542.1814	-1.0
542.18555	-1.0
544.4814	-1.0
544.52454	-1.0
544.5485	-1.0
544.55255	-1.0
544.5791	-1.0
544.58813	-1.0
544.64246	-1.0
547.0338	-1.0
547.0491	-1.0
547.05273	-1.0
547.05756	-1.0
547.0634	-1.0
547.06744	-1.0
547.08734	-1.0
547.1232	-1.0
547.15027	-1.0
547.1665	-1.0
547.1704	-1.0
547.18726	-1.0
547.2214	-1.0
547.2771	-1.0
547.3191	-1.0
551.75433	-1.0
551.779	-1.0
551.7888	-1.0
551.7988	-1.0
551.80835	-1.0
551.8131	-1.0
551.828	-1.0
551.8406	-1.0
551.8575	-1.0
551.8603	-1.0
551.8744	-1.0
551.8853	-1.0
551.9153	-1.0
551.9383	-1.0
551.9473	-1.0
551.96924	-1.0
551.9968	-1.0
552.1127	-1.0
555.94293	-1.0
555.98096	-1.0
555.98816	1.0
556.007	-1.0
556.03394	-1.0
556.04004	-1.0
556.05536	-1.0
556.05853	-1.0
556.0697	-1.0
556.07227	-1.0
556.0972	-1.0
556.10516	-1.0
556.1266	-1.0
556.1314	-1.0
556.2121	-1.0
559.7012	-1.0
559.7194	-1.0
559.73395	-1.0
559.74207	-1.0
559.75714	-1.0
559.77045	-1.0
559.77527	-1.0
559.7799	-1.0
559.8042	-1.0
559.82666	-1.0
559.83514	-1.0
559.842	1.0
559.86884	-1.0
559.88586	-1.0
559.89136	-1.0
559.9072	-1.0
559.9142	-1.0
559.9357	-1.0
559.9523	-1.0
559.97	-1.0
560.005	-1.0
560.0782	-1.0
560.23004	1.0
562.89246	-1.0
562.90814	-1.0
562.92615	-1.0
562.9472	-1.0
562.96375	-1.0
562.97034	-1.0
562.97394	-1.0
562.9896	-1.0
563.0068	-1.0
563.02563	-1.0
563.03125	-1.0
563.0677	-1.0
563.51166	-1.0
567.13727	-1.0
567.1457	-1.0
567.1623	-1.0
567.189	-1.0
567.1988	-1.0
567.20404	-1.0
567.2071	-1.0
567.237	-1.0
567.2608	-1.0
567.264	-1.0
567.2744	-1.0
567.28876	1.0
567.3156	-1.0
567.3928	-1.0
574.8275	-1.0
574.8442	-1.0
574.8504	-1.0
574.8581	-1.0
574.86755	-1.0
574.87634	-1.0
574.87946	-1.0
574.8955	-1.0
574.90845	-1.0
574.9238	-1.0
574.92755	-1.0
574.95013	-1.0
574.95667	-1.0
574.9736	-1.0
574.9836	-1.0
575.03754	-1.0
575.0624	1.0
575.0759	-1.0
578.521	-1.0
578.5659	-1.0
578.5906	-1.0
578.6086	-1.0
578.6115	-1.0
578.6172	-1.0
578.6262	-1.0
578.6513	-1.0
578.68744	-1.0
578.7312	-1.0
581.8668	-1.0
581.87036	-1.0
581.8754	1.0
581.89746	-1.0
581.9014	-1.0
581.9173	-1.0
581.94525	-1.0
581.9483	-1.0
581.97107	-1.0
581.9851	-1.0
582.00073	-1.0
582.0373	-1.0
582.0582	1.0
582.08655	-1.0
586.73627	-1.0
586.7626	-1.0
586.7807	-1.0
586.8225	-1.0
586.83514	-1.0
586.8591	-1.0
586.8662	-1.0
586.87573	-1.0
586.8858	-1.0
586.90247	-1.0
586.9578	-1.0
586.9798	-1.0
587.00446	-1.0
587.0234	-1.0
587.0875	-1.0
587.4502	-1.0
587.47284	-1.0
593.16547	-1.0
593.1958	-1.0
593.2147	-1.0
593.2245	1.0
593.23364	-1.0
593.2499	-1.0
593.2531	-1.0
593.2556	-1.0
593.3147	-1.0
593.33386	-1.0
597.1765	-1.0
597.2175	-1.0
597.22003	1.0
597.2345	-1.0
597.237	-1.0
597.2628	-1.0
597.2808	-1.0
597.3043	-1.0
597.3098	-1.0
597.3884	-1.0
597.44934	-1.0
