0.00544	-1.0
0.02968	-1.0
0.0716	-1.0
0.08184	-1.0
0.09844	-1.0
0.104	-1.0
0.18796	-1.0
0.20668	-1.0
0.2268	-1.0
0.25308	-1.0
0.25572	-1.0
0.27388	-1.0
0.32872	-1.0
0.35456	-1.0
0.37772	-1.0
0.38404	-1.0
0.40628	-1.0
0.41632	-1.0
0.48896	-1.0
0.53424	-1.0
0.7416	-1.0
0.78904	-1.0
0.9246	-1.0
1.15724	-1.0
1.1964	-1.0
1.29876	-1.0
1.34096	-1.0
1.53004	1.0
1.54248	-1.0
5.35352	-1.0
5.40492	-1.0
5.41152	-1.0
5.41552	-1.0
5.4186	-1.0
5.42676	1.0
5.43148	1.0
5.44104	-1.0
5.44412	-1.0
5.44772	-1.0
5.45044	-1.0
5.45312	1.0
5.45636	-1.0
5.46512	-1.0
5.46976	-1.0
5.47644	-1.0
5.48416	-1.0
5.49544	-1.0
5.50684	-1.0
5.5098	-1.0
5.51888	-1.0
5.52416	1.0
5.52804	-1.0
5.54884	-1.0
5.5638	-1.0
5.58156	-1.0
5.5842	-1.0
5.64092	-1.0
5.68032	-1.0
5.68408	-1.0
5.69996	1.0
5.70308	-1.0
5.7268	-1.0
5.74648	-1.0
5.76212	-1.0
5.78844	-1.0
5.83728	-1.0
5.88768	-1.0
5.917	-1.0
5.95084	-1.0
6.0436	-1.0
6.06468	-1.0
6.1212	-1.0
6.15692	-1.0
6.18128	-1.0
6.34568	-1.0
6.62292	-1.0
6.65392	1.0
6.6718	-1.0
6.72644	-1.0
6.73216	1.0
6.77904	-1.0
6.828	-1.0
8.9674	-1.0
8.97744	-1.0
8.98848	-1.0
8.99396	-1.0
9.00592	-1.0
9.01272	-1.0
9.02716	-1.0
9.0318	-1.0
9.04776	-1.0
9.07416	-1.0
9.08972	-1.0
9.1234	-1.0
9.17872	-1.0
9.23804	-1.0
9.26388	-1.0
9.42052	-1.0
9.42872	-1.0
9.45772	-1.0
9.4884	-1.0
9.5796	1.0
9.67824	-1.0
9.7124	-1.0
9.7782	-1.0
9.7814	-1.0
9.81656	-1.0
9.82284	-1.0
9.88288	-1.0
9.9978	-1.0
10.13584	-1.0
10.26308	-1.0
10.9274	-1.0
10.93084	-1.0
11.01332	-1.0
11.23012	-1.0
11.6936	-1.0
11.75776	-1.0
11.79312	-1.0
11.79564	-1.0
11.81728	-1.0
11.83348	-1.0
11.8548	-1.0
11.86252	-1.0
11.87676	-1.0
11.89364	-1.0
11.91532	-1.0
11.93088	-1.0
11.96888	-1.0
11.97852	-1.0
12.01776	-1.0
12.0596	-1.0
12.16212	-1.0
12.23768	-1.0
12.3378	1.0
12.36528	-1.0
12.37124	-1.0
12.40148	-1.0
12.51616	-1.0
12.69524	-1.0
14.9398	-1.0
14.95696	-1.0
14.96496	-1.0
14.96932	-1.0
14.97532	-1.0
14.98784	-1.0
15.00264	-1.0
15.00904	-1.0
15.01688	-1.0
15.02012	-1.0
15.02768	-1.0
15.03816	-1.0
15.04388	-1.0
15.06128	-1.0
15.06416	-1.0
15.08328	-1.0
15.08608	-1.0
15.11336	-1.0
15.1222	1.0
15.17112	-1.0
15.18816	-1.0
15.22116	-1.0
15.23616	-1.0
15.25416	-1.0
15.42064	-1.0
15.52268	-1.0
15.56864	-1.0
15.57476	-1.0
15.6112	-1.0
15.71788	-1.0
15.77568	-1.0
15.81732	-1.0
15.85172	-1.0
15.89932	-1.0
15.9448	-1.0
16.01824	-1.0
16.086	-1.0
16.13256	-1.0
16.24492	-1.0
16.32048	-1.0
16.43612	-1.0
19.38396	-1.0
19.38648	-1.0
19.40268	-1.0
19.4058	-1.0
19.41428	-1.0
19.41732	-1.0
19.42812	-1.0
19.43692	1.0
19.45192	-1.0
19.45904	-1.0
19.47044	-1.0
19.47928	-1.0
19.49476	-1.0
19.50756	-1.0
19.51384	-1.0
19.52276	-1.0
19.542	-1.0
19.57204	-1.0
19.62516	-1.0
19.62884	1.0
19.66836	-1.0
19.6846	-1.0
19.70964	-1.0
19.72196	-1.0
19.8954	1.0
19.92712	-1.0
20.104	-1.0
20.16396	-1.0
20.2278	-1.0
20.3512	-1.0
20.4024	-1.0
20.46024	1.0
20.46276	1.0
20.63616	-1.0
20.68136	-1.0
20.732	-1.0
20.81016	-1.0
21.02332	-1.0
24.8478	-1.0
24.85052	1.0
24.85332	1.0
24.8596	-1.0
24.867	-1.0
24.87248	-1.0
24.875	-1.0
24.88544	-1.0
24.89108	1.0
24.895	-1.0
24.8988	-1.0
24.90496	-1.0
24.9148	-1.0
24.91856	-1.0
24.929	1.0
24.93164	1.0
24.94328	-1.0
24.98956	-1.0
24.99408	-1.0
25.02204	-1.0
25.06784	-1.0
25.07228	-1.0
25.10764	-1.0
25.11472	-1.0
25.14128	1.0
25.234	-1.0
25.29756	-1.0
25.37532	-1.0
25.41748	-1.0
25.45	-1.0
25.54532	-1.0
25.61068	-1.0
25.63588	-1.0
25.65512	-1.0
25.67636	-1.0
25.81508	-1.0
25.93744	-1.0
26.05472	-1.0
26.17492	-1.0
26.19964	-1.0
26.31768	-1.0
29.8244	-1.0
29.82704	-1.0
29.83164	1.0
29.83836	-1.0
29.84108	1.0
29.84604	-1.0
29.85792	1.0
29.862	-1.0
29.87692	-1.0
29.8814	-1.0
29.88396	-1.0
29.88688	-1.0
29.91708	-1.0
29.95656	-1.0
29.98116	-1.0
30.00544	-1.0
30.03348	-1.0
30.04552	-1.0
30.05712	-1.0
30.07888	-1.0
30.10244	-1.0
30.10704	-1.0
30.1816	1.0
30.30636	-1.0
30.3472	-1.0
30.57472	-1.0
30.57988	-1.0
30.58812	-1.0
30.61592	1.0
30.67596	-1.0
30.73252	-1.0
30.80688	-1.0
30.86948	-1.0
30.90672	-1.0
31.11676	-1.0
31.26408	1.0
31.26748	-1.0
31.3418	-1.0
31.41828	-1.0
35.70316	-1.0
35.7072	-1.0
35.7142	-1.0
35.72	1.0
35.72292	-1.0
35.7448	-1.0
35.74764	-1.0
35.7504	-1.0
35.7598	-1.0
35.78176	-1.0
35.78428	-1.0
35.78724	1.0
35.79112	-1.0
35.79412	-1.0
35.79888	-1.0
35.803	1.0
35.8194	-1.0
35.83968	-1.0
35.8924	-1.0
35.89716	-1.0
35.89996	-1.0
35.9154	-1.0
35.96324	-1.0
35.98904	1.0
36.01004	-1.0
36.05	-1.0
36.11428	-1.0
36.13236	1.0
36.13648	-1.0
36.20896	-1.0
36.25692	-1.0
36.282	-1.0
36.33736	-1.0
36.36904	-1.0
36.3962	-1.0
36.40048	-1.0
36.42196	1.0
36.51128	-1.0
36.5204	-1.0
36.53012	-1.0
36.56088	-1.0
36.56384	-1.0
36.59536	-1.0
36.67868	-1.0
36.84328	-1.0
36.87052	-1.0
36.93304	-1.0
36.95908	-1.0
36.99472	-1.0
37.06688	-1.0
37.15024	-1.0
37.21868	-1.0
37.67208	-1.0
37.8026	-1.0
37.81332	-1.0
37.84928	-1.0
37.91308	-1.0
37.93064	-1.0
37.96464	-1.0
37.97416	-1.0
40.44384	1.0
40.44688	1.0
40.45272	1.0
40.45572	-1.0
40.4656	-1.0
40.46928	-1.0
40.47444	-1.0
40.48552	-1.0
40.50436	-1.0
40.5144	-1.0
40.52308	-1.0
40.52772	-1.0
40.54296	-1.0
40.56584	-1.0
40.58396	-1.0
40.60508	1.0
40.60764	1.0
40.629	-1.0
40.65316	-1.0
40.68548	-1.0
40.68944	-1.0
40.70484	-1.0
40.7518	-1.0
40.78116	-1.0
40.80676	-1.0
40.83012	-1.0
40.84232	-1.0
40.87012	-1.0
40.88568	-1.0
40.88964	-1.0
41.00432	-1.0
41.06232	-1.0
41.10776	-1.0
41.12164	-1.0
41.12524	-1.0
41.1974	-1.0
41.21424	-1.0
41.23596	-1.0
41.2682	-1.0
41.27928	-1.0
41.31564	-1.0
41.31856	-1.0
41.36436	-1.0
41.41272	-1.0
41.47324	-1.0
41.55096	-1.0
41.60216	-1.0
41.66808	-1.0
41.7438	-1.0
41.86172	-1.0
41.98728	-1.0
44.67348	1.0
44.67748	-1.0
44.69048	-1.0
44.70328	1.0
44.71212	1.0
44.71464	1.0
44.71772	-1.0
44.7226	-1.0
44.74852	-1.0
44.75568	-1.0
44.75836	-1.0
44.7616	-1.0
44.77544	-1.0
44.79348	-1.0
44.80652	-1.0
44.82608	-1.0
44.82884	1.0
44.83292	-1.0
44.83584	-1.0
44.86116	-1.0
44.86408	-1.0
44.90344	-1.0
44.92836	-1.0
44.93312	-1.0
44.95964	1.0
44.96492	-1.0
44.98996	-1.0
44.99348	-1.0
45.00824	-1.0
45.01872	-1.0
45.06496	-1.0
45.072	1.0
45.10452	-1.0
45.12412	-1.0
45.1712	1.0
45.17864	-1.0
45.18124	-1.0
45.20648	-1.0
45.21028	-1.0
45.24152	-1.0
45.28688	-1.0
45.41164	-1.0
45.42372	-1.0
45.47076	-1.0
45.54392	-1.0
45.60944	-1.0
45.6508	-1.0
45.6652	-1.0
45.73636	-1.0
45.77672	-1.0
45.80888	-1.0
45.8678	-1.0
45.92012	-1.0
46.00524	-1.0
46.06016	-1.0
46.10828	-1.0
49.2396	-1.0
49.24512	-1.0
49.25528	-1.0
49.26112	1.0
49.26552	-1.0
49.27048	-1.0
49.27612	-1.0
49.27888	-1.0
49.28364	-1.0
49.29632	-1.0
49.29924	-1.0
49.31104	-1.0
49.32952	-1.0
49.34492	1.0
49.36116	-1.0
49.366	-1.0
49.36976	-1.0
49.38656	-1.0
49.40864	-1.0
49.41176	-1.0
49.42992	-1.0
49.43288	-1.0
49.44812	-1.0
49.45188	-1.0
49.47588	-1.0
49.48664	1.0
49.51296	-1.0
49.51568	-1.0
49.54832	-1.0
49.57048	-1.0
49.57316	1.0
49.58716	-1.0
49.63144	-1.0
49.67748	-1.0
49.70552	-1.0
49.70952	-1.0
49.73772	-1.0
49.78312	-1.0
49.81516	-1.0
49.84592	-1.0
49.87872	-1.0
49.95408	-1.0
49.98452	-1.0
50.02428	-1.0
50.08472	-1.0
50.09304	-1.0
50.11448	-1.0
50.15092	-1.0
50.18008	-1.0
50.19648	-1.0
50.22584	-1.0
50.25344	-1.0
50.29844	-1.0
50.30232	-1.0
50.31676	-1.0
50.35588	-1.0
50.38924	1.0
50.45384	-1.0
50.49912	-1.0
50.55976	-1.0
50.70368	-1.0
50.76708	-1.0
50.83276	-1.0
50.87592	-1.0
50.95508	-1.0
54.44664	-1.0
54.44984	-1.0
54.45256	-1.0
54.46108	-1.0
54.46588	-1.0
54.4782	-1.0
54.491	-1.0
54.50312	-1.0
54.507	-1.0
54.52492	1.0
54.52796	1.0
54.54452	-1.0
54.56368	-1.0
54.57144	-1.0
54.57396	-1.0
54.5774	-1.0
54.59192	-1.0
54.6068	-1.0
54.6334	-1.0
54.63612	-1.0
54.66144	-1.0
54.68136	-1.0
54.70532	-1.0
54.70828	-1.0
54.72912	-1.0
54.76484	-1.0
54.80484	1.0
54.80744	1.0
54.89072	-1.0
54.91328	-1.0
54.94016	-1.0
54.9976	-1.0
55.08828	-1.0
55.09524	-1.0
55.1404	-1.0
55.16476	-1.0
55.18824	-1.0
55.20392	-1.0
55.2068	-1.0
55.2852	-1.0
55.32104	-1.0
55.34464	-1.0
55.41252	-1.0
55.4166	-1.0
55.45464	-1.0
55.51432	-1.0
55.56096	-1.0
55.61928	-1.0
55.67604	-1.0
55.68616	-1.0
55.78032	-1.0
55.78736	-1.0
59.14832	1.0
59.58252	-1.0
59.58652	-1.0
59.59336	-1.0
59.59932	-1.0
59.6072	-1.0
59.61728	1.0
59.62228	-1.0
59.6272	-1.0
59.6352	-1.0
59.638	-1.0
59.64632	-1.0
59.64944	-1.0
59.65412	-1.0
59.66164	-1.0
59.66556	-1.0
59.69468	-1.0
59.6982	-1.0
59.7038	1.0
59.71728	-1.0
59.72072	-1.0
59.74032	-1.0
59.75608	-1.0
59.7894	-1.0
59.83016	-1.0
59.83328	-1.0
59.85148	-1.0
59.85516	-1.0
59.85844	-1.0
59.8848	-1.0
59.92872	-1.0
59.9714	-1.0
59.98704	-1.0
60.02208	-1.0
60.0782	-1.0
60.13568	-1.0
60.1708	-1.0
60.20156	-1.0
60.23224	-1.0
60.3328	-1.0
60.34988	1.0
60.3626	-1.0
60.39136	-1.0
60.4152	-1.0
60.42288	1.0
60.47888	-1.0
60.52136	-1.0
60.52548	-1.0
60.56324	-1.0
60.58252	-1.0
60.60272	-1.0
60.70756	-1.0
60.74596	-1.0
60.78692	-1.0
60.82748	-1.0
60.9614	-1.0
61.06972	-1.0
63.81828	-1.0
63.83544	-1.0
63.84248	-1.0
63.86212	-1.0
63.86476	-1.0
63.87968	-1.0
63.88984	-1.0
63.89264	-1.0
63.90968	1.0
63.91336	1.0
63.93432	-1.0
63.93752	-1.0
63.94004	-1.0
63.95796	-1.0
63.96268	-1.0
63.96612	-1.0
63.98224	1.0
63.98512	-1.0
64.02472	-1.0
64.06984	-1.0
64.10284	-1.0
64.10556	-1.0
64.15804	-1.0
64.1834	-1.0
64.19056	-1.0
64.20956	-1.0
64.22664	-1.0
64.25292	-1.0
64.28472	-1.0
64.30556	-1.0
64.33352	-1.0
64.36596	-1.0
64.39196	-1.0
64.40948	-1.0
64.43604	-1.0
64.46648	-1.0
64.53064	-1.0
64.5374	-1.0
64.6306	-1.0
64.63328	-1.0
64.7152	-1.0
64.75888	-1.0
64.79236	-1.0
64.82472	-1.0
64.9006	-1.0
64.95072	-1.0
64.98908	-1.0
65.05068	-1.0
65.20172	-1.0
65.22476	-1.0
68.24912	1.0
68.25556	-1.0
68.26852	-1.0
68.28684	-1.0
68.28972	-1.0
68.2944	-1.0
68.29732	-1.0
68.30776	-1.0
68.31124	-1.0
68.31484	-1.0
68.32172	-1.0
68.34064	-1.0
68.36652	-1.0
68.3868	-1.0
68.39492	-1.0
68.40944	1.0
68.43048	-1.0
68.433	-1.0
68.44952	-1.0
68.45212	-1.0
68.45736	-1.0
68.47336	-1.0
68.48084	-1.0
68.50344	-1.0
68.50656	-1.0
68.51028	-1.0
68.55788	-1.0
68.61064	-1.0
68.61324	-1.0
68.63	-1.0
68.63264	-1.0
68.65392	-1.0
68.65952	-1.0
68.6934	-1.0
68.70724	-1.0
68.71064	-1.0
68.76948	-1.0
68.77404	-1.0
68.7778	-1.0
68.79952	-1.0
68.80248	-1.0
68.83256	-1.0
68.83656	-1.0
68.90692	-1.0
68.9248	-1.0
68.97624	-1.0
69.0136	-1.0
69.04336	-1.0
69.11268	-1.0
69.1152	-1.0
69.1442	-1.0
69.206	-1.0
69.21864	-1.0
69.26112	-1.0
69.26908	-1.0
69.30668	-1.0
69.38516	-1.0
69.44264	-1.0
69.53612	-1.0
69.61452	-1.0
73.5216	-1.0
73.53156	-1.0
73.53408	-1.0
73.5402	-1.0
73.54652	-1.0
73.55176	-1.0
73.55512	-1.0
73.55772	-1.0
73.56024	-1.0
73.56976	-1.0
73.57328	-1.0
73.58112	-1.0
73.60008	-1.0
73.603	-1.0
73.60676	-1.0
73.62328	-1.0
73.64076	-1.0
73.64572	-1.0
73.65308	-1.0
73.66064	-1.0
73.66416	-1.0
73.69108	-1.0
73.70596	-1.0
73.74164	-1.0
73.75116	-1.0
73.7668	-1.0
73.78452	-1.0
73.78748	-1.0
73.79208	-1.0
73.81204	-1.0
73.83796	-1.0
73.8414	-1.0
73.867	-1.0
73.88936	-1.0
73.90784	-1.0
73.94076	-1.0
73.94628	-1.0
73.96472	-1.0
73.96768	-1.0
73.99072	-1.0
74.0194	-1.0
74.04072	-1.0
74.06328	-1.0
74.08492	-1.0
74.0892	-1.0
74.12032	-1.0
74.15924	-1.0
74.21004	-1.0
74.33052	-1.0
74.34492	-1.0
74.3498	-1.0
74.38564	-1.0
74.42336	-1.0
74.42884	-1.0
74.43216	-1.0
74.51124	-1.0
74.53608	-1.0
74.56456	-1.0
74.62432	-1.0
74.63988	-1.0
74.65012	1.0
74.70316	-1.0
74.73876	-1.0
78.48676	-1.0
78.49144	-1.0
78.50536	-1.0
78.50864	-1.0
78.52908	-1.0
78.53244	-1.0
78.5362	-1.0
78.54392	-1.0
78.56068	-1.0
78.56608	-1.0
78.5872	1.0
78.59016	-1.0
78.59592	-1.0
78.61272	-1.0
78.61544	-1.0
78.63392	-1.0
78.65704	-1.0
78.66452	-1.0
78.68184	-1.0
78.70488	-1.0
78.7258	-1.0
78.7344	-1.0
78.75652	-1.0
78.77448	-1.0
78.79668	-1.0
78.80484	-1.0
78.82588	-1.0
78.8444	-1.0
78.86	-1.0
78.86552	-1.0
78.88412	-1.0
78.8876	-1.0
78.90852	-1.0
78.94628	-1.0
78.97192	-1.0
78.98876	-1.0
78.99912	-1.0
79.02272	-1.0
79.0256	-1.0
79.04892	-1.0
79.11476	-1.0
79.12004	-1.0
79.1246	-1.0
79.15048	-1.0
79.21016	-1.0
79.2562	-1.0
79.28904	-1.0
79.29312	-1.0
79.35728	-1.0
79.37064	-1.0
79.42576	-1.0
79.48544	-1.0
79.54472	-1.0
79.58752	-1.0
79.59736	-1.0
79.66976	-1.0
79.69004	-1.0
79.71916	-1.0
79.7622	-1.0
83.87376	1.0
83.8772	-1.0
83.88016	-1.0
83.88768	-1.0
83.89692	-1.0
83.90124	-1.0
83.9158	-1.0
83.94056	-1.0
83.9442	1.0
83.9486	-1.0
83.95272	-1.0
83.95968	-1.0
83.96704	-1.0
83.9874	-1.0
84.00788	-1.0
84.01044	-1.0
84.0296	-1.0
84.04628	-1.0
84.05276	-1.0
84.05628	-1.0
84.0738	-1.0
84.0872	-1.0
84.14808	-1.0
84.15308	-1.0
84.17332	-1.0
84.17768	-1.0
84.196	-1.0
84.2024	-1.0
84.22216	-1.0
84.22872	-1.0
84.24404	-1.0
84.253	-1.0
84.31452	-1.0
84.33212	-1.0
84.3504	-1.0
84.371	-1.0
84.40216	-1.0
84.4266	-1.0
84.43556	-1.0
84.47044	-1.0
84.49472	-1.0
84.5596	-1.0
84.6494	-1.0
84.65424	-1.0
84.66016	-1.0
84.69676	-1.0
84.73652	-1.0
84.77516	-1.0
84.79524	-1.0
84.80964	-1.0
84.82436	-1.0
84.82948	-1.0
84.86828	-1.0
84.91212	-1.0
85.01204	-1.0
85.04688	-1.0
85.05576	-1.0
85.12324	-1.0
88.35916	-1.0
88.38316	-1.0
88.40508	-1.0
88.40968	-1.0
88.42216	-1.0
88.4366	-1.0
88.44204	-1.0
88.45392	-1.0
88.45708	-1.0
88.46012	-1.0
88.46376	-1.0
88.48276	-1.0
88.50684	1.0
88.51008	1.0
88.51336	-1.0
88.52604	1.0
88.5286	-1.0
88.53228	-1.0
88.53632	-1.0
88.53916	-1.0
88.55948	-1.0
88.56652	-1.0
88.57428	-1.0
88.58216	-1.0
88.59292	-1.0
88.64312	-1.0
88.65084	-1.0
88.67644	-1.0
88.71376	-1.0
88.75776	-1.0
88.76368	-1.0
88.79716	-1.0
88.80124	-1.0
88.81644	-1.0
88.84808	-1.0
88.8652	-1.0
88.89932	-1.0
88.90856	-1.0
88.92484	-1.0
88.92864	-1.0
88.98696	-1.0
89.0188	-1.0
89.03856	-1.0
89.04364	-1.0
89.07736	-1.0
89.10948	-1.0
89.11392	-1.0
89.14836	-1.0
89.15112	-1.0
89.15408	-1.0
89.1904	-1.0
89.1986	-1.0
89.2292	-1.0
89.29104	-1.0
89.31804	-1.0
89.44352	-1.0
89.4936	-1.0
89.52188	-1.0
89.57704	-1.0
89.6828	-1.0
93.2286	-1.0
93.23952	-1.0
93.24324	1.0
93.2632	1.0
93.28596	-1.0
93.29696	-1.0
93.30964	1.0
93.32268	1.0
93.32628	-1.0
93.337	-1.0
93.35176	-1.0
93.36308	-1.0
93.37676	1.0
93.37936	1.0
93.38364	-1.0
93.40872	-1.0
93.41164	-1.0
93.44188	-1.0
93.45748	-1.0
93.47184	-1.0
93.49064	-1.0
93.51508	-1.0
93.54272	-1.0
93.58964	-1.0
93.59384	-1.0
93.63492	-1.0
93.67284	-1.0
93.68904	-1.0
93.69332	-1.0
93.70664	-1.0
93.73004	-1.0
93.7582	-1.0
93.76956	-1.0
93.8016	-1.0
93.81428	-1.0
93.84872	-1.0
93.86712	-1.0
93.91336	-1.0
93.92024	-1.0
93.96828	-1.0
93.9822	-1.0
94.02432	-1.0
94.0702	-1.0
94.07544	-1.0
94.11096	-1.0
94.17788	-1.0
94.28436	-1.0
94.4142	-1.0
94.59756	-1.0
99.32208	1.0
99.32612	-1.0
99.33136	-1.0
99.33684	1.0
99.3432	-1.0
99.35552	-1.0
99.3738	-1.0
99.37648	-1.0
99.39672	-1.0
99.4098	-1.0
99.43444	-1.0
99.48692	-1.0
99.48988	-1.0
99.50932	-1.0
99.54056	-1.0
99.5692	-1.0
99.573	-1.0
99.57884	-1.0
99.58244	-1.0
99.6044	-1.0
99.62396	-1.0
99.63052	-1.0
99.65376	-1.0
99.66072	-1.0
99.69452	-1.0
99.70508	-1.0
99.70796	-1.0
99.74336	-1.0
99.77668	-1.0
99.77948	-1.0
99.79676	-1.0
99.8086	-1.0
99.88036	-1.0
99.88544	-1.0
99.88888	-1.0
99.9078	-1.0
99.91108	-1.0
99.93424	-1.0
99.95804	-1.0
99.98044	-1.0
99.98348	-1.0
100.00204	-1.0
100.02156	1.0
100.07732	-1.0
100.13424	-1.0
100.17244	-1.0
100.30424	-1.0
100.32	-1.0
100.32544	-1.0
100.35032	-1.0
100.35532	-1.0
100.40584	-1.0
100.4354	-1.0
100.441	-1.0
100.5166	-1.0
100.61004	-1.0
100.64628	-1.0
100.6614	-1.0
100.68196	-1.0
100.75676	-1.0
100.90504	-1.0
100.95476	-1.0
101.041	-1.0
104.60192	-1.0
104.60588	1.0
104.60848	1.0
104.61464	-1.0
104.6266	-1.0
104.63124	1.0
104.63404	1.0
104.63768	-1.0
104.64952	-1.0
104.6542	-1.0
104.71264	-1.0
104.71868	-1.0
104.73164	-1.0
104.74556	-1.0
104.77484	-1.0
104.78664	1.0
104.79136	-1.0
104.79552	-1.0
104.81756	-1.0
104.82672	-1.0
104.8502	-1.0
104.87064	-1.0
104.88784	1.0
104.90108	-1.0
104.9242	-1.0
104.97876	-1.0
104.99472	-1.0
105.00592	-1.0
105.0268	-1.0
105.04116	-1.0
105.06972	-1.0
105.08548	-1.0
105.09332	-1.0
105.15512	-1.0
105.18212	-1.0
105.21784	-1.0
105.26696	-1.0
105.27964	-1.0
105.31628	-1.0
105.38324	-1.0
105.4162	-1.0
105.4414	-1.0
105.47032	-1.0
105.5664	-1.0
105.6072	-1.0
105.62176	-1.0
105.6536	-1.0
105.65836	-1.0
105.69368	-1.0
105.77656	-1.0
105.89636	-1.0
105.99424	-1.0
106.05164	-1.0
106.06788	-1.0
109.70884	-1.0
109.71176	-1.0
109.72744	-1.0
109.7322	-1.0
109.73812	-1.0
109.74464	-1.0
109.74972	-1.0
109.7716	-1.0
109.77696	-1.0
109.79364	-1.0
109.81012	-1.0
109.83232	-1.0
109.83624	-1.0
109.84216	-1.0
109.86176	-1.0
109.88428	-1.0
109.92128	-1.0
109.92732	-1.0
109.9486	-1.0
109.95204	-1.0
109.95456	-1.0
109.98464	-1.0
109.99316	-1.0
110.01364	-1.0
110.04904	-1.0
110.05212	-1.0
110.0728	-1.0
110.10104	-1.0
110.1048	-1.0
110.10776	-1.0
110.13308	-1.0
110.15536	-1.0
110.17668	-1.0
110.18472	-1.0
110.19328	-1.0
110.22184	-1.0
110.229	-1.0
110.2476	-1.0
110.2526	-1.0
110.29616	-1.0
110.33884	-1.0
110.37148	-1.0
110.39152	-1.0
110.39608	-1.0
110.41268	-1.0
110.4474	-1.0
110.51016	-1.0
110.61756	-1.0
110.62076	-1.0
110.6246	-1.0
110.71748	-1.0
110.74672	-1.0
110.76384	-1.0
110.80048	-1.0
110.95804	-1.0
110.985	-1.0
111.0114	-1.0
111.08296	-1.0
114.83376	1.0
114.84236	-1.0
114.84592	-1.0
114.85724	-1.0
114.8636	-1.0
114.86872	-1.0
114.9232	-1.0
114.93272	-1.0
114.94904	1.0
114.95208	-1.0
114.9696	-1.0
114.99088	-1.0
115.01352	-1.0
115.02992	-1.0
115.03648	-1.0
115.06828	-1.0
115.072	-1.0
115.07956	-1.0
115.08724	-1.0
115.10488	-1.0
115.1664	-1.0
115.1706	-1.0
115.19532	-1.0
115.22976	-1.0
115.24432	-1.0
115.26548	-1.0
115.28264	-1.0
115.3038	-1.0
115.30824	-1.0
115.31796	-1.0
115.3228	-1.0
115.34544	-1.0
115.35004	-1.0
115.45352	-1.0
115.46516	-1.0
115.48932	-1.0
115.5256	-1.0
115.63948	-1.0
115.6646	-1.0
115.68404	-1.0
115.78436	-1.0
115.79376	-1.0
115.87476	-1.0
115.95208	-1.0
116.058	-1.0
116.08388	-1.0
116.21572	-1.0
116.23396	-1.0
116.35084	-1.0
119.75492	-1.0
119.7602	-1.0
119.77944	-1.0
119.79932	-1.0
119.81296	-1.0
119.82564	-1.0
119.83604	-1.0
119.8448	-1.0
119.89844	-1.0
119.92028	-1.0
119.9698	-1.0
119.99164	-1.0
119.99512	-1.0
120.01264	-1.0
120.01516	-1.0
120.06584	-1.0
120.07336	-1.0
120.08472	1.0
120.1054	-1.0
120.12752	-1.0
120.14528	-1.0
120.25628	1.0
120.27744	-1.0
120.3206	-1.0
120.45484	-1.0
120.47564	1.0
120.48636	-1.0
120.53108	-1.0
120.54148	-1.0
120.56168	-1.0
120.56824	-1.0
120.66124	-1.0
120.7274	-1.0
120.74892	-1.0
120.81796	-1.0
120.89612	-1.0
120.90824	-1.0
121.06512	-1.0
121.09128	-1.0
121.26552	-1.0
121.27512	-1.0
121.36532	-1.0
124.87956	-1.0
124.8824	-1.0
124.8904	-1.0
124.90164	-1.0
124.90684	1.0
124.91376	-1.0
124.92568	-1.0
124.94696	-1.0
124.94948	-1.0
124.96272	-1.0
124.97764	-1.0
124.9828	-1.0
125.00096	-1.0
125.013	1.0
125.01636	-1.0
125.04204	-1.0
125.06408	-1.0
125.10928	-1.0
125.11188	-1.0
125.14464	-1.0
125.15324	-1.0
125.16624	-1.0
125.22312	-1.0
125.25668	-1.0
125.2598	-1.0
125.3208	-1.0
125.32396	-1.0
125.32844	-1.0
125.37304	-1.0
125.48984	1.0
125.50252	-1.0
125.54884	-1.0
125.62644	-1.0
125.76548	-1.0
125.7946	-1.0
125.80152	-1.0
125.8474	-1.0
125.88008	-1.0
125.92648	-1.0
125.94448	-1.0
126.07936	-1.0
126.10672	-1.0
126.15764	-1.0
126.27348	-1.0
126.4484	-1.0
126.54396	-1.0
130.60963	-1.0
130.61343	-1.0
130.61703	-1.0
130.63364	-1.0
130.63795	-1.0
130.64873	-1.0
130.66064	-1.0
130.69444	-1.0
130.71744	-1.0
130.72955	-1.0
130.74152	-1.0
130.79971	-1.0
130.81088	-1.0
130.82196	-1.0
130.85857	-1.0
130.8708	-1.0
130.88196	-1.0
130.90416	-1.0
130.9538	-1.0
131.00356	-1.0
131.05728	-1.0
131.08368	-1.0
131.08913	-1.0
131.11664	-1.0
131.1376	-1.0
131.15724	1.0
131.2148	1.0
131.23708	-1.0
131.32043	-1.0
131.34724	-1.0
131.45844	-1.0
131.5762	-1.0
131.63963	-1.0
131.648	-1.0
131.77048	-1.0
131.90112	-1.0
132.0632	1.0
132.1714	-1.0
132.2682	-1.0
132.2936	-1.0
136.5018	-1.0
136.5134	-1.0
136.51823	-1.0
136.52388	-1.0
136.53452	-1.0
136.55096	-1.0
136.58044	-1.0
136.62024	-1.0
136.62688	-1.0
136.68951	1.0
136.69247	-1.0
136.72987	-1.0
136.76315	-1.0
136.79243	-1.0
136.8098	-1.0
136.82697	-1.0
136.892	-1.0
136.89584	-1.0
136.9114	-1.0
136.91736	-1.0
136.94035	-1.0
136.98892	-1.0
137.01768	-1.0
137.03387	-1.0
137.10107	-1.0
137.12051	-1.0
137.16795	-1.0
137.2222	-1.0
137.33096	-1.0
137.36108	-1.0
137.36816	-1.0
137.43549	-1.0
137.49464	-1.0
137.51707	-1.0
137.59796	-1.0
137.60835	-1.0
137.66524	-1.0
137.70937	-1.0
137.857	-1.0
137.89032	-1.0
142.45651	-1.0
142.46497	1.0
142.48352	-1.0
142.50052	-1.0
142.5136	-1.0
142.5262	-1.0
142.56416	-1.0
142.57756	-1.0
142.58067	-1.0
142.60568	-1.0
142.62547	-1.0
142.65108	1.0
142.67651	-1.0
142.702	-1.0
142.80992	-1.0
142.8268	-1.0
142.95016	-1.0
143.02028	-1.0
143.05528	-1.0
143.06944	-1.0
143.1118	-1.0
143.16151	-1.0
143.25987	-1.0
143.28268	-1.0
143.28535	-1.0
143.3788	-1.0
143.43137	-1.0
143.46803	-1.0
143.51971	-1.0
143.5396	-1.0
143.54248	-1.0
143.6222	-1.0
143.80516	-1.0
143.80864	-1.0
143.90132	-1.0
143.938	-1.0
148.69408	-1.0
148.69684	-1.0
148.6994	-1.0
148.70856	-1.0
148.71877	-1.0
148.72408	-1.0
148.73991	-1.0
148.74384	-1.0
148.78012	-1.0
148.80003	-1.0
148.80267	-1.0
148.82677	-1.0
148.84949	-1.0
148.86932	-1.0
148.92873	-1.0
148.96724	-1.0
148.98833	-1.0
148.99255	-1.0
149.09204	-1.0
149.09528	-1.0
149.10292	-1.0
149.18127	-1.0
149.23096	-1.0
149.31784	-1.0
149.47607	-1.0
149.54832	-1.0
149.58592	-1.0
149.638	-1.0
149.72237	-1.0
149.72997	-1.0
149.73312	-1.0
149.75964	1.0
149.9694	-1.0
150.00533	-1.0
150.05408	-1.0
150.1526	-1.0
150.19144	-1.0
153.6834	-1.0
153.70996	-1.0
153.71812	-1.0
153.7276	-1.0
153.7508	-1.0
153.75668	-1.0
153.76828	-1.0
153.78136	-1.0
153.79971	-1.0
153.81577	-1.0
153.83311	-1.0
153.88072	-1.0
153.89896	1.0
153.92148	-1.0
153.94733	-1.0
153.9716	-1.0
154.01076	-1.0
154.07632	-1.0
154.1178	-1.0
154.14896	-1.0
154.18549	-1.0
154.2428	-1.0
154.24615	-1.0
154.29556	-1.0
154.32529	-1.0
154.34824	-1.0
154.4924	1.0
154.68344	-1.0
154.83772	-1.0
154.93771	-1.0
155.00412	-1.0
155.13776	-1.0
159.97488	1.0
159.97792	-1.0
159.9898	-1.0
160.0118	-1.0
160.02356	-1.0
160.0388	-1.0
160.05437	-1.0
160.07524	-1.0
160.09724	-1.0
160.1028	-1.0
160.12328	-1.0
160.13889	-1.0
160.14592	1.0
160.22047	-1.0
160.26488	-1.0
160.27832	-1.0
160.31128	-1.0
160.32857	-1.0
160.33977	-1.0
160.3462	-1.0
160.3644	-1.0
160.39096	-1.0
160.50632	-1.0
160.56076	-1.0
160.60904	-1.0
160.63396	-1.0
160.69676	-1.0
160.79369	-1.0
160.85973	-1.0
161.19528	-1.0
161.60916	-1.0
161.74583	-1.0
166.26453	-1.0
166.26884	-1.0
166.27795	1.0
166.28111	-1.0
166.29076	-1.0
166.32043	-1.0
166.33025	-1.0
166.35512	-1.0
166.41832	-1.0
166.43729	-1.0
166.45528	-1.0
166.55785	-1.0
166.58089	-1.0
166.60857	-1.0
166.61871	-1.0
166.64348	-1.0
166.6704	-1.0
166.6734	-1.0
166.72392	-1.0
166.77956	1.0
166.7866	-1.0
166.88568	-1.0
166.94284	-1.0
166.996	-1.0
167.10152	1.0
167.1124	-1.0
167.23108	1.0
167.3056	-1.0
167.51172	-1.0
167.55116	-1.0
167.6664	-1.0
167.73367	-1.0
167.94484	-1.0
167.9744	-1.0
168.01524	-1.0
168.0622	-1.0
172.91104	-1.0
172.91356	-1.0
172.92288	-1.0
172.93304	-1.0
172.95116	-1.0
172.97772	-1.0
172.98148	-1.0
172.9842	-1.0
173.04828	-1.0
173.09464	-1.0
173.12927	-1.0
173.13492	-1.0
173.14471	-1.0
173.17355	-1.0
173.17609	-1.0
173.25143	1.0
173.27444	-1.0
173.30087	-1.0
173.32744	-1.0
173.33116	-1.0
173.3624	-1.0
173.389	-1.0
173.41753	-1.0
173.45596	-1.0
173.57288	-1.0
173.64896	-1.0
173.72552	-1.0
173.83464	-1.0
173.86272	-1.0
173.93285	-1.0
173.93672	-1.0
174.29243	-1.0
179.05151	-1.0
179.0554	-1.0
179.06747	-1.0
179.07372	1.0
179.07951	-1.0
179.08232	-1.0
179.09653	-1.0
179.12044	1.0
179.12296	-1.0
179.12749	1.0
179.13824	-1.0
179.14804	-1.0
179.1578	-1.0
179.1642	-1.0
179.18764	-1.0
179.1926	-1.0
179.21	-1.0
179.23064	-1.0
179.24973	-1.0
179.27696	-1.0
179.29312	-1.0
179.31804	-1.0
179.59212	-1.0
179.73744	-1.0
179.81316	1.0
179.88008	-1.0
179.93204	-1.0
180.10368	-1.0
180.25764	-1.0
180.2836	-1.0
180.34328	-1.0
180.42476	-1.0
180.70844	-1.0
184.8296	-1.0
184.83864	-1.0
184.85008	-1.0
184.86057	-1.0
184.86452	-1.0
184.87132	-1.0
184.90833	-1.0
184.91087	-1.0
184.94237	-1.0
184.9814	-1.0
185.0306	-1.0
185.03572	-1.0
185.0546	-1.0
185.05775	-1.0
185.07603	-1.0
185.12128	1.0
185.12836	-1.0
185.18127	-1.0
185.2034	-1.0
185.23584	-1.0
185.29623	-1.0
185.3718	-1.0
185.4148	-1.0
185.42883	-1.0
185.48904	-1.0
185.49388	-1.0
185.5234	-1.0
185.5414	-1.0
185.62485	-1.0
185.68748	-1.0
185.75648	-1.0
185.76009	-1.0
185.82428	-1.0
185.874	-1.0
185.88013	-1.0
185.96312	-1.0
186.23376	-1.0
186.26588	-1.0
190.22096	-1.0
190.23705	-1.0
190.27132	1.0
190.2806	-1.0
190.29243	-1.0
190.314	-1.0
190.3444	-1.0
190.36404	-1.0
190.39868	-1.0
190.44112	-1.0
190.53725	1.0
190.59064	-1.0
190.65988	-1.0
190.73332	-1.0
190.7514	1.0
190.80388	-1.0
190.8348	-1.0
190.84344	-1.0
190.9164	-1.0
190.98112	-1.0
191.0958	-1.0
191.21492	-1.0
191.2618	-1.0
191.32568	-1.0
191.35216	-1.0
191.39996	-1.0
191.61356	-1.0
196.0574	-1.0
196.072	1.0
196.07584	-1.0
196.08556	-1.0
196.09293	-1.0
196.0966	-1.0
196.1184	-1.0
196.12552	-1.0
196.1434	-1.0
196.1602	1.0
196.18248	-1.0
196.19716	-1.0
196.2074	-1.0
196.22476	-1.0
196.22784	-1.0
196.25508	-1.0
196.27911	-1.0
196.32516	-1.0
196.40051	-1.0
196.41995	-1.0
196.44116	-1.0
196.46616	-1.0
196.50348	-1.0
196.63036	-1.0
196.68285	-1.0
196.72331	-1.0
196.7312	-1.0
196.8362	-1.0
196.85815	-1.0
196.92824	-1.0
196.97832	-1.0
197.02892	-1.0
197.22964	-1.0
197.28752	-1.0
197.30872	-1.0
197.42548	-1.0
197.43968	-1.0
197.7002	-1.0
201.95132	-1.0
201.96092	-1.0
201.96344	-1.0
201.97716	-1.0
201.97997	-1.0
201.99052	-1.0
202.00356	-1.0
202.03156	-1.0
202.03456	-1.0
202.05096	-1.0
202.07784	-1.0
202.0978	-1.0
202.10117	-1.0
202.1214	-1.0
202.16304	-1.0
202.20764	-1.0
202.23357	-1.0
202.28096	-1.0
202.36143	-1.0
202.36696	-1.0
202.4038	-1.0
202.42271	-1.0
202.58444	-1.0
202.81915	-1.0
202.96751	-1.0
202.97437	-1.0
203.02368	-1.0
203.27176	1.0
203.43828	-1.0
207.8454	-1.0
207.8526	-1.0
207.86052	-1.0
207.86572	-1.0
207.87971	-1.0
207.883	-1.0
207.90611	-1.0
207.91064	-1.0
207.92236	-1.0
207.9264	-1.0
207.9478	-1.0
207.96085	-1.0
207.98436	-1.0
207.99896	-1.0
208.01024	-1.0
208.0142	-1.0
208.06148	-1.0
208.1552	-1.0
208.17567	-1.0
208.25629	-1.0
208.27676	-1.0
208.48184	-1.0
208.56248	-1.0
208.8272	-1.0
208.88364	-1.0
209.01685	-1.0
209.16328	-1.0
209.17444	-1.0
213.70708	-1.0
213.7176	-1.0
213.7326	-1.0
213.74297	-1.0
213.75343	-1.0
213.75597	-1.0
213.78796	1.0
213.81448	1.0
213.84135	-1.0
213.87527	-1.0
213.90623	-1.0
213.93512	-1.0
213.95387	-1.0
213.9874	-1.0
214.01808	-1.0
214.14868	-1.0
214.18788	-1.0
214.2414	-1.0
214.33528	-1.0
214.54507	-1.0
214.58064	-1.0
214.6914	-1.0
214.73628	-1.0
214.7714	-1.0
214.81229	-1.0
214.86792	-1.0
214.97868	-1.0
215.03636	-1.0
219.30804	-1.0
219.3276	-1.0
219.34145	-1.0
219.36024	-1.0
219.38072	-1.0
219.3994	-1.0
219.40344	-1.0
219.42296	-1.0
219.43944	-1.0
219.48547	-1.0
219.52605	-1.0
219.551	-1.0
219.55484	-1.0
219.65364	-1.0
219.68956	-1.0
219.8194	-1.0
219.82928	-1.0
219.8594	-1.0
219.88536	-1.0
219.91331	-1.0
219.96144	-1.0
220.16032	-1.0
220.32983	-1.0
220.38272	-1.0
220.38672	-1.0
220.43268	-1.0
220.55457	-1.0
220.66753	-1.0
225.2744	-1.0
225.27864	-1.0
225.28804	-1.0
225.3024	-1.0
225.31996	-1.0
225.34348	-1.0
225.3462	-1.0
225.35968	-1.0
225.3908	-1.0
225.42244	-1.0
225.42804	-1.0
225.46835	-1.0
225.49055	-1.0
225.5286	-1.0
225.60124	-1.0
225.65056	-1.0
225.71268	-1.0
225.75636	-1.0
225.78188	-1.0
225.78552	-1.0
225.81409	-1.0
225.9758	-1.0
226.07796	-1.0
226.16257	-1.0
226.1716	-1.0
230.78957	-1.0
230.7986	-1.0
230.8062	-1.0
230.81648	-1.0
230.83192	-1.0
230.83948	-1.0
230.86928	-1.0
230.87244	-1.0
230.8912	-1.0
230.91748	-1.0
230.93124	-1.0
230.97829	-1.0
230.99548	1.0
231.02788	-1.0
231.05408	-1.0
231.10117	-1.0
231.11496	-1.0
231.188	-1.0
231.2474	-1.0
231.25824	-1.0
231.33047	-1.0
231.40968	-1.0
231.50015	-1.0
231.61772	-1.0
231.62712	-1.0
231.76428	-1.0
231.9274	-1.0
236.63889	-1.0
236.64523	-1.0
236.65475	-1.0
236.66724	-1.0
236.6832	-1.0
236.69424	-1.0
236.7156	-1.0
236.73384	-1.0
236.75504	-1.0
236.77808	-1.0
236.78864	-1.0
236.80836	-1.0
236.85532	-1.0
236.85835	-1.0
236.89545	-1.0
236.91844	-1.0
236.92348	1.0
236.94196	-1.0
236.9466	-1.0
237.06725	-1.0
237.11656	-1.0
237.32729	-1.0
237.6044	1.0
237.6092	-1.0
237.66647	-1.0
237.78972	1.0
237.83	-1.0
242.1766	-1.0
242.1838	-1.0
242.1948	-1.0
242.20644	-1.0
242.21632	-1.0
242.24692	-1.0
242.26083	-1.0
242.27689	-1.0
242.2894	-1.0
242.31284	-1.0
242.33395	-1.0
242.34937	-1.0
242.38467	-1.0
242.4312	-1.0
242.43633	-1.0
242.4856	-1.0
242.56091	-1.0
242.58871	-1.0
242.84264	-1.0
242.87263	-1.0
242.91003	-1.0
243.07771	-1.0
243.15292	1.0
243.2276	-1.0
243.37949	-1.0
243.40971	-1.0
243.65273	-1.0
248.64555	-1.0
248.65088	-1.0
248.66193	-1.0
248.66916	-1.0
248.68912	-1.0
248.71477	-1.0
248.72617	-1.0
248.73924	-1.0
248.74176	-1.0
248.7602	-1.0
248.79317	-1.0
248.81436	-1.0
248.84747	-1.0
248.89456	-1.0
248.91692	-1.0
248.99712	-1.0
249.0866	-1.0
249.11671	-1.0
249.2502	-1.0
249.29636	-1.0
249.34236	-1.0
249.68768	-1.0
249.84596	-1.0
249.89276	-1.0
250.09113	-1.0
255.02188	-1.0
255.02876	-1.0
255.03372	-1.0
255.04768	-1.0
255.06276	-1.0
255.06808	-1.0
255.10504	-1.0
255.10852	-1.0
255.13744	-1.0
255.19363	-1.0
255.212	-1.0
255.2402	-1.0
255.25925	-1.0
255.2832	-1.0
255.31052	1.0
255.34537	-1.0
255.37515	-1.0
255.56892	-1.0
255.75163	-1.0
255.87924	-1.0
256.01416	-1.0
256.04623	-1.0
256.23755	-1.0
256.3713	-1.0
260.26297	-1.0
260.28094	-1.0
260.3014	-1.0
260.3287	-1.0
260.34137	-1.0
260.3868	-1.0
260.4072	-1.0
260.4625	-1.0
260.48465	-1.0
260.4982	-1.0
260.5017	-1.0
260.57443	-1.0
260.5932	1.0
260.59784	-1.0
260.60104	-1.0
260.63916	-1.0
260.6811	-1.0
260.707	-1.0
260.70963	-1.0
260.82928	-1.0
260.9271	-1.0
260.9806	-1.0
261.14725	-1.0
261.35507	-1.0
261.41364	1.0
261.47787	-1.0
261.4972	-1.0
261.5174	-1.0
261.53543	-1.0
265.72925	-1.0
265.73807	-1.0
265.74625	-1.0
265.7553	-1.0
265.76883	-1.0
265.77377	-1.0
265.7902	-1.0
265.82367	1.0
265.82712	-1.0
265.83017	-1.0
265.85883	1.0
265.8702	-1.0
265.87952	-1.0
265.90195	-1.0
265.94815	-1.0
266.09323	-1.0
266.15732	-1.0
266.24768	-1.0
266.2822	-1.0
266.37756	-1.0
266.41068	-1.0
266.4329	-1.0
266.4615	-1.0
266.50885	-1.0
271.24817	-1.0
271.27783	-1.0
271.2881	-1.0
271.3096	-1.0
271.32605	-1.0
271.3486	-1.0
271.38977	-1.0
271.3924	1.0
271.4178	-1.0
271.44327	-1.0
271.4869	-1.0
271.51553	-1.0
271.54297	-1.0
271.54785	-1.0
271.6281	-1.0
271.74435	-1.0
271.78217	-1.0
271.88116	-1.0
272.0164	-1.0
272.09827	-1.0
272.15668	-1.0
272.18805	-1.0
272.64383	1.0
274.88733	-1.0
274.9056	-1.0
274.917	-1.0
274.9332	-1.0
274.95767	-1.0
274.97473	-1.0
274.98325	-1.0
275.015	-1.0
275.03632	-1.0
275.1937	-1.0
275.48212	-1.0
275.77835	-1.0
275.8231	-1.0
281.387	-1.0
281.39587	-1.0
281.4002	-1.0
281.41455	-1.0
281.42944	-1.0
281.45932	-1.0
281.47635	-1.0
281.48895	-1.0
281.52396	-1.0
281.57416	-1.0
281.63184	-1.0
281.6852	-1.0
281.73175	-1.0
281.82736	-1.0
281.88803	-1.0
281.92075	-1.0
282.0855	-1.0
282.247	-1.0
282.64087	-1.0
286.4496	-1.0
286.45993	-1.0
286.47427	-1.0
286.49908	-1.0
286.5644	-1.0
286.56848	-1.0
286.6197	-1.0
286.6305	-1.0
286.6537	-1.0
286.68716	-1.0
286.69687	-1.0
286.74933	-1.0
286.75183	-1.0
286.7733	-1.0
286.82117	-1.0
286.8759	-1.0
286.89697	-1.0
287.0875	-1.0
287.2358	-1.0
290.0384	-1.0
290.058	-1.0
290.06116	-1.0
290.07187	-1.0
290.0875	-1.0
290.10504	-1.0
290.1083	-1.0
290.12	-1.0
290.1501	-1.0
290.18445	-1.0
290.26547	-1.0
290.27936	-1.0
290.29593	-1.0
290.41397	-1.0
290.54465	-1.0
290.55048	-1.0
290.63983	-1.0
290.6954	-1.0
290.8935	-1.0
291.05728	-1.0
295.50528	-1.0
295.53165	-1.0
295.55917	-1.0
295.57275	-1.0
295.5829	-1.0
295.59744	-1.0
295.6187	-1.0
295.6408	-1.0
295.66113	-1.0
295.71463	-1.0
295.76044	-1.0
295.8881	-1.0
295.92224	-1.0
296.07968	-1.0
296.14505	-1.0
296.55533	-1.0
300.39474	-1.0
300.4479	-1.0
300.46945	-1.0
300.49884	-1.0
300.5034	-1.0
300.52853	-1.0
300.59406	-1.0
300.6433	-1.0
300.65488	-1.0
300.6742	-1.0
300.7106	1.0
300.94388	-1.0
301.04724	-1.0
301.14923	-1.0
301.21695	-1.0
301.25705	-1.0
305.49835	-1.0
305.51077	-1.0
305.53815	-1.0
305.5806	-1.0
305.59857	-1.0
305.63727	-1.0
305.64136	-1.0
305.66284	-1.0
305.69464	-1.0
305.72043	-1.0
305.80145	-1.0
305.8669	-1.0
305.89053	-1.0
305.9906	-1.0
306.07257	-1.0
306.209	-1.0
306.3657	-1.0
306.47855	-1.0
306.62827	-1.0
310.28668	-1.0
310.3011	-1.0
310.31845	-1.0
310.3392	-1.0
310.3724	-1.0
310.39093	-1.0
310.46884	-1.0
310.51392	-1.0
310.5622	-1.0
310.60147	-1.0
310.67255	-1.0
310.79156	1.0
310.84845	-1.0
310.9808	-1.0
311.00052	-1.0
311.12433	-1.0
315.92865	-1.0
315.93793	-1.0
315.96112	-1.0
315.9643	-1.0
315.9683	-1.0
316.0027	-1.0
316.0376	-1.0
316.04108	-1.0
316.06503	-1.0
316.13748	-1.0
316.1437	-1.0
316.1961	-1.0
316.28625	-1.0
316.3163	1.0
316.40387	-1.0
316.5894	-1.0
316.7806	-1.0
316.8556	-1.0
316.96265	-1.0
321.00116	-1.0
321.03577	-1.0
321.05548	-1.0
321.0736	-1.0
321.08835	-1.0
321.13763	-1.0
321.174	-1.0
321.1943	-1.0
321.23688	-1.0
321.33447	-1.0
321.61688	-1.0
321.7184	-1.0
321.74664	-1.0
321.82828	-1.0
325.9656	-1.0
325.98303	-1.0
326.00052	-1.0
326.04013	-1.0
326.0479	-1.0
326.10287	-1.0
326.11148	-1.0
326.12573	-1.0
326.23795	-1.0
326.25168	-1.0
326.3076	-1.0
326.33685	-1.0
326.4136	-1.0
326.4862	1.0
326.60687	-1.0
326.63336	-1.0
326.7922	-1.0
327.09427	-1.0
331.85925	-1.0
331.87897	-1.0
331.89157	-1.0
331.90268	-1.0
331.93607	-1.0
331.94977	-1.0
331.99023	-1.0
331.99493	-1.0
332.03497	-1.0
332.07315	-1.0
332.10397	-1.0
332.12057	-1.0
332.13376	-1.0
332.17392	-1.0
332.24597	-1.0
332.29065	-1.0
332.40585	-1.0
332.51736	1.0
332.5381	-1.0
332.77045	-1.0
332.89508	-1.0
338.2133	-1.0
338.2397	-1.0
338.26584	-1.0
338.27173	-1.0
338.288	-1.0
338.2975	-1.0
338.35916	-1.0
338.47833	-1.0
338.501	-1.0
338.519	-1.0
338.56912	-1.0
338.64407	-1.0
338.71756	-1.0
338.77017	-1.0
338.89703	-1.0
338.9212	-1.0
338.9632	-1.0
338.984	-1.0
343.2718	-1.0
343.2885	-1.0
343.31055	1.0
343.33044	-1.0
343.354	-1.0
343.3737	-1.0
343.40027	-1.0
343.41168	-1.0
343.47195	-1.0
343.57864	-1.0
343.58228	-1.0
343.7833	-1.0
343.80493	-1.0
343.84988	-1.0
343.87277	-1.0
343.9528	-1.0
343.9911	-1.0
343.99527	-1.0
344.0017	-1.0
344.011	-1.0
348.6344	-1.0
348.6582	-1.0
348.6752	-1.0
348.6953	-1.0
348.719	-1.0
348.74683	-1.0
348.77908	-1.0
348.85236	-1.0
348.90344	-1.0
348.94513	-1.0
348.9594	-1.0
349.10568	-1.0
349.16016	-1.0
349.17548	-1.0
349.1996	-1.0
349.48364	-1.0
349.5426	1.0
353.60452	-1.0
353.62457	-1.0
353.63675	-1.0
353.63968	-1.0
353.65155	-1.0
353.6559	-1.0
353.67767	-1.0
353.7105	-1.0
353.76584	-1.0
353.77667	-1.0
353.7934	-1.0
353.82123	-1.0
353.83368	-1.0
353.84427	-1.0
353.86407	-1.0
353.93375	-1.0
354.02963	-1.0
354.0672	-1.0
354.08157	-1.0
354.08713	-1.0
354.09613	-1.0
354.10645	-1.0
354.115	-1.0
354.3413	-1.0
354.36203	-1.0
354.4286	-1.0
354.44156	-1.0
354.4799	-1.0
354.52264	-1.0
354.53568	1.0
354.54065	-1.0
354.7226	-1.0
358.4131	-1.0
358.42804	-1.0
358.44815	-1.0
358.54214	-1.0
358.55945	-1.0
358.57996	-1.0
358.58286	-1.0
358.61035	-1.0
358.6174	-1.0
358.64716	1.0
358.6577	-1.0
358.73215	-1.0
358.79056	-1.0
358.99167	-1.0
358.99597	1.0
359.01395	-1.0
359.04507	-1.0
359.10895	-1.0
363.4955	-1.0
363.51193	-1.0
363.51764	-1.0
363.52884	-1.0
363.5615	-1.0
363.6267	-1.0
363.64407	-1.0
363.712	-1.0
363.72003	-1.0
363.7682	-1.0
363.7712	-1.0
363.7841	-1.0
363.79688	-1.0
363.8218	-1.0
363.87405	-1.0
363.87704	-1.0
363.89325	-1.0
363.8983	-1.0
363.90543	-1.0
363.91132	-1.0
363.91895	-1.0
363.9238	-1.0
363.92923	-1.0
363.93176	-1.0
363.94684	-1.0
363.95605	-1.0
363.9858	-1.0
364.0092	-1.0
364.02795	-1.0
364.05725	-1.0
364.23212	-1.0
364.35837	-1.0
364.3731	-1.0
364.46307	-1.0
364.46573	1.0
364.57852	-1.0
368.43225	-1.0
368.45016	-1.0
368.46384	-1.0
368.48016	-1.0
368.4934	1.0
368.50143	-1.0
368.50748	-1.0
368.66577	-1.0
368.68332	-1.0
368.72385	-1.0
368.7763	-1.0
368.79495	-1.0
368.81113	-1.0
368.84735	-1.0
368.883	-1.0
368.9305	-1.0
368.93927	-1.0
368.97543	-1.0
368.9906	-1.0
369.05923	-1.0
369.13116	-1.0
369.21628	-1.0
373.17584	-1.0
373.19904	-1.0
373.21423	-1.0
373.24265	-1.0
373.24515	-1.0
373.25583	-1.0
373.2586	-1.0
373.26605	-1.0
373.27493	-1.0
373.27768	-1.0
373.28403	-1.0
373.2878	-1.0
373.2909	-1.0
373.29785	-1.0
373.3021	-1.0
373.3113	-1.0
373.3286	-1.0
373.3375	-1.0
373.36047	-1.0
373.39993	-1.0
373.40552	-1.0
373.4333	-1.0
373.45255	-1.0
373.46808	-1.0
373.47372	-1.0
373.47748	-1.0
373.4879	-1.0
373.5074	-1.0
373.51132	-1.0
373.5234	-1.0
373.5288	-1.0
373.54132	-1.0
373.57437	-1.0
373.59406	-1.0
373.6292	-1.0
373.65872	-1.0
373.6805	-1.0
373.73163	-1.0
373.74203	-1.0
373.7853	-1.0
373.79044	-1.0
373.7963	-1.0
373.80643	-1.0
373.8504	-1.0
373.8767	-1.0
373.90076	-1.0
373.92972	-1.0
373.9756	-1.0
374.1518	-1.0
378.03064	-1.0
378.0393	-1.0
378.05768	-1.0
378.1104	-1.0
378.12115	-1.0
378.12415	-1.0
378.12836	-1.0
378.13705	-1.0
378.14417	-1.0
378.14804	-1.0
378.151	-1.0
378.15732	-1.0
378.16663	-1.0
378.1693	-1.0
378.17703	-1.0
378.18228	-1.0
378.20016	-1.0
378.22208	-1.0
378.28824	-1.0
378.41376	-1.0
378.41672	-1.0
378.43997	-1.0
378.45197	-1.0
378.46637	-1.0
378.47488	1.0
378.4865	-1.0
378.5151	-1.0
378.52557	-1.0
378.55643	-1.0
378.57632	-1.0
378.58475	-1.0
378.59387	-1.0
378.59735	-1.0
378.61197	-1.0
378.6234	-1.0
378.62805	-1.0
378.63092	-1.0
378.64047	-1.0
378.67575	-1.0
378.7167	-1.0
383.0454	-1.0
383.0802	-1.0
383.09857	-1.0
383.1031	-1.0
383.11237	-1.0
383.1173	-1.0
383.1201	-1.0
383.1253	-1.0
383.1285	-1.0
383.1321	-1.0
383.13544	-1.0
383.13892	-1.0
383.14267	-1.0
383.15216	-1.0
383.17325	-1.0
383.20108	-1.0
383.244	-1.0
383.2608	-1.0
383.2671	-1.0
383.29263	-1.0
383.30353	-1.0
383.3069	-1.0
383.32013	-1.0
383.3303	-1.0
383.34027	-1.0
383.3564	-1.0
383.37375	-1.0
383.3875	-1.0
383.39737	-1.0
383.40445	-1.0
383.4091	-1.0
383.4144	-1.0
383.43713	-1.0
383.452	-1.0
383.47083	-1.0
383.48547	-1.0
383.49908	-1.0
383.511	-1.0
383.53	-1.0
383.5376	-1.0
383.54916	-1.0
383.55597	-1.0
383.5681	-1.0
383.58432	-1.0
383.59583	-1.0
383.63245	-1.0
383.64795	-1.0
383.66104	-1.0
383.6941	-1.0
383.7109	-1.0
383.72455	-1.0
383.73712	-1.0
383.74432	-1.0
383.78668	-1.0
383.8174	-1.0
383.83017	-1.0
383.905	-1.0
383.93903	-1.0
383.97247	-1.0
385.0435	1.0
388.08487	-1.0
388.11084	-1.0
388.13705	-1.0
388.14923	-1.0
388.1562	-1.0
388.15945	-1.0
388.16623	-1.0
388.1718	-1.0
388.17667	-1.0
388.18024	-1.0
388.18683	-1.0
388.1937	-1.0
388.21207	-1.0
388.2146	-1.0
388.22357	-1.0
388.23972	-1.0
388.266	1.0
388.27737	-1.0
388.2979	-1.0
388.3112	-1.0
388.32773	-1.0
388.333	-1.0
388.33713	-1.0
388.34348	-1.0
388.3552	-1.0
388.35873	-1.0
388.37405	-1.0
388.38217	-1.0
388.3936	-1.0
388.4034	-1.0
388.40637	-1.0
388.41104	-1.0
388.429	-1.0
388.43365	-1.0
388.4538	-1.0
388.48663	-1.0
388.49344	-1.0
388.52005	-1.0
388.53207	-1.0
388.55112	-1.0
388.56628	-1.0
388.58685	-1.0
388.6074	-1.0
388.61	-1.0
388.61545	-1.0
388.62137	-1.0
388.63913	-1.0
388.65808	-1.0
388.67047	-1.0
388.72308	-1.0
388.7628	-1.0
388.77808	-1.0
388.83908	-1.0
388.8428	-1.0
388.8616	-1.0
388.9002	-1.0
388.93237	-1.0
388.9846	-1.0
389.0255	-1.0
389.0443	-1.0
392.80685	-1.0
392.81668	1.0
392.83743	-1.0
392.85406	-1.0
392.8688	-1.0
392.8848	-1.0
392.8901	-1.0
392.89563	-1.0
392.90445	-1.0
392.91205	-1.0
392.91467	-1.0
392.9175	-1.0
392.92044	-1.0
392.92413	-1.0
392.93295	-1.0
392.9398	-1.0
392.95355	-1.0
392.96292	-1.0
392.97275	-1.0
392.9763	-1.0
392.99057	-1.0
393.00854	-1.0
393.0333	-1.0
393.04395	-1.0
393.0582	-1.0
393.06537	-1.0
393.0841	-1.0
393.0977	-1.0
393.12393	-1.0
393.13412	-1.0
393.143	-1.0
393.1512	-1.0
393.17044	-1.0
393.1789	-1.0
393.22223	-1.0
393.23288	-1.0
393.24017	-1.0
393.25668	-1.0
393.27283	-1.0
393.28748	-1.0
393.3148	-1.0
393.32895	-1.0
393.33475	-1.0
393.3548	-1.0
393.37488	-1.0
393.3816	-1.0
393.3948	-1.0
393.40543	-1.0
393.43896	-1.0
393.47052	-1.0
393.5259	-1.0
393.6289	-1.0
393.63196	-1.0
393.6941	-1.0
393.74475	-1.0
393.779	-1.0
393.78943	-1.0
397.21704	-1.0
397.2474	-1.0
397.26648	-1.0
397.27713	-1.0
397.27975	-1.0
397.28787	-1.0
397.29263	-1.0
397.30084	-1.0
397.3042	-1.0
397.31216	-1.0
397.319	-1.0
397.3326	-1.0
397.33875	-1.0
397.343	-1.0
397.35336	-1.0
397.37915	-1.0
397.38495	-1.0
397.40344	-1.0
397.41827	-1.0
397.4284	-1.0
397.43863	-1.0
397.45593	-1.0
397.47116	-1.0
397.47864	-1.0
397.49765	-1.0
397.50504	-1.0
397.5201	-1.0
397.53687	-1.0
397.56757	-1.0
397.57455	-1.0
397.58105	-1.0
397.5954	-1.0
397.5988	-1.0
397.62863	-1.0
397.65213	-1.0
397.67603	-1.0
397.69763	-1.0
397.71036	-1.0
397.72025	-1.0
397.73672	-1.0
397.73956	-1.0
397.76065	-1.0
397.7632	-1.0
397.7741	-1.0
397.796	-1.0
397.80496	-1.0
397.8344	-1.0
397.8498	-1.0
397.87384	-1.0
397.88217	-1.0
397.92407	-1.0
397.93152	-1.0
397.97253	-1.0
402.1452	1.0
402.15457	-1.0
402.16568	-1.0
402.17303	-1.0
402.17773	-1.0
402.18143	-1.0
402.18475	-1.0
402.19144	-1.0
402.1961	-1.0
402.1994	-1.0
402.2076	-1.0
402.21027	-1.0
402.21512	-1.0
402.22165	-1.0
402.2346	-1.0
402.24472	-1.0
402.2503	-1.0
402.25705	-1.0
402.26532	-1.0
402.27005	-1.0
402.28143	-1.0
402.29657	-1.0
402.3222	-1.0
402.33304	-1.0
402.3369	-1.0
402.3514	-1.0
402.3608	-1.0
402.36813	-1.0
402.3872	-1.0
402.40973	-1.0
402.426	-1.0
402.4324	-1.0
402.44287	-1.0
402.4549	-1.0
402.48328	-1.0
402.4911	-1.0
402.4961	-1.0
402.50192	-1.0
402.5132	-1.0
402.52344	-1.0
402.5269	-1.0
402.53247	-1.0
402.54456	-1.0
402.54724	-1.0
402.5551	-1.0
402.5753	-1.0
402.5828	-1.0
402.58795	-1.0
402.60004	-1.0
402.62427	-1.0
402.63547	-1.0
402.6612	-1.0
402.6836	-1.0
402.7038	-1.0
402.72205	-1.0
402.74435	-1.0
402.7541	-1.0
402.78232	-1.0
402.79865	-1.0
402.84613	-1.0
402.8547	-1.0
402.88675	-1.0
402.91077	-1.0
402.97412	-1.0
403.06927	-1.0
403.1222	-1.0
407.46988	-1.0
407.4782	-1.0
407.48123	1.0
407.48468	-1.0
407.4983	-1.0
407.50296	-1.0
407.50708	-1.0
407.51044	-1.0
407.51428	-1.0
407.52148	-1.0
407.53052	-1.0
407.5338	-1.0
407.5392	-1.0
407.569	-1.0
407.57504	-1.0
407.5882	-1.0
407.5924	-1.0
407.6173	-1.0
407.62427	-1.0
407.63324	-1.0
407.65103	-1.0
407.65543	-1.0
407.6706	-1.0
407.67776	-1.0
407.6836	-1.0
407.69684	-1.0
407.70096	-1.0
407.70523	-1.0
407.72076	-1.0
407.75317	-1.0
407.7621	-1.0
407.7723	-1.0
407.7876	-1.0
407.7976	-1.0
407.81042	-1.0
407.81436	-1.0
407.82407	-1.0
407.8306	-1.0
407.84164	-1.0
407.85944	-1.0
407.86636	-1.0
407.88052	-1.0
407.8986	-1.0
407.90497	-1.0
407.9313	-1.0
407.938	-1.0
407.96292	-1.0
407.98904	-1.0
408.00925	-1.0
408.0434	-1.0
408.05167	-1.0
408.07343	-1.0
408.08292	-1.0
408.10693	-1.0
408.1223	-1.0
408.14236	-1.0
408.16144	-1.0
408.17764	-1.0
408.18732	-1.0
408.20352	-1.0
408.23227	-1.0
408.27588	-1.0
408.29367	-1.0
408.32623	-1.0
411.7984	-1.0
411.81052	-1.0
411.81396	-1.0
411.81693	-1.0
411.82465	-1.0
411.8299	-1.0
411.83612	-1.0
411.8391	-1.0
411.8418	-1.0
411.84445	1.0
411.84793	-1.0
411.85107	-1.0
411.85623	-1.0
411.86484	-1.0
411.8731	-1.0
411.88104	-1.0
411.89673	-1.0
411.927	-1.0
411.9319	-1.0
411.9497	-1.0
411.97	-1.0
411.97318	-1.0
411.97864	-1.0
411.9978	-1.0
412.00552	-1.0
412.0169	-1.0
412.0299	-1.0
412.05273	-1.0
412.07504	-1.0
412.08713	-1.0
412.1056	-1.0
412.11423	-1.0
412.1186	-1.0
412.14307	-1.0
412.14624	-1.0
412.1515	-1.0
412.17056	-1.0
412.1783	-1.0
412.1932	-1.0
412.19583	-1.0
412.20853	-1.0
412.23868	-1.0
412.25992	-1.0
412.27695	-1.0
412.29077	-1.0
412.30185	-1.0
412.3202	-1.0
412.33475	-1.0
412.35684	-1.0
412.3701	-1.0
412.42548	-1.0
412.46332	-1.0
412.53033	-1.0
412.7343	-1.0
416.61008	-1.0
416.61792	-1.0
416.6226	-1.0
416.62604	-1.0
416.6322	-1.0
416.64062	-1.0
416.6458	-1.0
416.64944	-1.0
416.6566	-1.0
416.66083	-1.0
416.6725	-1.0
416.6904	-1.0
416.70392	-1.0
416.71295	-1.0
416.71948	-1.0
416.7248	-1.0
416.73743	-1.0
416.74255	-1.0
416.76096	-1.0
416.7703	-1.0
416.7952	-1.0
416.8026	-1.0
416.8141	-1.0
416.82645	-1.0
416.8373	-1.0
416.84793	-1.0
416.86243	-1.0
416.87073	-1.0
416.88684	-1.0
416.89062	-1.0
416.8992	-1.0
416.90808	-1.0
416.91888	-1.0
416.9272	-1.0
416.94977	-1.0
416.95764	-1.0
416.97723	-1.0
416.98868	-1.0
416.999	-1.0
417.0018	-1.0
417.02008	-1.0
417.02515	-1.0
417.0449	-1.0
417.05313	-1.0
417.0766	-1.0
417.08444	-1.0
417.10352	-1.0
417.11444	-1.0
417.1418	-1.0
417.15192	-1.0
417.16364	-1.0
417.171	-1.0
417.1841	-1.0
417.2141	-1.0
417.2237	-1.0
417.24036	-1.0
417.26553	-1.0
417.29355	-1.0
417.31125	-1.0
417.3182	-1.0
417.3369	-1.0
417.38684	-1.0
417.41852	-1.0
417.43625	-1.0
421.27408	1.0
421.28723	-1.0
421.2984	-1.0
421.3018	-1.0
421.305	-1.0
421.3076	1.0
421.3126	-1.0
421.31827	-1.0
421.32272	1.0
421.3268	-1.0
421.3333	-1.0
421.33865	-1.0
421.3432	-1.0
421.3536	-1.0
421.3665	-1.0
421.37308	-1.0
421.38333	-1.0
421.39377	-1.0
421.40137	-1.0
421.40524	-1.0
421.41147	-1.0
421.4273	-1.0
421.43573	-1.0
421.4525	-1.0
421.46167	-1.0
421.47144	-1.0
421.48	-1.0
421.49088	-1.0
421.49832	-1.0
421.50565	1.0
421.51825	-1.0
421.52084	-1.0
421.52567	-1.0
421.5396	-1.0
421.5478	-1.0
421.5622	-1.0
421.57007	-1.0
421.59344	-1.0
421.62628	-1.0
421.63785	-1.0
421.65375	-1.0
421.6602	-1.0
421.6788	-1.0
421.6813	-1.0
421.69925	-1.0
421.70697	-1.0
421.72348	-1.0
421.73395	-1.0
421.74915	-1.0
421.7612	-1.0
421.79077	-1.0
421.80484	-1.0
421.83115	-1.0
421.86487	-1.0
421.88913	-1.0
421.9252	-1.0
421.95407	-1.0
421.97488	-1.0
421.99344	-1.0
422.0066	-1.0
422.0398	-1.0
422.0731	-1.0
422.14212	-1.0
425.685	-1.0
425.70108	1.0
425.7039	-1.0
425.7093	-1.0
425.7146	-1.0
425.7176	1.0
425.7244	-1.0
425.7334	-1.0
425.7378	-1.0
425.74344	1.0
425.74725	-1.0
425.75272	-1.0
425.75836	-1.0
425.76248	-1.0
425.771	-1.0
425.7777	-1.0
425.79077	-1.0
425.80457	-1.0
425.81512	-1.0
425.82147	-1.0
425.83203	-1.0
425.84604	-1.0
425.85236	-1.0
425.86053	-1.0
425.8682	-1.0
425.88712	-1.0
425.89597	-1.0
425.90417	-1.0
425.91364	-1.0
425.93564	-1.0
425.9394	-1.0
425.95444	-1.0
425.9634	-1.0
425.97845	-1.0
425.98627	-1.0
425.99228	-1.0
426.00696	-1.0
426.01807	-1.0
426.0206	-1.0
426.04364	-1.0
426.0792	-1.0
426.086	-1.0
426.09753	-1.0
426.11957	-1.0
426.12653	-1.0
426.14307	-1.0
426.1583	-1.0
426.1664	-1.0
426.1855	-1.0
426.2029	-1.0
426.2379	-1.0
426.2415	-1.0
426.2504	-1.0
426.27576	-1.0
426.29996	-1.0
426.31387	-1.0
426.34048	-1.0
426.3796	-1.0
426.41293	-1.0
426.4351	-1.0
426.4544	-1.0
426.48737	-1.0
426.52176	-1.0
426.5418	-1.0
429.6388	-1.0
429.6434	-1.0
429.6577	-1.0
429.66245	-1.0
429.6663	-1.0
429.67108	-1.0
429.6764	-1.0
429.68295	-1.0
429.68723	-1.0
429.6918	-1.0
429.70255	-1.0
429.7126	-1.0
429.72217	-1.0
429.72485	-1.0
429.73004	-1.0
429.74387	-1.0
429.76596	-1.0
429.76947	-1.0
429.78537	-1.0
429.8048	-1.0
429.82864	-1.0
429.83203	1.0
429.8418	-1.0
429.85565	-1.0
429.87527	-1.0
429.89517	-1.0
429.91428	-1.0
429.92844	-1.0
429.95	-1.0
429.9672	-1.0
429.9738	-1.0
429.9946	-1.0
429.99768	-1.0
430.00443	-1.0
430.0197	-1.0
430.05255	-1.0
430.07233	-1.0
430.079	-1.0
430.0941	-1.0
430.1082	-1.0
430.13004	-1.0
430.15927	-1.0
430.19583	-1.0
430.2108	-1.0
430.23892	-1.0
430.28027	-1.0
430.29755	-1.0
430.30777	-1.0
433.66724	-1.0
433.6698	-1.0
433.67407	-1.0
433.68063	-1.0
433.68604	-1.0
433.68857	1.0
433.6959	-1.0
433.70078	1.0
433.70383	-1.0
433.71375	-1.0
433.71848	-1.0
433.72147	-1.0
433.724	-1.0
433.72656	1.0
433.72913	-1.0
433.73935	-1.0
433.7437	-1.0
433.74692	-1.0
433.76443	-1.0
433.7727	-1.0
433.7844	-1.0
433.79004	-1.0
433.79285	-1.0
433.80475	-1.0
433.8078	-1.0
433.81863	-1.0
433.82407	-1.0
433.8304	-1.0
433.8375	-1.0
433.85785	-1.0
433.86472	-1.0
433.882	-1.0
433.90045	-1.0
433.906	-1.0
433.92703	-1.0
433.9388	-1.0
433.9476	-1.0
433.97028	-1.0
433.98608	-1.0
433.9893	-1.0
434.00323	-1.0
434.01407	-1.0
434.02948	-1.0
434.0439	-1.0
434.0578	-1.0
434.0816	-1.0
434.10205	-1.0
434.11224	-1.0
434.14035	-1.0
434.1636	-1.0
434.17044	-1.0
434.1945	-1.0
434.22684	-1.0
434.25256	-1.0
434.27963	-1.0
434.29214	-1.0
434.3271	-1.0
434.3676	-1.0
434.39697	-1.0
434.47693	-1.0
437.48904	-1.0
437.4984	-1.0
437.51132	-1.0
437.51868	-1.0
437.52747	-1.0
437.533	-1.0
437.53552	1.0
437.5398	-1.0
437.54352	-1.0
437.54868	-1.0
437.55432	-1.0
437.559	-1.0
437.5659	-1.0
437.56915	-1.0
437.5776	-1.0
437.58737	-1.0
437.60257	-1.0
437.61844	-1.0
437.62683	-1.0
437.65143	-1.0
437.6694	-1.0
437.6856	-1.0
437.69095	-1.0
437.69528	-1.0
437.71057	-1.0
437.7365	-1.0
437.74356	-1.0
437.75845	-1.0
437.78052	-1.0
437.78632	-1.0
437.80032	-1.0
437.81247	-1.0
437.83945	-1.0
437.845	-1.0
437.8659	-1.0
437.88263	-1.0
437.90045	-1.0
437.91144	-1.0
437.9246	-1.0
437.94983	-1.0
437.97125	-1.0
437.99475	-1.0
438.00412	-1.0
438.04312	-1.0
438.0843	-1.0
438.13608	-1.0
438.1912	-1.0
438.213	-1.0
442.46967	-1.0
442.4723	1.0
442.48453	-1.0
442.49237	-1.0
442.4978	-1.0
442.502	-1.0
442.5074	-1.0
442.5146	1.0
442.51727	-1.0
442.5312	-1.0
442.5434	-1.0
442.55045	-1.0
442.5623	-1.0
442.56888	-1.0
442.5802	-1.0
442.5962	-1.0
442.60413	-1.0
442.61197	-1.0
442.6269	-1.0
442.63443	-1.0
442.64297	-1.0
442.67084	-1.0
442.67343	-1.0
442.67636	-1.0
442.67908	-1.0
442.68677	-1.0
442.69788	-1.0
442.71677	-1.0
442.7393	-1.0
442.74908	-1.0
442.77472	-1.0
442.77795	-1.0
442.7902	-1.0
442.8046	-1.0
442.81265	-1.0
442.8167	-1.0
442.83157	-1.0
442.84	-1.0
442.84308	-1.0
442.8641	-1.0
442.88644	-1.0
442.9052	-1.0
442.93976	-1.0
442.94727	-1.0
442.9534	-1.0
442.95673	-1.0
442.97787	-1.0
443.00943	-1.0
443.0312	-1.0
443.0505	-1.0
443.062	-1.0
443.09103	-1.0
443.1205	-1.0
443.16473	-1.0
443.21283	-1.0
443.2683	-1.0
443.31277	-1.0
443.33127	-1.0
446.3557	-1.0
446.37213	-1.0
446.37808	-1.0
446.38565	-1.0
446.39468	-1.0
446.402	-1.0
446.4056	-1.0
446.41364	-1.0
446.4162	-1.0
446.4239	-1.0
446.43213	-1.0
446.44257	-1.0
446.45016	-1.0
446.466	-1.0
446.47476	-1.0
446.47833	-1.0
446.48547	-1.0
446.50232	-1.0
446.51	-1.0
446.52597	-1.0
446.53464	-1.0
446.558	-1.0
446.5718	-1.0
446.57947	-1.0
446.5894	-1.0
446.6086	-1.0
446.6133	-1.0
446.63348	-1.0
446.6411	-1.0
446.64877	-1.0
446.66376	-1.0
446.6674	-1.0
446.67267	-1.0
446.6961	-1.0
446.7012	-1.0
446.71484	-1.0
446.72217	-1.0
446.74048	-1.0
446.75623	-1.0
446.76236	-1.0
446.7656	-1.0
446.76855	-1.0
446.77612	-1.0
446.80157	-1.0
446.80573	-1.0
446.82733	-1.0
446.83728	-1.0
446.858	-1.0
446.884	-1.0
446.908	-1.0
446.91876	-1.0
446.9424	-1.0
446.98117	-1.0
447.00323	-1.0
450.40143	-1.0
450.4095	-1.0
450.41476	-1.0
450.41843	-1.0
450.4233	-1.0
450.42795	-1.0
450.43423	-1.0
450.452	-1.0
450.45676	-1.0
450.46896	-1.0
450.47412	-1.0
450.47745	-1.0
450.49088	-1.0
450.5176	-1.0
450.53613	-1.0
450.54364	-1.0
450.55936	-1.0
450.5787	-1.0
450.58307	-1.0
450.5936	-1.0
450.5998	-1.0
450.60693	-1.0
450.6247	-1.0
450.64948	-1.0
450.6753	-1.0
450.68005	-1.0
450.698	-1.0
450.7091	-1.0
450.7176	-1.0
450.7224	-1.0
450.7369	-1.0
450.74652	-1.0
450.76767	-1.0
450.78128	-1.0
450.79773	-1.0
450.80875	-1.0
450.826	-1.0
450.845	-1.0
450.85504	-1.0
450.85788	-1.0
450.8748	-1.0
450.88867	-1.0
450.90845	-1.0
450.92587	-1.0
450.95715	-1.0
450.9814	-1.0
450.99396	-1.0
451.00037	-1.0
451.01083	-1.0
451.12817	-1.0
453.90732	-1.0
453.92413	-1.0
453.92892	-1.0
453.9466	-1.0
453.9513	-1.0
453.95892	-1.0
453.96393	-1.0
453.96707	1.0
453.97064	-1.0
453.97797	-1.0
453.9934	-1.0
453.99783	-1.0
454.0117	-1.0
454.0192	-1.0
454.02524	-1.0
454.03473	-1.0
454.04132	-1.0
454.0544	-1.0
454.0704	-1.0
454.07468	-1.0
454.08636	-1.0
454.1094	-1.0
454.1172	-1.0
454.12833	-1.0
454.14148	-1.0
454.16455	-1.0
454.18207	-1.0
454.1876	-1.0
454.1981	-1.0
454.20865	-1.0
454.2204	-1.0
454.22906	-1.0
454.23257	-1.0
454.2519	-1.0
454.27905	-1.0
454.2988	-1.0
454.30508	-1.0
454.31995	-1.0
454.3459	-1.0
454.3498	-1.0
454.37357	-1.0
454.39023	-1.0
454.4098	-1.0
454.44183	-1.0
454.47095	-1.0
454.48584	-1.0
454.50848	-1.0
454.51736	-1.0
454.54572	-1.0
454.57388	-1.0
457.442	-1.0
457.4561	-1.0
457.47916	-1.0
457.482	-1.0
457.48734	-1.0
457.49225	-1.0
457.49673	-1.0
457.49963	1.0
457.5049	-1.0
457.50748	-1.0
457.5115	-1.0
457.52264	-1.0
457.52716	-1.0
457.53732	-1.0
457.5426	-1.0
457.54956	-1.0
457.56192	-1.0
457.56836	-1.0
457.58575	-1.0
457.59933	-1.0
457.61545	-1.0
457.62228	-1.0
457.64807	-1.0
457.65543	-1.0
457.658	-1.0
457.67157	-1.0
457.685	-1.0
457.69516	-1.0
457.71777	-1.0
457.72427	-1.0
457.74603	-1.0
457.76913	-1.0
457.78928	-1.0
457.80817	-1.0
457.8229	-1.0
457.8322	-1.0
457.85773	-1.0
457.87564	-1.0
457.8879	-1.0
457.89825	-1.0
457.92255	-1.0
457.93213	-1.0
457.96008	-1.0
457.98407	-1.0
458.0016	-1.0
458.01288	-1.0
458.0288	-1.0
458.0606	-1.0
458.14456	-1.0
458.1804	-1.0
460.71808	-1.0
460.72687	-1.0
460.73175	-1.0
460.7354	-1.0
460.73892	-1.0
460.74207	-1.0
460.74597	-1.0
460.75543	1.0
460.7624	-1.0
460.76788	-1.0
460.7706	-1.0
460.7741	-1.0
460.77844	-1.0
460.78333	-1.0
460.80005	-1.0
460.8051	1.0
460.8148	-1.0
460.82303	-1.0
460.8356	-1.0
460.8424	-1.0
460.85983	-1.0
460.8751	-1.0
460.879	-1.0
460.8875	-1.0
460.89597	-1.0
460.93396	-1.0
460.94855	-1.0
460.98343	-1.0
461.00113	-1.0
461.02463	-1.0
461.06042	-1.0
461.06796	-1.0
461.08768	-1.0
461.1032	-1.0
461.11755	-1.0
461.12207	-1.0
461.14587	-1.0
461.15735	-1.0
461.21204	-1.0
461.2406	-1.0
461.26895	-1.0
461.32132	-1.0
461.3294	-1.0
464.1466	-1.0
464.16333	-1.0
464.17752	-1.0
464.18176	-1.0
464.18655	-1.0
464.1943	1.0
464.198	-1.0
464.2012	-1.0
464.20923	-1.0
464.2167	-1.0
464.2241	-1.0
464.22855	-1.0
464.2362	-1.0
464.2409	-1.0
464.24576	-1.0
464.2504	-1.0
464.26044	-1.0
464.2642	-1.0
464.2783	-1.0
464.29108	-1.0
464.29367	-1.0
464.31332	-1.0
464.34485	-1.0
464.35757	-1.0
464.38263	-1.0
464.39636	-1.0
464.41272	-1.0
464.42584	-1.0
464.43716	-1.0
464.44724	-1.0
464.4625	-1.0
464.48105	-1.0
464.50076	-1.0
464.50815	-1.0
464.5286	-1.0
464.55008	-1.0
464.56644	-1.0
464.57697	-1.0
464.5796	1.0
464.59103	-1.0
464.60056	-1.0
464.61597	-1.0
464.62384	-1.0
464.66367	-1.0
464.69864	-1.0
464.73343	-1.0
464.73837	-1.0
464.75073	-1.0
464.80945	-1.0
467.6754	-1.0
467.684	-1.0
467.68793	-1.0
467.69528	-1.0
467.6995	-1.0
467.70837	-1.0
467.71216	-1.0
467.71707	-1.0
467.7254	-1.0
467.7289	-1.0
467.7386	-1.0
467.74576	-1.0
467.74872	-1.0
467.754	-1.0
467.76068	-1.0
467.7648	-1.0
467.78137	-1.0
467.79172	-1.0
467.8079	-1.0
467.81393	-1.0
467.83084	-1.0
467.83667	-1.0
467.84937	-1.0
467.87308	-1.0
467.89676	-1.0
467.90857	-1.0
467.92972	-1.0
467.9417	-1.0
467.95157	-1.0
467.96832	-1.0
467.972	-1.0
467.97705	-1.0
467.99725	-1.0
468.0221	-1.0
468.03848	-1.0
468.04565	-1.0
468.08548	-1.0
468.1023	-1.0
468.12628	-1.0
468.14636	-1.0
468.18976	-1.0
468.24768	-1.0
470.93555	-1.0
470.9531	-1.0
470.9568	-1.0
470.97192	-1.0
470.98087	-1.0
470.9853	-1.0
470.9916	-1.0
470.99725	-1.0
471.00345	-1.0
471.0076	-1.0
471.01248	1.0
471.01984	1.0
471.02588	-1.0
471.04214	-1.0
471.04904	-1.0
471.05457	-1.0
471.0718	-1.0
471.08917	-1.0
471.09827	-1.0
471.11377	-1.0
471.1336	-1.0
471.14035	-1.0
471.1514	-1.0
471.16217	-1.0
471.16943	-1.0
471.1729	-1.0
471.22308	-1.0
471.2383	-1.0
471.2604	-1.0
471.2698	-1.0
471.29047	-1.0
471.3042	-1.0
471.32336	-1.0
471.3339	-1.0
471.34857	-1.0
471.35864	-1.0
471.389	-1.0
471.3996	-1.0
471.4083	-1.0
471.4352	-1.0
471.4569	-1.0
471.4643	-1.0
471.5169	-1.0
471.52716	-1.0
471.55716	-1.0
471.62155	-1.0
473.90765	-1.0
473.92712	-1.0
473.93536	-1.0
473.9402	-1.0
473.943	-1.0
473.95236	-1.0
473.955	-1.0
473.96304	-1.0
473.96716	-1.0
473.97424	-1.0
473.977	-1.0
473.98535	-1.0
473.98825	1.0
473.99167	-1.0
473.99545	-1.0
474.0001	-1.0
474.0064	-1.0
474.0189	-1.0
474.02936	-1.0
474.03864	1.0
474.0465	-1.0
474.06876	-1.0
474.08655	-1.0
474.09952	-1.0
474.10428	-1.0
474.1232	-1.0
474.1416	-1.0
474.1518	-1.0
474.16476	-1.0
474.18784	-1.0
474.20468	-1.0
474.209	-1.0
474.24176	-1.0
474.25345	-1.0
474.26917	-1.0
474.29648	-1.0
474.315	-1.0
474.33664	-1.0
474.35825	-1.0
474.36737	-1.0
474.38437	-1.0
474.4124	-1.0
474.44043	-1.0
476.87457	-1.0
476.89847	-1.0
476.90714	-1.0
476.91516	-1.0
476.92416	-1.0
476.9325	-1.0
476.9362	-1.0
476.93887	-1.0
476.94705	-1.0
476.95392	-1.0
476.95657	-1.0
476.9665	-1.0
476.97064	1.0
476.98013	-1.0
476.98505	-1.0
476.98944	-1.0
476.9926	-1.0
476.99567	-1.0
477.0044	-1.0
477.01056	-1.0
477.02533	-1.0
477.03076	-1.0
477.0461	-1.0
477.05957	-1.0
477.06323	-1.0
477.06757	-1.0
477.0837	-1.0
477.0948	-1.0
477.1039	-1.0
477.10645	-1.0
477.13733	-1.0
477.15753	-1.0
477.18268	-1.0
477.19556	-1.0
477.20877	-1.0
477.23224	-1.0
477.25415	-1.0
477.26236	-1.0
477.3423	-1.0
477.3652	-1.0
477.38303	-1.0
477.41455	-1.0
479.81967	-1.0
479.8262	-1.0
479.83032	-1.0
479.833	1.0
479.8355	-1.0
479.83987	-1.0
479.84415	-1.0
479.85083	-1.0
479.85425	-1.0
479.8597	-1.0
479.86353	-1.0
479.86877	-1.0
479.8716	-1.0
479.88632	-1.0
479.8926	-1.0
479.90393	1.0
479.91272	-1.0
479.91705	-1.0
479.92877	-1.0
479.94775	-1.0
479.95477	-1.0
479.96677	-1.0
479.9732	-1.0
479.97632	-1.0
479.98813	-1.0
480.0055	-1.0
480.02386	-1.0
480.05927	-1.0
480.07495	-1.0
480.0825	-1.0
480.1018	-1.0
480.1358	-1.0
480.14813	-1.0
480.15167	-1.0
480.16916	-1.0
480.19772	-1.0
480.2108	-1.0
480.22827	-1.0
480.26395	-1.0
480.299	-1.0
480.3276	-1.0
482.4771	-1.0
482.49347	-1.0
482.50513	-1.0
482.51257	-1.0
482.5192	-1.0
482.5283	-1.0
482.53192	-1.0
482.5353	-1.0
482.5456	-1.0
482.55396	-1.0
482.55988	-1.0
482.56815	-1.0
482.57428	-1.0
482.58176	-1.0
482.59445	-1.0
482.59747	-1.0
482.6036	-1.0
482.60715	-1.0
482.613	-1.0
482.6226	-1.0
482.63385	-1.0
482.64725	-1.0
482.65543	-1.0
482.66467	-1.0
482.6739	-1.0
482.69513	-1.0
482.70135	-1.0
482.7178	-1.0
482.7274	-1.0
482.73575	-1.0
482.74365	-1.0
482.79068	-1.0
482.81458	-1.0
482.84497	-1.0
482.8476	-1.0
482.8525	-1.0
482.8716	-1.0
482.89932	-1.0
485.7089	-1.0
485.73007	-1.0
485.7442	-1.0
485.7517	-1.0
485.75937	-1.0
485.76212	-1.0
485.7651	-1.0
485.76993	-1.0
485.77347	-1.0
485.78088	-1.0
485.78467	-1.0
485.7892	-1.0
485.79407	-1.0
485.80472	-1.0
485.81976	-1.0
485.82352	1.0
485.83264	-1.0
485.83884	-1.0
485.8419	-1.0
485.85333	-1.0
485.85587	-1.0
485.86395	-1.0
485.87375	-1.0
485.88452	-1.0
485.9156	-1.0
485.93497	-1.0
485.94257	-1.0
485.95847	-1.0
485.9816	1.0
485.98413	-1.0
485.99252	-1.0
486.01172	-1.0
486.03168	-1.0
486.09073	-1.0
486.11856	-1.0
486.1472	-1.0
486.17508	-1.0
486.19235	-1.0
486.20728	-1.0
486.2186	-1.0
486.22803	-1.0
486.3278	-1.0
489.0489	-1.0
489.05695	-1.0
489.06128	-1.0
489.06952	-1.0
489.07587	-1.0
489.07913	-1.0
489.0819	-1.0
489.08875	-1.0
489.09265	-1.0
489.10333	-1.0
489.10593	-1.0
489.1085	-1.0
489.11545	-1.0
489.12512	-1.0
489.13037	-1.0
489.1336	-1.0
489.13953	-1.0
489.16324	-1.0
489.1692	-1.0
489.18015	-1.0
489.19632	-1.0
489.20612	-1.0
489.2181	-1.0
489.25107	-1.0
489.25937	-1.0
489.28348	-1.0
489.30096	-1.0
489.3094	-1.0
489.32553	-1.0
489.35675	-1.0
489.36948	-1.0
489.39203	-1.0
489.41623	-1.0
489.4262	-1.0
489.43875	-1.0
489.4624	-1.0
489.5126	-1.0
489.57007	-1.0
492.6684	-1.0
492.68283	-1.0
492.68924	1.0
492.692	-1.0
492.6984	-1.0
492.70856	-1.0
492.71335	-1.0
492.71768	-1.0
492.72037	-1.0
492.72324	-1.0
492.73148	-1.0
492.734	-1.0
492.74203	-1.0
492.74484	-1.0
492.75168	-1.0
492.7581	-1.0
492.7615	-1.0
492.76404	-1.0
492.7705	-1.0
492.77844	-1.0
492.7939	-1.0
492.80112	-1.0
492.81644	-1.0
492.83905	-1.0
492.84824	-1.0
492.85883	-1.0
492.87076	-1.0
492.8892	-1.0
492.90445	-1.0
492.9109	-1.0
492.92493	-1.0
492.9386	-1.0
492.9742	-1.0
492.9802	-1.0
493.00287	-1.0
493.01263	-1.0
493.0466	-1.0
493.05576	-1.0
493.07883	-1.0
493.1052	-1.0
493.1195	-1.0
493.1486	-1.0
493.17935	-1.0
493.2091	-1.0
493.23773	-1.0
493.30164	-1.0
495.45132	-1.0
495.45895	-1.0
495.462	-1.0
495.4692	-1.0
495.47223	-1.0
495.476	-1.0
495.47916	-1.0
495.48465	-1.0
495.49304	-1.0
495.50385	-1.0
495.5077	-1.0
495.51477	-1.0
495.5215	-1.0
495.52795	-1.0
495.53143	-1.0
495.5372	-1.0
495.55392	-1.0
495.57016	-1.0
495.5884	-1.0
495.6088	-1.0
495.63312	-1.0
495.6458	-1.0
495.66217	-1.0
495.68365	-1.0
495.71115	-1.0
495.74173	-1.0
495.78397	-1.0
498.47717	-1.0
498.49997	-1.0
498.5102	-1.0
498.51273	-1.0
498.52472	-1.0
498.52933	-1.0
498.5382	-1.0
498.5417	-1.0
498.54913	-1.0
498.55243	-1.0
498.5606	-1.0
498.5707	-1.0
498.58188	-1.0
498.5937	-1.0
498.60428	-1.0
498.60983	-1.0
498.62607	-1.0
498.64175	-1.0
498.6502	-1.0
498.66473	-1.0
498.67545	-1.0
498.6802	-1.0
498.68524	-1.0
498.71036	-1.0
498.7366	-1.0
498.75455	-1.0
498.78027	-1.0
498.79355	-1.0
498.803	-1.0
498.83835	-1.0
498.8412	-1.0
498.85437	-1.0
498.87524	-1.0
498.88333	-1.0
498.90112	-1.0
498.9387	-1.0
498.96152	-1.0
503.9088	-1.0
503.9152	-1.0
503.9207	-1.0
503.93137	-1.0
503.93405	-1.0
503.937	-1.0
503.9431	-1.0
503.94604	-1.0
503.9496	1.0
503.9566	-1.0
503.96228	-1.0
503.96945	-1.0
503.9739	-1.0
503.9858	-1.0
503.99588	-1.0
503.99875	-1.0
504.0028	-1.0
504.0184	-1.0
504.028	-1.0
504.041	-1.0
504.04663	-1.0
504.06363	-1.0
504.07837	-1.0
504.08365	-1.0
504.104	-1.0
504.10696	-1.0
504.11176	-1.0
504.1227	-1.0
504.1396	-1.0
504.1537	-1.0
504.17188	-1.0
504.17712	-1.0
504.1838	-1.0
504.215	-1.0
504.23187	-1.0
504.24417	-1.0
504.26587	-1.0
504.27313	-1.0
504.29285	-1.0
504.31445	-1.0
504.3217	-1.0
504.3432	-1.0
504.35223	-1.0
504.37253	-1.0
504.3806	-1.0
504.4174	-1.0
504.4454	-1.0
504.49796	-1.0
504.61636	-1.0
506.88156	-1.0
506.89276	-1.0
506.89804	-1.0
506.9023	-1.0
506.91617	-1.0
506.92105	-1.0
506.932	-1.0
506.93823	-1.0
506.94757	1.0
506.9594	-1.0
506.97433	-1.0
506.98203	-1.0
506.98508	-1.0
506.9959	-1.0
506.9992	-1.0
507.0046	-1.0
507.01715	-1.0
507.0355	-1.0
507.0533	-1.0
507.0636	-1.0
507.09344	-1.0
507.1289	-1.0
507.16013	-1.0
507.24677	-1.0
509.38684	-1.0
509.39508	-1.0
509.40137	-1.0
509.40836	-1.0
509.4177	-1.0
509.42557	-1.0
509.43237	-1.0
509.4355	-1.0
509.4416	-1.0
509.44412	-1.0
509.45007	-1.0
509.45996	-1.0
509.468	-1.0
509.47977	-1.0
509.486	-1.0
509.49805	-1.0
509.5017	-1.0
509.50473	-1.0
509.50873	-1.0
509.52124	-1.0
509.5254	-1.0
509.52835	-1.0
509.54028	-1.0
509.55185	-1.0
509.5711	-1.0
509.58395	-1.0
509.60513	-1.0
509.62344	-1.0
509.65173	-1.0
509.67215	-1.0
509.6986	-1.0
509.7106	-1.0
509.7393	-1.0
512.56805	-1.0
512.57935	-1.0
512.5961	-1.0
512.60126	-1.0
512.60394	-1.0
512.6098	-1.0
512.6175	-1.0
512.62244	-1.0
512.6339	-1.0
512.637	-1.0
512.64215	-1.0
512.6569	-1.0
512.6596	-1.0
512.6741	-1.0
512.6768	-1.0
512.6846	-1.0
512.6964	-1.0
512.7121	-1.0
512.7201	-1.0
512.7387	-1.0
512.7941	-1.0
512.80304	-1.0
512.8259	-1.0
512.8574	-1.0
512.871	-1.0
512.9206	-1.0
513.02795	-1.0
515.3184	-1.0
515.3264	-1.0
515.32904	-1.0
515.3318	-1.0
515.3406	-1.0
515.351	-1.0
515.36346	-1.0
515.3696	-1.0
515.3747	-1.0
515.37787	-1.0
515.385	-1.0
515.3912	-1.0
515.3949	-1.0
515.4023	-1.0
515.4162	-1.0
515.4268	-1.0
515.4353	-1.0
515.45575	-1.0
515.4707	-1.0
515.47516	-1.0
515.49335	-1.0
515.5199	-1.0
515.54016	-1.0
515.5583	-1.0
515.6308	-1.0
515.6773	-1.0
518.22675	-1.0
518.2572	-1.0
518.27716	-1.0
518.288	-1.0
518.2938	-1.0
518.3008	-1.0
518.3089	-1.0
518.3131	-1.0
518.3156	-1.0
518.3241	-1.0
518.33276	-1.0
518.3356	-1.0
518.3384	-1.0
518.34985	-1.0
518.35876	-1.0
518.36975	-1.0
518.37683	-1.0
518.3848	-1.0
518.4011	-1.0
518.425	-1.0
518.45013	-1.0
518.4584	-1.0
518.4718	-1.0
518.50085	-1.0
518.53876	-1.0
518.5541	-1.0
518.57404	-1.0
518.5961	-1.0
521.354	-1.0
521.3819	-1.0
521.4048	-1.0
521.413	-1.0
521.4197	-1.0
521.42505	-1.0
521.4296	-1.0
521.43646	-1.0
521.43994	-1.0
521.4433	-1.0
521.4495	1.0
521.4527	-1.0
521.4596	-1.0
521.4723	-1.0
521.48145	-1.0
521.4852	-1.0
521.4955	-1.0
521.5103	-1.0
521.51874	-1.0
521.5442	-1.0
521.565	-1.0
521.57904	-1.0
521.5985	-1.0
521.6189	-1.0
521.6415	-1.0
521.65204	-1.0
521.67975	-1.0
521.7157	-1.0
524.16846	-1.0
524.1748	-1.0
524.1863	-1.0
524.2032	-1.0
524.20575	-1.0
524.2215	-1.0
524.23236	-1.0
524.2373	-1.0
524.2511	-1.0
524.2613	-1.0
524.266	-1.0
524.27295	-1.0
524.27826	-1.0
524.29114	-1.0
524.3013	-1.0
524.3125	-1.0
524.3284	-1.0
524.3318	-1.0
524.35114	-1.0
524.37177	-1.0
524.38165	-1.0
524.3949	-1.0
524.4233	-1.0
524.46844	-1.0
526.67615	-1.0
526.69556	-1.0
526.702	-1.0
526.7052	-1.0
526.71436	-1.0
526.72546	-1.0
526.72797	1.0
526.736	-1.0
526.74615	-1.0
526.7518	-1.0
526.7578	-1.0
526.7632	-1.0
526.7742	-1.0
526.7875	-1.0
526.79724	-1.0
526.8053	-1.0
526.8102	1.0
526.81635	-1.0
526.8308	-1.0
526.8379	-1.0
526.84534	-1.0
526.85333	-1.0
526.85895	-1.0
526.8716	-1.0
526.8855	-1.0
526.90533	-1.0
526.91315	-1.0
526.93945	-1.0
527.00104	-1.0
527.0243	-1.0
530.0746	-1.0
530.0791	-1.0
530.09753	-1.0
530.1036	-1.0
530.10706	-1.0
530.11743	-1.0
530.12067	-1.0
530.12537	-1.0
530.12787	-1.0
530.1312	-1.0
530.137	-1.0
530.14594	-1.0
530.1526	-1.0
530.1566	-1.0
530.1599	-1.0
530.1731	-1.0
530.1792	-1.0
530.1896	-1.0
530.1969	-1.0
530.2126	-1.0
530.227	1.0
530.2318	-1.0
530.2412	-1.0
530.24585	-1.0
530.26514	-1.0
530.27423	-1.0
530.2988	1.0
530.30457	-1.0
530.3143	-1.0
530.3284	-1.0
530.3427	-1.0
530.3985	-1.0
532.8566	-1.0
532.89154	-1.0
533.5028	-1.0
533.51685	-1.0
533.5342	-1.0
533.53906	-1.0
533.54755	-1.0
533.5636	-1.0
533.56964	-1.0
533.5828	-1.0
533.5897	-1.0
533.59845	-1.0
533.6057	-1.0
533.611	-1.0
533.6142	-1.0
533.6264	-1.0
533.63416	-1.0
533.6394	-1.0
533.6449	-1.0
533.65875	-1.0
533.66345	-1.0
533.66693	-1.0
533.67786	-1.0
533.6823	-1.0
533.6881	-1.0
533.6984	-1.0
533.70197	-1.0
533.71387	-1.0
533.73895	-1.0
533.773	-1.0
533.78674	-1.0
535.8238	-1.0
535.83734	-1.0
535.848	-1.0
535.8861	-1.0
535.8913	-1.0
535.9478	-1.0
535.9567	-1.0
536.0214	-1.0
536.2327	-1.0
536.26697	-1.0
536.2701	-1.0
536.2884	-1.0
536.303	-1.0
536.3103	-1.0
536.31836	-1.0
536.32574	-1.0
536.33344	-1.0
536.34015	-1.0
536.3484	-1.0
536.3624	-1.0
536.37067	1.0
536.3747	-1.0
536.3806	-1.0
536.38873	-1.0
536.39435	-1.0
536.40485	-1.0
536.4302	-1.0
536.43945	-1.0
536.4556	-1.0
538.41046	-1.0
538.42975	-1.0
538.44073	-1.0
538.4474	-1.0
538.4538	-1.0
538.45953	-1.0
538.46893	-1.0
538.4728	-1.0
538.47675	-1.0
538.4917	-1.0
538.49585	-1.0
538.5033	-1.0
538.514	-1.0
538.5222	-1.0
538.5334	-1.0
538.54065	-1.0
538.54895	-1.0
538.5608	-1.0
538.5729	-1.0
538.6202	-1.0
541.9098	-1.0
541.9223	-1.0
541.9302	-1.0
541.9353	-1.0
541.9382	-1.0
541.9479	-1.0
541.95245	-1.0
541.9563	-1.0
541.9622	-1.0
541.9694	-1.0
541.9719	-1.0
541.9779	-1.0
541.98126	-1.0
541.99945	-1.0
542.0055	-1.0
542.0141	-1.0
542.0275	-1.0
542.03064	-1.0
542.0501	-1.0
542.06323	-1.0
542.07446	-1.0
542.0821	-1.0
542.1064	-1.0
542.1182	-1.0
542.13336	-1.0
542.15894	-1.0
542.17194	-1.0
542.2135	-1.0
542.2617	-1.0
544.5246	-1.0
544.54254	-1.0
544.54913	-1.0
544.5668	-1.0
544.5712	-1.0
544.5836	-1.0
547.0337	-1.0
547.04456	-1.0
547.0504	-1.0
547.0616	-1.0
547.0675	-1.0
547.08	-1.0
547.0873	-1.0
547.101	-1.0
547.10565	-1.0
547.1137	-1.0
547.1181	-1.0
547.12286	-1.0
547.1315	-1.0
547.14886	-1.0
547.16486	-1.0
547.176	-1.0
547.1824	-1.0
547.1869	-1.0
547.2186	-1.0
547.2493	-1.0
547.2613	-1.0
547.2895	-1.0
547.3163	-1.0
551.7659	-1.0
551.78174	-1.0
551.7955	-1.0
551.8066	-1.0
551.8104	-1.0
551.8189	-1.0
551.8281	-1.0
551.8311	-1.0
551.8355	-1.0
551.8438	-1.0
551.8472	-1.0
551.8544	-1.0
551.8597	-1.0
551.8717	-1.0
551.87445	-1.0
551.8846	-1.0
551.8872	-1.0
551.8946	-1.0
551.9143	-1.0
551.92865	-1.0
551.9408	-1.0
551.9607	-1.0
551.99115	-1.0
552.01624	-1.0
552.04767	-1.0
552.0819	-1.0
555.9482	-1.0
555.98334	-1.0
556.0056	-1.0
556.0128	-1.0
556.0278	-1.0
556.034	-1.0
556.0367	-1.0
556.0464	-1.0
556.05664	-1.0
556.0609	-1.0
556.0644	-1.0
556.06757	-1.0
556.07294	-1.0
556.07654	-1.0
556.0806	-1.0
556.08685	-1.0
556.09326	-1.0
556.10016	-1.0
556.10266	-1.0
556.1116	-1.0
556.11554	-1.0
556.1196	-1.0
556.12695	-1.0
556.13995	-1.0
556.15045	-1.0
556.1733	-1.0
556.20337	-1.0
556.2708	-1.0
559.7539	1.0
559.7678	1.0
559.7781	-1.0
559.79895	-1.0
559.8095	-1.0
559.83453	-1.0
559.8442	-1.0
559.84717	-1.0
559.85986	-1.0
559.87134	-1.0
559.88043	-1.0
559.8838	-1.0
559.88666	-1.0
559.8927	-1.0
559.90564	-1.0
559.916	-1.0
559.9368	-1.0
559.94446	-1.0
559.9592	-1.0
560.0008	-1.0
562.7686	-1.0
562.84955	-1.0
562.86334	-1.0
562.889	-1.0
562.9072	-1.0
562.9176	-1.0
562.9258	-1.0
562.934	-1.0
562.9408	-1.0
562.9463	-1.0
562.9505	-1.0
562.95905	-1.0
562.962	-1.0
562.9689	-1.0
562.97327	-1.0
562.9766	-1.0
562.9847	-1.0
562.99677	-1.0
563.00037	-1.0
563.0093	-1.0
563.01965	-1.0
563.0242	-1.0
563.05194	-1.0
563.07587	-1.0
563.1064	-1.0
567.1103	-1.0
567.14136	-1.0
567.16284	-1.0
567.16833	-1.0
567.1809	-1.0
567.18506	-1.0
567.19525	-1.0
567.20026	-1.0
567.20435	-1.0
567.2071	-1.0
567.2113	-1.0
567.217	-1.0
567.2279	-1.0
567.2336	-1.0
567.249	-1.0
567.2641	-1.0
567.26697	-1.0
567.2758	-1.0
567.2828	-1.0
567.3286	-1.0
567.36664	-1.0
567.41736	-1.0
574.8166	-1.0
574.8191	-1.0
574.8416	-1.0
574.84534	-1.0
574.85626	-1.0
574.8668	-1.0
574.874	-1.0
574.8779	-1.0
574.88214	-1.0
574.887	-1.0
574.8906	-1.0
574.8974	-1.0
574.90765	-1.0
574.91754	-1.0
574.92834	-1.0
574.94336	-1.0
574.95166	-1.0
574.9646	-1.0
574.97327	-1.0
574.9833	-1.0
574.9985	-1.0
575.02673	-1.0
575.0497	-1.0
575.06146	-1.0
575.069	-1.0
575.11536	-1.0
575.1483	-1.0
578.5082	-1.0
578.5298	-1.0
578.5362	-1.0
578.5486	-1.0
578.55695	-1.0
578.5655	-1.0
578.57733	-1.0
578.5841	-1.0
578.5959	-1.0
578.61005	-1.0
578.6133	-1.0
578.6192	-1.0
578.6226	-1.0
578.6355	-1.0
578.6439	-1.0
578.6477	-1.0
578.6524	-1.0
578.66925	-1.0
578.6799	-1.0
578.68964	-1.0
578.6968	-1.0
578.7295	-1.0
578.74524	-1.0
578.78217	-1.0
581.5778	-1.0
581.8095	-1.0
581.8508	-1.0
581.863	-1.0
581.8839	-1.0
581.89453	-1.0
581.8999	-1.0
581.9071	-1.0
581.91046	-1.0
581.92334	-1.0
581.93274	-1.0
581.9404	-1.0
581.9453	-1.0
581.95337	-1.0
581.9686	-1.0
582.0127	-1.0
582.028	-1.0
582.042	-1.0
582.0589	-1.0
582.06866	-1.0
582.0826	-1.0
582.10675	-1.0
582.1698	-1.0
586.7837	-1.0
586.8026	-1.0
586.8171	-1.0
586.8211	-1.0
586.83813	-1.0
586.8442	-1.0
586.8479	-1.0
586.85486	-1.0
586.86646	-1.0
586.8754	-1.0
586.8877	-1.0
586.90393	-1.0
586.93207	-1.0
586.95166	-1.0
586.9614	-1.0
586.9845	-1.0
586.9962	-1.0
587.02905	-1.0
587.0682	-1.0
587.14136	-1.0
587.4271	-1.0
587.4413	-1.0
587.4508	-1.0
587.45764	-1.0
587.47906	-1.0
587.48456	-1.0
587.5047	-1.0
593.1838	-1.0
593.19104	-1.0
593.1964	-1.0
593.2101	-1.0
593.2216	-1.0
593.2303	-1.0
593.2328	-1.0
593.2423	-1.0
593.2498	-1.0
593.25653	-1.0
593.2603	-1.0
593.2766	-1.0
593.28625	-1.0
593.302	-1.0
593.325	-1.0
593.3301	-1.0
593.3601	-1.0
593.38153	-1.0
593.39777	-1.0
593.4419	-1.0
597.09827	-1.0
597.1113	-1.0
597.1148	-1.0
597.17053	-1.0
597.1853	-1.0
597.1907	-1.0
597.19995	-1.0
597.216	1.0
597.2212	-1.0
597.23364	-1.0
597.2386	-1.0
597.246	-1.0
597.2539	-1.0
597.2579	-1.0
597.26733	-1.0
597.27594	-1.0
597.28284	-1.0
597.28735	-1.0
597.31146	-1.0
597.3319	-1.0
597.373	-1.0
597.4141	-1.0
